accession,clade,lineage,geoLocCountry,geoLocAdmin1,sampleCollectionDate,length,completeness,submittedDate,authors
PP_000SPJP,Ia,None,Democratic Republic of the Congo,"Tshopo,Yahuma",2023-04-13,196584,0.9414124101841194,2024-12-09,"Kinganda Lusamaki, E.; Amuri Aziza, A.; Luakanda Ndelemo, G.; Hasivirwe Vakaniaki, E.; Fernandez Nunez, N.; Pratt, C. B.; Akil Bandali, P.; Makangara Cigolo, J.-C.; Hoff, N. A.; Sabiti Nundu, S.; Mulopo Mukanya, N.; Ngimba, M.; Modrada Madakpa, B.; Diavita, R.; Paku Tshambu, P.; Pukuta Simbu, E.; Merritt, S.; O'Toole, A.; Low, N.; Nkuba Ndaye, A.; Kavunga Membo, H.; Shongo, R.; Malembi, E.; Kalonji, T.; Kacita, C.; Lokilo Lofiko, E.; Kavira Bapitani, S.; Rilia, O.; Muswamba, P.-C.; Muyembe Mawete, F.; Lumembe, R.; Kabamba, G.; Kenye, M.; Citenga, A.; Cikaya, F.; Yungwe, Z.; Matondo, M.; Kasongo, F.; Tshiminyi, P.; Bulabula, J.; Nkawa, F.; Muhindo Milonde, E.; Kavira Kamaliro, A.; Paluku Kalimuli, Z.; Bodisa Matamu, T.; Mubalama Mufungizi, J.; Wiley, M. R.; Devos, E.; Bangwen, E.; Brosius, I.; Parker, E.; Pilarowski, G.; Liesenborghs, L.; Wawina Bokalanga, T.; Vercauteren, K.; Mukadi Bamuleka, D.; Subissi, L.; Muyembe, J.-J.; Kindrachuk, J.; Guichet, E.; Ayouba, A.; Rambaut, A.; Delaporte, E.; Tessema, S. K.; D'Ortenzio, E.; Rimoin, A. W.; Hensley, L. E.; Mbala Kingebeni, P.; Peeters, M.; Ahuka Mundeke, S."
PP_000SPKM,Ia,None,Democratic Republic of the Congo,"Tshopo,Yahuma",2023-04-07,196821,0.9991734657140394,2024-12-09,"Kinganda Lusamaki, E.; Amuri Aziza, A.; Luakanda Ndelemo, G.; Hasivirwe Vakaniaki, E.; Fernandez Nunez, N.; Pratt, C. B.; Akil Bandali, P.; Makangara Cigolo, J.-C.; Hoff, N. A.; Sabiti Nundu, S.; Mulopo Mukanya, N.; Ngimba, M.; Modrada Madakpa, B.; Diavita, R.; Paku Tshambu, P.; Pukuta Simbu, E.; Merritt, S.; O'Toole, A.; Low, N.; Nkuba Ndaye, A.; Kavunga Membo, H.; Shongo, R.; Malembi, E.; Kalonji, T.; Kacita, C.; Lokilo Lofiko, E.; Kavira Bapitani, S.; Rilia, O.; Muswamba, P.-C.; Muyembe Mawete, F.; Lumembe, R.; Kabamba, G.; Kenye, M.; Citenga, A.; Cikaya, F.; Yungwe, Z.; Matondo, M.; Kasongo, F.; Tshiminyi, P.; Bulabula, J.; Nkawa, F.; Muhindo Milonde, E.; Kavira Kamaliro, A.; Paluku Kalimuli, Z.; Bodisa Matamu, T.; Mubalama Mufungizi, J.; Wiley, M. R.; Devos, E.; Bangwen, E.; Brosius, I.; Parker, E.; Pilarowski, G.; Liesenborghs, L.; Wawina Bokalanga, T.; Vercauteren, K.; Mukadi Bamuleka, D.; Subissi, L.; Muyembe, J.-J.; Kindrachuk, J.; Guichet, E.; Ayouba, A.; Rambaut, A.; Delaporte, E.; Tessema, S. K.; D'Ortenzio, E.; Rimoin, A. W.; Hensley, L. E.; Mbala Kingebeni, P.; Peeters, M.; Ahuka Mundeke, S."
PP_000SPLK,Ia,None,Democratic Republic of the Congo,"Tshopo,Yahuma",2023-04-07,196825,0.9993560131636994,2024-12-09,"Kinganda Lusamaki, E.; Amuri Aziza, A.; Luakanda Ndelemo, G.; Hasivirwe Vakaniaki, E.; Fernandez Nunez, N.; Pratt, C. B.; Akil Bandali, P.; Makangara Cigolo, J.-C.; Hoff, N. A.; Sabiti Nundu, S.; Mulopo Mukanya, N.; Ngimba, M.; Modrada Madakpa, B.; Diavita, R.; Paku Tshambu, P.; Pukuta Simbu, E.; Merritt, S.; O'Toole, A.; Low, N.; Nkuba Ndaye, A.; Kavunga Membo, H.; Shongo, R.; Malembi, E.; Kalonji, T.; Kacita, C.; Lokilo Lofiko, E.; Kavira Bapitani, S.; Rilia, O.; Muswamba, P.-C.; Muyembe Mawete, F.; Lumembe, R.; Kabamba, G.; Kenye, M.; Citenga, A.; Cikaya, F.; Yungwe, Z.; Matondo, M.; Kasongo, F.; Tshiminyi, P.; Bulabula, J.; Nkawa, F.; Muhindo Milonde, E.; Kavira Kamaliro, A.; Paluku Kalimuli, Z.; Bodisa Matamu, T.; Mubalama Mufungizi, J.; Wiley, M. R.; Devos, E.; Bangwen, E.; Brosius, I.; Parker, E.; Pilarowski, G.; Liesenborghs, L.; Wawina Bokalanga, T.; Vercauteren, K.; Mukadi Bamuleka, D.; Subissi, L.; Muyembe, J.-J.; Kindrachuk, J.; Guichet, E.; Ayouba, A.; Rambaut, A.; Delaporte, E.; Tessema, S. K.; D'Ortenzio, E.; Rimoin, A. W.; Hensley, L. E.; Mbala Kingebeni, P.; Peeters, M.; Ahuka Mundeke, S."
PP_000SPMH,Ia,None,Democratic Republic of the Congo,"Haut-Uele,Pawa",2023-03-30,196620,0.9920946812772236,2024-12-09,"Kinganda Lusamaki, E.; Amuri Aziza, A.; Luakanda Ndelemo, G.; Hasivirwe Vakaniaki, E.; Fernandez Nunez, N.; Pratt, C. B.; Akil Bandali, P.; Makangara Cigolo, J.-C.; Hoff, N. A.; Sabiti Nundu, S.; Mulopo Mukanya, N.; Ngimba, M.; Modrada Madakpa, B.; Diavita, R.; Paku Tshambu, P.; Pukuta Simbu, E.; Merritt, S.; O'Toole, A.; Low, N.; Nkuba Ndaye, A.; Kavunga Membo, H.; Shongo, R.; Malembi, E.; Kalonji, T.; Kacita, C.; Lokilo Lofiko, E.; Kavira Bapitani, S.; Rilia, O.; Muswamba, P.-C.; Muyembe Mawete, F.; Lumembe, R.; Kabamba, G.; Kenye, M.; Citenga, A.; Cikaya, F.; Yungwe, Z.; Matondo, M.; Kasongo, F.; Tshiminyi, P.; Bulabula, J.; Nkawa, F.; Muhindo Milonde, E.; Kavira Kamaliro, A.; Paluku Kalimuli, Z.; Bodisa Matamu, T.; Mubalama Mufungizi, J.; Wiley, M. R.; Devos, E.; Bangwen, E.; Brosius, I.; Parker, E.; Pilarowski, G.; Liesenborghs, L.; Wawina Bokalanga, T.; Vercauteren, K.; Mukadi Bamuleka, D.; Subissi, L.; Muyembe, J.-J.; Kindrachuk, J.; Guichet, E.; Ayouba, A.; Rambaut, A.; Delaporte, E.; Tessema, S. K.; D'Ortenzio, E.; Rimoin, A. W.; Hensley, L. E.; Mbala Kingebeni, P.; Peeters, M.; Ahuka Mundeke, S."
PP_000SPNF,Ia,None,Democratic Republic of the Congo,"Haut-Uele,Pawa",2023-03-30,196569,0.9253279515640768,2024-12-09,"Kinganda Lusamaki, E.; Amuri Aziza, A.; Luakanda Ndelemo, G.; Hasivirwe Vakaniaki, E.; Fernandez Nunez, N.; Pratt, C. B.; Akil Bandali, P.; Makangara Cigolo, J.-C.; Hoff, N. A.; Sabiti Nundu, S.; Mulopo Mukanya, N.; Ngimba, M.; Modrada Madakpa, B.; Diavita, R.; Paku Tshambu, P.; Pukuta Simbu, E.; Merritt, S.; O'Toole, A.; Low, N.; Nkuba Ndaye, A.; Kavunga Membo, H.; Shongo, R.; Malembi, E.; Kalonji, T.; Kacita, C.; Lokilo Lofiko, E.; Kavira Bapitani, S.; Rilia, O.; Muswamba, P.-C.; Muyembe Mawete, F.; Lumembe, R.; Kabamba, G.; Kenye, M.; Citenga, A.; Cikaya, F.; Yungwe, Z.; Matondo, M.; Kasongo, F.; Tshiminyi, P.; Bulabula, J.; Nkawa, F.; Muhindo Milonde, E.; Kavira Kamaliro, A.; Paluku Kalimuli, Z.; Bodisa Matamu, T.; Mubalama Mufungizi, J.; Wiley, M. R.; Devos, E.; Bangwen, E.; Brosius, I.; Parker, E.; Pilarowski, G.; Liesenborghs, L.; Wawina Bokalanga, T.; Vercauteren, K.; Mukadi Bamuleka, D.; Subissi, L.; Muyembe, J.-J.; Kindrachuk, J.; Guichet, E.; Ayouba, A.; Rambaut, A.; Delaporte, E.; Tessema, S. K.; D'Ortenzio, E.; Rimoin, A. W.; Hensley, L. E.; Mbala Kingebeni, P.; Peeters, M.; Ahuka Mundeke, S."
PP_000SPPD,Ia,None,Democratic Republic of the Congo,"Maindombe,Bosobe",2023-04-11,196547,0.94068729114797,2024-12-09,"Kinganda Lusamaki, E.; Amuri Aziza, A.; Luakanda Ndelemo, G.; Hasivirwe Vakaniaki, E.; Fernandez Nunez, N.; Pratt, C. B.; Akil Bandali, P.; Makangara Cigolo, J.-C.; Hoff, N. A.; Sabiti Nundu, S.; Mulopo Mukanya, N.; Ngimba, M.; Modrada Madakpa, B.; Diavita, R.; Paku Tshambu, P.; Pukuta Simbu, E.; Merritt, S.; O'Toole, A.; Low, N.; Nkuba Ndaye, A.; Kavunga Membo, H.; Shongo, R.; Malembi, E.; Kalonji, T.; Kacita, C.; Lokilo Lofiko, E.; Kavira Bapitani, S.; Rilia, O.; Muswamba, P.-C.; Muyembe Mawete, F.; Lumembe, R.; Kabamba, G.; Kenye, M.; Citenga, A.; Cikaya, F.; Yungwe, Z.; Matondo, M.; Kasongo, F.; Tshiminyi, P.; Bulabula, J.; Nkawa, F.; Muhindo Milonde, E.; Kavira Kamaliro, A.; Paluku Kalimuli, Z.; Bodisa Matamu, T.; Mubalama Mufungizi, J.; Wiley, M. R.; Devos, E.; Bangwen, E.; Brosius, I.; Parker, E.; Pilarowski, G.; Liesenborghs, L.; Wawina Bokalanga, T.; Vercauteren, K.; Mukadi Bamuleka, D.; Subissi, L.; Muyembe, J.-J.; Kindrachuk, J.; Guichet, E.; Ayouba, A.; Rambaut, A.; Delaporte, E.; Tessema, S. K.; D'Ortenzio, E.; Rimoin, A. W.; Hensley, L. E.; Mbala Kingebeni, P.; Peeters, M.; Ahuka Mundeke, S."
PP_000SPQB,Ia,None,Democratic Republic of the Congo,"Maindombe,Bosobe",2023-04-11,196682,0.9787332221146092,2024-12-09,"Kinganda Lusamaki, E.; Amuri Aziza, A.; Luakanda Ndelemo, G.; Hasivirwe Vakaniaki, E.; Fernandez Nunez, N.; Pratt, C. B.; Akil Bandali, P.; Makangara Cigolo, J.-C.; Hoff, N. A.; Sabiti Nundu, S.; Mulopo Mukanya, N.; Ngimba, M.; Modrada Madakpa, B.; Diavita, R.; Paku Tshambu, P.; Pukuta Simbu, E.; Merritt, S.; O'Toole, A.; Low, N.; Nkuba Ndaye, A.; Kavunga Membo, H.; Shongo, R.; Malembi, E.; Kalonji, T.; Kacita, C.; Lokilo Lofiko, E.; Kavira Bapitani, S.; Rilia, O.; Muswamba, P.-C.; Muyembe Mawete, F.; Lumembe, R.; Kabamba, G.; Kenye, M.; Citenga, A.; Cikaya, F.; Yungwe, Z.; Matondo, M.; Kasongo, F.; Tshiminyi, P.; Bulabula, J.; Nkawa, F.; Muhindo Milonde, E.; Kavira Kamaliro, A.; Paluku Kalimuli, Z.; Bodisa Matamu, T.; Mubalama Mufungizi, J.; Wiley, M. R.; Devos, E.; Bangwen, E.; Brosius, I.; Parker, E.; Pilarowski, G.; Liesenborghs, L.; Wawina Bokalanga, T.; Vercauteren, K.; Mukadi Bamuleka, D.; Subissi, L.; Muyembe, J.-J.; Kindrachuk, J.; Guichet, E.; Ayouba, A.; Rambaut, A.; Delaporte, E.; Tessema, S. K.; D'Ortenzio, E.; Rimoin, A. W.; Hensley, L. E.; Mbala Kingebeni, P.; Peeters, M.; Ahuka Mundeke, S."
PP_000SPR9,Ia,None,Democratic Republic of the Congo,"Maindombe,Mushie",2023-04-22,196641,0.9371073328296377,2024-12-09,"Kinganda Lusamaki, E.; Amuri Aziza, A.; Luakanda Ndelemo, G.; Hasivirwe Vakaniaki, E.; Fernandez Nunez, N.; Pratt, C. B.; Akil Bandali, P.; Makangara Cigolo, J.-C.; Hoff, N. A.; Sabiti Nundu, S.; Mulopo Mukanya, N.; Ngimba, M.; Modrada Madakpa, B.; Diavita, R.; Paku Tshambu, P.; Pukuta Simbu, E.; Merritt, S.; O'Toole, A.; Low, N.; Nkuba Ndaye, A.; Kavunga Membo, H.; Shongo, R.; Malembi, E.; Kalonji, T.; Kacita, C.; Lokilo Lofiko, E.; Kavira Bapitani, S.; Rilia, O.; Muswamba, P.-C.; Muyembe Mawete, F.; Lumembe, R.; Kabamba, G.; Kenye, M.; Citenga, A.; Cikaya, F.; Yungwe, Z.; Matondo, M.; Kasongo, F.; Tshiminyi, P.; Bulabula, J.; Nkawa, F.; Muhindo Milonde, E.; Kavira Kamaliro, A.; Paluku Kalimuli, Z.; Bodisa Matamu, T.; Mubalama Mufungizi, J.; Wiley, M. R.; Devos, E.; Bangwen, E.; Brosius, I.; Parker, E.; Pilarowski, G.; Liesenborghs, L.; Wawina Bokalanga, T.; Vercauteren, K.; Mukadi Bamuleka, D.; Subissi, L.; Muyembe, J.-J.; Kindrachuk, J.; Guichet, E.; Ayouba, A.; Rambaut, A.; Delaporte, E.; Tessema, S. K.; D'Ortenzio, E.; Rimoin, A. W.; Hensley, L. E.; Mbala Kingebeni, P.; Peeters, M.; Ahuka Mundeke, S."
PP_000SPS7,Ia,None,Democratic Republic of the Congo,"Maindombe,Bosobe",2023-04-04,196601,0.9432581677306816,2024-12-09,"Kinganda Lusamaki, E.; Amuri Aziza, A.; Luakanda Ndelemo, G.; Hasivirwe Vakaniaki, E.; Fernandez Nunez, N.; Pratt, C. B.; Akil Bandali, P.; Makangara Cigolo, J.-C.; Hoff, N. A.; Sabiti Nundu, S.; Mulopo Mukanya, N.; Ngimba, M.; Modrada Madakpa, B.; Diavita, R.; Paku Tshambu, P.; Pukuta Simbu, E.; Merritt, S.; O'Toole, A.; Low, N.; Nkuba Ndaye, A.; Kavunga Membo, H.; Shongo, R.; Malembi, E.; Kalonji, T.; Kacita, C.; Lokilo Lofiko, E.; Kavira Bapitani, S.; Rilia, O.; Muswamba, P.-C.; Muyembe Mawete, F.; Lumembe, R.; Kabamba, G.; Kenye, M.; Citenga, A.; Cikaya, F.; Yungwe, Z.; Matondo, M.; Kasongo, F.; Tshiminyi, P.; Bulabula, J.; Nkawa, F.; Muhindo Milonde, E.; Kavira Kamaliro, A.; Paluku Kalimuli, Z.; Bodisa Matamu, T.; Mubalama Mufungizi, J.; Wiley, M. R.; Devos, E.; Bangwen, E.; Brosius, I.; Parker, E.; Pilarowski, G.; Liesenborghs, L.; Wawina Bokalanga, T.; Vercauteren, K.; Mukadi Bamuleka, D.; Subissi, L.; Muyembe, J.-J.; Kindrachuk, J.; Guichet, E.; Ayouba, A.; Rambaut, A.; Delaporte, E.; Tessema, S. K.; D'Ortenzio, E.; Rimoin, A. W.; Hensley, L. E.; Mbala Kingebeni, P.; Peeters, M.; Ahuka Mundeke, S."
PP_000SPT5,Ia,None,Democratic Republic of the Congo,"Equateur,Bikoro",2023-04-22,196642,0.9431821062933232,2024-12-09,"Kinganda Lusamaki, E.; Amuri Aziza, A.; Luakanda Ndelemo, G.; Hasivirwe Vakaniaki, E.; Fernandez Nunez, N.; Pratt, C. B.; Akil Bandali, P.; Makangara Cigolo, J.-C.; Hoff, N. A.; Sabiti Nundu, S.; Mulopo Mukanya, N.; Ngimba, M.; Modrada Madakpa, B.; Diavita, R.; Paku Tshambu, P.; Pukuta Simbu, E.; Merritt, S.; O'Toole, A.; Low, N.; Nkuba Ndaye, A.; Kavunga Membo, H.; Shongo, R.; Malembi, E.; Kalonji, T.; Kacita, C.; Lokilo Lofiko, E.; Kavira Bapitani, S.; Rilia, O.; Muswamba, P.-C.; Muyembe Mawete, F.; Lumembe, R.; Kabamba, G.; Kenye, M.; Citenga, A.; Cikaya, F.; Yungwe, Z.; Matondo, M.; Kasongo, F.; Tshiminyi, P.; Bulabula, J.; Nkawa, F.; Muhindo Milonde, E.; Kavira Kamaliro, A.; Paluku Kalimuli, Z.; Bodisa Matamu, T.; Mubalama Mufungizi, J.; Wiley, M. R.; Devos, E.; Bangwen, E.; Brosius, I.; Parker, E.; Pilarowski, G.; Liesenborghs, L.; Wawina Bokalanga, T.; Vercauteren, K.; Mukadi Bamuleka, D.; Subissi, L.; Muyembe, J.-J.; Kindrachuk, J.; Guichet, E.; Ayouba, A.; Rambaut, A.; Delaporte, E.; Tessema, S. K.; D'Ortenzio, E.; Rimoin, A. W.; Hensley, L. E.; Mbala Kingebeni, P.; Peeters, M.; Ahuka Mundeke, S."
PP_000SPU3,Ia,None,Democratic Republic of the Congo,"Equateur,Bikoro",2023-04-22,196546,0.9391660624008032,2024-12-09,"Kinganda Lusamaki, E.; Amuri Aziza, A.; Luakanda Ndelemo, G.; Hasivirwe Vakaniaki, E.; Fernandez Nunez, N.; Pratt, C. B.; Akil Bandali, P.; Makangara Cigolo, J.-C.; Hoff, N. A.; Sabiti Nundu, S.; Mulopo Mukanya, N.; Ngimba, M.; Modrada Madakpa, B.; Diavita, R.; Paku Tshambu, P.; Pukuta Simbu, E.; Merritt, S.; O'Toole, A.; Low, N.; Nkuba Ndaye, A.; Kavunga Membo, H.; Shongo, R.; Malembi, E.; Kalonji, T.; Kacita, C.; Lokilo Lofiko, E.; Kavira Bapitani, S.; Rilia, O.; Muswamba, P.-C.; Muyembe Mawete, F.; Lumembe, R.; Kabamba, G.; Kenye, M.; Citenga, A.; Cikaya, F.; Yungwe, Z.; Matondo, M.; Kasongo, F.; Tshiminyi, P.; Bulabula, J.; Nkawa, F.; Muhindo Milonde, E.; Kavira Kamaliro, A.; Paluku Kalimuli, Z.; Bodisa Matamu, T.; Mubalama Mufungizi, J.; Wiley, M. R.; Devos, E.; Bangwen, E.; Brosius, I.; Parker, E.; Pilarowski, G.; Liesenborghs, L.; Wawina Bokalanga, T.; Vercauteren, K.; Mukadi Bamuleka, D.; Subissi, L.; Muyembe, J.-J.; Kindrachuk, J.; Guichet, E.; Ayouba, A.; Rambaut, A.; Delaporte, E.; Tessema, S. K.; D'Ortenzio, E.; Rimoin, A. W.; Hensley, L. E.; Mbala Kingebeni, P.; Peeters, M.; Ahuka Mundeke, S."
PP_000SPV1,Ia,None,Democratic Republic of the Congo,"Equateur,Bikoro",2023-04-24,196624,0.942822082156494,2024-12-09,"Kinganda Lusamaki, E.; Amuri Aziza, A.; Luakanda Ndelemo, G.; Hasivirwe Vakaniaki, E.; Fernandez Nunez, N.; Pratt, C. B.; Akil Bandali, P.; Makangara Cigolo, J.-C.; Hoff, N. A.; Sabiti Nundu, S.; Mulopo Mukanya, N.; Ngimba, M.; Modrada Madakpa, B.; Diavita, R.; Paku Tshambu, P.; Pukuta Simbu, E.; Merritt, S.; O'Toole, A.; Low, N.; Nkuba Ndaye, A.; Kavunga Membo, H.; Shongo, R.; Malembi, E.; Kalonji, T.; Kacita, C.; Lokilo Lofiko, E.; Kavira Bapitani, S.; Rilia, O.; Muswamba, P.-C.; Muyembe Mawete, F.; Lumembe, R.; Kabamba, G.; Kenye, M.; Citenga, A.; Cikaya, F.; Yungwe, Z.; Matondo, M.; Kasongo, F.; Tshiminyi, P.; Bulabula, J.; Nkawa, F.; Muhindo Milonde, E.; Kavira Kamaliro, A.; Paluku Kalimuli, Z.; Bodisa Matamu, T.; Mubalama Mufungizi, J.; Wiley, M. R.; Devos, E.; Bangwen, E.; Brosius, I.; Parker, E.; Pilarowski, G.; Liesenborghs, L.; Wawina Bokalanga, T.; Vercauteren, K.; Mukadi Bamuleka, D.; Subissi, L.; Muyembe, J.-J.; Kindrachuk, J.; Guichet, E.; Ayouba, A.; Rambaut, A.; Delaporte, E.; Tessema, S. K.; D'Ortenzio, E.; Rimoin, A. W.; Hensley, L. E.; Mbala Kingebeni, P.; Peeters, M.; Ahuka Mundeke, S."
PP_000SPWZ,Ia,None,Democratic Republic of the Congo,"Equateur,Bikoro",2023-04-22,196669,0.9446272736031316,2024-12-09,"Kinganda Lusamaki, E.; Amuri Aziza, A.; Luakanda Ndelemo, G.; Hasivirwe Vakaniaki, E.; Fernandez Nunez, N.; Pratt, C. B.; Akil Bandali, P.; Makangara Cigolo, J.-C.; Hoff, N. A.; Sabiti Nundu, S.; Mulopo Mukanya, N.; Ngimba, M.; Modrada Madakpa, B.; Diavita, R.; Paku Tshambu, P.; Pukuta Simbu, E.; Merritt, S.; O'Toole, A.; Low, N.; Nkuba Ndaye, A.; Kavunga Membo, H.; Shongo, R.; Malembi, E.; Kalonji, T.; Kacita, C.; Lokilo Lofiko, E.; Kavira Bapitani, S.; Rilia, O.; Muswamba, P.-C.; Muyembe Mawete, F.; Lumembe, R.; Kabamba, G.; Kenye, M.; Citenga, A.; Cikaya, F.; Yungwe, Z.; Matondo, M.; Kasongo, F.; Tshiminyi, P.; Bulabula, J.; Nkawa, F.; Muhindo Milonde, E.; Kavira Kamaliro, A.; Paluku Kalimuli, Z.; Bodisa Matamu, T.; Mubalama Mufungizi, J.; Wiley, M. R.; Devos, E.; Bangwen, E.; Brosius, I.; Parker, E.; Pilarowski, G.; Liesenborghs, L.; Wawina Bokalanga, T.; Vercauteren, K.; Mukadi Bamuleka, D.; Subissi, L.; Muyembe, J.-J.; Kindrachuk, J.; Guichet, E.; Ayouba, A.; Rambaut, A.; Delaporte, E.; Tessema, S. K.; D'Ortenzio, E.; Rimoin, A. W.; Hensley, L. E.; Mbala Kingebeni, P.; Peeters, M.; Ahuka Mundeke, S."
PP_000SPXX,Ia,None,Democratic Republic of the Congo,"Equateur,Bikoro",2023-04-22,196761,0.9517821194773058,2024-12-09,"Kinganda Lusamaki, E.; Amuri Aziza, A.; Luakanda Ndelemo, G.; Hasivirwe Vakaniaki, E.; Fernandez Nunez, N.; Pratt, C. B.; Akil Bandali, P.; Makangara Cigolo, J.-C.; Hoff, N. A.; Sabiti Nundu, S.; Mulopo Mukanya, N.; Ngimba, M.; Modrada Madakpa, B.; Diavita, R.; Paku Tshambu, P.; Pukuta Simbu, E.; Merritt, S.; O'Toole, A.; Low, N.; Nkuba Ndaye, A.; Kavunga Membo, H.; Shongo, R.; Malembi, E.; Kalonji, T.; Kacita, C.; Lokilo Lofiko, E.; Kavira Bapitani, S.; Rilia, O.; Muswamba, P.-C.; Muyembe Mawete, F.; Lumembe, R.; Kabamba, G.; Kenye, M.; Citenga, A.; Cikaya, F.; Yungwe, Z.; Matondo, M.; Kasongo, F.; Tshiminyi, P.; Bulabula, J.; Nkawa, F.; Muhindo Milonde, E.; Kavira Kamaliro, A.; Paluku Kalimuli, Z.; Bodisa Matamu, T.; Mubalama Mufungizi, J.; Wiley, M. R.; Devos, E.; Bangwen, E.; Brosius, I.; Parker, E.; Pilarowski, G.; Liesenborghs, L.; Wawina Bokalanga, T.; Vercauteren, K.; Mukadi Bamuleka, D.; Subissi, L.; Muyembe, J.-J.; Kindrachuk, J.; Guichet, E.; Ayouba, A.; Rambaut, A.; Delaporte, E.; Tessema, S. K.; D'Ortenzio, E.; Rimoin, A. W.; Hensley, L. E.; Mbala Kingebeni, P.; Peeters, M.; Ahuka Mundeke, S."
PP_000SPYV,Ia,None,Democratic Republic of the Congo,"Equateur,Bikoro",2023-04-22,196313,0.9650269511026373,2024-12-09,"Kinganda Lusamaki, E.; Amuri Aziza, A.; Luakanda Ndelemo, G.; Hasivirwe Vakaniaki, E.; Fernandez Nunez, N.; Pratt, C. B.; Akil Bandali, P.; Makangara Cigolo, J.-C.; Hoff, N. A.; Sabiti Nundu, S.; Mulopo Mukanya, N.; Ngimba, M.; Modrada Madakpa, B.; Diavita, R.; Paku Tshambu, P.; Pukuta Simbu, E.; Merritt, S.; O'Toole, A.; Low, N.; Nkuba Ndaye, A.; Kavunga Membo, H.; Shongo, R.; Malembi, E.; Kalonji, T.; Kacita, C.; Lokilo Lofiko, E.; Kavira Bapitani, S.; Rilia, O.; Muswamba, P.-C.; Muyembe Mawete, F.; Lumembe, R.; Kabamba, G.; Kenye, M.; Citenga, A.; Cikaya, F.; Yungwe, Z.; Matondo, M.; Kasongo, F.; Tshiminyi, P.; Bulabula, J.; Nkawa, F.; Muhindo Milonde, E.; Kavira Kamaliro, A.; Paluku Kalimuli, Z.; Bodisa Matamu, T.; Mubalama Mufungizi, J.; Wiley, M. R.; Devos, E.; Bangwen, E.; Brosius, I.; Parker, E.; Pilarowski, G.; Liesenborghs, L.; Wawina Bokalanga, T.; Vercauteren, K.; Mukadi Bamuleka, D.; Subissi, L.; Muyembe, J.-J.; Kindrachuk, J.; Guichet, E.; Ayouba, A.; Rambaut, A.; Delaporte, E.; Tessema, S. K.; D'Ortenzio, E.; Rimoin, A. W.; Hensley, L. E.; Mbala Kingebeni, P.; Peeters, M.; Ahuka Mundeke, S."
PP_000SPZT,Ia,None,Democratic Republic of the Congo,"Equateur,Bikoro",2023-04-23,196566,0.9819734393460744,2024-12-09,"Kinganda Lusamaki, E.; Amuri Aziza, A.; Luakanda Ndelemo, G.; Hasivirwe Vakaniaki, E.; Fernandez Nunez, N.; Pratt, C. B.; Akil Bandali, P.; Makangara Cigolo, J.-C.; Hoff, N. A.; Sabiti Nundu, S.; Mulopo Mukanya, N.; Ngimba, M.; Modrada Madakpa, B.; Diavita, R.; Paku Tshambu, P.; Pukuta Simbu, E.; Merritt, S.; O'Toole, A.; Low, N.; Nkuba Ndaye, A.; Kavunga Membo, H.; Shongo, R.; Malembi, E.; Kalonji, T.; Kacita, C.; Lokilo Lofiko, E.; Kavira Bapitani, S.; Rilia, O.; Muswamba, P.-C.; Muyembe Mawete, F.; Lumembe, R.; Kabamba, G.; Kenye, M.; Citenga, A.; Cikaya, F.; Yungwe, Z.; Matondo, M.; Kasongo, F.; Tshiminyi, P.; Bulabula, J.; Nkawa, F.; Muhindo Milonde, E.; Kavira Kamaliro, A.; Paluku Kalimuli, Z.; Bodisa Matamu, T.; Mubalama Mufungizi, J.; Wiley, M. R.; Devos, E.; Bangwen, E.; Brosius, I.; Parker, E.; Pilarowski, G.; Liesenborghs, L.; Wawina Bokalanga, T.; Vercauteren, K.; Mukadi Bamuleka, D.; Subissi, L.; Muyembe, J.-J.; Kindrachuk, J.; Guichet, E.; Ayouba, A.; Rambaut, A.; Delaporte, E.; Tessema, S. K.; D'Ortenzio, E.; Rimoin, A. W.; Hensley, L. E.; Mbala Kingebeni, P.; Peeters, M.; Ahuka Mundeke, S."
PP_000SQ0R,Ia,None,Democratic Republic of the Congo,"Equateur,Bikoro",2023-04-23,196746,0.9990872627517,2024-12-09,"Kinganda Lusamaki, E.; Amuri Aziza, A.; Luakanda Ndelemo, G.; Hasivirwe Vakaniaki, E.; Fernandez Nunez, N.; Pratt, C. B.; Akil Bandali, P.; Makangara Cigolo, J.-C.; Hoff, N. A.; Sabiti Nundu, S.; Mulopo Mukanya, N.; Ngimba, M.; Modrada Madakpa, B.; Diavita, R.; Paku Tshambu, P.; Pukuta Simbu, E.; Merritt, S.; O'Toole, A.; Low, N.; Nkuba Ndaye, A.; Kavunga Membo, H.; Shongo, R.; Malembi, E.; Kalonji, T.; Kacita, C.; Lokilo Lofiko, E.; Kavira Bapitani, S.; Rilia, O.; Muswamba, P.-C.; Muyembe Mawete, F.; Lumembe, R.; Kabamba, G.; Kenye, M.; Citenga, A.; Cikaya, F.; Yungwe, Z.; Matondo, M.; Kasongo, F.; Tshiminyi, P.; Bulabula, J.; Nkawa, F.; Muhindo Milonde, E.; Kavira Kamaliro, A.; Paluku Kalimuli, Z.; Bodisa Matamu, T.; Mubalama Mufungizi, J.; Wiley, M. R.; Devos, E.; Bangwen, E.; Brosius, I.; Parker, E.; Pilarowski, G.; Liesenborghs, L.; Wawina Bokalanga, T.; Vercauteren, K.; Mukadi Bamuleka, D.; Subissi, L.; Muyembe, J.-J.; Kindrachuk, J.; Guichet, E.; Ayouba, A.; Rambaut, A.; Delaporte, E.; Tessema, S. K.; D'Ortenzio, E.; Rimoin, A. W.; Hensley, L. E.; Mbala Kingebeni, P.; Peeters, M.; Ahuka Mundeke, S."
PP_000SQ1P,Ia,None,Democratic Republic of the Congo,"Equateur,Bikoro",2023-04-23,190521,0.7887418931184682,2024-12-09,"Kinganda Lusamaki, E.; Amuri Aziza, A.; Luakanda Ndelemo, G.; Hasivirwe Vakaniaki, E.; Fernandez Nunez, N.; Pratt, C. B.; Akil Bandali, P.; Makangara Cigolo, J.-C.; Hoff, N. A.; Sabiti Nundu, S.; Mulopo Mukanya, N.; Ngimba, M.; Modrada Madakpa, B.; Diavita, R.; Paku Tshambu, P.; Pukuta Simbu, E.; Merritt, S.; O'Toole, A.; Low, N.; Nkuba Ndaye, A.; Kavunga Membo, H.; Shongo, R.; Malembi, E.; Kalonji, T.; Kacita, C.; Lokilo Lofiko, E.; Kavira Bapitani, S.; Rilia, O.; Muswamba, P.-C.; Muyembe Mawete, F.; Lumembe, R.; Kabamba, G.; Kenye, M.; Citenga, A.; Cikaya, F.; Yungwe, Z.; Matondo, M.; Kasongo, F.; Tshiminyi, P.; Bulabula, J.; Nkawa, F.; Muhindo Milonde, E.; Kavira Kamaliro, A.; Paluku Kalimuli, Z.; Bodisa Matamu, T.; Mubalama Mufungizi, J.; Wiley, M. R.; Devos, E.; Bangwen, E.; Brosius, I.; Parker, E.; Pilarowski, G.; Liesenborghs, L.; Wawina Bokalanga, T.; Vercauteren, K.; Mukadi Bamuleka, D.; Subissi, L.; Muyembe, J.-J.; Kindrachuk, J.; Guichet, E.; Ayouba, A.; Rambaut, A.; Delaporte, E.; Tessema, S. K.; D'Ortenzio, E.; Rimoin, A. W.; Hensley, L. E.; Mbala Kingebeni, P.; Peeters, M.; Ahuka Mundeke, S."
PP_000SQ2M,Ia,None,Democratic Republic of the Congo,"Equateur,Bikoro",2023-05-03,196627,0.9449872977399612,2024-12-09,"Kinganda Lusamaki, E.; Amuri Aziza, A.; Luakanda Ndelemo, G.; Hasivirwe Vakaniaki, E.; Fernandez Nunez, N.; Pratt, C. B.; Akil Bandali, P.; Makangara Cigolo, J.-C.; Hoff, N. A.; Sabiti Nundu, S.; Mulopo Mukanya, N.; Ngimba, M.; Modrada Madakpa, B.; Diavita, R.; Paku Tshambu, P.; Pukuta Simbu, E.; Merritt, S.; O'Toole, A.; Low, N.; Nkuba Ndaye, A.; Kavunga Membo, H.; Shongo, R.; Malembi, E.; Kalonji, T.; Kacita, C.; Lokilo Lofiko, E.; Kavira Bapitani, S.; Rilia, O.; Muswamba, P.-C.; Muyembe Mawete, F.; Lumembe, R.; Kabamba, G.; Kenye, M.; Citenga, A.; Cikaya, F.; Yungwe, Z.; Matondo, M.; Kasongo, F.; Tshiminyi, P.; Bulabula, J.; Nkawa, F.; Muhindo Milonde, E.; Kavira Kamaliro, A.; Paluku Kalimuli, Z.; Bodisa Matamu, T.; Mubalama Mufungizi, J.; Wiley, M. R.; Devos, E.; Bangwen, E.; Brosius, I.; Parker, E.; Pilarowski, G.; Liesenborghs, L.; Wawina Bokalanga, T.; Vercauteren, K.; Mukadi Bamuleka, D.; Subissi, L.; Muyembe, J.-J.; Kindrachuk, J.; Guichet, E.; Ayouba, A.; Rambaut, A.; Delaporte, E.; Tessema, S. K.; D'Ortenzio, E.; Rimoin, A. W.; Hensley, L. E.; Mbala Kingebeni, P.; Peeters, M.; Ahuka Mundeke, S."
PP_000SQ3K,Ia,None,Democratic Republic of the Congo,"Tshopo,Yahuma",2023-04-26,196812,0.9924800592265058,2024-12-09,"Kinganda Lusamaki, E.; Amuri Aziza, A.; Luakanda Ndelemo, G.; Hasivirwe Vakaniaki, E.; Fernandez Nunez, N.; Pratt, C. B.; Akil Bandali, P.; Makangara Cigolo, J.-C.; Hoff, N. A.; Sabiti Nundu, S.; Mulopo Mukanya, N.; Ngimba, M.; Modrada Madakpa, B.; Diavita, R.; Paku Tshambu, P.; Pukuta Simbu, E.; Merritt, S.; O'Toole, A.; Low, N.; Nkuba Ndaye, A.; Kavunga Membo, H.; Shongo, R.; Malembi, E.; Kalonji, T.; Kacita, C.; Lokilo Lofiko, E.; Kavira Bapitani, S.; Rilia, O.; Muswamba, P.-C.; Muyembe Mawete, F.; Lumembe, R.; Kabamba, G.; Kenye, M.; Citenga, A.; Cikaya, F.; Yungwe, Z.; Matondo, M.; Kasongo, F.; Tshiminyi, P.; Bulabula, J.; Nkawa, F.; Muhindo Milonde, E.; Kavira Kamaliro, A.; Paluku Kalimuli, Z.; Bodisa Matamu, T.; Mubalama Mufungizi, J.; Wiley, M. R.; Devos, E.; Bangwen, E.; Brosius, I.; Parker, E.; Pilarowski, G.; Liesenborghs, L.; Wawina Bokalanga, T.; Vercauteren, K.; Mukadi Bamuleka, D.; Subissi, L.; Muyembe, J.-J.; Kindrachuk, J.; Guichet, E.; Ayouba, A.; Rambaut, A.; Delaporte, E.; Tessema, S. K.; D'Ortenzio, E.; Rimoin, A. W.; Hensley, L. E.; Mbala Kingebeni, P.; Peeters, M.; Ahuka Mundeke, S."
PP_000SQ4H,Ia,None,Democratic Republic of the Congo,"Tshopo,Yahuma",2023-04-27,196618,0.9834186066558828,2024-12-09,"Kinganda Lusamaki, E.; Amuri Aziza, A.; Luakanda Ndelemo, G.; Hasivirwe Vakaniaki, E.; Fernandez Nunez, N.; Pratt, C. B.; Akil Bandali, P.; Makangara Cigolo, J.-C.; Hoff, N. A.; Sabiti Nundu, S.; Mulopo Mukanya, N.; Ngimba, M.; Modrada Madakpa, B.; Diavita, R.; Paku Tshambu, P.; Pukuta Simbu, E.; Merritt, S.; O'Toole, A.; Low, N.; Nkuba Ndaye, A.; Kavunga Membo, H.; Shongo, R.; Malembi, E.; Kalonji, T.; Kacita, C.; Lokilo Lofiko, E.; Kavira Bapitani, S.; Rilia, O.; Muswamba, P.-C.; Muyembe Mawete, F.; Lumembe, R.; Kabamba, G.; Kenye, M.; Citenga, A.; Cikaya, F.; Yungwe, Z.; Matondo, M.; Kasongo, F.; Tshiminyi, P.; Bulabula, J.; Nkawa, F.; Muhindo Milonde, E.; Kavira Kamaliro, A.; Paluku Kalimuli, Z.; Bodisa Matamu, T.; Mubalama Mufungizi, J.; Wiley, M. R.; Devos, E.; Bangwen, E.; Brosius, I.; Parker, E.; Pilarowski, G.; Liesenborghs, L.; Wawina Bokalanga, T.; Vercauteren, K.; Mukadi Bamuleka, D.; Subissi, L.; Muyembe, J.-J.; Kindrachuk, J.; Guichet, E.; Ayouba, A.; Rambaut, A.; Delaporte, E.; Tessema, S. K.; D'Ortenzio, E.; Rimoin, A. W.; Hensley, L. E.; Mbala Kingebeni, P.; Peeters, M.; Ahuka Mundeke, S."
PP_000SQ5F,Ia,None,Democratic Republic of the Congo,"Tshopo,Yahuma",2023-04-27,196835,0.9887834733708908,2024-12-09,"Kinganda Lusamaki, E.; Amuri Aziza, A.; Luakanda Ndelemo, G.; Hasivirwe Vakaniaki, E.; Fernandez Nunez, N.; Pratt, C. B.; Akil Bandali, P.; Makangara Cigolo, J.-C.; Hoff, N. A.; Sabiti Nundu, S.; Mulopo Mukanya, N.; Ngimba, M.; Modrada Madakpa, B.; Diavita, R.; Paku Tshambu, P.; Pukuta Simbu, E.; Merritt, S.; O'Toole, A.; Low, N.; Nkuba Ndaye, A.; Kavunga Membo, H.; Shongo, R.; Malembi, E.; Kalonji, T.; Kacita, C.; Lokilo Lofiko, E.; Kavira Bapitani, S.; Rilia, O.; Muswamba, P.-C.; Muyembe Mawete, F.; Lumembe, R.; Kabamba, G.; Kenye, M.; Citenga, A.; Cikaya, F.; Yungwe, Z.; Matondo, M.; Kasongo, F.; Tshiminyi, P.; Bulabula, J.; Nkawa, F.; Muhindo Milonde, E.; Kavira Kamaliro, A.; Paluku Kalimuli, Z.; Bodisa Matamu, T.; Mubalama Mufungizi, J.; Wiley, M. R.; Devos, E.; Bangwen, E.; Brosius, I.; Parker, E.; Pilarowski, G.; Liesenborghs, L.; Wawina Bokalanga, T.; Vercauteren, K.; Mukadi Bamuleka, D.; Subissi, L.; Muyembe, J.-J.; Kindrachuk, J.; Guichet, E.; Ayouba, A.; Rambaut, A.; Delaporte, E.; Tessema, S. K.; D'Ortenzio, E.; Rimoin, A. W.; Hensley, L. E.; Mbala Kingebeni, P.; Peeters, M.; Ahuka Mundeke, S."
PP_000SQ6D,Ia,None,Democratic Republic of the Congo,"Mongala,Bongandanga",2023-06-13,196272,0.9082901895958096,2024-12-09,"Kinganda Lusamaki, E.; Amuri Aziza, A.; Luakanda Ndelemo, G.; Hasivirwe Vakaniaki, E.; Fernandez Nunez, N.; Pratt, C. B.; Akil Bandali, P.; Makangara Cigolo, J.-C.; Hoff, N. A.; Sabiti Nundu, S.; Mulopo Mukanya, N.; Ngimba, M.; Modrada Madakpa, B.; Diavita, R.; Paku Tshambu, P.; Pukuta Simbu, E.; Merritt, S.; O'Toole, A.; Low, N.; Nkuba Ndaye, A.; Kavunga Membo, H.; Shongo, R.; Malembi, E.; Kalonji, T.; Kacita, C.; Lokilo Lofiko, E.; Kavira Bapitani, S.; Rilia, O.; Muswamba, P.-C.; Muyembe Mawete, F.; Lumembe, R.; Kabamba, G.; Kenye, M.; Citenga, A.; Cikaya, F.; Yungwe, Z.; Matondo, M.; Kasongo, F.; Tshiminyi, P.; Bulabula, J.; Nkawa, F.; Muhindo Milonde, E.; Kavira Kamaliro, A.; Paluku Kalimuli, Z.; Bodisa Matamu, T.; Mubalama Mufungizi, J.; Wiley, M. R.; Devos, E.; Bangwen, E.; Brosius, I.; Parker, E.; Pilarowski, G.; Liesenborghs, L.; Wawina Bokalanga, T.; Vercauteren, K.; Mukadi Bamuleka, D.; Subissi, L.; Muyembe, J.-J.; Kindrachuk, J.; Guichet, E.; Ayouba, A.; Rambaut, A.; Delaporte, E.; Tessema, S. K.; D'Ortenzio, E.; Rimoin, A. W.; Hensley, L. E.; Mbala Kingebeni, P.; Peeters, M.; Ahuka Mundeke, S."
PP_000SQ7B,Ia,None,Democratic Republic of the Congo,"Tshopo,Bengamisa",2023-06-08,196800,0.9979767657662684,2024-12-09,"Kinganda Lusamaki, E.; Amuri Aziza, A.; Luakanda Ndelemo, G.; Hasivirwe Vakaniaki, E.; Fernandez Nunez, N.; Pratt, C. B.; Akil Bandali, P.; Makangara Cigolo, J.-C.; Hoff, N. A.; Sabiti Nundu, S.; Mulopo Mukanya, N.; Ngimba, M.; Modrada Madakpa, B.; Diavita, R.; Paku Tshambu, P.; Pukuta Simbu, E.; Merritt, S.; O'Toole, A.; Low, N.; Nkuba Ndaye, A.; Kavunga Membo, H.; Shongo, R.; Malembi, E.; Kalonji, T.; Kacita, C.; Lokilo Lofiko, E.; Kavira Bapitani, S.; Rilia, O.; Muswamba, P.-C.; Muyembe Mawete, F.; Lumembe, R.; Kabamba, G.; Kenye, M.; Citenga, A.; Cikaya, F.; Yungwe, Z.; Matondo, M.; Kasongo, F.; Tshiminyi, P.; Bulabula, J.; Nkawa, F.; Muhindo Milonde, E.; Kavira Kamaliro, A.; Paluku Kalimuli, Z.; Bodisa Matamu, T.; Mubalama Mufungizi, J.; Wiley, M. R.; Devos, E.; Bangwen, E.; Brosius, I.; Parker, E.; Pilarowski, G.; Liesenborghs, L.; Wawina Bokalanga, T.; Vercauteren, K.; Mukadi Bamuleka, D.; Subissi, L.; Muyembe, J.-J.; Kindrachuk, J.; Guichet, E.; Ayouba, A.; Rambaut, A.; Delaporte, E.; Tessema, S. K.; D'Ortenzio, E.; Rimoin, A. W.; Hensley, L. E.; Mbala Kingebeni, P.; Peeters, M.; Ahuka Mundeke, S."
PP_000SQ89,Ia,None,Democratic Republic of the Congo,"Tshopo,Bengamisa",2023-06-08,196706,0.9915977465531493,2024-12-09,"Kinganda Lusamaki, E.; Amuri Aziza, A.; Luakanda Ndelemo, G.; Hasivirwe Vakaniaki, E.; Fernandez Nunez, N.; Pratt, C. B.; Akil Bandali, P.; Makangara Cigolo, J.-C.; Hoff, N. A.; Sabiti Nundu, S.; Mulopo Mukanya, N.; Ngimba, M.; Modrada Madakpa, B.; Diavita, R.; Paku Tshambu, P.; Pukuta Simbu, E.; Merritt, S.; O'Toole, A.; Low, N.; Nkuba Ndaye, A.; Kavunga Membo, H.; Shongo, R.; Malembi, E.; Kalonji, T.; Kacita, C.; Lokilo Lofiko, E.; Kavira Bapitani, S.; Rilia, O.; Muswamba, P.-C.; Muyembe Mawete, F.; Lumembe, R.; Kabamba, G.; Kenye, M.; Citenga, A.; Cikaya, F.; Yungwe, Z.; Matondo, M.; Kasongo, F.; Tshiminyi, P.; Bulabula, J.; Nkawa, F.; Muhindo Milonde, E.; Kavira Kamaliro, A.; Paluku Kalimuli, Z.; Bodisa Matamu, T.; Mubalama Mufungizi, J.; Wiley, M. R.; Devos, E.; Bangwen, E.; Brosius, I.; Parker, E.; Pilarowski, G.; Liesenborghs, L.; Wawina Bokalanga, T.; Vercauteren, K.; Mukadi Bamuleka, D.; Subissi, L.; Muyembe, J.-J.; Kindrachuk, J.; Guichet, E.; Ayouba, A.; Rambaut, A.; Delaporte, E.; Tessema, S. K.; D'Ortenzio, E.; Rimoin, A. W.; Hensley, L. E.; Mbala Kingebeni, P.; Peeters, M.; Ahuka Mundeke, S."
PP_000SQ97,Ia,None,Democratic Republic of the Congo,"Tshopo,Bengamisa",2023-06-07,196762,0.998210020840834,2024-12-09,"Kinganda Lusamaki, E.; Amuri Aziza, A.; Luakanda Ndelemo, G.; Hasivirwe Vakaniaki, E.; Fernandez Nunez, N.; Pratt, C. B.; Akil Bandali, P.; Makangara Cigolo, J.-C.; Hoff, N. A.; Sabiti Nundu, S.; Mulopo Mukanya, N.; Ngimba, M.; Modrada Madakpa, B.; Diavita, R.; Paku Tshambu, P.; Pukuta Simbu, E.; Merritt, S.; O'Toole, A.; Low, N.; Nkuba Ndaye, A.; Kavunga Membo, H.; Shongo, R.; Malembi, E.; Kalonji, T.; Kacita, C.; Lokilo Lofiko, E.; Kavira Bapitani, S.; Rilia, O.; Muswamba, P.-C.; Muyembe Mawete, F.; Lumembe, R.; Kabamba, G.; Kenye, M.; Citenga, A.; Cikaya, F.; Yungwe, Z.; Matondo, M.; Kasongo, F.; Tshiminyi, P.; Bulabula, J.; Nkawa, F.; Muhindo Milonde, E.; Kavira Kamaliro, A.; Paluku Kalimuli, Z.; Bodisa Matamu, T.; Mubalama Mufungizi, J.; Wiley, M. R.; Devos, E.; Bangwen, E.; Brosius, I.; Parker, E.; Pilarowski, G.; Liesenborghs, L.; Wawina Bokalanga, T.; Vercauteren, K.; Mukadi Bamuleka, D.; Subissi, L.; Muyembe, J.-J.; Kindrachuk, J.; Guichet, E.; Ayouba, A.; Rambaut, A.; Delaporte, E.; Tessema, S. K.; D'Ortenzio, E.; Rimoin, A. W.; Hensley, L. E.; Mbala Kingebeni, P.; Peeters, M.; Ahuka Mundeke, S."
PP_000SQA5,Ia,None,Democratic Republic of the Congo,"Tshopo,Bengamisa",2023-06-15,196803,0.999198819526492,2024-12-09,"Kinganda Lusamaki, E.; Amuri Aziza, A.; Luakanda Ndelemo, G.; Hasivirwe Vakaniaki, E.; Fernandez Nunez, N.; Pratt, C. B.; Akil Bandali, P.; Makangara Cigolo, J.-C.; Hoff, N. A.; Sabiti Nundu, S.; Mulopo Mukanya, N.; Ngimba, M.; Modrada Madakpa, B.; Diavita, R.; Paku Tshambu, P.; Pukuta Simbu, E.; Merritt, S.; O'Toole, A.; Low, N.; Nkuba Ndaye, A.; Kavunga Membo, H.; Shongo, R.; Malembi, E.; Kalonji, T.; Kacita, C.; Lokilo Lofiko, E.; Kavira Bapitani, S.; Rilia, O.; Muswamba, P.-C.; Muyembe Mawete, F.; Lumembe, R.; Kabamba, G.; Kenye, M.; Citenga, A.; Cikaya, F.; Yungwe, Z.; Matondo, M.; Kasongo, F.; Tshiminyi, P.; Bulabula, J.; Nkawa, F.; Muhindo Milonde, E.; Kavira Kamaliro, A.; Paluku Kalimuli, Z.; Bodisa Matamu, T.; Mubalama Mufungizi, J.; Wiley, M. R.; Devos, E.; Bangwen, E.; Brosius, I.; Parker, E.; Pilarowski, G.; Liesenborghs, L.; Wawina Bokalanga, T.; Vercauteren, K.; Mukadi Bamuleka, D.; Subissi, L.; Muyembe, J.-J.; Kindrachuk, J.; Guichet, E.; Ayouba, A.; Rambaut, A.; Delaporte, E.; Tessema, S. K.; D'Ortenzio, E.; Rimoin, A. W.; Hensley, L. E.; Mbala Kingebeni, P.; Peeters, M.; Ahuka Mundeke, S."
PP_000SQB3,Ia,None,Democratic Republic of the Congo,"Tshopo,Bengamisa",2023-06-15,196803,0.9989199275895116,2024-12-09,"Kinganda Lusamaki, E.; Amuri Aziza, A.; Luakanda Ndelemo, G.; Hasivirwe Vakaniaki, E.; Fernandez Nunez, N.; Pratt, C. B.; Akil Bandali, P.; Makangara Cigolo, J.-C.; Hoff, N. A.; Sabiti Nundu, S.; Mulopo Mukanya, N.; Ngimba, M.; Modrada Madakpa, B.; Diavita, R.; Paku Tshambu, P.; Pukuta Simbu, E.; Merritt, S.; O'Toole, A.; Low, N.; Nkuba Ndaye, A.; Kavunga Membo, H.; Shongo, R.; Malembi, E.; Kalonji, T.; Kacita, C.; Lokilo Lofiko, E.; Kavira Bapitani, S.; Rilia, O.; Muswamba, P.-C.; Muyembe Mawete, F.; Lumembe, R.; Kabamba, G.; Kenye, M.; Citenga, A.; Cikaya, F.; Yungwe, Z.; Matondo, M.; Kasongo, F.; Tshiminyi, P.; Bulabula, J.; Nkawa, F.; Muhindo Milonde, E.; Kavira Kamaliro, A.; Paluku Kalimuli, Z.; Bodisa Matamu, T.; Mubalama Mufungizi, J.; Wiley, M. R.; Devos, E.; Bangwen, E.; Brosius, I.; Parker, E.; Pilarowski, G.; Liesenborghs, L.; Wawina Bokalanga, T.; Vercauteren, K.; Mukadi Bamuleka, D.; Subissi, L.; Muyembe, J.-J.; Kindrachuk, J.; Guichet, E.; Ayouba, A.; Rambaut, A.; Delaporte, E.; Tessema, S. K.; D'Ortenzio, E.; Rimoin, A. W.; Hensley, L. E.; Mbala Kingebeni, P.; Peeters, M.; Ahuka Mundeke, S."
PP_000SQC1,Ia,None,Democratic Republic of the Congo,"Tshopo,Bengamisa",2023-06-15,189746,0.5135465419935196,2024-12-09,"Kinganda Lusamaki, E.; Amuri Aziza, A.; Luakanda Ndelemo, G.; Hasivirwe Vakaniaki, E.; Fernandez Nunez, N.; Pratt, C. B.; Akil Bandali, P.; Makangara Cigolo, J.-C.; Hoff, N. A.; Sabiti Nundu, S.; Mulopo Mukanya, N.; Ngimba, M.; Modrada Madakpa, B.; Diavita, R.; Paku Tshambu, P.; Pukuta Simbu, E.; Merritt, S.; O'Toole, A.; Low, N.; Nkuba Ndaye, A.; Kavunga Membo, H.; Shongo, R.; Malembi, E.; Kalonji, T.; Kacita, C.; Lokilo Lofiko, E.; Kavira Bapitani, S.; Rilia, O.; Muswamba, P.-C.; Muyembe Mawete, F.; Lumembe, R.; Kabamba, G.; Kenye, M.; Citenga, A.; Cikaya, F.; Yungwe, Z.; Matondo, M.; Kasongo, F.; Tshiminyi, P.; Bulabula, J.; Nkawa, F.; Muhindo Milonde, E.; Kavira Kamaliro, A.; Paluku Kalimuli, Z.; Bodisa Matamu, T.; Mubalama Mufungizi, J.; Wiley, M. R.; Devos, E.; Bangwen, E.; Brosius, I.; Parker, E.; Pilarowski, G.; Liesenborghs, L.; Wawina Bokalanga, T.; Vercauteren, K.; Mukadi Bamuleka, D.; Subissi, L.; Muyembe, J.-J.; Kindrachuk, J.; Guichet, E.; Ayouba, A.; Rambaut, A.; Delaporte, E.; Tessema, S. K.; D'Ortenzio, E.; Rimoin, A. W.; Hensley, L. E.; Mbala Kingebeni, P.; Peeters, M.; Ahuka Mundeke, S."
PP_000SQDZ,Ia,None,Democratic Republic of the Congo,"Maindombe,Inongo",2023-06-17,196660,0.9753966603958236,2024-12-09,"Kinganda Lusamaki, E.; Amuri Aziza, A.; Luakanda Ndelemo, G.; Hasivirwe Vakaniaki, E.; Fernandez Nunez, N.; Pratt, C. B.; Akil Bandali, P.; Makangara Cigolo, J.-C.; Hoff, N. A.; Sabiti Nundu, S.; Mulopo Mukanya, N.; Ngimba, M.; Modrada Madakpa, B.; Diavita, R.; Paku Tshambu, P.; Pukuta Simbu, E.; Merritt, S.; O'Toole, A.; Low, N.; Nkuba Ndaye, A.; Kavunga Membo, H.; Shongo, R.; Malembi, E.; Kalonji, T.; Kacita, C.; Lokilo Lofiko, E.; Kavira Bapitani, S.; Rilia, O.; Muswamba, P.-C.; Muyembe Mawete, F.; Lumembe, R.; Kabamba, G.; Kenye, M.; Citenga, A.; Cikaya, F.; Yungwe, Z.; Matondo, M.; Kasongo, F.; Tshiminyi, P.; Bulabula, J.; Nkawa, F.; Muhindo Milonde, E.; Kavira Kamaliro, A.; Paluku Kalimuli, Z.; Bodisa Matamu, T.; Mubalama Mufungizi, J.; Wiley, M. R.; Devos, E.; Bangwen, E.; Brosius, I.; Parker, E.; Pilarowski, G.; Liesenborghs, L.; Wawina Bokalanga, T.; Vercauteren, K.; Mukadi Bamuleka, D.; Subissi, L.; Muyembe, J.-J.; Kindrachuk, J.; Guichet, E.; Ayouba, A.; Rambaut, A.; Delaporte, E.; Tessema, S. K.; D'Ortenzio, E.; Rimoin, A. W.; Hensley, L. E.; Mbala Kingebeni, P.; Peeters, M.; Ahuka Mundeke, S."
PP_000SQEX,Ia,None,Democratic Republic of the Congo,"Maindombe,Inongo",2023-06-17,196618,0.9385423586144648,2024-12-09,"Kinganda Lusamaki, E.; Amuri Aziza, A.; Luakanda Ndelemo, G.; Hasivirwe Vakaniaki, E.; Fernandez Nunez, N.; Pratt, C. B.; Akil Bandali, P.; Makangara Cigolo, J.-C.; Hoff, N. A.; Sabiti Nundu, S.; Mulopo Mukanya, N.; Ngimba, M.; Modrada Madakpa, B.; Diavita, R.; Paku Tshambu, P.; Pukuta Simbu, E.; Merritt, S.; O'Toole, A.; Low, N.; Nkuba Ndaye, A.; Kavunga Membo, H.; Shongo, R.; Malembi, E.; Kalonji, T.; Kacita, C.; Lokilo Lofiko, E.; Kavira Bapitani, S.; Rilia, O.; Muswamba, P.-C.; Muyembe Mawete, F.; Lumembe, R.; Kabamba, G.; Kenye, M.; Citenga, A.; Cikaya, F.; Yungwe, Z.; Matondo, M.; Kasongo, F.; Tshiminyi, P.; Bulabula, J.; Nkawa, F.; Muhindo Milonde, E.; Kavira Kamaliro, A.; Paluku Kalimuli, Z.; Bodisa Matamu, T.; Mubalama Mufungizi, J.; Wiley, M. R.; Devos, E.; Bangwen, E.; Brosius, I.; Parker, E.; Pilarowski, G.; Liesenborghs, L.; Wawina Bokalanga, T.; Vercauteren, K.; Mukadi Bamuleka, D.; Subissi, L.; Muyembe, J.-J.; Kindrachuk, J.; Guichet, E.; Ayouba, A.; Rambaut, A.; Delaporte, E.; Tessema, S. K.; D'Ortenzio, E.; Rimoin, A. W.; Hensley, L. E.; Mbala Kingebeni, P.; Peeters, M.; Ahuka Mundeke, S."
PP_000SQFV,Ia,None,Democratic Republic of the Congo,"Maindombe,Inongo",2023-06-18,196244,0.8839251758286893,2024-12-09,"Kinganda Lusamaki, E.; Amuri Aziza, A.; Luakanda Ndelemo, G.; Hasivirwe Vakaniaki, E.; Fernandez Nunez, N.; Pratt, C. B.; Akil Bandali, P.; Makangara Cigolo, J.-C.; Hoff, N. A.; Sabiti Nundu, S.; Mulopo Mukanya, N.; Ngimba, M.; Modrada Madakpa, B.; Diavita, R.; Paku Tshambu, P.; Pukuta Simbu, E.; Merritt, S.; O'Toole, A.; Low, N.; Nkuba Ndaye, A.; Kavunga Membo, H.; Shongo, R.; Malembi, E.; Kalonji, T.; Kacita, C.; Lokilo Lofiko, E.; Kavira Bapitani, S.; Rilia, O.; Muswamba, P.-C.; Muyembe Mawete, F.; Lumembe, R.; Kabamba, G.; Kenye, M.; Citenga, A.; Cikaya, F.; Yungwe, Z.; Matondo, M.; Kasongo, F.; Tshiminyi, P.; Bulabula, J.; Nkawa, F.; Muhindo Milonde, E.; Kavira Kamaliro, A.; Paluku Kalimuli, Z.; Bodisa Matamu, T.; Mubalama Mufungizi, J.; Wiley, M. R.; Devos, E.; Bangwen, E.; Brosius, I.; Parker, E.; Pilarowski, G.; Liesenborghs, L.; Wawina Bokalanga, T.; Vercauteren, K.; Mukadi Bamuleka, D.; Subissi, L.; Muyembe, J.-J.; Kindrachuk, J.; Guichet, E.; Ayouba, A.; Rambaut, A.; Delaporte, E.; Tessema, S. K.; D'Ortenzio, E.; Rimoin, A. W.; Hensley, L. E.; Mbala Kingebeni, P.; Peeters, M.; Ahuka Mundeke, S."
PP_000SQGT,Ia,None,Democratic Republic of the Congo,"Maindombe,Inongo",2023-06-17,196244,0.8839251758286893,2024-12-09,"Kinganda Lusamaki, E.; Amuri Aziza, A.; Luakanda Ndelemo, G.; Hasivirwe Vakaniaki, E.; Fernandez Nunez, N.; Pratt, C. B.; Akil Bandali, P.; Makangara Cigolo, J.-C.; Hoff, N. A.; Sabiti Nundu, S.; Mulopo Mukanya, N.; Ngimba, M.; Modrada Madakpa, B.; Diavita, R.; Paku Tshambu, P.; Pukuta Simbu, E.; Merritt, S.; O'Toole, A.; Low, N.; Nkuba Ndaye, A.; Kavunga Membo, H.; Shongo, R.; Malembi, E.; Kalonji, T.; Kacita, C.; Lokilo Lofiko, E.; Kavira Bapitani, S.; Rilia, O.; Muswamba, P.-C.; Muyembe Mawete, F.; Lumembe, R.; Kabamba, G.; Kenye, M.; Citenga, A.; Cikaya, F.; Yungwe, Z.; Matondo, M.; Kasongo, F.; Tshiminyi, P.; Bulabula, J.; Nkawa, F.; Muhindo Milonde, E.; Kavira Kamaliro, A.; Paluku Kalimuli, Z.; Bodisa Matamu, T.; Mubalama Mufungizi, J.; Wiley, M. R.; Devos, E.; Bangwen, E.; Brosius, I.; Parker, E.; Pilarowski, G.; Liesenborghs, L.; Wawina Bokalanga, T.; Vercauteren, K.; Mukadi Bamuleka, D.; Subissi, L.; Muyembe, J.-J.; Kindrachuk, J.; Guichet, E.; Ayouba, A.; Rambaut, A.; Delaporte, E.; Tessema, S. K.; D'Ortenzio, E.; Rimoin, A. W.; Hensley, L. E.; Mbala Kingebeni, P.; Peeters, M.; Ahuka Mundeke, S."
PP_000SQHQ,Ia,None,Democratic Republic of the Congo,"Sud-Ubangi,Bangabola",2023-06-07,196706,0.969905024618552,2024-12-09,"Kinganda Lusamaki, E.; Amuri Aziza, A.; Luakanda Ndelemo, G.; Hasivirwe Vakaniaki, E.; Fernandez Nunez, N.; Pratt, C. B.; Akil Bandali, P.; Makangara Cigolo, J.-C.; Hoff, N. A.; Sabiti Nundu, S.; Mulopo Mukanya, N.; Ngimba, M.; Modrada Madakpa, B.; Diavita, R.; Paku Tshambu, P.; Pukuta Simbu, E.; Merritt, S.; O'Toole, A.; Low, N.; Nkuba Ndaye, A.; Kavunga Membo, H.; Shongo, R.; Malembi, E.; Kalonji, T.; Kacita, C.; Lokilo Lofiko, E.; Kavira Bapitani, S.; Rilia, O.; Muswamba, P.-C.; Muyembe Mawete, F.; Lumembe, R.; Kabamba, G.; Kenye, M.; Citenga, A.; Cikaya, F.; Yungwe, Z.; Matondo, M.; Kasongo, F.; Tshiminyi, P.; Bulabula, J.; Nkawa, F.; Muhindo Milonde, E.; Kavira Kamaliro, A.; Paluku Kalimuli, Z.; Bodisa Matamu, T.; Mubalama Mufungizi, J.; Wiley, M. R.; Devos, E.; Bangwen, E.; Brosius, I.; Parker, E.; Pilarowski, G.; Liesenborghs, L.; Wawina Bokalanga, T.; Vercauteren, K.; Mukadi Bamuleka, D.; Subissi, L.; Muyembe, J.-J.; Kindrachuk, J.; Guichet, E.; Ayouba, A.; Rambaut, A.; Delaporte, E.; Tessema, S. K.; D'Ortenzio, E.; Rimoin, A. W.; Hensley, L. E.; Mbala Kingebeni, P.; Peeters, M.; Ahuka Mundeke, S."
PP_000SQJN,Ia,None,Democratic Republic of the Congo,"Sud-Ubangi,Bangabola",2023-06-26,196698,0.9940367833111065,2024-12-09,"Kinganda Lusamaki, E.; Amuri Aziza, A.; Luakanda Ndelemo, G.; Hasivirwe Vakaniaki, E.; Fernandez Nunez, N.; Pratt, C. B.; Akil Bandali, P.; Makangara Cigolo, J.-C.; Hoff, N. A.; Sabiti Nundu, S.; Mulopo Mukanya, N.; Ngimba, M.; Modrada Madakpa, B.; Diavita, R.; Paku Tshambu, P.; Pukuta Simbu, E.; Merritt, S.; O'Toole, A.; Low, N.; Nkuba Ndaye, A.; Kavunga Membo, H.; Shongo, R.; Malembi, E.; Kalonji, T.; Kacita, C.; Lokilo Lofiko, E.; Kavira Bapitani, S.; Rilia, O.; Muswamba, P.-C.; Muyembe Mawete, F.; Lumembe, R.; Kabamba, G.; Kenye, M.; Citenga, A.; Cikaya, F.; Yungwe, Z.; Matondo, M.; Kasongo, F.; Tshiminyi, P.; Bulabula, J.; Nkawa, F.; Muhindo Milonde, E.; Kavira Kamaliro, A.; Paluku Kalimuli, Z.; Bodisa Matamu, T.; Mubalama Mufungizi, J.; Wiley, M. R.; Devos, E.; Bangwen, E.; Brosius, I.; Parker, E.; Pilarowski, G.; Liesenborghs, L.; Wawina Bokalanga, T.; Vercauteren, K.; Mukadi Bamuleka, D.; Subissi, L.; Muyembe, J.-J.; Kindrachuk, J.; Guichet, E.; Ayouba, A.; Rambaut, A.; Delaporte, E.; Tessema, S. K.; D'Ortenzio, E.; Rimoin, A. W.; Hensley, L. E.; Mbala Kingebeni, P.; Peeters, M.; Ahuka Mundeke, S."
PP_000SQKL,Ia,None,Democratic Republic of the Congo,"Sud-Ubangi,Bangabola",2023-06-07,196578,0.9361236049064696,2024-12-09,"Kinganda Lusamaki, E.; Amuri Aziza, A.; Luakanda Ndelemo, G.; Hasivirwe Vakaniaki, E.; Fernandez Nunez, N.; Pratt, C. B.; Akil Bandali, P.; Makangara Cigolo, J.-C.; Hoff, N. A.; Sabiti Nundu, S.; Mulopo Mukanya, N.; Ngimba, M.; Modrada Madakpa, B.; Diavita, R.; Paku Tshambu, P.; Pukuta Simbu, E.; Merritt, S.; O'Toole, A.; Low, N.; Nkuba Ndaye, A.; Kavunga Membo, H.; Shongo, R.; Malembi, E.; Kalonji, T.; Kacita, C.; Lokilo Lofiko, E.; Kavira Bapitani, S.; Rilia, O.; Muswamba, P.-C.; Muyembe Mawete, F.; Lumembe, R.; Kabamba, G.; Kenye, M.; Citenga, A.; Cikaya, F.; Yungwe, Z.; Matondo, M.; Kasongo, F.; Tshiminyi, P.; Bulabula, J.; Nkawa, F.; Muhindo Milonde, E.; Kavira Kamaliro, A.; Paluku Kalimuli, Z.; Bodisa Matamu, T.; Mubalama Mufungizi, J.; Wiley, M. R.; Devos, E.; Bangwen, E.; Brosius, I.; Parker, E.; Pilarowski, G.; Liesenborghs, L.; Wawina Bokalanga, T.; Vercauteren, K.; Mukadi Bamuleka, D.; Subissi, L.; Muyembe, J.-J.; Kindrachuk, J.; Guichet, E.; Ayouba, A.; Rambaut, A.; Delaporte, E.; Tessema, S. K.; D'Ortenzio, E.; Rimoin, A. W.; Hensley, L. E.; Mbala Kingebeni, P.; Peeters, M.; Ahuka Mundeke, S."
PP_000SQLJ,Ia,None,Democratic Republic of the Congo,"Sud-Ubangi,Bangabola",2023-06-07,196783,0.9980680394910982,2024-12-09,"Kinganda Lusamaki, E.; Amuri Aziza, A.; Luakanda Ndelemo, G.; Hasivirwe Vakaniaki, E.; Fernandez Nunez, N.; Pratt, C. B.; Akil Bandali, P.; Makangara Cigolo, J.-C.; Hoff, N. A.; Sabiti Nundu, S.; Mulopo Mukanya, N.; Ngimba, M.; Modrada Madakpa, B.; Diavita, R.; Paku Tshambu, P.; Pukuta Simbu, E.; Merritt, S.; O'Toole, A.; Low, N.; Nkuba Ndaye, A.; Kavunga Membo, H.; Shongo, R.; Malembi, E.; Kalonji, T.; Kacita, C.; Lokilo Lofiko, E.; Kavira Bapitani, S.; Rilia, O.; Muswamba, P.-C.; Muyembe Mawete, F.; Lumembe, R.; Kabamba, G.; Kenye, M.; Citenga, A.; Cikaya, F.; Yungwe, Z.; Matondo, M.; Kasongo, F.; Tshiminyi, P.; Bulabula, J.; Nkawa, F.; Muhindo Milonde, E.; Kavira Kamaliro, A.; Paluku Kalimuli, Z.; Bodisa Matamu, T.; Mubalama Mufungizi, J.; Wiley, M. R.; Devos, E.; Bangwen, E.; Brosius, I.; Parker, E.; Pilarowski, G.; Liesenborghs, L.; Wawina Bokalanga, T.; Vercauteren, K.; Mukadi Bamuleka, D.; Subissi, L.; Muyembe, J.-J.; Kindrachuk, J.; Guichet, E.; Ayouba, A.; Rambaut, A.; Delaporte, E.; Tessema, S. K.; D'Ortenzio, E.; Rimoin, A. W.; Hensley, L. E.; Mbala Kingebeni, P.; Peeters, M.; Ahuka Mundeke, S."
PP_000SQMG,Ia,None,Democratic Republic of the Congo,"Sud-Ubangi,Bogose-nubea",2023-06-03,196160,0.8260474927614866,2024-12-09,"Kinganda Lusamaki, E.; Amuri Aziza, A.; Luakanda Ndelemo, G.; Hasivirwe Vakaniaki, E.; Fernandez Nunez, N.; Pratt, C. B.; Akil Bandali, P.; Makangara Cigolo, J.-C.; Hoff, N. A.; Sabiti Nundu, S.; Mulopo Mukanya, N.; Ngimba, M.; Modrada Madakpa, B.; Diavita, R.; Paku Tshambu, P.; Pukuta Simbu, E.; Merritt, S.; O'Toole, A.; Low, N.; Nkuba Ndaye, A.; Kavunga Membo, H.; Shongo, R.; Malembi, E.; Kalonji, T.; Kacita, C.; Lokilo Lofiko, E.; Kavira Bapitani, S.; Rilia, O.; Muswamba, P.-C.; Muyembe Mawete, F.; Lumembe, R.; Kabamba, G.; Kenye, M.; Citenga, A.; Cikaya, F.; Yungwe, Z.; Matondo, M.; Kasongo, F.; Tshiminyi, P.; Bulabula, J.; Nkawa, F.; Muhindo Milonde, E.; Kavira Kamaliro, A.; Paluku Kalimuli, Z.; Bodisa Matamu, T.; Mubalama Mufungizi, J.; Wiley, M. R.; Devos, E.; Bangwen, E.; Brosius, I.; Parker, E.; Pilarowski, G.; Liesenborghs, L.; Wawina Bokalanga, T.; Vercauteren, K.; Mukadi Bamuleka, D.; Subissi, L.; Muyembe, J.-J.; Kindrachuk, J.; Guichet, E.; Ayouba, A.; Rambaut, A.; Delaporte, E.; Tessema, S. K.; D'Ortenzio, E.; Rimoin, A. W.; Hensley, L. E.; Mbala Kingebeni, P.; Peeters, M.; Ahuka Mundeke, S."
PP_000SQNE,Ia,None,Democratic Republic of the Congo,"Sud-Ubangi,Bogose-nubea",2023-06-02,196160,0.8260474927614866,2024-12-09,"Kinganda Lusamaki, E.; Amuri Aziza, A.; Luakanda Ndelemo, G.; Hasivirwe Vakaniaki, E.; Fernandez Nunez, N.; Pratt, C. B.; Akil Bandali, P.; Makangara Cigolo, J.-C.; Hoff, N. A.; Sabiti Nundu, S.; Mulopo Mukanya, N.; Ngimba, M.; Modrada Madakpa, B.; Diavita, R.; Paku Tshambu, P.; Pukuta Simbu, E.; Merritt, S.; O'Toole, A.; Low, N.; Nkuba Ndaye, A.; Kavunga Membo, H.; Shongo, R.; Malembi, E.; Kalonji, T.; Kacita, C.; Lokilo Lofiko, E.; Kavira Bapitani, S.; Rilia, O.; Muswamba, P.-C.; Muyembe Mawete, F.; Lumembe, R.; Kabamba, G.; Kenye, M.; Citenga, A.; Cikaya, F.; Yungwe, Z.; Matondo, M.; Kasongo, F.; Tshiminyi, P.; Bulabula, J.; Nkawa, F.; Muhindo Milonde, E.; Kavira Kamaliro, A.; Paluku Kalimuli, Z.; Bodisa Matamu, T.; Mubalama Mufungizi, J.; Wiley, M. R.; Devos, E.; Bangwen, E.; Brosius, I.; Parker, E.; Pilarowski, G.; Liesenborghs, L.; Wawina Bokalanga, T.; Vercauteren, K.; Mukadi Bamuleka, D.; Subissi, L.; Muyembe, J.-J.; Kindrachuk, J.; Guichet, E.; Ayouba, A.; Rambaut, A.; Delaporte, E.; Tessema, S. K.; D'Ortenzio, E.; Rimoin, A. W.; Hensley, L. E.; Mbala Kingebeni, P.; Peeters, M.; Ahuka Mundeke, S."
PP_000SQPC,Ia,None,Democratic Republic of the Congo,"Sud-Ubangi,Bogose-nubea",2023-06-04,196729,0.9949596620843876,2024-12-09,"Kinganda Lusamaki, E.; Amuri Aziza, A.; Luakanda Ndelemo, G.; Hasivirwe Vakaniaki, E.; Fernandez Nunez, N.; Pratt, C. B.; Akil Bandali, P.; Makangara Cigolo, J.-C.; Hoff, N. A.; Sabiti Nundu, S.; Mulopo Mukanya, N.; Ngimba, M.; Modrada Madakpa, B.; Diavita, R.; Paku Tshambu, P.; Pukuta Simbu, E.; Merritt, S.; O'Toole, A.; Low, N.; Nkuba Ndaye, A.; Kavunga Membo, H.; Shongo, R.; Malembi, E.; Kalonji, T.; Kacita, C.; Lokilo Lofiko, E.; Kavira Bapitani, S.; Rilia, O.; Muswamba, P.-C.; Muyembe Mawete, F.; Lumembe, R.; Kabamba, G.; Kenye, M.; Citenga, A.; Cikaya, F.; Yungwe, Z.; Matondo, M.; Kasongo, F.; Tshiminyi, P.; Bulabula, J.; Nkawa, F.; Muhindo Milonde, E.; Kavira Kamaliro, A.; Paluku Kalimuli, Z.; Bodisa Matamu, T.; Mubalama Mufungizi, J.; Wiley, M. R.; Devos, E.; Bangwen, E.; Brosius, I.; Parker, E.; Pilarowski, G.; Liesenborghs, L.; Wawina Bokalanga, T.; Vercauteren, K.; Mukadi Bamuleka, D.; Subissi, L.; Muyembe, J.-J.; Kindrachuk, J.; Guichet, E.; Ayouba, A.; Rambaut, A.; Delaporte, E.; Tessema, S. K.; D'Ortenzio, E.; Rimoin, A. W.; Hensley, L. E.; Mbala Kingebeni, P.; Peeters, M.; Ahuka Mundeke, S."
PP_000SQQA,Ia,None,Democratic Republic of the Congo,"Sankuru,Ototi",2023-06-28,196580,0.929445410706408,2024-12-09,"Kinganda Lusamaki, E.; Amuri Aziza, A.; Luakanda Ndelemo, G.; Hasivirwe Vakaniaki, E.; Fernandez Nunez, N.; Pratt, C. B.; Akil Bandali, P.; Makangara Cigolo, J.-C.; Hoff, N. A.; Sabiti Nundu, S.; Mulopo Mukanya, N.; Ngimba, M.; Modrada Madakpa, B.; Diavita, R.; Paku Tshambu, P.; Pukuta Simbu, E.; Merritt, S.; O'Toole, A.; Low, N.; Nkuba Ndaye, A.; Kavunga Membo, H.; Shongo, R.; Malembi, E.; Kalonji, T.; Kacita, C.; Lokilo Lofiko, E.; Kavira Bapitani, S.; Rilia, O.; Muswamba, P.-C.; Muyembe Mawete, F.; Lumembe, R.; Kabamba, G.; Kenye, M.; Citenga, A.; Cikaya, F.; Yungwe, Z.; Matondo, M.; Kasongo, F.; Tshiminyi, P.; Bulabula, J.; Nkawa, F.; Muhindo Milonde, E.; Kavira Kamaliro, A.; Paluku Kalimuli, Z.; Bodisa Matamu, T.; Mubalama Mufungizi, J.; Wiley, M. R.; Devos, E.; Bangwen, E.; Brosius, I.; Parker, E.; Pilarowski, G.; Liesenborghs, L.; Wawina Bokalanga, T.; Vercauteren, K.; Mukadi Bamuleka, D.; Subissi, L.; Muyembe, J.-J.; Kindrachuk, J.; Guichet, E.; Ayouba, A.; Rambaut, A.; Delaporte, E.; Tessema, S. K.; D'Ortenzio, E.; Rimoin, A. W.; Hensley, L. E.; Mbala Kingebeni, P.; Peeters, M.; Ahuka Mundeke, S."
PP_000SQR8,Ia,None,Democratic Republic of the Congo,"Sankuru,Ototi",2023-06-23,196561,0.9039039800414788,2024-12-09,"Kinganda Lusamaki, E.; Amuri Aziza, A.; Luakanda Ndelemo, G.; Hasivirwe Vakaniaki, E.; Fernandez Nunez, N.; Pratt, C. B.; Akil Bandali, P.; Makangara Cigolo, J.-C.; Hoff, N. A.; Sabiti Nundu, S.; Mulopo Mukanya, N.; Ngimba, M.; Modrada Madakpa, B.; Diavita, R.; Paku Tshambu, P.; Pukuta Simbu, E.; Merritt, S.; O'Toole, A.; Low, N.; Nkuba Ndaye, A.; Kavunga Membo, H.; Shongo, R.; Malembi, E.; Kalonji, T.; Kacita, C.; Lokilo Lofiko, E.; Kavira Bapitani, S.; Rilia, O.; Muswamba, P.-C.; Muyembe Mawete, F.; Lumembe, R.; Kabamba, G.; Kenye, M.; Citenga, A.; Cikaya, F.; Yungwe, Z.; Matondo, M.; Kasongo, F.; Tshiminyi, P.; Bulabula, J.; Nkawa, F.; Muhindo Milonde, E.; Kavira Kamaliro, A.; Paluku Kalimuli, Z.; Bodisa Matamu, T.; Mubalama Mufungizi, J.; Wiley, M. R.; Devos, E.; Bangwen, E.; Brosius, I.; Parker, E.; Pilarowski, G.; Liesenborghs, L.; Wawina Bokalanga, T.; Vercauteren, K.; Mukadi Bamuleka, D.; Subissi, L.; Muyembe, J.-J.; Kindrachuk, J.; Guichet, E.; Ayouba, A.; Rambaut, A.; Delaporte, E.; Tessema, S. K.; D'Ortenzio, E.; Rimoin, A. W.; Hensley, L. E.; Mbala Kingebeni, P.; Peeters, M.; Ahuka Mundeke, S."
PP_000SQS6,Ia,None,Democratic Republic of the Congo,"Equateur,Bolomba",2023-05-08,196291,0.9446069905531694,2024-12-09,"Kinganda Lusamaki, E.; Amuri Aziza, A.; Luakanda Ndelemo, G.; Hasivirwe Vakaniaki, E.; Fernandez Nunez, N.; Pratt, C. B.; Akil Bandali, P.; Makangara Cigolo, J.-C.; Hoff, N. A.; Sabiti Nundu, S.; Mulopo Mukanya, N.; Ngimba, M.; Modrada Madakpa, B.; Diavita, R.; Paku Tshambu, P.; Pukuta Simbu, E.; Merritt, S.; O'Toole, A.; Low, N.; Nkuba Ndaye, A.; Kavunga Membo, H.; Shongo, R.; Malembi, E.; Kalonji, T.; Kacita, C.; Lokilo Lofiko, E.; Kavira Bapitani, S.; Rilia, O.; Muswamba, P.-C.; Muyembe Mawete, F.; Lumembe, R.; Kabamba, G.; Kenye, M.; Citenga, A.; Cikaya, F.; Yungwe, Z.; Matondo, M.; Kasongo, F.; Tshiminyi, P.; Bulabula, J.; Nkawa, F.; Muhindo Milonde, E.; Kavira Kamaliro, A.; Paluku Kalimuli, Z.; Bodisa Matamu, T.; Mubalama Mufungizi, J.; Wiley, M. R.; Devos, E.; Bangwen, E.; Brosius, I.; Parker, E.; Pilarowski, G.; Liesenborghs, L.; Wawina Bokalanga, T.; Vercauteren, K.; Mukadi Bamuleka, D.; Subissi, L.; Muyembe, J.-J.; Kindrachuk, J.; Guichet, E.; Ayouba, A.; Rambaut, A.; Delaporte, E.; Tessema, S. K.; D'Ortenzio, E.; Rimoin, A. W.; Hensley, L. E.; Mbala Kingebeni, P.; Peeters, M.; Ahuka Mundeke, S."
PP_000SQT4,Ia,None,Democratic Republic of the Congo,"Equateur,Bolomba",2023-05-10,196690,0.9514778737278724,2024-12-09,"Kinganda Lusamaki, E.; Amuri Aziza, A.; Luakanda Ndelemo, G.; Hasivirwe Vakaniaki, E.; Fernandez Nunez, N.; Pratt, C. B.; Akil Bandali, P.; Makangara Cigolo, J.-C.; Hoff, N. A.; Sabiti Nundu, S.; Mulopo Mukanya, N.; Ngimba, M.; Modrada Madakpa, B.; Diavita, R.; Paku Tshambu, P.; Pukuta Simbu, E.; Merritt, S.; O'Toole, A.; Low, N.; Nkuba Ndaye, A.; Kavunga Membo, H.; Shongo, R.; Malembi, E.; Kalonji, T.; Kacita, C.; Lokilo Lofiko, E.; Kavira Bapitani, S.; Rilia, O.; Muswamba, P.-C.; Muyembe Mawete, F.; Lumembe, R.; Kabamba, G.; Kenye, M.; Citenga, A.; Cikaya, F.; Yungwe, Z.; Matondo, M.; Kasongo, F.; Tshiminyi, P.; Bulabula, J.; Nkawa, F.; Muhindo Milonde, E.; Kavira Kamaliro, A.; Paluku Kalimuli, Z.; Bodisa Matamu, T.; Mubalama Mufungizi, J.; Wiley, M. R.; Devos, E.; Bangwen, E.; Brosius, I.; Parker, E.; Pilarowski, G.; Liesenborghs, L.; Wawina Bokalanga, T.; Vercauteren, K.; Mukadi Bamuleka, D.; Subissi, L.; Muyembe, J.-J.; Kindrachuk, J.; Guichet, E.; Ayouba, A.; Rambaut, A.; Delaporte, E.; Tessema, S. K.; D'Ortenzio, E.; Rimoin, A. W.; Hensley, L. E.; Mbala Kingebeni, P.; Peeters, M.; Ahuka Mundeke, S."
PP_000SQU2,Ia,None,Democratic Republic of the Congo,"Sud-Ubangi,Gemena",2023-07-14,196593,0.7616234553189764,2024-12-09,"Kinganda Lusamaki, E.; Amuri Aziza, A.; Luakanda Ndelemo, G.; Hasivirwe Vakaniaki, E.; Fernandez Nunez, N.; Pratt, C. B.; Akil Bandali, P.; Makangara Cigolo, J.-C.; Hoff, N. A.; Sabiti Nundu, S.; Mulopo Mukanya, N.; Ngimba, M.; Modrada Madakpa, B.; Diavita, R.; Paku Tshambu, P.; Pukuta Simbu, E.; Merritt, S.; O'Toole, A.; Low, N.; Nkuba Ndaye, A.; Kavunga Membo, H.; Shongo, R.; Malembi, E.; Kalonji, T.; Kacita, C.; Lokilo Lofiko, E.; Kavira Bapitani, S.; Rilia, O.; Muswamba, P.-C.; Muyembe Mawete, F.; Lumembe, R.; Kabamba, G.; Kenye, M.; Citenga, A.; Cikaya, F.; Yungwe, Z.; Matondo, M.; Kasongo, F.; Tshiminyi, P.; Bulabula, J.; Nkawa, F.; Muhindo Milonde, E.; Kavira Kamaliro, A.; Paluku Kalimuli, Z.; Bodisa Matamu, T.; Mubalama Mufungizi, J.; Wiley, M. R.; Devos, E.; Bangwen, E.; Brosius, I.; Parker, E.; Pilarowski, G.; Liesenborghs, L.; Wawina Bokalanga, T.; Vercauteren, K.; Mukadi Bamuleka, D.; Subissi, L.; Muyembe, J.-J.; Kindrachuk, J.; Guichet, E.; Ayouba, A.; Rambaut, A.; Delaporte, E.; Tessema, S. K.; D'Ortenzio, E.; Rimoin, A. W.; Hensley, L. E.; Mbala Kingebeni, P.; Peeters, M.; Ahuka Mundeke, S."
PP_000SQV0,Ia,None,Democratic Republic of the Congo,"Equateur,Lilanga",2023-07-31,196575,0.7126956680476043,2024-12-09,"Kinganda Lusamaki, E.; Amuri Aziza, A.; Luakanda Ndelemo, G.; Hasivirwe Vakaniaki, E.; Fernandez Nunez, N.; Pratt, C. B.; Akil Bandali, P.; Makangara Cigolo, J.-C.; Hoff, N. A.; Sabiti Nundu, S.; Mulopo Mukanya, N.; Ngimba, M.; Modrada Madakpa, B.; Diavita, R.; Paku Tshambu, P.; Pukuta Simbu, E.; Merritt, S.; O'Toole, A.; Low, N.; Nkuba Ndaye, A.; Kavunga Membo, H.; Shongo, R.; Malembi, E.; Kalonji, T.; Kacita, C.; Lokilo Lofiko, E.; Kavira Bapitani, S.; Rilia, O.; Muswamba, P.-C.; Muyembe Mawete, F.; Lumembe, R.; Kabamba, G.; Kenye, M.; Citenga, A.; Cikaya, F.; Yungwe, Z.; Matondo, M.; Kasongo, F.; Tshiminyi, P.; Bulabula, J.; Nkawa, F.; Muhindo Milonde, E.; Kavira Kamaliro, A.; Paluku Kalimuli, Z.; Bodisa Matamu, T.; Mubalama Mufungizi, J.; Wiley, M. R.; Devos, E.; Bangwen, E.; Brosius, I.; Parker, E.; Pilarowski, G.; Liesenborghs, L.; Wawina Bokalanga, T.; Vercauteren, K.; Mukadi Bamuleka, D.; Subissi, L.; Muyembe, J.-J.; Kindrachuk, J.; Guichet, E.; Ayouba, A.; Rambaut, A.; Delaporte, E.; Tessema, S. K.; D'Ortenzio, E.; Rimoin, A. W.; Hensley, L. E.; Mbala Kingebeni, P.; Peeters, M.; Ahuka Mundeke, S."
PP_000SQWY,Ia,None,Democratic Republic of the Congo,"Equateur,Wangata",2023-07-27,196637,0.9444041600535472,2024-12-09,"Kinganda Lusamaki, E.; Amuri Aziza, A.; Luakanda Ndelemo, G.; Hasivirwe Vakaniaki, E.; Fernandez Nunez, N.; Pratt, C. B.; Akil Bandali, P.; Makangara Cigolo, J.-C.; Hoff, N. A.; Sabiti Nundu, S.; Mulopo Mukanya, N.; Ngimba, M.; Modrada Madakpa, B.; Diavita, R.; Paku Tshambu, P.; Pukuta Simbu, E.; Merritt, S.; O'Toole, A.; Low, N.; Nkuba Ndaye, A.; Kavunga Membo, H.; Shongo, R.; Malembi, E.; Kalonji, T.; Kacita, C.; Lokilo Lofiko, E.; Kavira Bapitani, S.; Rilia, O.; Muswamba, P.-C.; Muyembe Mawete, F.; Lumembe, R.; Kabamba, G.; Kenye, M.; Citenga, A.; Cikaya, F.; Yungwe, Z.; Matondo, M.; Kasongo, F.; Tshiminyi, P.; Bulabula, J.; Nkawa, F.; Muhindo Milonde, E.; Kavira Kamaliro, A.; Paluku Kalimuli, Z.; Bodisa Matamu, T.; Mubalama Mufungizi, J.; Wiley, M. R.; Devos, E.; Bangwen, E.; Brosius, I.; Parker, E.; Pilarowski, G.; Liesenborghs, L.; Wawina Bokalanga, T.; Vercauteren, K.; Mukadi Bamuleka, D.; Subissi, L.; Muyembe, J.-J.; Kindrachuk, J.; Guichet, E.; Ayouba, A.; Rambaut, A.; Delaporte, E.; Tessema, S. K.; D'Ortenzio, E.; Rimoin, A. W.; Hensley, L. E.; Mbala Kingebeni, P.; Peeters, M.; Ahuka Mundeke, S."
PP_000SQXW,Ia,None,Democratic Republic of the Congo,"Tshopo,Kabondo",2023-07-23,196173,0.9388719581763508,2024-12-09,"Kinganda Lusamaki, E.; Amuri Aziza, A.; Luakanda Ndelemo, G.; Hasivirwe Vakaniaki, E.; Fernandez Nunez, N.; Pratt, C. B.; Akil Bandali, P.; Makangara Cigolo, J.-C.; Hoff, N. A.; Sabiti Nundu, S.; Mulopo Mukanya, N.; Ngimba, M.; Modrada Madakpa, B.; Diavita, R.; Paku Tshambu, P.; Pukuta Simbu, E.; Merritt, S.; O'Toole, A.; Low, N.; Nkuba Ndaye, A.; Kavunga Membo, H.; Shongo, R.; Malembi, E.; Kalonji, T.; Kacita, C.; Lokilo Lofiko, E.; Kavira Bapitani, S.; Rilia, O.; Muswamba, P.-C.; Muyembe Mawete, F.; Lumembe, R.; Kabamba, G.; Kenye, M.; Citenga, A.; Cikaya, F.; Yungwe, Z.; Matondo, M.; Kasongo, F.; Tshiminyi, P.; Bulabula, J.; Nkawa, F.; Muhindo Milonde, E.; Kavira Kamaliro, A.; Paluku Kalimuli, Z.; Bodisa Matamu, T.; Mubalama Mufungizi, J.; Wiley, M. R.; Devos, E.; Bangwen, E.; Brosius, I.; Parker, E.; Pilarowski, G.; Liesenborghs, L.; Wawina Bokalanga, T.; Vercauteren, K.; Mukadi Bamuleka, D.; Subissi, L.; Muyembe, J.-J.; Kindrachuk, J.; Guichet, E.; Ayouba, A.; Rambaut, A.; Delaporte, E.; Tessema, S. K.; D'Ortenzio, E.; Rimoin, A. W.; Hensley, L. E.; Mbala Kingebeni, P.; Peeters, M.; Ahuka Mundeke, S."
PP_000SQYU,Ia,None,Democratic Republic of the Congo,"Equateur,Bolomba",2023-07-31,196660,0.9433747952679644,2024-12-09,"Kinganda Lusamaki, E.; Amuri Aziza, A.; Luakanda Ndelemo, G.; Hasivirwe Vakaniaki, E.; Fernandez Nunez, N.; Pratt, C. B.; Akil Bandali, P.; Makangara Cigolo, J.-C.; Hoff, N. A.; Sabiti Nundu, S.; Mulopo Mukanya, N.; Ngimba, M.; Modrada Madakpa, B.; Diavita, R.; Paku Tshambu, P.; Pukuta Simbu, E.; Merritt, S.; O'Toole, A.; Low, N.; Nkuba Ndaye, A.; Kavunga Membo, H.; Shongo, R.; Malembi, E.; Kalonji, T.; Kacita, C.; Lokilo Lofiko, E.; Kavira Bapitani, S.; Rilia, O.; Muswamba, P.-C.; Muyembe Mawete, F.; Lumembe, R.; Kabamba, G.; Kenye, M.; Citenga, A.; Cikaya, F.; Yungwe, Z.; Matondo, M.; Kasongo, F.; Tshiminyi, P.; Bulabula, J.; Nkawa, F.; Muhindo Milonde, E.; Kavira Kamaliro, A.; Paluku Kalimuli, Z.; Bodisa Matamu, T.; Mubalama Mufungizi, J.; Wiley, M. R.; Devos, E.; Bangwen, E.; Brosius, I.; Parker, E.; Pilarowski, G.; Liesenborghs, L.; Wawina Bokalanga, T.; Vercauteren, K.; Mukadi Bamuleka, D.; Subissi, L.; Muyembe, J.-J.; Kindrachuk, J.; Guichet, E.; Ayouba, A.; Rambaut, A.; Delaporte, E.; Tessema, S. K.; D'Ortenzio, E.; Rimoin, A. W.; Hensley, L. E.; Mbala Kingebeni, P.; Peeters, M.; Ahuka Mundeke, S."
PP_000SQZS,Ia,None,Democratic Republic of the Congo,"Equateur,Bolomba",2023-07-31,196668,0.9399925966867638,2024-12-09,"Kinganda Lusamaki, E.; Amuri Aziza, A.; Luakanda Ndelemo, G.; Hasivirwe Vakaniaki, E.; Fernandez Nunez, N.; Pratt, C. B.; Akil Bandali, P.; Makangara Cigolo, J.-C.; Hoff, N. A.; Sabiti Nundu, S.; Mulopo Mukanya, N.; Ngimba, M.; Modrada Madakpa, B.; Diavita, R.; Paku Tshambu, P.; Pukuta Simbu, E.; Merritt, S.; O'Toole, A.; Low, N.; Nkuba Ndaye, A.; Kavunga Membo, H.; Shongo, R.; Malembi, E.; Kalonji, T.; Kacita, C.; Lokilo Lofiko, E.; Kavira Bapitani, S.; Rilia, O.; Muswamba, P.-C.; Muyembe Mawete, F.; Lumembe, R.; Kabamba, G.; Kenye, M.; Citenga, A.; Cikaya, F.; Yungwe, Z.; Matondo, M.; Kasongo, F.; Tshiminyi, P.; Bulabula, J.; Nkawa, F.; Muhindo Milonde, E.; Kavira Kamaliro, A.; Paluku Kalimuli, Z.; Bodisa Matamu, T.; Mubalama Mufungizi, J.; Wiley, M. R.; Devos, E.; Bangwen, E.; Brosius, I.; Parker, E.; Pilarowski, G.; Liesenborghs, L.; Wawina Bokalanga, T.; Vercauteren, K.; Mukadi Bamuleka, D.; Subissi, L.; Muyembe, J.-J.; Kindrachuk, J.; Guichet, E.; Ayouba, A.; Rambaut, A.; Delaporte, E.; Tessema, S. K.; D'Ortenzio, E.; Rimoin, A. W.; Hensley, L. E.; Mbala Kingebeni, P.; Peeters, M.; Ahuka Mundeke, S."
PP_000SR0Q,Ia,None,Democratic Republic of the Congo,"Equateur,Bolomba",2023-07-22,196766,0.9795141195381548,2024-12-09,"Kinganda Lusamaki, E.; Amuri Aziza, A.; Luakanda Ndelemo, G.; Hasivirwe Vakaniaki, E.; Fernandez Nunez, N.; Pratt, C. B.; Akil Bandali, P.; Makangara Cigolo, J.-C.; Hoff, N. A.; Sabiti Nundu, S.; Mulopo Mukanya, N.; Ngimba, M.; Modrada Madakpa, B.; Diavita, R.; Paku Tshambu, P.; Pukuta Simbu, E.; Merritt, S.; O'Toole, A.; Low, N.; Nkuba Ndaye, A.; Kavunga Membo, H.; Shongo, R.; Malembi, E.; Kalonji, T.; Kacita, C.; Lokilo Lofiko, E.; Kavira Bapitani, S.; Rilia, O.; Muswamba, P.-C.; Muyembe Mawete, F.; Lumembe, R.; Kabamba, G.; Kenye, M.; Citenga, A.; Cikaya, F.; Yungwe, Z.; Matondo, M.; Kasongo, F.; Tshiminyi, P.; Bulabula, J.; Nkawa, F.; Muhindo Milonde, E.; Kavira Kamaliro, A.; Paluku Kalimuli, Z.; Bodisa Matamu, T.; Mubalama Mufungizi, J.; Wiley, M. R.; Devos, E.; Bangwen, E.; Brosius, I.; Parker, E.; Pilarowski, G.; Liesenborghs, L.; Wawina Bokalanga, T.; Vercauteren, K.; Mukadi Bamuleka, D.; Subissi, L.; Muyembe, J.-J.; Kindrachuk, J.; Guichet, E.; Ayouba, A.; Rambaut, A.; Delaporte, E.; Tessema, S. K.; D'Ortenzio, E.; Rimoin, A. W.; Hensley, L. E.; Mbala Kingebeni, P.; Peeters, M.; Ahuka Mundeke, S."
PP_000SR1N,Ia,None,Democratic Republic of the Congo,"Equateur,Bolomba",2023-07-22,196803,0.9899700317936808,2024-12-09,"Kinganda Lusamaki, E.; Amuri Aziza, A.; Luakanda Ndelemo, G.; Hasivirwe Vakaniaki, E.; Fernandez Nunez, N.; Pratt, C. B.; Akil Bandali, P.; Makangara Cigolo, J.-C.; Hoff, N. A.; Sabiti Nundu, S.; Mulopo Mukanya, N.; Ngimba, M.; Modrada Madakpa, B.; Diavita, R.; Paku Tshambu, P.; Pukuta Simbu, E.; Merritt, S.; O'Toole, A.; Low, N.; Nkuba Ndaye, A.; Kavunga Membo, H.; Shongo, R.; Malembi, E.; Kalonji, T.; Kacita, C.; Lokilo Lofiko, E.; Kavira Bapitani, S.; Rilia, O.; Muswamba, P.-C.; Muyembe Mawete, F.; Lumembe, R.; Kabamba, G.; Kenye, M.; Citenga, A.; Cikaya, F.; Yungwe, Z.; Matondo, M.; Kasongo, F.; Tshiminyi, P.; Bulabula, J.; Nkawa, F.; Muhindo Milonde, E.; Kavira Kamaliro, A.; Paluku Kalimuli, Z.; Bodisa Matamu, T.; Mubalama Mufungizi, J.; Wiley, M. R.; Devos, E.; Bangwen, E.; Brosius, I.; Parker, E.; Pilarowski, G.; Liesenborghs, L.; Wawina Bokalanga, T.; Vercauteren, K.; Mukadi Bamuleka, D.; Subissi, L.; Muyembe, J.-J.; Kindrachuk, J.; Guichet, E.; Ayouba, A.; Rambaut, A.; Delaporte, E.; Tessema, S. K.; D'Ortenzio, E.; Rimoin, A. W.; Hensley, L. E.; Mbala Kingebeni, P.; Peeters, M.; Ahuka Mundeke, S."
PP_000SR2L,Ia,None,Democratic Republic of the Congo,"Equateur,Bolomba",2023-08-11,196788,0.990264136018133,2024-12-09,"Kinganda Lusamaki, E.; Amuri Aziza, A.; Luakanda Ndelemo, G.; Hasivirwe Vakaniaki, E.; Fernandez Nunez, N.; Pratt, C. B.; Akil Bandali, P.; Makangara Cigolo, J.-C.; Hoff, N. A.; Sabiti Nundu, S.; Mulopo Mukanya, N.; Ngimba, M.; Modrada Madakpa, B.; Diavita, R.; Paku Tshambu, P.; Pukuta Simbu, E.; Merritt, S.; O'Toole, A.; Low, N.; Nkuba Ndaye, A.; Kavunga Membo, H.; Shongo, R.; Malembi, E.; Kalonji, T.; Kacita, C.; Lokilo Lofiko, E.; Kavira Bapitani, S.; Rilia, O.; Muswamba, P.-C.; Muyembe Mawete, F.; Lumembe, R.; Kabamba, G.; Kenye, M.; Citenga, A.; Cikaya, F.; Yungwe, Z.; Matondo, M.; Kasongo, F.; Tshiminyi, P.; Bulabula, J.; Nkawa, F.; Muhindo Milonde, E.; Kavira Kamaliro, A.; Paluku Kalimuli, Z.; Bodisa Matamu, T.; Mubalama Mufungizi, J.; Wiley, M. R.; Devos, E.; Bangwen, E.; Brosius, I.; Parker, E.; Pilarowski, G.; Liesenborghs, L.; Wawina Bokalanga, T.; Vercauteren, K.; Mukadi Bamuleka, D.; Subissi, L.; Muyembe, J.-J.; Kindrachuk, J.; Guichet, E.; Ayouba, A.; Rambaut, A.; Delaporte, E.; Tessema, S. K.; D'Ortenzio, E.; Rimoin, A. W.; Hensley, L. E.; Mbala Kingebeni, P.; Peeters, M.; Ahuka Mundeke, S."
PP_000SR3J,Ia,None,Democratic Republic of the Congo,"Equateur,Bolomba",2023-07-31,196546,0.8943050266468568,2024-12-09,"Kinganda Lusamaki, E.; Amuri Aziza, A.; Luakanda Ndelemo, G.; Hasivirwe Vakaniaki, E.; Fernandez Nunez, N.; Pratt, C. B.; Akil Bandali, P.; Makangara Cigolo, J.-C.; Hoff, N. A.; Sabiti Nundu, S.; Mulopo Mukanya, N.; Ngimba, M.; Modrada Madakpa, B.; Diavita, R.; Paku Tshambu, P.; Pukuta Simbu, E.; Merritt, S.; O'Toole, A.; Low, N.; Nkuba Ndaye, A.; Kavunga Membo, H.; Shongo, R.; Malembi, E.; Kalonji, T.; Kacita, C.; Lokilo Lofiko, E.; Kavira Bapitani, S.; Rilia, O.; Muswamba, P.-C.; Muyembe Mawete, F.; Lumembe, R.; Kabamba, G.; Kenye, M.; Citenga, A.; Cikaya, F.; Yungwe, Z.; Matondo, M.; Kasongo, F.; Tshiminyi, P.; Bulabula, J.; Nkawa, F.; Muhindo Milonde, E.; Kavira Kamaliro, A.; Paluku Kalimuli, Z.; Bodisa Matamu, T.; Mubalama Mufungizi, J.; Wiley, M. R.; Devos, E.; Bangwen, E.; Brosius, I.; Parker, E.; Pilarowski, G.; Liesenborghs, L.; Wawina Bokalanga, T.; Vercauteren, K.; Mukadi Bamuleka, D.; Subissi, L.; Muyembe, J.-J.; Kindrachuk, J.; Guichet, E.; Ayouba, A.; Rambaut, A.; Delaporte, E.; Tessema, S. K.; D'Ortenzio, E.; Rimoin, A. W.; Hensley, L. E.; Mbala Kingebeni, P.; Peeters, M.; Ahuka Mundeke, S."
PP_000SR4G,Ia,None,Democratic Republic of the Congo,"Tshopo,Yalimbongo",2023-07-30,196542,0.8718567611011668,2024-12-09,"Kinganda Lusamaki, E.; Amuri Aziza, A.; Luakanda Ndelemo, G.; Hasivirwe Vakaniaki, E.; Fernandez Nunez, N.; Pratt, C. B.; Akil Bandali, P.; Makangara Cigolo, J.-C.; Hoff, N. A.; Sabiti Nundu, S.; Mulopo Mukanya, N.; Ngimba, M.; Modrada Madakpa, B.; Diavita, R.; Paku Tshambu, P.; Pukuta Simbu, E.; Merritt, S.; O'Toole, A.; Low, N.; Nkuba Ndaye, A.; Kavunga Membo, H.; Shongo, R.; Malembi, E.; Kalonji, T.; Kacita, C.; Lokilo Lofiko, E.; Kavira Bapitani, S.; Rilia, O.; Muswamba, P.-C.; Muyembe Mawete, F.; Lumembe, R.; Kabamba, G.; Kenye, M.; Citenga, A.; Cikaya, F.; Yungwe, Z.; Matondo, M.; Kasongo, F.; Tshiminyi, P.; Bulabula, J.; Nkawa, F.; Muhindo Milonde, E.; Kavira Kamaliro, A.; Paluku Kalimuli, Z.; Bodisa Matamu, T.; Mubalama Mufungizi, J.; Wiley, M. R.; Devos, E.; Bangwen, E.; Brosius, I.; Parker, E.; Pilarowski, G.; Liesenborghs, L.; Wawina Bokalanga, T.; Vercauteren, K.; Mukadi Bamuleka, D.; Subissi, L.; Muyembe, J.-J.; Kindrachuk, J.; Guichet, E.; Ayouba, A.; Rambaut, A.; Delaporte, E.; Tessema, S. K.; D'Ortenzio, E.; Rimoin, A. W.; Hensley, L. E.; Mbala Kingebeni, P.; Peeters, M.; Ahuka Mundeke, S."
PP_000SR5E,Ia,None,Democratic Republic of the Congo,"Equateur,Basankusu",2023-07-29,196576,0.9403171254861592,2024-12-09,"Kinganda Lusamaki, E.; Amuri Aziza, A.; Luakanda Ndelemo, G.; Hasivirwe Vakaniaki, E.; Fernandez Nunez, N.; Pratt, C. B.; Akil Bandali, P.; Makangara Cigolo, J.-C.; Hoff, N. A.; Sabiti Nundu, S.; Mulopo Mukanya, N.; Ngimba, M.; Modrada Madakpa, B.; Diavita, R.; Paku Tshambu, P.; Pukuta Simbu, E.; Merritt, S.; O'Toole, A.; Low, N.; Nkuba Ndaye, A.; Kavunga Membo, H.; Shongo, R.; Malembi, E.; Kalonji, T.; Kacita, C.; Lokilo Lofiko, E.; Kavira Bapitani, S.; Rilia, O.; Muswamba, P.-C.; Muyembe Mawete, F.; Lumembe, R.; Kabamba, G.; Kenye, M.; Citenga, A.; Cikaya, F.; Yungwe, Z.; Matondo, M.; Kasongo, F.; Tshiminyi, P.; Bulabula, J.; Nkawa, F.; Muhindo Milonde, E.; Kavira Kamaliro, A.; Paluku Kalimuli, Z.; Bodisa Matamu, T.; Mubalama Mufungizi, J.; Wiley, M. R.; Devos, E.; Bangwen, E.; Brosius, I.; Parker, E.; Pilarowski, G.; Liesenborghs, L.; Wawina Bokalanga, T.; Vercauteren, K.; Mukadi Bamuleka, D.; Subissi, L.; Muyembe, J.-J.; Kindrachuk, J.; Guichet, E.; Ayouba, A.; Rambaut, A.; Delaporte, E.; Tessema, S. K.; D'Ortenzio, E.; Rimoin, A. W.; Hensley, L. E.; Mbala Kingebeni, P.; Peeters, M.; Ahuka Mundeke, S."
PP_000SR6C,Ia,None,Democratic Republic of the Congo,"Tshopo,Yahuma",2023-07-11,196779,0.9963186264318564,2024-12-09,"Kinganda Lusamaki, E.; Amuri Aziza, A.; Luakanda Ndelemo, G.; Hasivirwe Vakaniaki, E.; Fernandez Nunez, N.; Pratt, C. B.; Akil Bandali, P.; Makangara Cigolo, J.-C.; Hoff, N. A.; Sabiti Nundu, S.; Mulopo Mukanya, N.; Ngimba, M.; Modrada Madakpa, B.; Diavita, R.; Paku Tshambu, P.; Pukuta Simbu, E.; Merritt, S.; O'Toole, A.; Low, N.; Nkuba Ndaye, A.; Kavunga Membo, H.; Shongo, R.; Malembi, E.; Kalonji, T.; Kacita, C.; Lokilo Lofiko, E.; Kavira Bapitani, S.; Rilia, O.; Muswamba, P.-C.; Muyembe Mawete, F.; Lumembe, R.; Kabamba, G.; Kenye, M.; Citenga, A.; Cikaya, F.; Yungwe, Z.; Matondo, M.; Kasongo, F.; Tshiminyi, P.; Bulabula, J.; Nkawa, F.; Muhindo Milonde, E.; Kavira Kamaliro, A.; Paluku Kalimuli, Z.; Bodisa Matamu, T.; Mubalama Mufungizi, J.; Wiley, M. R.; Devos, E.; Bangwen, E.; Brosius, I.; Parker, E.; Pilarowski, G.; Liesenborghs, L.; Wawina Bokalanga, T.; Vercauteren, K.; Mukadi Bamuleka, D.; Subissi, L.; Muyembe, J.-J.; Kindrachuk, J.; Guichet, E.; Ayouba, A.; Rambaut, A.; Delaporte, E.; Tessema, S. K.; D'Ortenzio, E.; Rimoin, A. W.; Hensley, L. E.; Mbala Kingebeni, P.; Peeters, M.; Ahuka Mundeke, S."
PP_000SR7A,Ia,None,Democratic Republic of the Congo,"Tshopo,Yahuma",2023-07-15,196780,0.9978956335664194,2024-12-09,"Kinganda Lusamaki, E.; Amuri Aziza, A.; Luakanda Ndelemo, G.; Hasivirwe Vakaniaki, E.; Fernandez Nunez, N.; Pratt, C. B.; Akil Bandali, P.; Makangara Cigolo, J.-C.; Hoff, N. A.; Sabiti Nundu, S.; Mulopo Mukanya, N.; Ngimba, M.; Modrada Madakpa, B.; Diavita, R.; Paku Tshambu, P.; Pukuta Simbu, E.; Merritt, S.; O'Toole, A.; Low, N.; Nkuba Ndaye, A.; Kavunga Membo, H.; Shongo, R.; Malembi, E.; Kalonji, T.; Kacita, C.; Lokilo Lofiko, E.; Kavira Bapitani, S.; Rilia, O.; Muswamba, P.-C.; Muyembe Mawete, F.; Lumembe, R.; Kabamba, G.; Kenye, M.; Citenga, A.; Cikaya, F.; Yungwe, Z.; Matondo, M.; Kasongo, F.; Tshiminyi, P.; Bulabula, J.; Nkawa, F.; Muhindo Milonde, E.; Kavira Kamaliro, A.; Paluku Kalimuli, Z.; Bodisa Matamu, T.; Mubalama Mufungizi, J.; Wiley, M. R.; Devos, E.; Bangwen, E.; Brosius, I.; Parker, E.; Pilarowski, G.; Liesenborghs, L.; Wawina Bokalanga, T.; Vercauteren, K.; Mukadi Bamuleka, D.; Subissi, L.; Muyembe, J.-J.; Kindrachuk, J.; Guichet, E.; Ayouba, A.; Rambaut, A.; Delaporte, E.; Tessema, S. K.; D'Ortenzio, E.; Rimoin, A. W.; Hensley, L. E.; Mbala Kingebeni, P.; Peeters, M.; Ahuka Mundeke, S."
PP_000SR88,Ia,None,Democratic Republic of the Congo,"Tshopo,Yahuma",2023-07-11,196715,0.9852288688650112,2024-12-09,"Kinganda Lusamaki, E.; Amuri Aziza, A.; Luakanda Ndelemo, G.; Hasivirwe Vakaniaki, E.; Fernandez Nunez, N.; Pratt, C. B.; Akil Bandali, P.; Makangara Cigolo, J.-C.; Hoff, N. A.; Sabiti Nundu, S.; Mulopo Mukanya, N.; Ngimba, M.; Modrada Madakpa, B.; Diavita, R.; Paku Tshambu, P.; Pukuta Simbu, E.; Merritt, S.; O'Toole, A.; Low, N.; Nkuba Ndaye, A.; Kavunga Membo, H.; Shongo, R.; Malembi, E.; Kalonji, T.; Kacita, C.; Lokilo Lofiko, E.; Kavira Bapitani, S.; Rilia, O.; Muswamba, P.-C.; Muyembe Mawete, F.; Lumembe, R.; Kabamba, G.; Kenye, M.; Citenga, A.; Cikaya, F.; Yungwe, Z.; Matondo, M.; Kasongo, F.; Tshiminyi, P.; Bulabula, J.; Nkawa, F.; Muhindo Milonde, E.; Kavira Kamaliro, A.; Paluku Kalimuli, Z.; Bodisa Matamu, T.; Mubalama Mufungizi, J.; Wiley, M. R.; Devos, E.; Bangwen, E.; Brosius, I.; Parker, E.; Pilarowski, G.; Liesenborghs, L.; Wawina Bokalanga, T.; Vercauteren, K.; Mukadi Bamuleka, D.; Subissi, L.; Muyembe, J.-J.; Kindrachuk, J.; Guichet, E.; Ayouba, A.; Rambaut, A.; Delaporte, E.; Tessema, S. K.; D'Ortenzio, E.; Rimoin, A. W.; Hensley, L. E.; Mbala Kingebeni, P.; Peeters, M.; Ahuka Mundeke, S."
PP_000SR96,Ia,None,Democratic Republic of the Congo,"Tshopo,Yahuma",2023-07-30,196653,0.9345364562469258,2024-12-09,"Kinganda Lusamaki, E.; Amuri Aziza, A.; Luakanda Ndelemo, G.; Hasivirwe Vakaniaki, E.; Fernandez Nunez, N.; Pratt, C. B.; Akil Bandali, P.; Makangara Cigolo, J.-C.; Hoff, N. A.; Sabiti Nundu, S.; Mulopo Mukanya, N.; Ngimba, M.; Modrada Madakpa, B.; Diavita, R.; Paku Tshambu, P.; Pukuta Simbu, E.; Merritt, S.; O'Toole, A.; Low, N.; Nkuba Ndaye, A.; Kavunga Membo, H.; Shongo, R.; Malembi, E.; Kalonji, T.; Kacita, C.; Lokilo Lofiko, E.; Kavira Bapitani, S.; Rilia, O.; Muswamba, P.-C.; Muyembe Mawete, F.; Lumembe, R.; Kabamba, G.; Kenye, M.; Citenga, A.; Cikaya, F.; Yungwe, Z.; Matondo, M.; Kasongo, F.; Tshiminyi, P.; Bulabula, J.; Nkawa, F.; Muhindo Milonde, E.; Kavira Kamaliro, A.; Paluku Kalimuli, Z.; Bodisa Matamu, T.; Mubalama Mufungizi, J.; Wiley, M. R.; Devos, E.; Bangwen, E.; Brosius, I.; Parker, E.; Pilarowski, G.; Liesenborghs, L.; Wawina Bokalanga, T.; Vercauteren, K.; Mukadi Bamuleka, D.; Subissi, L.; Muyembe, J.-J.; Kindrachuk, J.; Guichet, E.; Ayouba, A.; Rambaut, A.; Delaporte, E.; Tessema, S. K.; D'Ortenzio, E.; Rimoin, A. W.; Hensley, L. E.; Mbala Kingebeni, P.; Peeters, M.; Ahuka Mundeke, S."
PP_000SRA4,Ia,None,Democratic Republic of the Congo,"Sud-Ubangi,Ndage",2023-08-07,196599,0.8888083201070945,2024-12-09,"Kinganda Lusamaki, E.; Amuri Aziza, A.; Luakanda Ndelemo, G.; Hasivirwe Vakaniaki, E.; Fernandez Nunez, N.; Pratt, C. B.; Akil Bandali, P.; Makangara Cigolo, J.-C.; Hoff, N. A.; Sabiti Nundu, S.; Mulopo Mukanya, N.; Ngimba, M.; Modrada Madakpa, B.; Diavita, R.; Paku Tshambu, P.; Pukuta Simbu, E.; Merritt, S.; O'Toole, A.; Low, N.; Nkuba Ndaye, A.; Kavunga Membo, H.; Shongo, R.; Malembi, E.; Kalonji, T.; Kacita, C.; Lokilo Lofiko, E.; Kavira Bapitani, S.; Rilia, O.; Muswamba, P.-C.; Muyembe Mawete, F.; Lumembe, R.; Kabamba, G.; Kenye, M.; Citenga, A.; Cikaya, F.; Yungwe, Z.; Matondo, M.; Kasongo, F.; Tshiminyi, P.; Bulabula, J.; Nkawa, F.; Muhindo Milonde, E.; Kavira Kamaliro, A.; Paluku Kalimuli, Z.; Bodisa Matamu, T.; Mubalama Mufungizi, J.; Wiley, M. R.; Devos, E.; Bangwen, E.; Brosius, I.; Parker, E.; Pilarowski, G.; Liesenborghs, L.; Wawina Bokalanga, T.; Vercauteren, K.; Mukadi Bamuleka, D.; Subissi, L.; Muyembe, J.-J.; Kindrachuk, J.; Guichet, E.; Ayouba, A.; Rambaut, A.; Delaporte, E.; Tessema, S. K.; D'Ortenzio, E.; Rimoin, A. W.; Hensley, L. E.; Mbala Kingebeni, P.; Peeters, M.; Ahuka Mundeke, S."
PP_000SRB2,Ia,None,Democratic Republic of the Congo,"Kinshasa,Gombe",2023-08-18,196570,0.9221232296700456,2024-12-09,"Kinganda Lusamaki, E.; Amuri Aziza, A.; Luakanda Ndelemo, G.; Hasivirwe Vakaniaki, E.; Fernandez Nunez, N.; Pratt, C. B.; Akil Bandali, P.; Makangara Cigolo, J.-C.; Hoff, N. A.; Sabiti Nundu, S.; Mulopo Mukanya, N.; Ngimba, M.; Modrada Madakpa, B.; Diavita, R.; Paku Tshambu, P.; Pukuta Simbu, E.; Merritt, S.; O'Toole, A.; Low, N.; Nkuba Ndaye, A.; Kavunga Membo, H.; Shongo, R.; Malembi, E.; Kalonji, T.; Kacita, C.; Lokilo Lofiko, E.; Kavira Bapitani, S.; Rilia, O.; Muswamba, P.-C.; Muyembe Mawete, F.; Lumembe, R.; Kabamba, G.; Kenye, M.; Citenga, A.; Cikaya, F.; Yungwe, Z.; Matondo, M.; Kasongo, F.; Tshiminyi, P.; Bulabula, J.; Nkawa, F.; Muhindo Milonde, E.; Kavira Kamaliro, A.; Paluku Kalimuli, Z.; Bodisa Matamu, T.; Mubalama Mufungizi, J.; Wiley, M. R.; Devos, E.; Bangwen, E.; Brosius, I.; Parker, E.; Pilarowski, G.; Liesenborghs, L.; Wawina Bokalanga, T.; Vercauteren, K.; Mukadi Bamuleka, D.; Subissi, L.; Muyembe, J.-J.; Kindrachuk, J.; Guichet, E.; Ayouba, A.; Rambaut, A.; Delaporte, E.; Tessema, S. K.; D'Ortenzio, E.; Rimoin, A. W.; Hensley, L. E.; Mbala Kingebeni, P.; Peeters, M.; Ahuka Mundeke, S."
PP_000SRC0,Ia,None,Democratic Republic of the Congo,"Kinshasa,Gombe",2023-08-18,196746,0.9924141393141288,2024-12-09,"Kinganda Lusamaki, E.; Amuri Aziza, A.; Luakanda Ndelemo, G.; Hasivirwe Vakaniaki, E.; Fernandez Nunez, N.; Pratt, C. B.; Akil Bandali, P.; Makangara Cigolo, J.-C.; Hoff, N. A.; Sabiti Nundu, S.; Mulopo Mukanya, N.; Ngimba, M.; Modrada Madakpa, B.; Diavita, R.; Paku Tshambu, P.; Pukuta Simbu, E.; Merritt, S.; O'Toole, A.; Low, N.; Nkuba Ndaye, A.; Kavunga Membo, H.; Shongo, R.; Malembi, E.; Kalonji, T.; Kacita, C.; Lokilo Lofiko, E.; Kavira Bapitani, S.; Rilia, O.; Muswamba, P.-C.; Muyembe Mawete, F.; Lumembe, R.; Kabamba, G.; Kenye, M.; Citenga, A.; Cikaya, F.; Yungwe, Z.; Matondo, M.; Kasongo, F.; Tshiminyi, P.; Bulabula, J.; Nkawa, F.; Muhindo Milonde, E.; Kavira Kamaliro, A.; Paluku Kalimuli, Z.; Bodisa Matamu, T.; Mubalama Mufungizi, J.; Wiley, M. R.; Devos, E.; Bangwen, E.; Brosius, I.; Parker, E.; Pilarowski, G.; Liesenborghs, L.; Wawina Bokalanga, T.; Vercauteren, K.; Mukadi Bamuleka, D.; Subissi, L.; Muyembe, J.-J.; Kindrachuk, J.; Guichet, E.; Ayouba, A.; Rambaut, A.; Delaporte, E.; Tessema, S. K.; D'Ortenzio, E.; Rimoin, A. W.; Hensley, L. E.; Mbala Kingebeni, P.; Peeters, M.; Ahuka Mundeke, S."
PP_000SRDY,Ia,None,Democratic Republic of the Congo,"Tshopo,Opala",2023-07-17,196262,0.9416862313586094,2024-12-09,"Kinganda Lusamaki, E.; Amuri Aziza, A.; Luakanda Ndelemo, G.; Hasivirwe Vakaniaki, E.; Fernandez Nunez, N.; Pratt, C. B.; Akil Bandali, P.; Makangara Cigolo, J.-C.; Hoff, N. A.; Sabiti Nundu, S.; Mulopo Mukanya, N.; Ngimba, M.; Modrada Madakpa, B.; Diavita, R.; Paku Tshambu, P.; Pukuta Simbu, E.; Merritt, S.; O'Toole, A.; Low, N.; Nkuba Ndaye, A.; Kavunga Membo, H.; Shongo, R.; Malembi, E.; Kalonji, T.; Kacita, C.; Lokilo Lofiko, E.; Kavira Bapitani, S.; Rilia, O.; Muswamba, P.-C.; Muyembe Mawete, F.; Lumembe, R.; Kabamba, G.; Kenye, M.; Citenga, A.; Cikaya, F.; Yungwe, Z.; Matondo, M.; Kasongo, F.; Tshiminyi, P.; Bulabula, J.; Nkawa, F.; Muhindo Milonde, E.; Kavira Kamaliro, A.; Paluku Kalimuli, Z.; Bodisa Matamu, T.; Mubalama Mufungizi, J.; Wiley, M. R.; Devos, E.; Bangwen, E.; Brosius, I.; Parker, E.; Pilarowski, G.; Liesenborghs, L.; Wawina Bokalanga, T.; Vercauteren, K.; Mukadi Bamuleka, D.; Subissi, L.; Muyembe, J.-J.; Kindrachuk, J.; Guichet, E.; Ayouba, A.; Rambaut, A.; Delaporte, E.; Tessema, S. K.; D'Ortenzio, E.; Rimoin, A. W.; Hensley, L. E.; Mbala Kingebeni, P.; Peeters, M.; Ahuka Mundeke, S."
PP_000SREW,Ia,None,Democratic Republic of the Congo,"Tshopo,Yakusu",2023-07-16,196586,0.7179540487503105,2024-12-09,"Kinganda Lusamaki, E.; Amuri Aziza, A.; Luakanda Ndelemo, G.; Hasivirwe Vakaniaki, E.; Fernandez Nunez, N.; Pratt, C. B.; Akil Bandali, P.; Makangara Cigolo, J.-C.; Hoff, N. A.; Sabiti Nundu, S.; Mulopo Mukanya, N.; Ngimba, M.; Modrada Madakpa, B.; Diavita, R.; Paku Tshambu, P.; Pukuta Simbu, E.; Merritt, S.; O'Toole, A.; Low, N.; Nkuba Ndaye, A.; Kavunga Membo, H.; Shongo, R.; Malembi, E.; Kalonji, T.; Kacita, C.; Lokilo Lofiko, E.; Kavira Bapitani, S.; Rilia, O.; Muswamba, P.-C.; Muyembe Mawete, F.; Lumembe, R.; Kabamba, G.; Kenye, M.; Citenga, A.; Cikaya, F.; Yungwe, Z.; Matondo, M.; Kasongo, F.; Tshiminyi, P.; Bulabula, J.; Nkawa, F.; Muhindo Milonde, E.; Kavira Kamaliro, A.; Paluku Kalimuli, Z.; Bodisa Matamu, T.; Mubalama Mufungizi, J.; Wiley, M. R.; Devos, E.; Bangwen, E.; Brosius, I.; Parker, E.; Pilarowski, G.; Liesenborghs, L.; Wawina Bokalanga, T.; Vercauteren, K.; Mukadi Bamuleka, D.; Subissi, L.; Muyembe, J.-J.; Kindrachuk, J.; Guichet, E.; Ayouba, A.; Rambaut, A.; Delaporte, E.; Tessema, S. K.; D'Ortenzio, E.; Rimoin, A. W.; Hensley, L. E.; Mbala Kingebeni, P.; Peeters, M.; Ahuka Mundeke, S."
PP_000SRFU,Ia,None,Democratic Republic of the Congo,"Equateur,Djombo",2023-08-12,196554,0.93995710134933,2024-12-09,"Kinganda Lusamaki, E.; Amuri Aziza, A.; Luakanda Ndelemo, G.; Hasivirwe Vakaniaki, E.; Fernandez Nunez, N.; Pratt, C. B.; Akil Bandali, P.; Makangara Cigolo, J.-C.; Hoff, N. A.; Sabiti Nundu, S.; Mulopo Mukanya, N.; Ngimba, M.; Modrada Madakpa, B.; Diavita, R.; Paku Tshambu, P.; Pukuta Simbu, E.; Merritt, S.; O'Toole, A.; Low, N.; Nkuba Ndaye, A.; Kavunga Membo, H.; Shongo, R.; Malembi, E.; Kalonji, T.; Kacita, C.; Lokilo Lofiko, E.; Kavira Bapitani, S.; Rilia, O.; Muswamba, P.-C.; Muyembe Mawete, F.; Lumembe, R.; Kabamba, G.; Kenye, M.; Citenga, A.; Cikaya, F.; Yungwe, Z.; Matondo, M.; Kasongo, F.; Tshiminyi, P.; Bulabula, J.; Nkawa, F.; Muhindo Milonde, E.; Kavira Kamaliro, A.; Paluku Kalimuli, Z.; Bodisa Matamu, T.; Mubalama Mufungizi, J.; Wiley, M. R.; Devos, E.; Bangwen, E.; Brosius, I.; Parker, E.; Pilarowski, G.; Liesenborghs, L.; Wawina Bokalanga, T.; Vercauteren, K.; Mukadi Bamuleka, D.; Subissi, L.; Muyembe, J.-J.; Kindrachuk, J.; Guichet, E.; Ayouba, A.; Rambaut, A.; Delaporte, E.; Tessema, S. K.; D'Ortenzio, E.; Rimoin, A. W.; Hensley, L. E.; Mbala Kingebeni, P.; Peeters, M.; Ahuka Mundeke, S."
PP_000SRGS,Ia,None,Democratic Republic of the Congo,"Equateur,Bikoro",2023-08-11,196597,0.9202977551734456,2024-12-09,"Kinganda Lusamaki, E.; Amuri Aziza, A.; Luakanda Ndelemo, G.; Hasivirwe Vakaniaki, E.; Fernandez Nunez, N.; Pratt, C. B.; Akil Bandali, P.; Makangara Cigolo, J.-C.; Hoff, N. A.; Sabiti Nundu, S.; Mulopo Mukanya, N.; Ngimba, M.; Modrada Madakpa, B.; Diavita, R.; Paku Tshambu, P.; Pukuta Simbu, E.; Merritt, S.; O'Toole, A.; Low, N.; Nkuba Ndaye, A.; Kavunga Membo, H.; Shongo, R.; Malembi, E.; Kalonji, T.; Kacita, C.; Lokilo Lofiko, E.; Kavira Bapitani, S.; Rilia, O.; Muswamba, P.-C.; Muyembe Mawete, F.; Lumembe, R.; Kabamba, G.; Kenye, M.; Citenga, A.; Cikaya, F.; Yungwe, Z.; Matondo, M.; Kasongo, F.; Tshiminyi, P.; Bulabula, J.; Nkawa, F.; Muhindo Milonde, E.; Kavira Kamaliro, A.; Paluku Kalimuli, Z.; Bodisa Matamu, T.; Mubalama Mufungizi, J.; Wiley, M. R.; Devos, E.; Bangwen, E.; Brosius, I.; Parker, E.; Pilarowski, G.; Liesenborghs, L.; Wawina Bokalanga, T.; Vercauteren, K.; Mukadi Bamuleka, D.; Subissi, L.; Muyembe, J.-J.; Kindrachuk, J.; Guichet, E.; Ayouba, A.; Rambaut, A.; Delaporte, E.; Tessema, S. K.; D'Ortenzio, E.; Rimoin, A. W.; Hensley, L. E.; Mbala Kingebeni, P.; Peeters, M.; Ahuka Mundeke, S."
PP_000SRHP,Ia,None,Democratic Republic of the Congo,"Sud-Ubangi,Libenge",2023-08-09,196642,0.9296583827310112,2024-12-09,"Kinganda Lusamaki, E.; Amuri Aziza, A.; Luakanda Ndelemo, G.; Hasivirwe Vakaniaki, E.; Fernandez Nunez, N.; Pratt, C. B.; Akil Bandali, P.; Makangara Cigolo, J.-C.; Hoff, N. A.; Sabiti Nundu, S.; Mulopo Mukanya, N.; Ngimba, M.; Modrada Madakpa, B.; Diavita, R.; Paku Tshambu, P.; Pukuta Simbu, E.; Merritt, S.; O'Toole, A.; Low, N.; Nkuba Ndaye, A.; Kavunga Membo, H.; Shongo, R.; Malembi, E.; Kalonji, T.; Kacita, C.; Lokilo Lofiko, E.; Kavira Bapitani, S.; Rilia, O.; Muswamba, P.-C.; Muyembe Mawete, F.; Lumembe, R.; Kabamba, G.; Kenye, M.; Citenga, A.; Cikaya, F.; Yungwe, Z.; Matondo, M.; Kasongo, F.; Tshiminyi, P.; Bulabula, J.; Nkawa, F.; Muhindo Milonde, E.; Kavira Kamaliro, A.; Paluku Kalimuli, Z.; Bodisa Matamu, T.; Mubalama Mufungizi, J.; Wiley, M. R.; Devos, E.; Bangwen, E.; Brosius, I.; Parker, E.; Pilarowski, G.; Liesenborghs, L.; Wawina Bokalanga, T.; Vercauteren, K.; Mukadi Bamuleka, D.; Subissi, L.; Muyembe, J.-J.; Kindrachuk, J.; Guichet, E.; Ayouba, A.; Rambaut, A.; Delaporte, E.; Tessema, S. K.; D'Ortenzio, E.; Rimoin, A. W.; Hensley, L. E.; Mbala Kingebeni, P.; Peeters, M.; Ahuka Mundeke, S."
PP_000SRJM,Ia,None,Democratic Republic of the Congo,"Maindombe,Kiri",2023-08-23,196642,0.9422490859950612,2024-12-09,"Kinganda Lusamaki, E.; Amuri Aziza, A.; Luakanda Ndelemo, G.; Hasivirwe Vakaniaki, E.; Fernandez Nunez, N.; Pratt, C. B.; Akil Bandali, P.; Makangara Cigolo, J.-C.; Hoff, N. A.; Sabiti Nundu, S.; Mulopo Mukanya, N.; Ngimba, M.; Modrada Madakpa, B.; Diavita, R.; Paku Tshambu, P.; Pukuta Simbu, E.; Merritt, S.; O'Toole, A.; Low, N.; Nkuba Ndaye, A.; Kavunga Membo, H.; Shongo, R.; Malembi, E.; Kalonji, T.; Kacita, C.; Lokilo Lofiko, E.; Kavira Bapitani, S.; Rilia, O.; Muswamba, P.-C.; Muyembe Mawete, F.; Lumembe, R.; Kabamba, G.; Kenye, M.; Citenga, A.; Cikaya, F.; Yungwe, Z.; Matondo, M.; Kasongo, F.; Tshiminyi, P.; Bulabula, J.; Nkawa, F.; Muhindo Milonde, E.; Kavira Kamaliro, A.; Paluku Kalimuli, Z.; Bodisa Matamu, T.; Mubalama Mufungizi, J.; Wiley, M. R.; Devos, E.; Bangwen, E.; Brosius, I.; Parker, E.; Pilarowski, G.; Liesenborghs, L.; Wawina Bokalanga, T.; Vercauteren, K.; Mukadi Bamuleka, D.; Subissi, L.; Muyembe, J.-J.; Kindrachuk, J.; Guichet, E.; Ayouba, A.; Rambaut, A.; Delaporte, E.; Tessema, S. K.; D'Ortenzio, E.; Rimoin, A. W.; Hensley, L. E.; Mbala Kingebeni, P.; Peeters, M.; Ahuka Mundeke, S."
PP_000SRKK,Ia,None,Democratic Republic of the Congo,"Tshopo,Yahuma",2023-08-20,196606,0.7281919182187425,2024-12-09,"Kinganda Lusamaki, E.; Amuri Aziza, A.; Luakanda Ndelemo, G.; Hasivirwe Vakaniaki, E.; Fernandez Nunez, N.; Pratt, C. B.; Akil Bandali, P.; Makangara Cigolo, J.-C.; Hoff, N. A.; Sabiti Nundu, S.; Mulopo Mukanya, N.; Ngimba, M.; Modrada Madakpa, B.; Diavita, R.; Paku Tshambu, P.; Pukuta Simbu, E.; Merritt, S.; O'Toole, A.; Low, N.; Nkuba Ndaye, A.; Kavunga Membo, H.; Shongo, R.; Malembi, E.; Kalonji, T.; Kacita, C.; Lokilo Lofiko, E.; Kavira Bapitani, S.; Rilia, O.; Muswamba, P.-C.; Muyembe Mawete, F.; Lumembe, R.; Kabamba, G.; Kenye, M.; Citenga, A.; Cikaya, F.; Yungwe, Z.; Matondo, M.; Kasongo, F.; Tshiminyi, P.; Bulabula, J.; Nkawa, F.; Muhindo Milonde, E.; Kavira Kamaliro, A.; Paluku Kalimuli, Z.; Bodisa Matamu, T.; Mubalama Mufungizi, J.; Wiley, M. R.; Devos, E.; Bangwen, E.; Brosius, I.; Parker, E.; Pilarowski, G.; Liesenborghs, L.; Wawina Bokalanga, T.; Vercauteren, K.; Mukadi Bamuleka, D.; Subissi, L.; Muyembe, J.-J.; Kindrachuk, J.; Guichet, E.; Ayouba, A.; Rambaut, A.; Delaporte, E.; Tessema, S. K.; D'Ortenzio, E.; Rimoin, A. W.; Hensley, L. E.; Mbala Kingebeni, P.; Peeters, M.; Ahuka Mundeke, S."
PP_000SRLH,Ia,None,Democratic Republic of the Congo,"Tshopo,Yahuma",2023-07-17,196660,0.7960590033923401,2024-12-09,"Kinganda Lusamaki, E.; Amuri Aziza, A.; Luakanda Ndelemo, G.; Hasivirwe Vakaniaki, E.; Fernandez Nunez, N.; Pratt, C. B.; Akil Bandali, P.; Makangara Cigolo, J.-C.; Hoff, N. A.; Sabiti Nundu, S.; Mulopo Mukanya, N.; Ngimba, M.; Modrada Madakpa, B.; Diavita, R.; Paku Tshambu, P.; Pukuta Simbu, E.; Merritt, S.; O'Toole, A.; Low, N.; Nkuba Ndaye, A.; Kavunga Membo, H.; Shongo, R.; Malembi, E.; Kalonji, T.; Kacita, C.; Lokilo Lofiko, E.; Kavira Bapitani, S.; Rilia, O.; Muswamba, P.-C.; Muyembe Mawete, F.; Lumembe, R.; Kabamba, G.; Kenye, M.; Citenga, A.; Cikaya, F.; Yungwe, Z.; Matondo, M.; Kasongo, F.; Tshiminyi, P.; Bulabula, J.; Nkawa, F.; Muhindo Milonde, E.; Kavira Kamaliro, A.; Paluku Kalimuli, Z.; Bodisa Matamu, T.; Mubalama Mufungizi, J.; Wiley, M. R.; Devos, E.; Bangwen, E.; Brosius, I.; Parker, E.; Pilarowski, G.; Liesenborghs, L.; Wawina Bokalanga, T.; Vercauteren, K.; Mukadi Bamuleka, D.; Subissi, L.; Muyembe, J.-J.; Kindrachuk, J.; Guichet, E.; Ayouba, A.; Rambaut, A.; Delaporte, E.; Tessema, S. K.; D'Ortenzio, E.; Rimoin, A. W.; Hensley, L. E.; Mbala Kingebeni, P.; Peeters, M.; Ahuka Mundeke, S."
PP_000SRMF,Ia,None,Democratic Republic of the Congo,"Kinshasa,Matete",2023-09-08,196777,0.9417876466084204,2024-12-09,"Kinganda Lusamaki, E.; Amuri Aziza, A.; Luakanda Ndelemo, G.; Hasivirwe Vakaniaki, E.; Fernandez Nunez, N.; Pratt, C. B.; Akil Bandali, P.; Makangara Cigolo, J.-C.; Hoff, N. A.; Sabiti Nundu, S.; Mulopo Mukanya, N.; Ngimba, M.; Modrada Madakpa, B.; Diavita, R.; Paku Tshambu, P.; Pukuta Simbu, E.; Merritt, S.; O'Toole, A.; Low, N.; Nkuba Ndaye, A.; Kavunga Membo, H.; Shongo, R.; Malembi, E.; Kalonji, T.; Kacita, C.; Lokilo Lofiko, E.; Kavira Bapitani, S.; Rilia, O.; Muswamba, P.-C.; Muyembe Mawete, F.; Lumembe, R.; Kabamba, G.; Kenye, M.; Citenga, A.; Cikaya, F.; Yungwe, Z.; Matondo, M.; Kasongo, F.; Tshiminyi, P.; Bulabula, J.; Nkawa, F.; Muhindo Milonde, E.; Kavira Kamaliro, A.; Paluku Kalimuli, Z.; Bodisa Matamu, T.; Mubalama Mufungizi, J.; Wiley, M. R.; Devos, E.; Bangwen, E.; Brosius, I.; Parker, E.; Pilarowski, G.; Liesenborghs, L.; Wawina Bokalanga, T.; Vercauteren, K.; Mukadi Bamuleka, D.; Subissi, L.; Muyembe, J.-J.; Kindrachuk, J.; Guichet, E.; Ayouba, A.; Rambaut, A.; Delaporte, E.; Tessema, S. K.; D'Ortenzio, E.; Rimoin, A. W.; Hensley, L. E.; Mbala Kingebeni, P.; Peeters, M.; Ahuka Mundeke, S."
PP_000SRND,Ia,None,Democratic Republic of the Congo,"Tshopo,Opala",2023-08-12,196280,0.9404793898858572,2024-12-09,"Kinganda Lusamaki, E.; Amuri Aziza, A.; Luakanda Ndelemo, G.; Hasivirwe Vakaniaki, E.; Fernandez Nunez, N.; Pratt, C. B.; Akil Bandali, P.; Makangara Cigolo, J.-C.; Hoff, N. A.; Sabiti Nundu, S.; Mulopo Mukanya, N.; Ngimba, M.; Modrada Madakpa, B.; Diavita, R.; Paku Tshambu, P.; Pukuta Simbu, E.; Merritt, S.; O'Toole, A.; Low, N.; Nkuba Ndaye, A.; Kavunga Membo, H.; Shongo, R.; Malembi, E.; Kalonji, T.; Kacita, C.; Lokilo Lofiko, E.; Kavira Bapitani, S.; Rilia, O.; Muswamba, P.-C.; Muyembe Mawete, F.; Lumembe, R.; Kabamba, G.; Kenye, M.; Citenga, A.; Cikaya, F.; Yungwe, Z.; Matondo, M.; Kasongo, F.; Tshiminyi, P.; Bulabula, J.; Nkawa, F.; Muhindo Milonde, E.; Kavira Kamaliro, A.; Paluku Kalimuli, Z.; Bodisa Matamu, T.; Mubalama Mufungizi, J.; Wiley, M. R.; Devos, E.; Bangwen, E.; Brosius, I.; Parker, E.; Pilarowski, G.; Liesenborghs, L.; Wawina Bokalanga, T.; Vercauteren, K.; Mukadi Bamuleka, D.; Subissi, L.; Muyembe, J.-J.; Kindrachuk, J.; Guichet, E.; Ayouba, A.; Rambaut, A.; Delaporte, E.; Tessema, S. K.; D'Ortenzio, E.; Rimoin, A. W.; Hensley, L. E.; Mbala Kingebeni, P.; Peeters, M.; Ahuka Mundeke, S."
PP_000SRPB,Ia,None,Democratic Republic of the Congo,"Tshopo,Opala",2023-09-05,196656,0.8923122169880685,2024-12-09,"Kinganda Lusamaki, E.; Amuri Aziza, A.; Luakanda Ndelemo, G.; Hasivirwe Vakaniaki, E.; Fernandez Nunez, N.; Pratt, C. B.; Akil Bandali, P.; Makangara Cigolo, J.-C.; Hoff, N. A.; Sabiti Nundu, S.; Mulopo Mukanya, N.; Ngimba, M.; Modrada Madakpa, B.; Diavita, R.; Paku Tshambu, P.; Pukuta Simbu, E.; Merritt, S.; O'Toole, A.; Low, N.; Nkuba Ndaye, A.; Kavunga Membo, H.; Shongo, R.; Malembi, E.; Kalonji, T.; Kacita, C.; Lokilo Lofiko, E.; Kavira Bapitani, S.; Rilia, O.; Muswamba, P.-C.; Muyembe Mawete, F.; Lumembe, R.; Kabamba, G.; Kenye, M.; Citenga, A.; Cikaya, F.; Yungwe, Z.; Matondo, M.; Kasongo, F.; Tshiminyi, P.; Bulabula, J.; Nkawa, F.; Muhindo Milonde, E.; Kavira Kamaliro, A.; Paluku Kalimuli, Z.; Bodisa Matamu, T.; Mubalama Mufungizi, J.; Wiley, M. R.; Devos, E.; Bangwen, E.; Brosius, I.; Parker, E.; Pilarowski, G.; Liesenborghs, L.; Wawina Bokalanga, T.; Vercauteren, K.; Mukadi Bamuleka, D.; Subissi, L.; Muyembe, J.-J.; Kindrachuk, J.; Guichet, E.; Ayouba, A.; Rambaut, A.; Delaporte, E.; Tessema, S. K.; D'Ortenzio, E.; Rimoin, A. W.; Hensley, L. E.; Mbala Kingebeni, P.; Peeters, M.; Ahuka Mundeke, S."
PP_000SRQ9,Ia,None,Democratic Republic of the Congo,"Tshopo,Yahuma",2023-09-08,196677,0.9437297486423032,2024-12-09,"Kinganda Lusamaki, E.; Amuri Aziza, A.; Luakanda Ndelemo, G.; Hasivirwe Vakaniaki, E.; Fernandez Nunez, N.; Pratt, C. B.; Akil Bandali, P.; Makangara Cigolo, J.-C.; Hoff, N. A.; Sabiti Nundu, S.; Mulopo Mukanya, N.; Ngimba, M.; Modrada Madakpa, B.; Diavita, R.; Paku Tshambu, P.; Pukuta Simbu, E.; Merritt, S.; O'Toole, A.; Low, N.; Nkuba Ndaye, A.; Kavunga Membo, H.; Shongo, R.; Malembi, E.; Kalonji, T.; Kacita, C.; Lokilo Lofiko, E.; Kavira Bapitani, S.; Rilia, O.; Muswamba, P.-C.; Muyembe Mawete, F.; Lumembe, R.; Kabamba, G.; Kenye, M.; Citenga, A.; Cikaya, F.; Yungwe, Z.; Matondo, M.; Kasongo, F.; Tshiminyi, P.; Bulabula, J.; Nkawa, F.; Muhindo Milonde, E.; Kavira Kamaliro, A.; Paluku Kalimuli, Z.; Bodisa Matamu, T.; Mubalama Mufungizi, J.; Wiley, M. R.; Devos, E.; Bangwen, E.; Brosius, I.; Parker, E.; Pilarowski, G.; Liesenborghs, L.; Wawina Bokalanga, T.; Vercauteren, K.; Mukadi Bamuleka, D.; Subissi, L.; Muyembe, J.-J.; Kindrachuk, J.; Guichet, E.; Ayouba, A.; Rambaut, A.; Delaporte, E.; Tessema, S. K.; D'Ortenzio, E.; Rimoin, A. W.; Hensley, L. E.; Mbala Kingebeni, P.; Peeters, M.; Ahuka Mundeke, S."
PP_000SRR7,Ia,None,Democratic Republic of the Congo,"Tshopo,Yahuma",2023-09-09,196651,0.7887317515934871,2024-12-09,"Kinganda Lusamaki, E.; Amuri Aziza, A.; Luakanda Ndelemo, G.; Hasivirwe Vakaniaki, E.; Fernandez Nunez, N.; Pratt, C. B.; Akil Bandali, P.; Makangara Cigolo, J.-C.; Hoff, N. A.; Sabiti Nundu, S.; Mulopo Mukanya, N.; Ngimba, M.; Modrada Madakpa, B.; Diavita, R.; Paku Tshambu, P.; Pukuta Simbu, E.; Merritt, S.; O'Toole, A.; Low, N.; Nkuba Ndaye, A.; Kavunga Membo, H.; Shongo, R.; Malembi, E.; Kalonji, T.; Kacita, C.; Lokilo Lofiko, E.; Kavira Bapitani, S.; Rilia, O.; Muswamba, P.-C.; Muyembe Mawete, F.; Lumembe, R.; Kabamba, G.; Kenye, M.; Citenga, A.; Cikaya, F.; Yungwe, Z.; Matondo, M.; Kasongo, F.; Tshiminyi, P.; Bulabula, J.; Nkawa, F.; Muhindo Milonde, E.; Kavira Kamaliro, A.; Paluku Kalimuli, Z.; Bodisa Matamu, T.; Mubalama Mufungizi, J.; Wiley, M. R.; Devos, E.; Bangwen, E.; Brosius, I.; Parker, E.; Pilarowski, G.; Liesenborghs, L.; Wawina Bokalanga, T.; Vercauteren, K.; Mukadi Bamuleka, D.; Subissi, L.; Muyembe, J.-J.; Kindrachuk, J.; Guichet, E.; Ayouba, A.; Rambaut, A.; Delaporte, E.; Tessema, S. K.; D'Ortenzio, E.; Rimoin, A. W.; Hensley, L. E.; Mbala Kingebeni, P.; Peeters, M.; Ahuka Mundeke, S."
PP_000SRS5,Ia,None,Democratic Republic of the Congo,"Tshopo,Yahuma",2023-09-09,196637,0.7279282385692336,2024-12-09,"Kinganda Lusamaki, E.; Amuri Aziza, A.; Luakanda Ndelemo, G.; Hasivirwe Vakaniaki, E.; Fernandez Nunez, N.; Pratt, C. B.; Akil Bandali, P.; Makangara Cigolo, J.-C.; Hoff, N. A.; Sabiti Nundu, S.; Mulopo Mukanya, N.; Ngimba, M.; Modrada Madakpa, B.; Diavita, R.; Paku Tshambu, P.; Pukuta Simbu, E.; Merritt, S.; O'Toole, A.; Low, N.; Nkuba Ndaye, A.; Kavunga Membo, H.; Shongo, R.; Malembi, E.; Kalonji, T.; Kacita, C.; Lokilo Lofiko, E.; Kavira Bapitani, S.; Rilia, O.; Muswamba, P.-C.; Muyembe Mawete, F.; Lumembe, R.; Kabamba, G.; Kenye, M.; Citenga, A.; Cikaya, F.; Yungwe, Z.; Matondo, M.; Kasongo, F.; Tshiminyi, P.; Bulabula, J.; Nkawa, F.; Muhindo Milonde, E.; Kavira Kamaliro, A.; Paluku Kalimuli, Z.; Bodisa Matamu, T.; Mubalama Mufungizi, J.; Wiley, M. R.; Devos, E.; Bangwen, E.; Brosius, I.; Parker, E.; Pilarowski, G.; Liesenborghs, L.; Wawina Bokalanga, T.; Vercauteren, K.; Mukadi Bamuleka, D.; Subissi, L.; Muyembe, J.-J.; Kindrachuk, J.; Guichet, E.; Ayouba, A.; Rambaut, A.; Delaporte, E.; Tessema, S. K.; D'Ortenzio, E.; Rimoin, A. W.; Hensley, L. E.; Mbala Kingebeni, P.; Peeters, M.; Ahuka Mundeke, S."
PP_000SRT3,Ia,None,Democratic Republic of the Congo,"Tshopo,Yakusu",2023-09-08,196499,0.9630138583938866,2024-12-09,"Kinganda Lusamaki, E.; Amuri Aziza, A.; Luakanda Ndelemo, G.; Hasivirwe Vakaniaki, E.; Fernandez Nunez, N.; Pratt, C. B.; Akil Bandali, P.; Makangara Cigolo, J.-C.; Hoff, N. A.; Sabiti Nundu, S.; Mulopo Mukanya, N.; Ngimba, M.; Modrada Madakpa, B.; Diavita, R.; Paku Tshambu, P.; Pukuta Simbu, E.; Merritt, S.; O'Toole, A.; Low, N.; Nkuba Ndaye, A.; Kavunga Membo, H.; Shongo, R.; Malembi, E.; Kalonji, T.; Kacita, C.; Lokilo Lofiko, E.; Kavira Bapitani, S.; Rilia, O.; Muswamba, P.-C.; Muyembe Mawete, F.; Lumembe, R.; Kabamba, G.; Kenye, M.; Citenga, A.; Cikaya, F.; Yungwe, Z.; Matondo, M.; Kasongo, F.; Tshiminyi, P.; Bulabula, J.; Nkawa, F.; Muhindo Milonde, E.; Kavira Kamaliro, A.; Paluku Kalimuli, Z.; Bodisa Matamu, T.; Mubalama Mufungizi, J.; Wiley, M. R.; Devos, E.; Bangwen, E.; Brosius, I.; Parker, E.; Pilarowski, G.; Liesenborghs, L.; Wawina Bokalanga, T.; Vercauteren, K.; Mukadi Bamuleka, D.; Subissi, L.; Muyembe, J.-J.; Kindrachuk, J.; Guichet, E.; Ayouba, A.; Rambaut, A.; Delaporte, E.; Tessema, S. K.; D'Ortenzio, E.; Rimoin, A. W.; Hensley, L. E.; Mbala Kingebeni, P.; Peeters, M.; Ahuka Mundeke, S."
PP_000SRU1,Ia,None,Democratic Republic of the Congo,"Sud-Ubangi,Boto",2023-09-10,196673,0.9973733450298922,2024-12-09,"Kinganda Lusamaki, E.; Amuri Aziza, A.; Luakanda Ndelemo, G.; Hasivirwe Vakaniaki, E.; Fernandez Nunez, N.; Pratt, C. B.; Akil Bandali, P.; Makangara Cigolo, J.-C.; Hoff, N. A.; Sabiti Nundu, S.; Mulopo Mukanya, N.; Ngimba, M.; Modrada Madakpa, B.; Diavita, R.; Paku Tshambu, P.; Pukuta Simbu, E.; Merritt, S.; O'Toole, A.; Low, N.; Nkuba Ndaye, A.; Kavunga Membo, H.; Shongo, R.; Malembi, E.; Kalonji, T.; Kacita, C.; Lokilo Lofiko, E.; Kavira Bapitani, S.; Rilia, O.; Muswamba, P.-C.; Muyembe Mawete, F.; Lumembe, R.; Kabamba, G.; Kenye, M.; Citenga, A.; Cikaya, F.; Yungwe, Z.; Matondo, M.; Kasongo, F.; Tshiminyi, P.; Bulabula, J.; Nkawa, F.; Muhindo Milonde, E.; Kavira Kamaliro, A.; Paluku Kalimuli, Z.; Bodisa Matamu, T.; Mubalama Mufungizi, J.; Wiley, M. R.; Devos, E.; Bangwen, E.; Brosius, I.; Parker, E.; Pilarowski, G.; Liesenborghs, L.; Wawina Bokalanga, T.; Vercauteren, K.; Mukadi Bamuleka, D.; Subissi, L.; Muyembe, J.-J.; Kindrachuk, J.; Guichet, E.; Ayouba, A.; Rambaut, A.; Delaporte, E.; Tessema, S. K.; D'Ortenzio, E.; Rimoin, A. W.; Hensley, L. E.; Mbala Kingebeni, P.; Peeters, M.; Ahuka Mundeke, S."
PP_000SRVZ,Ia,None,Democratic Republic of the Congo,"Sud-Ubangi,Bangabola",2023-09-03,196835,0.9972060098677038,2024-12-09,"Kinganda Lusamaki, E.; Amuri Aziza, A.; Luakanda Ndelemo, G.; Hasivirwe Vakaniaki, E.; Fernandez Nunez, N.; Pratt, C. B.; Akil Bandali, P.; Makangara Cigolo, J.-C.; Hoff, N. A.; Sabiti Nundu, S.; Mulopo Mukanya, N.; Ngimba, M.; Modrada Madakpa, B.; Diavita, R.; Paku Tshambu, P.; Pukuta Simbu, E.; Merritt, S.; O'Toole, A.; Low, N.; Nkuba Ndaye, A.; Kavunga Membo, H.; Shongo, R.; Malembi, E.; Kalonji, T.; Kacita, C.; Lokilo Lofiko, E.; Kavira Bapitani, S.; Rilia, O.; Muswamba, P.-C.; Muyembe Mawete, F.; Lumembe, R.; Kabamba, G.; Kenye, M.; Citenga, A.; Cikaya, F.; Yungwe, Z.; Matondo, M.; Kasongo, F.; Tshiminyi, P.; Bulabula, J.; Nkawa, F.; Muhindo Milonde, E.; Kavira Kamaliro, A.; Paluku Kalimuli, Z.; Bodisa Matamu, T.; Mubalama Mufungizi, J.; Wiley, M. R.; Devos, E.; Bangwen, E.; Brosius, I.; Parker, E.; Pilarowski, G.; Liesenborghs, L.; Wawina Bokalanga, T.; Vercauteren, K.; Mukadi Bamuleka, D.; Subissi, L.; Muyembe, J.-J.; Kindrachuk, J.; Guichet, E.; Ayouba, A.; Rambaut, A.; Delaporte, E.; Tessema, S. K.; D'Ortenzio, E.; Rimoin, A. W.; Hensley, L. E.; Mbala Kingebeni, P.; Peeters, M.; Ahuka Mundeke, S."
PP_000SRWX,Ia,None,Democratic Republic of the Congo,"Sud-Ubangi,Bokonzi",2023-08-14,196871,0.9994320746010578,2024-12-09,"Kinganda Lusamaki, E.; Amuri Aziza, A.; Luakanda Ndelemo, G.; Hasivirwe Vakaniaki, E.; Fernandez Nunez, N.; Pratt, C. B.; Akil Bandali, P.; Makangara Cigolo, J.-C.; Hoff, N. A.; Sabiti Nundu, S.; Mulopo Mukanya, N.; Ngimba, M.; Modrada Madakpa, B.; Diavita, R.; Paku Tshambu, P.; Pukuta Simbu, E.; Merritt, S.; O'Toole, A.; Low, N.; Nkuba Ndaye, A.; Kavunga Membo, H.; Shongo, R.; Malembi, E.; Kalonji, T.; Kacita, C.; Lokilo Lofiko, E.; Kavira Bapitani, S.; Rilia, O.; Muswamba, P.-C.; Muyembe Mawete, F.; Lumembe, R.; Kabamba, G.; Kenye, M.; Citenga, A.; Cikaya, F.; Yungwe, Z.; Matondo, M.; Kasongo, F.; Tshiminyi, P.; Bulabula, J.; Nkawa, F.; Muhindo Milonde, E.; Kavira Kamaliro, A.; Paluku Kalimuli, Z.; Bodisa Matamu, T.; Mubalama Mufungizi, J.; Wiley, M. R.; Devos, E.; Bangwen, E.; Brosius, I.; Parker, E.; Pilarowski, G.; Liesenborghs, L.; Wawina Bokalanga, T.; Vercauteren, K.; Mukadi Bamuleka, D.; Subissi, L.; Muyembe, J.-J.; Kindrachuk, J.; Guichet, E.; Ayouba, A.; Rambaut, A.; Delaporte, E.; Tessema, S. K.; D'Ortenzio, E.; Rimoin, A. W.; Hensley, L. E.; Mbala Kingebeni, P.; Peeters, M.; Ahuka Mundeke, S."
PP_000SRXV,Ia,None,Democratic Republic of the Congo,"Sud-Ubangi,Bokonzi",2023-09-12,196771,0.9517263410899096,2024-12-09,"Kinganda Lusamaki, E.; Amuri Aziza, A.; Luakanda Ndelemo, G.; Hasivirwe Vakaniaki, E.; Fernandez Nunez, N.; Pratt, C. B.; Akil Bandali, P.; Makangara Cigolo, J.-C.; Hoff, N. A.; Sabiti Nundu, S.; Mulopo Mukanya, N.; Ngimba, M.; Modrada Madakpa, B.; Diavita, R.; Paku Tshambu, P.; Pukuta Simbu, E.; Merritt, S.; O'Toole, A.; Low, N.; Nkuba Ndaye, A.; Kavunga Membo, H.; Shongo, R.; Malembi, E.; Kalonji, T.; Kacita, C.; Lokilo Lofiko, E.; Kavira Bapitani, S.; Rilia, O.; Muswamba, P.-C.; Muyembe Mawete, F.; Lumembe, R.; Kabamba, G.; Kenye, M.; Citenga, A.; Cikaya, F.; Yungwe, Z.; Matondo, M.; Kasongo, F.; Tshiminyi, P.; Bulabula, J.; Nkawa, F.; Muhindo Milonde, E.; Kavira Kamaliro, A.; Paluku Kalimuli, Z.; Bodisa Matamu, T.; Mubalama Mufungizi, J.; Wiley, M. R.; Devos, E.; Bangwen, E.; Brosius, I.; Parker, E.; Pilarowski, G.; Liesenborghs, L.; Wawina Bokalanga, T.; Vercauteren, K.; Mukadi Bamuleka, D.; Subissi, L.; Muyembe, J.-J.; Kindrachuk, J.; Guichet, E.; Ayouba, A.; Rambaut, A.; Delaporte, E.; Tessema, S. K.; D'Ortenzio, E.; Rimoin, A. W.; Hensley, L. E.; Mbala Kingebeni, P.; Peeters, M.; Ahuka Mundeke, S."
PP_000SRYT,Ia,None,Democratic Republic of the Congo,"Sud-Ubangi,Bulu",2023-08-27,196871,0.999396579263624,2024-12-09,"Kinganda Lusamaki, E.; Amuri Aziza, A.; Luakanda Ndelemo, G.; Hasivirwe Vakaniaki, E.; Fernandez Nunez, N.; Pratt, C. B.; Akil Bandali, P.; Makangara Cigolo, J.-C.; Hoff, N. A.; Sabiti Nundu, S.; Mulopo Mukanya, N.; Ngimba, M.; Modrada Madakpa, B.; Diavita, R.; Paku Tshambu, P.; Pukuta Simbu, E.; Merritt, S.; O'Toole, A.; Low, N.; Nkuba Ndaye, A.; Kavunga Membo, H.; Shongo, R.; Malembi, E.; Kalonji, T.; Kacita, C.; Lokilo Lofiko, E.; Kavira Bapitani, S.; Rilia, O.; Muswamba, P.-C.; Muyembe Mawete, F.; Lumembe, R.; Kabamba, G.; Kenye, M.; Citenga, A.; Cikaya, F.; Yungwe, Z.; Matondo, M.; Kasongo, F.; Tshiminyi, P.; Bulabula, J.; Nkawa, F.; Muhindo Milonde, E.; Kavira Kamaliro, A.; Paluku Kalimuli, Z.; Bodisa Matamu, T.; Mubalama Mufungizi, J.; Wiley, M. R.; Devos, E.; Bangwen, E.; Brosius, I.; Parker, E.; Pilarowski, G.; Liesenborghs, L.; Wawina Bokalanga, T.; Vercauteren, K.; Mukadi Bamuleka, D.; Subissi, L.; Muyembe, J.-J.; Kindrachuk, J.; Guichet, E.; Ayouba, A.; Rambaut, A.; Delaporte, E.; Tessema, S. K.; D'Ortenzio, E.; Rimoin, A. W.; Hensley, L. E.; Mbala Kingebeni, P.; Peeters, M.; Ahuka Mundeke, S."
PP_000SRZR,Ia,None,Democratic Republic of the Congo,"Sud-Ubangi,Bulu",2023-08-27,196711,0.9987728754772855,2024-12-09,"Kinganda Lusamaki, E.; Amuri Aziza, A.; Luakanda Ndelemo, G.; Hasivirwe Vakaniaki, E.; Fernandez Nunez, N.; Pratt, C. B.; Akil Bandali, P.; Makangara Cigolo, J.-C.; Hoff, N. A.; Sabiti Nundu, S.; Mulopo Mukanya, N.; Ngimba, M.; Modrada Madakpa, B.; Diavita, R.; Paku Tshambu, P.; Pukuta Simbu, E.; Merritt, S.; O'Toole, A.; Low, N.; Nkuba Ndaye, A.; Kavunga Membo, H.; Shongo, R.; Malembi, E.; Kalonji, T.; Kacita, C.; Lokilo Lofiko, E.; Kavira Bapitani, S.; Rilia, O.; Muswamba, P.-C.; Muyembe Mawete, F.; Lumembe, R.; Kabamba, G.; Kenye, M.; Citenga, A.; Cikaya, F.; Yungwe, Z.; Matondo, M.; Kasongo, F.; Tshiminyi, P.; Bulabula, J.; Nkawa, F.; Muhindo Milonde, E.; Kavira Kamaliro, A.; Paluku Kalimuli, Z.; Bodisa Matamu, T.; Mubalama Mufungizi, J.; Wiley, M. R.; Devos, E.; Bangwen, E.; Brosius, I.; Parker, E.; Pilarowski, G.; Liesenborghs, L.; Wawina Bokalanga, T.; Vercauteren, K.; Mukadi Bamuleka, D.; Subissi, L.; Muyembe, J.-J.; Kindrachuk, J.; Guichet, E.; Ayouba, A.; Rambaut, A.; Delaporte, E.; Tessema, S. K.; D'Ortenzio, E.; Rimoin, A. W.; Hensley, L. E.; Mbala Kingebeni, P.; Peeters, M.; Ahuka Mundeke, S."
PP_000SS0P,Ia,None,Democratic Republic of the Congo,"Kwilu,Bagata",2023-09-19,196646,0.9028239076309904,2024-12-09,"Kinganda Lusamaki, E.; Amuri Aziza, A.; Luakanda Ndelemo, G.; Hasivirwe Vakaniaki, E.; Fernandez Nunez, N.; Pratt, C. B.; Akil Bandali, P.; Makangara Cigolo, J.-C.; Hoff, N. A.; Sabiti Nundu, S.; Mulopo Mukanya, N.; Ngimba, M.; Modrada Madakpa, B.; Diavita, R.; Paku Tshambu, P.; Pukuta Simbu, E.; Merritt, S.; O'Toole, A.; Low, N.; Nkuba Ndaye, A.; Kavunga Membo, H.; Shongo, R.; Malembi, E.; Kalonji, T.; Kacita, C.; Lokilo Lofiko, E.; Kavira Bapitani, S.; Rilia, O.; Muswamba, P.-C.; Muyembe Mawete, F.; Lumembe, R.; Kabamba, G.; Kenye, M.; Citenga, A.; Cikaya, F.; Yungwe, Z.; Matondo, M.; Kasongo, F.; Tshiminyi, P.; Bulabula, J.; Nkawa, F.; Muhindo Milonde, E.; Kavira Kamaliro, A.; Paluku Kalimuli, Z.; Bodisa Matamu, T.; Mubalama Mufungizi, J.; Wiley, M. R.; Devos, E.; Bangwen, E.; Brosius, I.; Parker, E.; Pilarowski, G.; Liesenborghs, L.; Wawina Bokalanga, T.; Vercauteren, K.; Mukadi Bamuleka, D.; Subissi, L.; Muyembe, J.-J.; Kindrachuk, J.; Guichet, E.; Ayouba, A.; Rambaut, A.; Delaporte, E.; Tessema, S. K.; D'Ortenzio, E.; Rimoin, A. W.; Hensley, L. E.; Mbala Kingebeni, P.; Peeters, M.; Ahuka Mundeke, S."
PP_000SS1M,Ia,None,Democratic Republic of the Congo,"Maindombe,Inongo",2023-08-29,196207,0.8527805526116963,2024-12-09,"Kinganda Lusamaki, E.; Amuri Aziza, A.; Luakanda Ndelemo, G.; Hasivirwe Vakaniaki, E.; Fernandez Nunez, N.; Pratt, C. B.; Akil Bandali, P.; Makangara Cigolo, J.-C.; Hoff, N. A.; Sabiti Nundu, S.; Mulopo Mukanya, N.; Ngimba, M.; Modrada Madakpa, B.; Diavita, R.; Paku Tshambu, P.; Pukuta Simbu, E.; Merritt, S.; O'Toole, A.; Low, N.; Nkuba Ndaye, A.; Kavunga Membo, H.; Shongo, R.; Malembi, E.; Kalonji, T.; Kacita, C.; Lokilo Lofiko, E.; Kavira Bapitani, S.; Rilia, O.; Muswamba, P.-C.; Muyembe Mawete, F.; Lumembe, R.; Kabamba, G.; Kenye, M.; Citenga, A.; Cikaya, F.; Yungwe, Z.; Matondo, M.; Kasongo, F.; Tshiminyi, P.; Bulabula, J.; Nkawa, F.; Muhindo Milonde, E.; Kavira Kamaliro, A.; Paluku Kalimuli, Z.; Bodisa Matamu, T.; Mubalama Mufungizi, J.; Wiley, M. R.; Devos, E.; Bangwen, E.; Brosius, I.; Parker, E.; Pilarowski, G.; Liesenborghs, L.; Wawina Bokalanga, T.; Vercauteren, K.; Mukadi Bamuleka, D.; Subissi, L.; Muyembe, J.-J.; Kindrachuk, J.; Guichet, E.; Ayouba, A.; Rambaut, A.; Delaporte, E.; Tessema, S. K.; D'Ortenzio, E.; Rimoin, A. W.; Hensley, L. E.; Mbala Kingebeni, P.; Peeters, M.; Ahuka Mundeke, S."
PP_000SS2K,Ia,None,Democratic Republic of the Congo,"Maindombe,Kiri",2023-08-22,184123,0.7218281112930951,2024-12-09,"Kinganda Lusamaki, E.; Amuri Aziza, A.; Luakanda Ndelemo, G.; Hasivirwe Vakaniaki, E.; Fernandez Nunez, N.; Pratt, C. B.; Akil Bandali, P.; Makangara Cigolo, J.-C.; Hoff, N. A.; Sabiti Nundu, S.; Mulopo Mukanya, N.; Ngimba, M.; Modrada Madakpa, B.; Diavita, R.; Paku Tshambu, P.; Pukuta Simbu, E.; Merritt, S.; O'Toole, A.; Low, N.; Nkuba Ndaye, A.; Kavunga Membo, H.; Shongo, R.; Malembi, E.; Kalonji, T.; Kacita, C.; Lokilo Lofiko, E.; Kavira Bapitani, S.; Rilia, O.; Muswamba, P.-C.; Muyembe Mawete, F.; Lumembe, R.; Kabamba, G.; Kenye, M.; Citenga, A.; Cikaya, F.; Yungwe, Z.; Matondo, M.; Kasongo, F.; Tshiminyi, P.; Bulabula, J.; Nkawa, F.; Muhindo Milonde, E.; Kavira Kamaliro, A.; Paluku Kalimuli, Z.; Bodisa Matamu, T.; Mubalama Mufungizi, J.; Wiley, M. R.; Devos, E.; Bangwen, E.; Brosius, I.; Parker, E.; Pilarowski, G.; Liesenborghs, L.; Wawina Bokalanga, T.; Vercauteren, K.; Mukadi Bamuleka, D.; Subissi, L.; Muyembe, J.-J.; Kindrachuk, J.; Guichet, E.; Ayouba, A.; Rambaut, A.; Delaporte, E.; Tessema, S. K.; D'Ortenzio, E.; Rimoin, A. W.; Hensley, L. E.; Mbala Kingebeni, P.; Peeters, M.; Ahuka Mundeke, S."
PP_000SS3H,Ia,None,Democratic Republic of the Congo,"Maindombe,Kiri",2023-08-22,196686,0.9882611848343636,2024-12-09,"Kinganda Lusamaki, E.; Amuri Aziza, A.; Luakanda Ndelemo, G.; Hasivirwe Vakaniaki, E.; Fernandez Nunez, N.; Pratt, C. B.; Akil Bandali, P.; Makangara Cigolo, J.-C.; Hoff, N. A.; Sabiti Nundu, S.; Mulopo Mukanya, N.; Ngimba, M.; Modrada Madakpa, B.; Diavita, R.; Paku Tshambu, P.; Pukuta Simbu, E.; Merritt, S.; O'Toole, A.; Low, N.; Nkuba Ndaye, A.; Kavunga Membo, H.; Shongo, R.; Malembi, E.; Kalonji, T.; Kacita, C.; Lokilo Lofiko, E.; Kavira Bapitani, S.; Rilia, O.; Muswamba, P.-C.; Muyembe Mawete, F.; Lumembe, R.; Kabamba, G.; Kenye, M.; Citenga, A.; Cikaya, F.; Yungwe, Z.; Matondo, M.; Kasongo, F.; Tshiminyi, P.; Bulabula, J.; Nkawa, F.; Muhindo Milonde, E.; Kavira Kamaliro, A.; Paluku Kalimuli, Z.; Bodisa Matamu, T.; Mubalama Mufungizi, J.; Wiley, M. R.; Devos, E.; Bangwen, E.; Brosius, I.; Parker, E.; Pilarowski, G.; Liesenborghs, L.; Wawina Bokalanga, T.; Vercauteren, K.; Mukadi Bamuleka, D.; Subissi, L.; Muyembe, J.-J.; Kindrachuk, J.; Guichet, E.; Ayouba, A.; Rambaut, A.; Delaporte, E.; Tessema, S. K.; D'Ortenzio, E.; Rimoin, A. W.; Hensley, L. E.; Mbala Kingebeni, P.; Peeters, M.; Ahuka Mundeke, S."
PP_000SS4F,Ia,None,Democratic Republic of the Congo,"Maindombe,Kiri",2023-09-22,196251,0.9428372944439656,2024-12-09,"Kinganda Lusamaki, E.; Amuri Aziza, A.; Luakanda Ndelemo, G.; Hasivirwe Vakaniaki, E.; Fernandez Nunez, N.; Pratt, C. B.; Akil Bandali, P.; Makangara Cigolo, J.-C.; Hoff, N. A.; Sabiti Nundu, S.; Mulopo Mukanya, N.; Ngimba, M.; Modrada Madakpa, B.; Diavita, R.; Paku Tshambu, P.; Pukuta Simbu, E.; Merritt, S.; O'Toole, A.; Low, N.; Nkuba Ndaye, A.; Kavunga Membo, H.; Shongo, R.; Malembi, E.; Kalonji, T.; Kacita, C.; Lokilo Lofiko, E.; Kavira Bapitani, S.; Rilia, O.; Muswamba, P.-C.; Muyembe Mawete, F.; Lumembe, R.; Kabamba, G.; Kenye, M.; Citenga, A.; Cikaya, F.; Yungwe, Z.; Matondo, M.; Kasongo, F.; Tshiminyi, P.; Bulabula, J.; Nkawa, F.; Muhindo Milonde, E.; Kavira Kamaliro, A.; Paluku Kalimuli, Z.; Bodisa Matamu, T.; Mubalama Mufungizi, J.; Wiley, M. R.; Devos, E.; Bangwen, E.; Brosius, I.; Parker, E.; Pilarowski, G.; Liesenborghs, L.; Wawina Bokalanga, T.; Vercauteren, K.; Mukadi Bamuleka, D.; Subissi, L.; Muyembe, J.-J.; Kindrachuk, J.; Guichet, E.; Ayouba, A.; Rambaut, A.; Delaporte, E.; Tessema, S. K.; D'Ortenzio, E.; Rimoin, A. W.; Hensley, L. E.; Mbala Kingebeni, P.; Peeters, M.; Ahuka Mundeke, S."
PP_000SS5D,Ia,None,Democratic Republic of the Congo,"Maindombe,Kiri",2023-08-22,196808,0.9994067207886048,2024-12-09,"Kinganda Lusamaki, E.; Amuri Aziza, A.; Luakanda Ndelemo, G.; Hasivirwe Vakaniaki, E.; Fernandez Nunez, N.; Pratt, C. B.; Akil Bandali, P.; Makangara Cigolo, J.-C.; Hoff, N. A.; Sabiti Nundu, S.; Mulopo Mukanya, N.; Ngimba, M.; Modrada Madakpa, B.; Diavita, R.; Paku Tshambu, P.; Pukuta Simbu, E.; Merritt, S.; O'Toole, A.; Low, N.; Nkuba Ndaye, A.; Kavunga Membo, H.; Shongo, R.; Malembi, E.; Kalonji, T.; Kacita, C.; Lokilo Lofiko, E.; Kavira Bapitani, S.; Rilia, O.; Muswamba, P.-C.; Muyembe Mawete, F.; Lumembe, R.; Kabamba, G.; Kenye, M.; Citenga, A.; Cikaya, F.; Yungwe, Z.; Matondo, M.; Kasongo, F.; Tshiminyi, P.; Bulabula, J.; Nkawa, F.; Muhindo Milonde, E.; Kavira Kamaliro, A.; Paluku Kalimuli, Z.; Bodisa Matamu, T.; Mubalama Mufungizi, J.; Wiley, M. R.; Devos, E.; Bangwen, E.; Brosius, I.; Parker, E.; Pilarowski, G.; Liesenborghs, L.; Wawina Bokalanga, T.; Vercauteren, K.; Mukadi Bamuleka, D.; Subissi, L.; Muyembe, J.-J.; Kindrachuk, J.; Guichet, E.; Ayouba, A.; Rambaut, A.; Delaporte, E.; Tessema, S. K.; D'Ortenzio, E.; Rimoin, A. W.; Hensley, L. E.; Mbala Kingebeni, P.; Peeters, M.; Ahuka Mundeke, S."
PP_000SS6B,Ia,None,Democratic Republic of the Congo,"Tshopo,Kisangani",2023-09-23,196870,0.9982810115157016,2024-12-09,"Kinganda Lusamaki, E.; Amuri Aziza, A.; Luakanda Ndelemo, G.; Hasivirwe Vakaniaki, E.; Fernandez Nunez, N.; Pratt, C. B.; Akil Bandali, P.; Makangara Cigolo, J.-C.; Hoff, N. A.; Sabiti Nundu, S.; Mulopo Mukanya, N.; Ngimba, M.; Modrada Madakpa, B.; Diavita, R.; Paku Tshambu, P.; Pukuta Simbu, E.; Merritt, S.; O'Toole, A.; Low, N.; Nkuba Ndaye, A.; Kavunga Membo, H.; Shongo, R.; Malembi, E.; Kalonji, T.; Kacita, C.; Lokilo Lofiko, E.; Kavira Bapitani, S.; Rilia, O.; Muswamba, P.-C.; Muyembe Mawete, F.; Lumembe, R.; Kabamba, G.; Kenye, M.; Citenga, A.; Cikaya, F.; Yungwe, Z.; Matondo, M.; Kasongo, F.; Tshiminyi, P.; Bulabula, J.; Nkawa, F.; Muhindo Milonde, E.; Kavira Kamaliro, A.; Paluku Kalimuli, Z.; Bodisa Matamu, T.; Mubalama Mufungizi, J.; Wiley, M. R.; Devos, E.; Bangwen, E.; Brosius, I.; Parker, E.; Pilarowski, G.; Liesenborghs, L.; Wawina Bokalanga, T.; Vercauteren, K.; Mukadi Bamuleka, D.; Subissi, L.; Muyembe, J.-J.; Kindrachuk, J.; Guichet, E.; Ayouba, A.; Rambaut, A.; Delaporte, E.; Tessema, S. K.; D'Ortenzio, E.; Rimoin, A. W.; Hensley, L. E.; Mbala Kingebeni, P.; Peeters, M.; Ahuka Mundeke, S."
PP_000SS79,Ia,None,Democratic Republic of the Congo,"Tshopo,Kisangani",2023-09-25,196815,0.9989554229269456,2024-12-09,"Kinganda Lusamaki, E.; Amuri Aziza, A.; Luakanda Ndelemo, G.; Hasivirwe Vakaniaki, E.; Fernandez Nunez, N.; Pratt, C. B.; Akil Bandali, P.; Makangara Cigolo, J.-C.; Hoff, N. A.; Sabiti Nundu, S.; Mulopo Mukanya, N.; Ngimba, M.; Modrada Madakpa, B.; Diavita, R.; Paku Tshambu, P.; Pukuta Simbu, E.; Merritt, S.; O'Toole, A.; Low, N.; Nkuba Ndaye, A.; Kavunga Membo, H.; Shongo, R.; Malembi, E.; Kalonji, T.; Kacita, C.; Lokilo Lofiko, E.; Kavira Bapitani, S.; Rilia, O.; Muswamba, P.-C.; Muyembe Mawete, F.; Lumembe, R.; Kabamba, G.; Kenye, M.; Citenga, A.; Cikaya, F.; Yungwe, Z.; Matondo, M.; Kasongo, F.; Tshiminyi, P.; Bulabula, J.; Nkawa, F.; Muhindo Milonde, E.; Kavira Kamaliro, A.; Paluku Kalimuli, Z.; Bodisa Matamu, T.; Mubalama Mufungizi, J.; Wiley, M. R.; Devos, E.; Bangwen, E.; Brosius, I.; Parker, E.; Pilarowski, G.; Liesenborghs, L.; Wawina Bokalanga, T.; Vercauteren, K.; Mukadi Bamuleka, D.; Subissi, L.; Muyembe, J.-J.; Kindrachuk, J.; Guichet, E.; Ayouba, A.; Rambaut, A.; Delaporte, E.; Tessema, S. K.; D'Ortenzio, E.; Rimoin, A. W.; Hensley, L. E.; Mbala Kingebeni, P.; Peeters, M.; Ahuka Mundeke, S."
PP_000SS87,Ia,None,Democratic Republic of the Congo,"Tshopo,Kisangani",2023-09-28,196723,0.9807564563483412,2024-12-09,"Kinganda Lusamaki, E.; Amuri Aziza, A.; Luakanda Ndelemo, G.; Hasivirwe Vakaniaki, E.; Fernandez Nunez, N.; Pratt, C. B.; Akil Bandali, P.; Makangara Cigolo, J.-C.; Hoff, N. A.; Sabiti Nundu, S.; Mulopo Mukanya, N.; Ngimba, M.; Modrada Madakpa, B.; Diavita, R.; Paku Tshambu, P.; Pukuta Simbu, E.; Merritt, S.; O'Toole, A.; Low, N.; Nkuba Ndaye, A.; Kavunga Membo, H.; Shongo, R.; Malembi, E.; Kalonji, T.; Kacita, C.; Lokilo Lofiko, E.; Kavira Bapitani, S.; Rilia, O.; Muswamba, P.-C.; Muyembe Mawete, F.; Lumembe, R.; Kabamba, G.; Kenye, M.; Citenga, A.; Cikaya, F.; Yungwe, Z.; Matondo, M.; Kasongo, F.; Tshiminyi, P.; Bulabula, J.; Nkawa, F.; Muhindo Milonde, E.; Kavira Kamaliro, A.; Paluku Kalimuli, Z.; Bodisa Matamu, T.; Mubalama Mufungizi, J.; Wiley, M. R.; Devos, E.; Bangwen, E.; Brosius, I.; Parker, E.; Pilarowski, G.; Liesenborghs, L.; Wawina Bokalanga, T.; Vercauteren, K.; Mukadi Bamuleka, D.; Subissi, L.; Muyembe, J.-J.; Kindrachuk, J.; Guichet, E.; Ayouba, A.; Rambaut, A.; Delaporte, E.; Tessema, S. K.; D'Ortenzio, E.; Rimoin, A. W.; Hensley, L. E.; Mbala Kingebeni, P.; Peeters, M.; Ahuka Mundeke, S."
PP_000SS95,Ia,None,Democratic Republic of the Congo,"Equateur,Ntondo",2023-10-04,196879,0.99945235765102,2024-12-09,"Kinganda Lusamaki, E.; Amuri Aziza, A.; Luakanda Ndelemo, G.; Hasivirwe Vakaniaki, E.; Fernandez Nunez, N.; Pratt, C. B.; Akil Bandali, P.; Makangara Cigolo, J.-C.; Hoff, N. A.; Sabiti Nundu, S.; Mulopo Mukanya, N.; Ngimba, M.; Modrada Madakpa, B.; Diavita, R.; Paku Tshambu, P.; Pukuta Simbu, E.; Merritt, S.; O'Toole, A.; Low, N.; Nkuba Ndaye, A.; Kavunga Membo, H.; Shongo, R.; Malembi, E.; Kalonji, T.; Kacita, C.; Lokilo Lofiko, E.; Kavira Bapitani, S.; Rilia, O.; Muswamba, P.-C.; Muyembe Mawete, F.; Lumembe, R.; Kabamba, G.; Kenye, M.; Citenga, A.; Cikaya, F.; Yungwe, Z.; Matondo, M.; Kasongo, F.; Tshiminyi, P.; Bulabula, J.; Nkawa, F.; Muhindo Milonde, E.; Kavira Kamaliro, A.; Paluku Kalimuli, Z.; Bodisa Matamu, T.; Mubalama Mufungizi, J.; Wiley, M. R.; Devos, E.; Bangwen, E.; Brosius, I.; Parker, E.; Pilarowski, G.; Liesenborghs, L.; Wawina Bokalanga, T.; Vercauteren, K.; Mukadi Bamuleka, D.; Subissi, L.; Muyembe, J.-J.; Kindrachuk, J.; Guichet, E.; Ayouba, A.; Rambaut, A.; Delaporte, E.; Tessema, S. K.; D'Ortenzio, E.; Rimoin, A. W.; Hensley, L. E.; Mbala Kingebeni, P.; Peeters, M.; Ahuka Mundeke, S."
PP_000SSA3,Ia,None,Democratic Republic of the Congo,"Equateur,Ntondo",2023-10-04,196845,0.9992748809638504,2024-12-09,"Kinganda Lusamaki, E.; Amuri Aziza, A.; Luakanda Ndelemo, G.; Hasivirwe Vakaniaki, E.; Fernandez Nunez, N.; Pratt, C. B.; Akil Bandali, P.; Makangara Cigolo, J.-C.; Hoff, N. A.; Sabiti Nundu, S.; Mulopo Mukanya, N.; Ngimba, M.; Modrada Madakpa, B.; Diavita, R.; Paku Tshambu, P.; Pukuta Simbu, E.; Merritt, S.; O'Toole, A.; Low, N.; Nkuba Ndaye, A.; Kavunga Membo, H.; Shongo, R.; Malembi, E.; Kalonji, T.; Kacita, C.; Lokilo Lofiko, E.; Kavira Bapitani, S.; Rilia, O.; Muswamba, P.-C.; Muyembe Mawete, F.; Lumembe, R.; Kabamba, G.; Kenye, M.; Citenga, A.; Cikaya, F.; Yungwe, Z.; Matondo, M.; Kasongo, F.; Tshiminyi, P.; Bulabula, J.; Nkawa, F.; Muhindo Milonde, E.; Kavira Kamaliro, A.; Paluku Kalimuli, Z.; Bodisa Matamu, T.; Mubalama Mufungizi, J.; Wiley, M. R.; Devos, E.; Bangwen, E.; Brosius, I.; Parker, E.; Pilarowski, G.; Liesenborghs, L.; Wawina Bokalanga, T.; Vercauteren, K.; Mukadi Bamuleka, D.; Subissi, L.; Muyembe, J.-J.; Kindrachuk, J.; Guichet, E.; Ayouba, A.; Rambaut, A.; Delaporte, E.; Tessema, S. K.; D'Ortenzio, E.; Rimoin, A. W.; Hensley, L. E.; Mbala Kingebeni, P.; Peeters, M.; Ahuka Mundeke, S."
PP_000SSB1,Ia,None,Democratic Republic of the Congo,"Kinshasa,Lemba",2023-10-06,196867,0.998742450902342,2024-12-09,"Kinganda Lusamaki, E.; Amuri Aziza, A.; Luakanda Ndelemo, G.; Hasivirwe Vakaniaki, E.; Fernandez Nunez, N.; Pratt, C. B.; Akil Bandali, P.; Makangara Cigolo, J.-C.; Hoff, N. A.; Sabiti Nundu, S.; Mulopo Mukanya, N.; Ngimba, M.; Modrada Madakpa, B.; Diavita, R.; Paku Tshambu, P.; Pukuta Simbu, E.; Merritt, S.; O'Toole, A.; Low, N.; Nkuba Ndaye, A.; Kavunga Membo, H.; Shongo, R.; Malembi, E.; Kalonji, T.; Kacita, C.; Lokilo Lofiko, E.; Kavira Bapitani, S.; Rilia, O.; Muswamba, P.-C.; Muyembe Mawete, F.; Lumembe, R.; Kabamba, G.; Kenye, M.; Citenga, A.; Cikaya, F.; Yungwe, Z.; Matondo, M.; Kasongo, F.; Tshiminyi, P.; Bulabula, J.; Nkawa, F.; Muhindo Milonde, E.; Kavira Kamaliro, A.; Paluku Kalimuli, Z.; Bodisa Matamu, T.; Mubalama Mufungizi, J.; Wiley, M. R.; Devos, E.; Bangwen, E.; Brosius, I.; Parker, E.; Pilarowski, G.; Liesenborghs, L.; Wawina Bokalanga, T.; Vercauteren, K.; Mukadi Bamuleka, D.; Subissi, L.; Muyembe, J.-J.; Kindrachuk, J.; Guichet, E.; Ayouba, A.; Rambaut, A.; Delaporte, E.; Tessema, S. K.; D'Ortenzio, E.; Rimoin, A. W.; Hensley, L. E.; Mbala Kingebeni, P.; Peeters, M.; Ahuka Mundeke, S."
PP_000SSCZ,Ia,None,Democratic Republic of the Congo,"Sankuru,Vanga-Kete",2023-10-01,196613,0.9727598639007348,2024-12-09,"Kinganda Lusamaki, E.; Amuri Aziza, A.; Luakanda Ndelemo, G.; Hasivirwe Vakaniaki, E.; Fernandez Nunez, N.; Pratt, C. B.; Akil Bandali, P.; Makangara Cigolo, J.-C.; Hoff, N. A.; Sabiti Nundu, S.; Mulopo Mukanya, N.; Ngimba, M.; Modrada Madakpa, B.; Diavita, R.; Paku Tshambu, P.; Pukuta Simbu, E.; Merritt, S.; O'Toole, A.; Low, N.; Nkuba Ndaye, A.; Kavunga Membo, H.; Shongo, R.; Malembi, E.; Kalonji, T.; Kacita, C.; Lokilo Lofiko, E.; Kavira Bapitani, S.; Rilia, O.; Muswamba, P.-C.; Muyembe Mawete, F.; Lumembe, R.; Kabamba, G.; Kenye, M.; Citenga, A.; Cikaya, F.; Yungwe, Z.; Matondo, M.; Kasongo, F.; Tshiminyi, P.; Bulabula, J.; Nkawa, F.; Muhindo Milonde, E.; Kavira Kamaliro, A.; Paluku Kalimuli, Z.; Bodisa Matamu, T.; Mubalama Mufungizi, J.; Wiley, M. R.; Devos, E.; Bangwen, E.; Brosius, I.; Parker, E.; Pilarowski, G.; Liesenborghs, L.; Wawina Bokalanga, T.; Vercauteren, K.; Mukadi Bamuleka, D.; Subissi, L.; Muyembe, J.-J.; Kindrachuk, J.; Guichet, E.; Ayouba, A.; Rambaut, A.; Delaporte, E.; Tessema, S. K.; D'Ortenzio, E.; Rimoin, A. W.; Hensley, L. E.; Mbala Kingebeni, P.; Peeters, M.; Ahuka Mundeke, S."
PP_000SSDX,Ia,None,Democratic Republic of the Congo,"Equateur,Lotumbe",2023-10-02,196250,0.9697123356439108,2024-12-09,"Kinganda Lusamaki, E.; Amuri Aziza, A.; Luakanda Ndelemo, G.; Hasivirwe Vakaniaki, E.; Fernandez Nunez, N.; Pratt, C. B.; Akil Bandali, P.; Makangara Cigolo, J.-C.; Hoff, N. A.; Sabiti Nundu, S.; Mulopo Mukanya, N.; Ngimba, M.; Modrada Madakpa, B.; Diavita, R.; Paku Tshambu, P.; Pukuta Simbu, E.; Merritt, S.; O'Toole, A.; Low, N.; Nkuba Ndaye, A.; Kavunga Membo, H.; Shongo, R.; Malembi, E.; Kalonji, T.; Kacita, C.; Lokilo Lofiko, E.; Kavira Bapitani, S.; Rilia, O.; Muswamba, P.-C.; Muyembe Mawete, F.; Lumembe, R.; Kabamba, G.; Kenye, M.; Citenga, A.; Cikaya, F.; Yungwe, Z.; Matondo, M.; Kasongo, F.; Tshiminyi, P.; Bulabula, J.; Nkawa, F.; Muhindo Milonde, E.; Kavira Kamaliro, A.; Paluku Kalimuli, Z.; Bodisa Matamu, T.; Mubalama Mufungizi, J.; Wiley, M. R.; Devos, E.; Bangwen, E.; Brosius, I.; Parker, E.; Pilarowski, G.; Liesenborghs, L.; Wawina Bokalanga, T.; Vercauteren, K.; Mukadi Bamuleka, D.; Subissi, L.; Muyembe, J.-J.; Kindrachuk, J.; Guichet, E.; Ayouba, A.; Rambaut, A.; Delaporte, E.; Tessema, S. K.; D'Ortenzio, E.; Rimoin, A. W.; Hensley, L. E.; Mbala Kingebeni, P.; Peeters, M.; Ahuka Mundeke, S."
PP_000SSEV,Ia,None,Democratic Republic of the Congo,"Equateur,Lotumbe",2023-10-03,196232,0.9084017463706018,2024-12-09,"Kinganda Lusamaki, E.; Amuri Aziza, A.; Luakanda Ndelemo, G.; Hasivirwe Vakaniaki, E.; Fernandez Nunez, N.; Pratt, C. B.; Akil Bandali, P.; Makangara Cigolo, J.-C.; Hoff, N. A.; Sabiti Nundu, S.; Mulopo Mukanya, N.; Ngimba, M.; Modrada Madakpa, B.; Diavita, R.; Paku Tshambu, P.; Pukuta Simbu, E.; Merritt, S.; O'Toole, A.; Low, N.; Nkuba Ndaye, A.; Kavunga Membo, H.; Shongo, R.; Malembi, E.; Kalonji, T.; Kacita, C.; Lokilo Lofiko, E.; Kavira Bapitani, S.; Rilia, O.; Muswamba, P.-C.; Muyembe Mawete, F.; Lumembe, R.; Kabamba, G.; Kenye, M.; Citenga, A.; Cikaya, F.; Yungwe, Z.; Matondo, M.; Kasongo, F.; Tshiminyi, P.; Bulabula, J.; Nkawa, F.; Muhindo Milonde, E.; Kavira Kamaliro, A.; Paluku Kalimuli, Z.; Bodisa Matamu, T.; Mubalama Mufungizi, J.; Wiley, M. R.; Devos, E.; Bangwen, E.; Brosius, I.; Parker, E.; Pilarowski, G.; Liesenborghs, L.; Wawina Bokalanga, T.; Vercauteren, K.; Mukadi Bamuleka, D.; Subissi, L.; Muyembe, J.-J.; Kindrachuk, J.; Guichet, E.; Ayouba, A.; Rambaut, A.; Delaporte, E.; Tessema, S. K.; D'Ortenzio, E.; Rimoin, A. W.; Hensley, L. E.; Mbala Kingebeni, P.; Peeters, M.; Ahuka Mundeke, S."
PP_000SSFT,Ia,None,Democratic Republic of the Congo,"Tshopo,Wanie-Rukula",2023-10-05,196794,0.9984990543027956,2024-12-09,"Kinganda Lusamaki, E.; Amuri Aziza, A.; Luakanda Ndelemo, G.; Hasivirwe Vakaniaki, E.; Fernandez Nunez, N.; Pratt, C. B.; Akil Bandali, P.; Makangara Cigolo, J.-C.; Hoff, N. A.; Sabiti Nundu, S.; Mulopo Mukanya, N.; Ngimba, M.; Modrada Madakpa, B.; Diavita, R.; Paku Tshambu, P.; Pukuta Simbu, E.; Merritt, S.; O'Toole, A.; Low, N.; Nkuba Ndaye, A.; Kavunga Membo, H.; Shongo, R.; Malembi, E.; Kalonji, T.; Kacita, C.; Lokilo Lofiko, E.; Kavira Bapitani, S.; Rilia, O.; Muswamba, P.-C.; Muyembe Mawete, F.; Lumembe, R.; Kabamba, G.; Kenye, M.; Citenga, A.; Cikaya, F.; Yungwe, Z.; Matondo, M.; Kasongo, F.; Tshiminyi, P.; Bulabula, J.; Nkawa, F.; Muhindo Milonde, E.; Kavira Kamaliro, A.; Paluku Kalimuli, Z.; Bodisa Matamu, T.; Mubalama Mufungizi, J.; Wiley, M. R.; Devos, E.; Bangwen, E.; Brosius, I.; Parker, E.; Pilarowski, G.; Liesenborghs, L.; Wawina Bokalanga, T.; Vercauteren, K.; Mukadi Bamuleka, D.; Subissi, L.; Muyembe, J.-J.; Kindrachuk, J.; Guichet, E.; Ayouba, A.; Rambaut, A.; Delaporte, E.; Tessema, S. K.; D'Ortenzio, E.; Rimoin, A. W.; Hensley, L. E.; Mbala Kingebeni, P.; Peeters, M.; Ahuka Mundeke, S."
PP_000SSGR,Ia,None,Democratic Republic of the Congo,"Kwango,Kenge",2023-10-06,196802,0.9993103763012844,2024-12-09,"Kinganda Lusamaki, E.; Amuri Aziza, A.; Luakanda Ndelemo, G.; Hasivirwe Vakaniaki, E.; Fernandez Nunez, N.; Pratt, C. B.; Akil Bandali, P.; Makangara Cigolo, J.-C.; Hoff, N. A.; Sabiti Nundu, S.; Mulopo Mukanya, N.; Ngimba, M.; Modrada Madakpa, B.; Diavita, R.; Paku Tshambu, P.; Pukuta Simbu, E.; Merritt, S.; O'Toole, A.; Low, N.; Nkuba Ndaye, A.; Kavunga Membo, H.; Shongo, R.; Malembi, E.; Kalonji, T.; Kacita, C.; Lokilo Lofiko, E.; Kavira Bapitani, S.; Rilia, O.; Muswamba, P.-C.; Muyembe Mawete, F.; Lumembe, R.; Kabamba, G.; Kenye, M.; Citenga, A.; Cikaya, F.; Yungwe, Z.; Matondo, M.; Kasongo, F.; Tshiminyi, P.; Bulabula, J.; Nkawa, F.; Muhindo Milonde, E.; Kavira Kamaliro, A.; Paluku Kalimuli, Z.; Bodisa Matamu, T.; Mubalama Mufungizi, J.; Wiley, M. R.; Devos, E.; Bangwen, E.; Brosius, I.; Parker, E.; Pilarowski, G.; Liesenborghs, L.; Wawina Bokalanga, T.; Vercauteren, K.; Mukadi Bamuleka, D.; Subissi, L.; Muyembe, J.-J.; Kindrachuk, J.; Guichet, E.; Ayouba, A.; Rambaut, A.; Delaporte, E.; Tessema, S. K.; D'Ortenzio, E.; Rimoin, A. W.; Hensley, L. E.; Mbala Kingebeni, P.; Peeters, M.; Ahuka Mundeke, S."
PP_000SSHN,Ia,None,Democratic Republic of the Congo,"Kwango,Kenge",2023-10-06,196660,0.9576489916788788,2024-12-09,"Kinganda Lusamaki, E.; Amuri Aziza, A.; Luakanda Ndelemo, G.; Hasivirwe Vakaniaki, E.; Fernandez Nunez, N.; Pratt, C. B.; Akil Bandali, P.; Makangara Cigolo, J.-C.; Hoff, N. A.; Sabiti Nundu, S.; Mulopo Mukanya, N.; Ngimba, M.; Modrada Madakpa, B.; Diavita, R.; Paku Tshambu, P.; Pukuta Simbu, E.; Merritt, S.; O'Toole, A.; Low, N.; Nkuba Ndaye, A.; Kavunga Membo, H.; Shongo, R.; Malembi, E.; Kalonji, T.; Kacita, C.; Lokilo Lofiko, E.; Kavira Bapitani, S.; Rilia, O.; Muswamba, P.-C.; Muyembe Mawete, F.; Lumembe, R.; Kabamba, G.; Kenye, M.; Citenga, A.; Cikaya, F.; Yungwe, Z.; Matondo, M.; Kasongo, F.; Tshiminyi, P.; Bulabula, J.; Nkawa, F.; Muhindo Milonde, E.; Kavira Kamaliro, A.; Paluku Kalimuli, Z.; Bodisa Matamu, T.; Mubalama Mufungizi, J.; Wiley, M. R.; Devos, E.; Bangwen, E.; Brosius, I.; Parker, E.; Pilarowski, G.; Liesenborghs, L.; Wawina Bokalanga, T.; Vercauteren, K.; Mukadi Bamuleka, D.; Subissi, L.; Muyembe, J.-J.; Kindrachuk, J.; Guichet, E.; Ayouba, A.; Rambaut, A.; Delaporte, E.; Tessema, S. K.; D'Ortenzio, E.; Rimoin, A. W.; Hensley, L. E.; Mbala Kingebeni, P.; Peeters, M.; Ahuka Mundeke, S."
PP_000SSJL,Ia,None,Democratic Republic of the Congo,"Equateur,Basankusu",2023-10-06,196838,0.999487852988454,2024-12-09,"Kinganda Lusamaki, E.; Amuri Aziza, A.; Luakanda Ndelemo, G.; Hasivirwe Vakaniaki, E.; Fernandez Nunez, N.; Pratt, C. B.; Akil Bandali, P.; Makangara Cigolo, J.-C.; Hoff, N. A.; Sabiti Nundu, S.; Mulopo Mukanya, N.; Ngimba, M.; Modrada Madakpa, B.; Diavita, R.; Paku Tshambu, P.; Pukuta Simbu, E.; Merritt, S.; O'Toole, A.; Low, N.; Nkuba Ndaye, A.; Kavunga Membo, H.; Shongo, R.; Malembi, E.; Kalonji, T.; Kacita, C.; Lokilo Lofiko, E.; Kavira Bapitani, S.; Rilia, O.; Muswamba, P.-C.; Muyembe Mawete, F.; Lumembe, R.; Kabamba, G.; Kenye, M.; Citenga, A.; Cikaya, F.; Yungwe, Z.; Matondo, M.; Kasongo, F.; Tshiminyi, P.; Bulabula, J.; Nkawa, F.; Muhindo Milonde, E.; Kavira Kamaliro, A.; Paluku Kalimuli, Z.; Bodisa Matamu, T.; Mubalama Mufungizi, J.; Wiley, M. R.; Devos, E.; Bangwen, E.; Brosius, I.; Parker, E.; Pilarowski, G.; Liesenborghs, L.; Wawina Bokalanga, T.; Vercauteren, K.; Mukadi Bamuleka, D.; Subissi, L.; Muyembe, J.-J.; Kindrachuk, J.; Guichet, E.; Ayouba, A.; Rambaut, A.; Delaporte, E.; Tessema, S. K.; D'Ortenzio, E.; Rimoin, A. W.; Hensley, L. E.; Mbala Kingebeni, P.; Peeters, M.; Ahuka Mundeke, S."
PP_000SSKJ,Ia,None,Democratic Republic of the Congo,"Equateur,Basankusu",2023-10-06,196874,0.9962729895694415,2024-12-09,"Kinganda Lusamaki, E.; Amuri Aziza, A.; Luakanda Ndelemo, G.; Hasivirwe Vakaniaki, E.; Fernandez Nunez, N.; Pratt, C. B.; Akil Bandali, P.; Makangara Cigolo, J.-C.; Hoff, N. A.; Sabiti Nundu, S.; Mulopo Mukanya, N.; Ngimba, M.; Modrada Madakpa, B.; Diavita, R.; Paku Tshambu, P.; Pukuta Simbu, E.; Merritt, S.; O'Toole, A.; Low, N.; Nkuba Ndaye, A.; Kavunga Membo, H.; Shongo, R.; Malembi, E.; Kalonji, T.; Kacita, C.; Lokilo Lofiko, E.; Kavira Bapitani, S.; Rilia, O.; Muswamba, P.-C.; Muyembe Mawete, F.; Lumembe, R.; Kabamba, G.; Kenye, M.; Citenga, A.; Cikaya, F.; Yungwe, Z.; Matondo, M.; Kasongo, F.; Tshiminyi, P.; Bulabula, J.; Nkawa, F.; Muhindo Milonde, E.; Kavira Kamaliro, A.; Paluku Kalimuli, Z.; Bodisa Matamu, T.; Mubalama Mufungizi, J.; Wiley, M. R.; Devos, E.; Bangwen, E.; Brosius, I.; Parker, E.; Pilarowski, G.; Liesenborghs, L.; Wawina Bokalanga, T.; Vercauteren, K.; Mukadi Bamuleka, D.; Subissi, L.; Muyembe, J.-J.; Kindrachuk, J.; Guichet, E.; Ayouba, A.; Rambaut, A.; Delaporte, E.; Tessema, S. K.; D'Ortenzio, E.; Rimoin, A. W.; Hensley, L. E.; Mbala Kingebeni, P.; Peeters, M.; Ahuka Mundeke, S."
PP_000SSLG,Ia,None,Democratic Republic of the Congo,"Sud-Ubangi,Bangabola",2023-09-11,196799,0.9994067207886048,2024-12-09,"Kinganda Lusamaki, E.; Amuri Aziza, A.; Luakanda Ndelemo, G.; Hasivirwe Vakaniaki, E.; Fernandez Nunez, N.; Pratt, C. B.; Akil Bandali, P.; Makangara Cigolo, J.-C.; Hoff, N. A.; Sabiti Nundu, S.; Mulopo Mukanya, N.; Ngimba, M.; Modrada Madakpa, B.; Diavita, R.; Paku Tshambu, P.; Pukuta Simbu, E.; Merritt, S.; O'Toole, A.; Low, N.; Nkuba Ndaye, A.; Kavunga Membo, H.; Shongo, R.; Malembi, E.; Kalonji, T.; Kacita, C.; Lokilo Lofiko, E.; Kavira Bapitani, S.; Rilia, O.; Muswamba, P.-C.; Muyembe Mawete, F.; Lumembe, R.; Kabamba, G.; Kenye, M.; Citenga, A.; Cikaya, F.; Yungwe, Z.; Matondo, M.; Kasongo, F.; Tshiminyi, P.; Bulabula, J.; Nkawa, F.; Muhindo Milonde, E.; Kavira Kamaliro, A.; Paluku Kalimuli, Z.; Bodisa Matamu, T.; Mubalama Mufungizi, J.; Wiley, M. R.; Devos, E.; Bangwen, E.; Brosius, I.; Parker, E.; Pilarowski, G.; Liesenborghs, L.; Wawina Bokalanga, T.; Vercauteren, K.; Mukadi Bamuleka, D.; Subissi, L.; Muyembe, J.-J.; Kindrachuk, J.; Guichet, E.; Ayouba, A.; Rambaut, A.; Delaporte, E.; Tessema, S. K.; D'Ortenzio, E.; Rimoin, A. W.; Hensley, L. E.; Mbala Kingebeni, P.; Peeters, M.; Ahuka Mundeke, S."
PP_000SSME,Ia,None,Democratic Republic of the Congo,"Sud-Ubangi,Bangabola",2023-09-26,196835,0.9966938628561576,2024-12-09,"Kinganda Lusamaki, E.; Amuri Aziza, A.; Luakanda Ndelemo, G.; Hasivirwe Vakaniaki, E.; Fernandez Nunez, N.; Pratt, C. B.; Akil Bandali, P.; Makangara Cigolo, J.-C.; Hoff, N. A.; Sabiti Nundu, S.; Mulopo Mukanya, N.; Ngimba, M.; Modrada Madakpa, B.; Diavita, R.; Paku Tshambu, P.; Pukuta Simbu, E.; Merritt, S.; O'Toole, A.; Low, N.; Nkuba Ndaye, A.; Kavunga Membo, H.; Shongo, R.; Malembi, E.; Kalonji, T.; Kacita, C.; Lokilo Lofiko, E.; Kavira Bapitani, S.; Rilia, O.; Muswamba, P.-C.; Muyembe Mawete, F.; Lumembe, R.; Kabamba, G.; Kenye, M.; Citenga, A.; Cikaya, F.; Yungwe, Z.; Matondo, M.; Kasongo, F.; Tshiminyi, P.; Bulabula, J.; Nkawa, F.; Muhindo Milonde, E.; Kavira Kamaliro, A.; Paluku Kalimuli, Z.; Bodisa Matamu, T.; Mubalama Mufungizi, J.; Wiley, M. R.; Devos, E.; Bangwen, E.; Brosius, I.; Parker, E.; Pilarowski, G.; Liesenborghs, L.; Wawina Bokalanga, T.; Vercauteren, K.; Mukadi Bamuleka, D.; Subissi, L.; Muyembe, J.-J.; Kindrachuk, J.; Guichet, E.; Ayouba, A.; Rambaut, A.; Delaporte, E.; Tessema, S. K.; D'Ortenzio, E.; Rimoin, A. W.; Hensley, L. E.; Mbala Kingebeni, P.; Peeters, M.; Ahuka Mundeke, S."
PP_000SSNC,Ia,None,Democratic Republic of the Congo,"Sud-Ubangi,Bangabola",2023-10-02,196779,0.988174981872024,2024-12-09,"Kinganda Lusamaki, E.; Amuri Aziza, A.; Luakanda Ndelemo, G.; Hasivirwe Vakaniaki, E.; Fernandez Nunez, N.; Pratt, C. B.; Akil Bandali, P.; Makangara Cigolo, J.-C.; Hoff, N. A.; Sabiti Nundu, S.; Mulopo Mukanya, N.; Ngimba, M.; Modrada Madakpa, B.; Diavita, R.; Paku Tshambu, P.; Pukuta Simbu, E.; Merritt, S.; O'Toole, A.; Low, N.; Nkuba Ndaye, A.; Kavunga Membo, H.; Shongo, R.; Malembi, E.; Kalonji, T.; Kacita, C.; Lokilo Lofiko, E.; Kavira Bapitani, S.; Rilia, O.; Muswamba, P.-C.; Muyembe Mawete, F.; Lumembe, R.; Kabamba, G.; Kenye, M.; Citenga, A.; Cikaya, F.; Yungwe, Z.; Matondo, M.; Kasongo, F.; Tshiminyi, P.; Bulabula, J.; Nkawa, F.; Muhindo Milonde, E.; Kavira Kamaliro, A.; Paluku Kalimuli, Z.; Bodisa Matamu, T.; Mubalama Mufungizi, J.; Wiley, M. R.; Devos, E.; Bangwen, E.; Brosius, I.; Parker, E.; Pilarowski, G.; Liesenborghs, L.; Wawina Bokalanga, T.; Vercauteren, K.; Mukadi Bamuleka, D.; Subissi, L.; Muyembe, J.-J.; Kindrachuk, J.; Guichet, E.; Ayouba, A.; Rambaut, A.; Delaporte, E.; Tessema, S. K.; D'Ortenzio, E.; Rimoin, A. W.; Hensley, L. E.; Mbala Kingebeni, P.; Peeters, M.; Ahuka Mundeke, S."
PP_000SSPA,Ia,None,Democratic Republic of the Congo,"Sud-Ubangi,Bangabola",2023-10-02,196826,0.9991836072390206,2024-12-09,"Kinganda Lusamaki, E.; Amuri Aziza, A.; Luakanda Ndelemo, G.; Hasivirwe Vakaniaki, E.; Fernandez Nunez, N.; Pratt, C. B.; Akil Bandali, P.; Makangara Cigolo, J.-C.; Hoff, N. A.; Sabiti Nundu, S.; Mulopo Mukanya, N.; Ngimba, M.; Modrada Madakpa, B.; Diavita, R.; Paku Tshambu, P.; Pukuta Simbu, E.; Merritt, S.; O'Toole, A.; Low, N.; Nkuba Ndaye, A.; Kavunga Membo, H.; Shongo, R.; Malembi, E.; Kalonji, T.; Kacita, C.; Lokilo Lofiko, E.; Kavira Bapitani, S.; Rilia, O.; Muswamba, P.-C.; Muyembe Mawete, F.; Lumembe, R.; Kabamba, G.; Kenye, M.; Citenga, A.; Cikaya, F.; Yungwe, Z.; Matondo, M.; Kasongo, F.; Tshiminyi, P.; Bulabula, J.; Nkawa, F.; Muhindo Milonde, E.; Kavira Kamaliro, A.; Paluku Kalimuli, Z.; Bodisa Matamu, T.; Mubalama Mufungizi, J.; Wiley, M. R.; Devos, E.; Bangwen, E.; Brosius, I.; Parker, E.; Pilarowski, G.; Liesenborghs, L.; Wawina Bokalanga, T.; Vercauteren, K.; Mukadi Bamuleka, D.; Subissi, L.; Muyembe, J.-J.; Kindrachuk, J.; Guichet, E.; Ayouba, A.; Rambaut, A.; Delaporte, E.; Tessema, S. K.; D'Ortenzio, E.; Rimoin, A. W.; Hensley, L. E.; Mbala Kingebeni, P.; Peeters, M.; Ahuka Mundeke, S."
PP_000SSQ8,Ia,None,Democratic Republic of the Congo,"Sud-Ubangi,Bangabola",2023-10-07,196697,0.978292065777931,2024-12-09,"Kinganda Lusamaki, E.; Amuri Aziza, A.; Luakanda Ndelemo, G.; Hasivirwe Vakaniaki, E.; Fernandez Nunez, N.; Pratt, C. B.; Akil Bandali, P.; Makangara Cigolo, J.-C.; Hoff, N. A.; Sabiti Nundu, S.; Mulopo Mukanya, N.; Ngimba, M.; Modrada Madakpa, B.; Diavita, R.; Paku Tshambu, P.; Pukuta Simbu, E.; Merritt, S.; O'Toole, A.; Low, N.; Nkuba Ndaye, A.; Kavunga Membo, H.; Shongo, R.; Malembi, E.; Kalonji, T.; Kacita, C.; Lokilo Lofiko, E.; Kavira Bapitani, S.; Rilia, O.; Muswamba, P.-C.; Muyembe Mawete, F.; Lumembe, R.; Kabamba, G.; Kenye, M.; Citenga, A.; Cikaya, F.; Yungwe, Z.; Matondo, M.; Kasongo, F.; Tshiminyi, P.; Bulabula, J.; Nkawa, F.; Muhindo Milonde, E.; Kavira Kamaliro, A.; Paluku Kalimuli, Z.; Bodisa Matamu, T.; Mubalama Mufungizi, J.; Wiley, M. R.; Devos, E.; Bangwen, E.; Brosius, I.; Parker, E.; Pilarowski, G.; Liesenborghs, L.; Wawina Bokalanga, T.; Vercauteren, K.; Mukadi Bamuleka, D.; Subissi, L.; Muyembe, J.-J.; Kindrachuk, J.; Guichet, E.; Ayouba, A.; Rambaut, A.; Delaporte, E.; Tessema, S. K.; D'Ortenzio, E.; Rimoin, A. W.; Hensley, L. E.; Mbala Kingebeni, P.; Peeters, M.; Ahuka Mundeke, S."
PP_000SSR6,Ia,None,Democratic Republic of the Congo,"Sud-Ubangi,Bangabola",2023-10-08,196808,0.9993205178262656,2024-12-09,"Kinganda Lusamaki, E.; Amuri Aziza, A.; Luakanda Ndelemo, G.; Hasivirwe Vakaniaki, E.; Fernandez Nunez, N.; Pratt, C. B.; Akil Bandali, P.; Makangara Cigolo, J.-C.; Hoff, N. A.; Sabiti Nundu, S.; Mulopo Mukanya, N.; Ngimba, M.; Modrada Madakpa, B.; Diavita, R.; Paku Tshambu, P.; Pukuta Simbu, E.; Merritt, S.; O'Toole, A.; Low, N.; Nkuba Ndaye, A.; Kavunga Membo, H.; Shongo, R.; Malembi, E.; Kalonji, T.; Kacita, C.; Lokilo Lofiko, E.; Kavira Bapitani, S.; Rilia, O.; Muswamba, P.-C.; Muyembe Mawete, F.; Lumembe, R.; Kabamba, G.; Kenye, M.; Citenga, A.; Cikaya, F.; Yungwe, Z.; Matondo, M.; Kasongo, F.; Tshiminyi, P.; Bulabula, J.; Nkawa, F.; Muhindo Milonde, E.; Kavira Kamaliro, A.; Paluku Kalimuli, Z.; Bodisa Matamu, T.; Mubalama Mufungizi, J.; Wiley, M. R.; Devos, E.; Bangwen, E.; Brosius, I.; Parker, E.; Pilarowski, G.; Liesenborghs, L.; Wawina Bokalanga, T.; Vercauteren, K.; Mukadi Bamuleka, D.; Subissi, L.; Muyembe, J.-J.; Kindrachuk, J.; Guichet, E.; Ayouba, A.; Rambaut, A.; Delaporte, E.; Tessema, S. K.; D'Ortenzio, E.; Rimoin, A. W.; Hensley, L. E.; Mbala Kingebeni, P.; Peeters, M.; Ahuka Mundeke, S."
PP_000SSS4,Ia,None,Democratic Republic of the Congo,"Kinshasa,Nsele",2023-10-25,196847,0.9991075458016622,2024-12-09,"Kinganda Lusamaki, E.; Amuri Aziza, A.; Luakanda Ndelemo, G.; Hasivirwe Vakaniaki, E.; Fernandez Nunez, N.; Pratt, C. B.; Akil Bandali, P.; Makangara Cigolo, J.-C.; Hoff, N. A.; Sabiti Nundu, S.; Mulopo Mukanya, N.; Ngimba, M.; Modrada Madakpa, B.; Diavita, R.; Paku Tshambu, P.; Pukuta Simbu, E.; Merritt, S.; O'Toole, A.; Low, N.; Nkuba Ndaye, A.; Kavunga Membo, H.; Shongo, R.; Malembi, E.; Kalonji, T.; Kacita, C.; Lokilo Lofiko, E.; Kavira Bapitani, S.; Rilia, O.; Muswamba, P.-C.; Muyembe Mawete, F.; Lumembe, R.; Kabamba, G.; Kenye, M.; Citenga, A.; Cikaya, F.; Yungwe, Z.; Matondo, M.; Kasongo, F.; Tshiminyi, P.; Bulabula, J.; Nkawa, F.; Muhindo Milonde, E.; Kavira Kamaliro, A.; Paluku Kalimuli, Z.; Bodisa Matamu, T.; Mubalama Mufungizi, J.; Wiley, M. R.; Devos, E.; Bangwen, E.; Brosius, I.; Parker, E.; Pilarowski, G.; Liesenborghs, L.; Wawina Bokalanga, T.; Vercauteren, K.; Mukadi Bamuleka, D.; Subissi, L.; Muyembe, J.-J.; Kindrachuk, J.; Guichet, E.; Ayouba, A.; Rambaut, A.; Delaporte, E.; Tessema, S. K.; D'Ortenzio, E.; Rimoin, A. W.; Hensley, L. E.; Mbala Kingebeni, P.; Peeters, M.; Ahuka Mundeke, S."
PP_000SST2,Ia,None,Democratic Republic of the Congo,"Kinshasa,Limete",2023-10-26,196807,0.9922772287268836,2024-12-09,"Kinganda Lusamaki, E.; Amuri Aziza, A.; Luakanda Ndelemo, G.; Hasivirwe Vakaniaki, E.; Fernandez Nunez, N.; Pratt, C. B.; Akil Bandali, P.; Makangara Cigolo, J.-C.; Hoff, N. A.; Sabiti Nundu, S.; Mulopo Mukanya, N.; Ngimba, M.; Modrada Madakpa, B.; Diavita, R.; Paku Tshambu, P.; Pukuta Simbu, E.; Merritt, S.; O'Toole, A.; Low, N.; Nkuba Ndaye, A.; Kavunga Membo, H.; Shongo, R.; Malembi, E.; Kalonji, T.; Kacita, C.; Lokilo Lofiko, E.; Kavira Bapitani, S.; Rilia, O.; Muswamba, P.-C.; Muyembe Mawete, F.; Lumembe, R.; Kabamba, G.; Kenye, M.; Citenga, A.; Cikaya, F.; Yungwe, Z.; Matondo, M.; Kasongo, F.; Tshiminyi, P.; Bulabula, J.; Nkawa, F.; Muhindo Milonde, E.; Kavira Kamaliro, A.; Paluku Kalimuli, Z.; Bodisa Matamu, T.; Mubalama Mufungizi, J.; Wiley, M. R.; Devos, E.; Bangwen, E.; Brosius, I.; Parker, E.; Pilarowski, G.; Liesenborghs, L.; Wawina Bokalanga, T.; Vercauteren, K.; Mukadi Bamuleka, D.; Subissi, L.; Muyembe, J.-J.; Kindrachuk, J.; Guichet, E.; Ayouba, A.; Rambaut, A.; Delaporte, E.; Tessema, S. K.; D'Ortenzio, E.; Rimoin, A. W.; Hensley, L. E.; Mbala Kingebeni, P.; Peeters, M.; Ahuka Mundeke, S."
PP_000SSU0,Ia,None,Democratic Republic of the Congo,"Sud-Ubangi,Bangabola",2023-08-06,196702,0.9496777530437251,2024-12-09,"Kinganda Lusamaki, E.; Amuri Aziza, A.; Luakanda Ndelemo, G.; Hasivirwe Vakaniaki, E.; Fernandez Nunez, N.; Pratt, C. B.; Akil Bandali, P.; Makangara Cigolo, J.-C.; Hoff, N. A.; Sabiti Nundu, S.; Mulopo Mukanya, N.; Ngimba, M.; Modrada Madakpa, B.; Diavita, R.; Paku Tshambu, P.; Pukuta Simbu, E.; Merritt, S.; O'Toole, A.; Low, N.; Nkuba Ndaye, A.; Kavunga Membo, H.; Shongo, R.; Malembi, E.; Kalonji, T.; Kacita, C.; Lokilo Lofiko, E.; Kavira Bapitani, S.; Rilia, O.; Muswamba, P.-C.; Muyembe Mawete, F.; Lumembe, R.; Kabamba, G.; Kenye, M.; Citenga, A.; Cikaya, F.; Yungwe, Z.; Matondo, M.; Kasongo, F.; Tshiminyi, P.; Bulabula, J.; Nkawa, F.; Muhindo Milonde, E.; Kavira Kamaliro, A.; Paluku Kalimuli, Z.; Bodisa Matamu, T.; Mubalama Mufungizi, J.; Wiley, M. R.; Devos, E.; Bangwen, E.; Brosius, I.; Parker, E.; Pilarowski, G.; Liesenborghs, L.; Wawina Bokalanga, T.; Vercauteren, K.; Mukadi Bamuleka, D.; Subissi, L.; Muyembe, J.-J.; Kindrachuk, J.; Guichet, E.; Ayouba, A.; Rambaut, A.; Delaporte, E.; Tessema, S. K.; D'Ortenzio, E.; Rimoin, A. W.; Hensley, L. E.; Mbala Kingebeni, P.; Peeters, M.; Ahuka Mundeke, S."
PP_000SSVY,Ia,None,Democratic Republic of the Congo,"Sud-Ubangi,Bangabola",2023-08-06,196654,0.9494140733942162,2024-12-09,"Kinganda Lusamaki, E.; Amuri Aziza, A.; Luakanda Ndelemo, G.; Hasivirwe Vakaniaki, E.; Fernandez Nunez, N.; Pratt, C. B.; Akil Bandali, P.; Makangara Cigolo, J.-C.; Hoff, N. A.; Sabiti Nundu, S.; Mulopo Mukanya, N.; Ngimba, M.; Modrada Madakpa, B.; Diavita, R.; Paku Tshambu, P.; Pukuta Simbu, E.; Merritt, S.; O'Toole, A.; Low, N.; Nkuba Ndaye, A.; Kavunga Membo, H.; Shongo, R.; Malembi, E.; Kalonji, T.; Kacita, C.; Lokilo Lofiko, E.; Kavira Bapitani, S.; Rilia, O.; Muswamba, P.-C.; Muyembe Mawete, F.; Lumembe, R.; Kabamba, G.; Kenye, M.; Citenga, A.; Cikaya, F.; Yungwe, Z.; Matondo, M.; Kasongo, F.; Tshiminyi, P.; Bulabula, J.; Nkawa, F.; Muhindo Milonde, E.; Kavira Kamaliro, A.; Paluku Kalimuli, Z.; Bodisa Matamu, T.; Mubalama Mufungizi, J.; Wiley, M. R.; Devos, E.; Bangwen, E.; Brosius, I.; Parker, E.; Pilarowski, G.; Liesenborghs, L.; Wawina Bokalanga, T.; Vercauteren, K.; Mukadi Bamuleka, D.; Subissi, L.; Muyembe, J.-J.; Kindrachuk, J.; Guichet, E.; Ayouba, A.; Rambaut, A.; Delaporte, E.; Tessema, S. K.; D'Ortenzio, E.; Rimoin, A. W.; Hensley, L. E.; Mbala Kingebeni, P.; Peeters, M.; Ahuka Mundeke, S."
PP_000SSWW,Ia,None,Democratic Republic of the Congo,"Tshopo,Yakusu",2023-10-21,196522,0.9480804628592,2024-12-09,"Kinganda Lusamaki, E.; Amuri Aziza, A.; Luakanda Ndelemo, G.; Hasivirwe Vakaniaki, E.; Fernandez Nunez, N.; Pratt, C. B.; Akil Bandali, P.; Makangara Cigolo, J.-C.; Hoff, N. A.; Sabiti Nundu, S.; Mulopo Mukanya, N.; Ngimba, M.; Modrada Madakpa, B.; Diavita, R.; Paku Tshambu, P.; Pukuta Simbu, E.; Merritt, S.; O'Toole, A.; Low, N.; Nkuba Ndaye, A.; Kavunga Membo, H.; Shongo, R.; Malembi, E.; Kalonji, T.; Kacita, C.; Lokilo Lofiko, E.; Kavira Bapitani, S.; Rilia, O.; Muswamba, P.-C.; Muyembe Mawete, F.; Lumembe, R.; Kabamba, G.; Kenye, M.; Citenga, A.; Cikaya, F.; Yungwe, Z.; Matondo, M.; Kasongo, F.; Tshiminyi, P.; Bulabula, J.; Nkawa, F.; Muhindo Milonde, E.; Kavira Kamaliro, A.; Paluku Kalimuli, Z.; Bodisa Matamu, T.; Mubalama Mufungizi, J.; Wiley, M. R.; Devos, E.; Bangwen, E.; Brosius, I.; Parker, E.; Pilarowski, G.; Liesenborghs, L.; Wawina Bokalanga, T.; Vercauteren, K.; Mukadi Bamuleka, D.; Subissi, L.; Muyembe, J.-J.; Kindrachuk, J.; Guichet, E.; Ayouba, A.; Rambaut, A.; Delaporte, E.; Tessema, S. K.; D'Ortenzio, E.; Rimoin, A. W.; Hensley, L. E.; Mbala Kingebeni, P.; Peeters, M.; Ahuka Mundeke, S."
PP_000SSXU,Ia,None,Democratic Republic of the Congo,"Tshopo,Yakusu",2023-10-27,196191,0.9030267381306128,2024-12-09,"Kinganda Lusamaki, E.; Amuri Aziza, A.; Luakanda Ndelemo, G.; Hasivirwe Vakaniaki, E.; Fernandez Nunez, N.; Pratt, C. B.; Akil Bandali, P.; Makangara Cigolo, J.-C.; Hoff, N. A.; Sabiti Nundu, S.; Mulopo Mukanya, N.; Ngimba, M.; Modrada Madakpa, B.; Diavita, R.; Paku Tshambu, P.; Pukuta Simbu, E.; Merritt, S.; O'Toole, A.; Low, N.; Nkuba Ndaye, A.; Kavunga Membo, H.; Shongo, R.; Malembi, E.; Kalonji, T.; Kacita, C.; Lokilo Lofiko, E.; Kavira Bapitani, S.; Rilia, O.; Muswamba, P.-C.; Muyembe Mawete, F.; Lumembe, R.; Kabamba, G.; Kenye, M.; Citenga, A.; Cikaya, F.; Yungwe, Z.; Matondo, M.; Kasongo, F.; Tshiminyi, P.; Bulabula, J.; Nkawa, F.; Muhindo Milonde, E.; Kavira Kamaliro, A.; Paluku Kalimuli, Z.; Bodisa Matamu, T.; Mubalama Mufungizi, J.; Wiley, M. R.; Devos, E.; Bangwen, E.; Brosius, I.; Parker, E.; Pilarowski, G.; Liesenborghs, L.; Wawina Bokalanga, T.; Vercauteren, K.; Mukadi Bamuleka, D.; Subissi, L.; Muyembe, J.-J.; Kindrachuk, J.; Guichet, E.; Ayouba, A.; Rambaut, A.; Delaporte, E.; Tessema, S. K.; D'Ortenzio, E.; Rimoin, A. W.; Hensley, L. E.; Mbala Kingebeni, P.; Peeters, M.; Ahuka Mundeke, S."
PP_000SSYS,Ia,None,Democratic Republic of the Congo,"Tshopo,Yakusu",2023-10-27,196593,0.926671703624074,2024-12-09,"Kinganda Lusamaki, E.; Amuri Aziza, A.; Luakanda Ndelemo, G.; Hasivirwe Vakaniaki, E.; Fernandez Nunez, N.; Pratt, C. B.; Akil Bandali, P.; Makangara Cigolo, J.-C.; Hoff, N. A.; Sabiti Nundu, S.; Mulopo Mukanya, N.; Ngimba, M.; Modrada Madakpa, B.; Diavita, R.; Paku Tshambu, P.; Pukuta Simbu, E.; Merritt, S.; O'Toole, A.; Low, N.; Nkuba Ndaye, A.; Kavunga Membo, H.; Shongo, R.; Malembi, E.; Kalonji, T.; Kacita, C.; Lokilo Lofiko, E.; Kavira Bapitani, S.; Rilia, O.; Muswamba, P.-C.; Muyembe Mawete, F.; Lumembe, R.; Kabamba, G.; Kenye, M.; Citenga, A.; Cikaya, F.; Yungwe, Z.; Matondo, M.; Kasongo, F.; Tshiminyi, P.; Bulabula, J.; Nkawa, F.; Muhindo Milonde, E.; Kavira Kamaliro, A.; Paluku Kalimuli, Z.; Bodisa Matamu, T.; Mubalama Mufungizi, J.; Wiley, M. R.; Devos, E.; Bangwen, E.; Brosius, I.; Parker, E.; Pilarowski, G.; Liesenborghs, L.; Wawina Bokalanga, T.; Vercauteren, K.; Mukadi Bamuleka, D.; Subissi, L.; Muyembe, J.-J.; Kindrachuk, J.; Guichet, E.; Ayouba, A.; Rambaut, A.; Delaporte, E.; Tessema, S. K.; D'Ortenzio, E.; Rimoin, A. W.; Hensley, L. E.; Mbala Kingebeni, P.; Peeters, M.; Ahuka Mundeke, S."
PP_000SSZQ,Ia,None,Democratic Republic of the Congo,"Tshopo,Yakusu",2023-10-27,196561,0.922939622431025,2024-12-09,"Kinganda Lusamaki, E.; Amuri Aziza, A.; Luakanda Ndelemo, G.; Hasivirwe Vakaniaki, E.; Fernandez Nunez, N.; Pratt, C. B.; Akil Bandali, P.; Makangara Cigolo, J.-C.; Hoff, N. A.; Sabiti Nundu, S.; Mulopo Mukanya, N.; Ngimba, M.; Modrada Madakpa, B.; Diavita, R.; Paku Tshambu, P.; Pukuta Simbu, E.; Merritt, S.; O'Toole, A.; Low, N.; Nkuba Ndaye, A.; Kavunga Membo, H.; Shongo, R.; Malembi, E.; Kalonji, T.; Kacita, C.; Lokilo Lofiko, E.; Kavira Bapitani, S.; Rilia, O.; Muswamba, P.-C.; Muyembe Mawete, F.; Lumembe, R.; Kabamba, G.; Kenye, M.; Citenga, A.; Cikaya, F.; Yungwe, Z.; Matondo, M.; Kasongo, F.; Tshiminyi, P.; Bulabula, J.; Nkawa, F.; Muhindo Milonde, E.; Kavira Kamaliro, A.; Paluku Kalimuli, Z.; Bodisa Matamu, T.; Mubalama Mufungizi, J.; Wiley, M. R.; Devos, E.; Bangwen, E.; Brosius, I.; Parker, E.; Pilarowski, G.; Liesenborghs, L.; Wawina Bokalanga, T.; Vercauteren, K.; Mukadi Bamuleka, D.; Subissi, L.; Muyembe, J.-J.; Kindrachuk, J.; Guichet, E.; Ayouba, A.; Rambaut, A.; Delaporte, E.; Tessema, S. K.; D'Ortenzio, E.; Rimoin, A. W.; Hensley, L. E.; Mbala Kingebeni, P.; Peeters, M.; Ahuka Mundeke, S."
PP_000ST0N,Ia,None,Democratic Republic of the Congo,"Tshopo,Yakusu",2023-10-27,196629,0.93731016332926,2024-12-09,"Kinganda Lusamaki, E.; Amuri Aziza, A.; Luakanda Ndelemo, G.; Hasivirwe Vakaniaki, E.; Fernandez Nunez, N.; Pratt, C. B.; Akil Bandali, P.; Makangara Cigolo, J.-C.; Hoff, N. A.; Sabiti Nundu, S.; Mulopo Mukanya, N.; Ngimba, M.; Modrada Madakpa, B.; Diavita, R.; Paku Tshambu, P.; Pukuta Simbu, E.; Merritt, S.; O'Toole, A.; Low, N.; Nkuba Ndaye, A.; Kavunga Membo, H.; Shongo, R.; Malembi, E.; Kalonji, T.; Kacita, C.; Lokilo Lofiko, E.; Kavira Bapitani, S.; Rilia, O.; Muswamba, P.-C.; Muyembe Mawete, F.; Lumembe, R.; Kabamba, G.; Kenye, M.; Citenga, A.; Cikaya, F.; Yungwe, Z.; Matondo, M.; Kasongo, F.; Tshiminyi, P.; Bulabula, J.; Nkawa, F.; Muhindo Milonde, E.; Kavira Kamaliro, A.; Paluku Kalimuli, Z.; Bodisa Matamu, T.; Mubalama Mufungizi, J.; Wiley, M. R.; Devos, E.; Bangwen, E.; Brosius, I.; Parker, E.; Pilarowski, G.; Liesenborghs, L.; Wawina Bokalanga, T.; Vercauteren, K.; Mukadi Bamuleka, D.; Subissi, L.; Muyembe, J.-J.; Kindrachuk, J.; Guichet, E.; Ayouba, A.; Rambaut, A.; Delaporte, E.; Tessema, S. K.; D'Ortenzio, E.; Rimoin, A. W.; Hensley, L. E.; Mbala Kingebeni, P.; Peeters, M.; Ahuka Mundeke, S."
PP_000ST1L,Ia,None,Democratic Republic of the Congo,"Tshopo,Yakusu",2023-10-27,196596,0.928441399733278,2024-12-09,"Kinganda Lusamaki, E.; Amuri Aziza, A.; Luakanda Ndelemo, G.; Hasivirwe Vakaniaki, E.; Fernandez Nunez, N.; Pratt, C. B.; Akil Bandali, P.; Makangara Cigolo, J.-C.; Hoff, N. A.; Sabiti Nundu, S.; Mulopo Mukanya, N.; Ngimba, M.; Modrada Madakpa, B.; Diavita, R.; Paku Tshambu, P.; Pukuta Simbu, E.; Merritt, S.; O'Toole, A.; Low, N.; Nkuba Ndaye, A.; Kavunga Membo, H.; Shongo, R.; Malembi, E.; Kalonji, T.; Kacita, C.; Lokilo Lofiko, E.; Kavira Bapitani, S.; Rilia, O.; Muswamba, P.-C.; Muyembe Mawete, F.; Lumembe, R.; Kabamba, G.; Kenye, M.; Citenga, A.; Cikaya, F.; Yungwe, Z.; Matondo, M.; Kasongo, F.; Tshiminyi, P.; Bulabula, J.; Nkawa, F.; Muhindo Milonde, E.; Kavira Kamaliro, A.; Paluku Kalimuli, Z.; Bodisa Matamu, T.; Mubalama Mufungizi, J.; Wiley, M. R.; Devos, E.; Bangwen, E.; Brosius, I.; Parker, E.; Pilarowski, G.; Liesenborghs, L.; Wawina Bokalanga, T.; Vercauteren, K.; Mukadi Bamuleka, D.; Subissi, L.; Muyembe, J.-J.; Kindrachuk, J.; Guichet, E.; Ayouba, A.; Rambaut, A.; Delaporte, E.; Tessema, S. K.; D'Ortenzio, E.; Rimoin, A. W.; Hensley, L. E.; Mbala Kingebeni, P.; Peeters, M.; Ahuka Mundeke, S."
PP_000ST2J,Ia,None,Democratic Republic of the Congo,"Maindombe,Banjow-Moke",2023-10-20,196678,0.9483187886962564,2024-12-09,"Kinganda Lusamaki, E.; Amuri Aziza, A.; Luakanda Ndelemo, G.; Hasivirwe Vakaniaki, E.; Fernandez Nunez, N.; Pratt, C. B.; Akil Bandali, P.; Makangara Cigolo, J.-C.; Hoff, N. A.; Sabiti Nundu, S.; Mulopo Mukanya, N.; Ngimba, M.; Modrada Madakpa, B.; Diavita, R.; Paku Tshambu, P.; Pukuta Simbu, E.; Merritt, S.; O'Toole, A.; Low, N.; Nkuba Ndaye, A.; Kavunga Membo, H.; Shongo, R.; Malembi, E.; Kalonji, T.; Kacita, C.; Lokilo Lofiko, E.; Kavira Bapitani, S.; Rilia, O.; Muswamba, P.-C.; Muyembe Mawete, F.; Lumembe, R.; Kabamba, G.; Kenye, M.; Citenga, A.; Cikaya, F.; Yungwe, Z.; Matondo, M.; Kasongo, F.; Tshiminyi, P.; Bulabula, J.; Nkawa, F.; Muhindo Milonde, E.; Kavira Kamaliro, A.; Paluku Kalimuli, Z.; Bodisa Matamu, T.; Mubalama Mufungizi, J.; Wiley, M. R.; Devos, E.; Bangwen, E.; Brosius, I.; Parker, E.; Pilarowski, G.; Liesenborghs, L.; Wawina Bokalanga, T.; Vercauteren, K.; Mukadi Bamuleka, D.; Subissi, L.; Muyembe, J.-J.; Kindrachuk, J.; Guichet, E.; Ayouba, A.; Rambaut, A.; Delaporte, E.; Tessema, S. K.; D'Ortenzio, E.; Rimoin, A. W.; Hensley, L. E.; Mbala Kingebeni, P.; Peeters, M.; Ahuka Mundeke, S."
PP_000ST3G,Ia,None,Democratic Republic of the Congo,"Maindombe,Banjow-Moke",2023-11-01,196612,0.8798989904111881,2024-12-09,"Kinganda Lusamaki, E.; Amuri Aziza, A.; Luakanda Ndelemo, G.; Hasivirwe Vakaniaki, E.; Fernandez Nunez, N.; Pratt, C. B.; Akil Bandali, P.; Makangara Cigolo, J.-C.; Hoff, N. A.; Sabiti Nundu, S.; Mulopo Mukanya, N.; Ngimba, M.; Modrada Madakpa, B.; Diavita, R.; Paku Tshambu, P.; Pukuta Simbu, E.; Merritt, S.; O'Toole, A.; Low, N.; Nkuba Ndaye, A.; Kavunga Membo, H.; Shongo, R.; Malembi, E.; Kalonji, T.; Kacita, C.; Lokilo Lofiko, E.; Kavira Bapitani, S.; Rilia, O.; Muswamba, P.-C.; Muyembe Mawete, F.; Lumembe, R.; Kabamba, G.; Kenye, M.; Citenga, A.; Cikaya, F.; Yungwe, Z.; Matondo, M.; Kasongo, F.; Tshiminyi, P.; Bulabula, J.; Nkawa, F.; Muhindo Milonde, E.; Kavira Kamaliro, A.; Paluku Kalimuli, Z.; Bodisa Matamu, T.; Mubalama Mufungizi, J.; Wiley, M. R.; Devos, E.; Bangwen, E.; Brosius, I.; Parker, E.; Pilarowski, G.; Liesenborghs, L.; Wawina Bokalanga, T.; Vercauteren, K.; Mukadi Bamuleka, D.; Subissi, L.; Muyembe, J.-J.; Kindrachuk, J.; Guichet, E.; Ayouba, A.; Rambaut, A.; Delaporte, E.; Tessema, S. K.; D'Ortenzio, E.; Rimoin, A. W.; Hensley, L. E.; Mbala Kingebeni, P.; Peeters, M.; Ahuka Mundeke, S."
PP_000ST4E,Ia,None,Democratic Republic of the Congo,"Maindombe,Banjow-Moke",2023-11-04,196722,0.9591651496635548,2024-12-09,"Kinganda Lusamaki, E.; Amuri Aziza, A.; Luakanda Ndelemo, G.; Hasivirwe Vakaniaki, E.; Fernandez Nunez, N.; Pratt, C. B.; Akil Bandali, P.; Makangara Cigolo, J.-C.; Hoff, N. A.; Sabiti Nundu, S.; Mulopo Mukanya, N.; Ngimba, M.; Modrada Madakpa, B.; Diavita, R.; Paku Tshambu, P.; Pukuta Simbu, E.; Merritt, S.; O'Toole, A.; Low, N.; Nkuba Ndaye, A.; Kavunga Membo, H.; Shongo, R.; Malembi, E.; Kalonji, T.; Kacita, C.; Lokilo Lofiko, E.; Kavira Bapitani, S.; Rilia, O.; Muswamba, P.-C.; Muyembe Mawete, F.; Lumembe, R.; Kabamba, G.; Kenye, M.; Citenga, A.; Cikaya, F.; Yungwe, Z.; Matondo, M.; Kasongo, F.; Tshiminyi, P.; Bulabula, J.; Nkawa, F.; Muhindo Milonde, E.; Kavira Kamaliro, A.; Paluku Kalimuli, Z.; Bodisa Matamu, T.; Mubalama Mufungizi, J.; Wiley, M. R.; Devos, E.; Bangwen, E.; Brosius, I.; Parker, E.; Pilarowski, G.; Liesenborghs, L.; Wawina Bokalanga, T.; Vercauteren, K.; Mukadi Bamuleka, D.; Subissi, L.; Muyembe, J.-J.; Kindrachuk, J.; Guichet, E.; Ayouba, A.; Rambaut, A.; Delaporte, E.; Tessema, S. K.; D'Ortenzio, E.; Rimoin, A. W.; Hensley, L. E.; Mbala Kingebeni, P.; Peeters, M.; Ahuka Mundeke, S."
PP_000ST5C,Ia,None,Democratic Republic of the Congo,"Maindombe,Inongo",2023-10-31,196252,0.942000618633024,2024-12-09,"Kinganda Lusamaki, E.; Amuri Aziza, A.; Luakanda Ndelemo, G.; Hasivirwe Vakaniaki, E.; Fernandez Nunez, N.; Pratt, C. B.; Akil Bandali, P.; Makangara Cigolo, J.-C.; Hoff, N. A.; Sabiti Nundu, S.; Mulopo Mukanya, N.; Ngimba, M.; Modrada Madakpa, B.; Diavita, R.; Paku Tshambu, P.; Pukuta Simbu, E.; Merritt, S.; O'Toole, A.; Low, N.; Nkuba Ndaye, A.; Kavunga Membo, H.; Shongo, R.; Malembi, E.; Kalonji, T.; Kacita, C.; Lokilo Lofiko, E.; Kavira Bapitani, S.; Rilia, O.; Muswamba, P.-C.; Muyembe Mawete, F.; Lumembe, R.; Kabamba, G.; Kenye, M.; Citenga, A.; Cikaya, F.; Yungwe, Z.; Matondo, M.; Kasongo, F.; Tshiminyi, P.; Bulabula, J.; Nkawa, F.; Muhindo Milonde, E.; Kavira Kamaliro, A.; Paluku Kalimuli, Z.; Bodisa Matamu, T.; Mubalama Mufungizi, J.; Wiley, M. R.; Devos, E.; Bangwen, E.; Brosius, I.; Parker, E.; Pilarowski, G.; Liesenborghs, L.; Wawina Bokalanga, T.; Vercauteren, K.; Mukadi Bamuleka, D.; Subissi, L.; Muyembe, J.-J.; Kindrachuk, J.; Guichet, E.; Ayouba, A.; Rambaut, A.; Delaporte, E.; Tessema, S. K.; D'Ortenzio, E.; Rimoin, A. W.; Hensley, L. E.; Mbala Kingebeni, P.; Peeters, M.; Ahuka Mundeke, S."
PP_000ST6A,Ia,None,Democratic Republic of the Congo,"Maindombe,Inongo",2023-10-31,190471,0.9193647348751832,2024-12-09,"Kinganda Lusamaki, E.; Amuri Aziza, A.; Luakanda Ndelemo, G.; Hasivirwe Vakaniaki, E.; Fernandez Nunez, N.; Pratt, C. B.; Akil Bandali, P.; Makangara Cigolo, J.-C.; Hoff, N. A.; Sabiti Nundu, S.; Mulopo Mukanya, N.; Ngimba, M.; Modrada Madakpa, B.; Diavita, R.; Paku Tshambu, P.; Pukuta Simbu, E.; Merritt, S.; O'Toole, A.; Low, N.; Nkuba Ndaye, A.; Kavunga Membo, H.; Shongo, R.; Malembi, E.; Kalonji, T.; Kacita, C.; Lokilo Lofiko, E.; Kavira Bapitani, S.; Rilia, O.; Muswamba, P.-C.; Muyembe Mawete, F.; Lumembe, R.; Kabamba, G.; Kenye, M.; Citenga, A.; Cikaya, F.; Yungwe, Z.; Matondo, M.; Kasongo, F.; Tshiminyi, P.; Bulabula, J.; Nkawa, F.; Muhindo Milonde, E.; Kavira Kamaliro, A.; Paluku Kalimuli, Z.; Bodisa Matamu, T.; Mubalama Mufungizi, J.; Wiley, M. R.; Devos, E.; Bangwen, E.; Brosius, I.; Parker, E.; Pilarowski, G.; Liesenborghs, L.; Wawina Bokalanga, T.; Vercauteren, K.; Mukadi Bamuleka, D.; Subissi, L.; Muyembe, J.-J.; Kindrachuk, J.; Guichet, E.; Ayouba, A.; Rambaut, A.; Delaporte, E.; Tessema, S. K.; D'Ortenzio, E.; Rimoin, A. W.; Hensley, L. E.; Mbala Kingebeni, P.; Peeters, M.; Ahuka Mundeke, S."
PP_000ST78,Ia,None,Democratic Republic of the Congo,"Maindombe,Inongo",2023-10-31,190442,0.9195067162249188,2024-12-09,"Kinganda Lusamaki, E.; Amuri Aziza, A.; Luakanda Ndelemo, G.; Hasivirwe Vakaniaki, E.; Fernandez Nunez, N.; Pratt, C. B.; Akil Bandali, P.; Makangara Cigolo, J.-C.; Hoff, N. A.; Sabiti Nundu, S.; Mulopo Mukanya, N.; Ngimba, M.; Modrada Madakpa, B.; Diavita, R.; Paku Tshambu, P.; Pukuta Simbu, E.; Merritt, S.; O'Toole, A.; Low, N.; Nkuba Ndaye, A.; Kavunga Membo, H.; Shongo, R.; Malembi, E.; Kalonji, T.; Kacita, C.; Lokilo Lofiko, E.; Kavira Bapitani, S.; Rilia, O.; Muswamba, P.-C.; Muyembe Mawete, F.; Lumembe, R.; Kabamba, G.; Kenye, M.; Citenga, A.; Cikaya, F.; Yungwe, Z.; Matondo, M.; Kasongo, F.; Tshiminyi, P.; Bulabula, J.; Nkawa, F.; Muhindo Milonde, E.; Kavira Kamaliro, A.; Paluku Kalimuli, Z.; Bodisa Matamu, T.; Mubalama Mufungizi, J.; Wiley, M. R.; Devos, E.; Bangwen, E.; Brosius, I.; Parker, E.; Pilarowski, G.; Liesenborghs, L.; Wawina Bokalanga, T.; Vercauteren, K.; Mukadi Bamuleka, D.; Subissi, L.; Muyembe, J.-J.; Kindrachuk, J.; Guichet, E.; Ayouba, A.; Rambaut, A.; Delaporte, E.; Tessema, S. K.; D'Ortenzio, E.; Rimoin, A. W.; Hensley, L. E.; Mbala Kingebeni, P.; Peeters, M.; Ahuka Mundeke, S."
PP_000ST86,Ia,None,Democratic Republic of the Congo,"Maindombe,Inongo",2023-10-31,196297,0.9463209082749772,2024-12-09,"Kinganda Lusamaki, E.; Amuri Aziza, A.; Luakanda Ndelemo, G.; Hasivirwe Vakaniaki, E.; Fernandez Nunez, N.; Pratt, C. B.; Akil Bandali, P.; Makangara Cigolo, J.-C.; Hoff, N. A.; Sabiti Nundu, S.; Mulopo Mukanya, N.; Ngimba, M.; Modrada Madakpa, B.; Diavita, R.; Paku Tshambu, P.; Pukuta Simbu, E.; Merritt, S.; O'Toole, A.; Low, N.; Nkuba Ndaye, A.; Kavunga Membo, H.; Shongo, R.; Malembi, E.; Kalonji, T.; Kacita, C.; Lokilo Lofiko, E.; Kavira Bapitani, S.; Rilia, O.; Muswamba, P.-C.; Muyembe Mawete, F.; Lumembe, R.; Kabamba, G.; Kenye, M.; Citenga, A.; Cikaya, F.; Yungwe, Z.; Matondo, M.; Kasongo, F.; Tshiminyi, P.; Bulabula, J.; Nkawa, F.; Muhindo Milonde, E.; Kavira Kamaliro, A.; Paluku Kalimuli, Z.; Bodisa Matamu, T.; Mubalama Mufungizi, J.; Wiley, M. R.; Devos, E.; Bangwen, E.; Brosius, I.; Parker, E.; Pilarowski, G.; Liesenborghs, L.; Wawina Bokalanga, T.; Vercauteren, K.; Mukadi Bamuleka, D.; Subissi, L.; Muyembe, J.-J.; Kindrachuk, J.; Guichet, E.; Ayouba, A.; Rambaut, A.; Delaporte, E.; Tessema, S. K.; D'Ortenzio, E.; Rimoin, A. W.; Hensley, L. E.; Mbala Kingebeni, P.; Peeters, M.; Ahuka Mundeke, S."
PP_000ST94,Ia,None,Democratic Republic of the Congo,"Maindombe,Inongo",2023-10-31,196604,0.9744940646725048,2024-12-09,"Kinganda Lusamaki, E.; Amuri Aziza, A.; Luakanda Ndelemo, G.; Hasivirwe Vakaniaki, E.; Fernandez Nunez, N.; Pratt, C. B.; Akil Bandali, P.; Makangara Cigolo, J.-C.; Hoff, N. A.; Sabiti Nundu, S.; Mulopo Mukanya, N.; Ngimba, M.; Modrada Madakpa, B.; Diavita, R.; Paku Tshambu, P.; Pukuta Simbu, E.; Merritt, S.; O'Toole, A.; Low, N.; Nkuba Ndaye, A.; Kavunga Membo, H.; Shongo, R.; Malembi, E.; Kalonji, T.; Kacita, C.; Lokilo Lofiko, E.; Kavira Bapitani, S.; Rilia, O.; Muswamba, P.-C.; Muyembe Mawete, F.; Lumembe, R.; Kabamba, G.; Kenye, M.; Citenga, A.; Cikaya, F.; Yungwe, Z.; Matondo, M.; Kasongo, F.; Tshiminyi, P.; Bulabula, J.; Nkawa, F.; Muhindo Milonde, E.; Kavira Kamaliro, A.; Paluku Kalimuli, Z.; Bodisa Matamu, T.; Mubalama Mufungizi, J.; Wiley, M. R.; Devos, E.; Bangwen, E.; Brosius, I.; Parker, E.; Pilarowski, G.; Liesenborghs, L.; Wawina Bokalanga, T.; Vercauteren, K.; Mukadi Bamuleka, D.; Subissi, L.; Muyembe, J.-J.; Kindrachuk, J.; Guichet, E.; Ayouba, A.; Rambaut, A.; Delaporte, E.; Tessema, S. K.; D'Ortenzio, E.; Rimoin, A. W.; Hensley, L. E.; Mbala Kingebeni, P.; Peeters, M.; Ahuka Mundeke, S."
PP_000STA2,Ia,None,Democratic Republic of the Congo,"Maindombe,Inongo",2023-10-31,196596,0.9748946549092588,2024-12-09,"Kinganda Lusamaki, E.; Amuri Aziza, A.; Luakanda Ndelemo, G.; Hasivirwe Vakaniaki, E.; Fernandez Nunez, N.; Pratt, C. B.; Akil Bandali, P.; Makangara Cigolo, J.-C.; Hoff, N. A.; Sabiti Nundu, S.; Mulopo Mukanya, N.; Ngimba, M.; Modrada Madakpa, B.; Diavita, R.; Paku Tshambu, P.; Pukuta Simbu, E.; Merritt, S.; O'Toole, A.; Low, N.; Nkuba Ndaye, A.; Kavunga Membo, H.; Shongo, R.; Malembi, E.; Kalonji, T.; Kacita, C.; Lokilo Lofiko, E.; Kavira Bapitani, S.; Rilia, O.; Muswamba, P.-C.; Muyembe Mawete, F.; Lumembe, R.; Kabamba, G.; Kenye, M.; Citenga, A.; Cikaya, F.; Yungwe, Z.; Matondo, M.; Kasongo, F.; Tshiminyi, P.; Bulabula, J.; Nkawa, F.; Muhindo Milonde, E.; Kavira Kamaliro, A.; Paluku Kalimuli, Z.; Bodisa Matamu, T.; Mubalama Mufungizi, J.; Wiley, M. R.; Devos, E.; Bangwen, E.; Brosius, I.; Parker, E.; Pilarowski, G.; Liesenborghs, L.; Wawina Bokalanga, T.; Vercauteren, K.; Mukadi Bamuleka, D.; Subissi, L.; Muyembe, J.-J.; Kindrachuk, J.; Guichet, E.; Ayouba, A.; Rambaut, A.; Delaporte, E.; Tessema, S. K.; D'Ortenzio, E.; Rimoin, A. W.; Hensley, L. E.; Mbala Kingebeni, P.; Peeters, M.; Ahuka Mundeke, S."
PP_000STB0,Ia,None,Democratic Republic of the Congo,"Maindombe,Kiri",2023-10-22,196577,0.9732162325248848,2024-12-09,"Kinganda Lusamaki, E.; Amuri Aziza, A.; Luakanda Ndelemo, G.; Hasivirwe Vakaniaki, E.; Fernandez Nunez, N.; Pratt, C. B.; Akil Bandali, P.; Makangara Cigolo, J.-C.; Hoff, N. A.; Sabiti Nundu, S.; Mulopo Mukanya, N.; Ngimba, M.; Modrada Madakpa, B.; Diavita, R.; Paku Tshambu, P.; Pukuta Simbu, E.; Merritt, S.; O'Toole, A.; Low, N.; Nkuba Ndaye, A.; Kavunga Membo, H.; Shongo, R.; Malembi, E.; Kalonji, T.; Kacita, C.; Lokilo Lofiko, E.; Kavira Bapitani, S.; Rilia, O.; Muswamba, P.-C.; Muyembe Mawete, F.; Lumembe, R.; Kabamba, G.; Kenye, M.; Citenga, A.; Cikaya, F.; Yungwe, Z.; Matondo, M.; Kasongo, F.; Tshiminyi, P.; Bulabula, J.; Nkawa, F.; Muhindo Milonde, E.; Kavira Kamaliro, A.; Paluku Kalimuli, Z.; Bodisa Matamu, T.; Mubalama Mufungizi, J.; Wiley, M. R.; Devos, E.; Bangwen, E.; Brosius, I.; Parker, E.; Pilarowski, G.; Liesenborghs, L.; Wawina Bokalanga, T.; Vercauteren, K.; Mukadi Bamuleka, D.; Subissi, L.; Muyembe, J.-J.; Kindrachuk, J.; Guichet, E.; Ayouba, A.; Rambaut, A.; Delaporte, E.; Tessema, S. K.; D'Ortenzio, E.; Rimoin, A. W.; Hensley, L. E.; Mbala Kingebeni, P.; Peeters, M.; Ahuka Mundeke, S."
PP_000STCY,Ia,None,Democratic Republic of the Congo,"Maindombe,Kiri",2023-10-22,196557,0.9682468852841402,2024-12-09,"Kinganda Lusamaki, E.; Amuri Aziza, A.; Luakanda Ndelemo, G.; Hasivirwe Vakaniaki, E.; Fernandez Nunez, N.; Pratt, C. B.; Akil Bandali, P.; Makangara Cigolo, J.-C.; Hoff, N. A.; Sabiti Nundu, S.; Mulopo Mukanya, N.; Ngimba, M.; Modrada Madakpa, B.; Diavita, R.; Paku Tshambu, P.; Pukuta Simbu, E.; Merritt, S.; O'Toole, A.; Low, N.; Nkuba Ndaye, A.; Kavunga Membo, H.; Shongo, R.; Malembi, E.; Kalonji, T.; Kacita, C.; Lokilo Lofiko, E.; Kavira Bapitani, S.; Rilia, O.; Muswamba, P.-C.; Muyembe Mawete, F.; Lumembe, R.; Kabamba, G.; Kenye, M.; Citenga, A.; Cikaya, F.; Yungwe, Z.; Matondo, M.; Kasongo, F.; Tshiminyi, P.; Bulabula, J.; Nkawa, F.; Muhindo Milonde, E.; Kavira Kamaliro, A.; Paluku Kalimuli, Z.; Bodisa Matamu, T.; Mubalama Mufungizi, J.; Wiley, M. R.; Devos, E.; Bangwen, E.; Brosius, I.; Parker, E.; Pilarowski, G.; Liesenborghs, L.; Wawina Bokalanga, T.; Vercauteren, K.; Mukadi Bamuleka, D.; Subissi, L.; Muyembe, J.-J.; Kindrachuk, J.; Guichet, E.; Ayouba, A.; Rambaut, A.; Delaporte, E.; Tessema, S. K.; D'Ortenzio, E.; Rimoin, A. W.; Hensley, L. E.; Mbala Kingebeni, P.; Peeters, M.; Ahuka Mundeke, S."
PP_000STDW,Ia,None,Democratic Republic of the Congo,"Maindombe,Kiri",2023-10-18,196320,0.9776379374166494,2024-12-09,"Kinganda Lusamaki, E.; Amuri Aziza, A.; Luakanda Ndelemo, G.; Hasivirwe Vakaniaki, E.; Fernandez Nunez, N.; Pratt, C. B.; Akil Bandali, P.; Makangara Cigolo, J.-C.; Hoff, N. A.; Sabiti Nundu, S.; Mulopo Mukanya, N.; Ngimba, M.; Modrada Madakpa, B.; Diavita, R.; Paku Tshambu, P.; Pukuta Simbu, E.; Merritt, S.; O'Toole, A.; Low, N.; Nkuba Ndaye, A.; Kavunga Membo, H.; Shongo, R.; Malembi, E.; Kalonji, T.; Kacita, C.; Lokilo Lofiko, E.; Kavira Bapitani, S.; Rilia, O.; Muswamba, P.-C.; Muyembe Mawete, F.; Lumembe, R.; Kabamba, G.; Kenye, M.; Citenga, A.; Cikaya, F.; Yungwe, Z.; Matondo, M.; Kasongo, F.; Tshiminyi, P.; Bulabula, J.; Nkawa, F.; Muhindo Milonde, E.; Kavira Kamaliro, A.; Paluku Kalimuli, Z.; Bodisa Matamu, T.; Mubalama Mufungizi, J.; Wiley, M. R.; Devos, E.; Bangwen, E.; Brosius, I.; Parker, E.; Pilarowski, G.; Liesenborghs, L.; Wawina Bokalanga, T.; Vercauteren, K.; Mukadi Bamuleka, D.; Subissi, L.; Muyembe, J.-J.; Kindrachuk, J.; Guichet, E.; Ayouba, A.; Rambaut, A.; Delaporte, E.; Tessema, S. K.; D'Ortenzio, E.; Rimoin, A. W.; Hensley, L. E.; Mbala Kingebeni, P.; Peeters, M.; Ahuka Mundeke, S."
PP_000STEU,Ia,None,Democratic Republic of the Congo,"Maindombe,Kiri",2023-10-20,196547,0.9582929785151794,2024-12-09,"Kinganda Lusamaki, E.; Amuri Aziza, A.; Luakanda Ndelemo, G.; Hasivirwe Vakaniaki, E.; Fernandez Nunez, N.; Pratt, C. B.; Akil Bandali, P.; Makangara Cigolo, J.-C.; Hoff, N. A.; Sabiti Nundu, S.; Mulopo Mukanya, N.; Ngimba, M.; Modrada Madakpa, B.; Diavita, R.; Paku Tshambu, P.; Pukuta Simbu, E.; Merritt, S.; O'Toole, A.; Low, N.; Nkuba Ndaye, A.; Kavunga Membo, H.; Shongo, R.; Malembi, E.; Kalonji, T.; Kacita, C.; Lokilo Lofiko, E.; Kavira Bapitani, S.; Rilia, O.; Muswamba, P.-C.; Muyembe Mawete, F.; Lumembe, R.; Kabamba, G.; Kenye, M.; Citenga, A.; Cikaya, F.; Yungwe, Z.; Matondo, M.; Kasongo, F.; Tshiminyi, P.; Bulabula, J.; Nkawa, F.; Muhindo Milonde, E.; Kavira Kamaliro, A.; Paluku Kalimuli, Z.; Bodisa Matamu, T.; Mubalama Mufungizi, J.; Wiley, M. R.; Devos, E.; Bangwen, E.; Brosius, I.; Parker, E.; Pilarowski, G.; Liesenborghs, L.; Wawina Bokalanga, T.; Vercauteren, K.; Mukadi Bamuleka, D.; Subissi, L.; Muyembe, J.-J.; Kindrachuk, J.; Guichet, E.; Ayouba, A.; Rambaut, A.; Delaporte, E.; Tessema, S. K.; D'Ortenzio, E.; Rimoin, A. W.; Hensley, L. E.; Mbala Kingebeni, P.; Peeters, M.; Ahuka Mundeke, S."
PP_000STFS,Ia,None,Democratic Republic of the Congo,"Maindombe,Kiri",2023-10-22,196255,0.9370312713922792,2024-12-09,"Kinganda Lusamaki, E.; Amuri Aziza, A.; Luakanda Ndelemo, G.; Hasivirwe Vakaniaki, E.; Fernandez Nunez, N.; Pratt, C. B.; Akil Bandali, P.; Makangara Cigolo, J.-C.; Hoff, N. A.; Sabiti Nundu, S.; Mulopo Mukanya, N.; Ngimba, M.; Modrada Madakpa, B.; Diavita, R.; Paku Tshambu, P.; Pukuta Simbu, E.; Merritt, S.; O'Toole, A.; Low, N.; Nkuba Ndaye, A.; Kavunga Membo, H.; Shongo, R.; Malembi, E.; Kalonji, T.; Kacita, C.; Lokilo Lofiko, E.; Kavira Bapitani, S.; Rilia, O.; Muswamba, P.-C.; Muyembe Mawete, F.; Lumembe, R.; Kabamba, G.; Kenye, M.; Citenga, A.; Cikaya, F.; Yungwe, Z.; Matondo, M.; Kasongo, F.; Tshiminyi, P.; Bulabula, J.; Nkawa, F.; Muhindo Milonde, E.; Kavira Kamaliro, A.; Paluku Kalimuli, Z.; Bodisa Matamu, T.; Mubalama Mufungizi, J.; Wiley, M. R.; Devos, E.; Bangwen, E.; Brosius, I.; Parker, E.; Pilarowski, G.; Liesenborghs, L.; Wawina Bokalanga, T.; Vercauteren, K.; Mukadi Bamuleka, D.; Subissi, L.; Muyembe, J.-J.; Kindrachuk, J.; Guichet, E.; Ayouba, A.; Rambaut, A.; Delaporte, E.; Tessema, S. K.; D'Ortenzio, E.; Rimoin, A. W.; Hensley, L. E.; Mbala Kingebeni, P.; Peeters, M.; Ahuka Mundeke, S."
PP_000STGQ,Ia,None,Democratic Republic of the Congo,"Tshopo,Opala",2023-10-21,196600,0.9572484014421248,2024-12-09,"Kinganda Lusamaki, E.; Amuri Aziza, A.; Luakanda Ndelemo, G.; Hasivirwe Vakaniaki, E.; Fernandez Nunez, N.; Pratt, C. B.; Akil Bandali, P.; Makangara Cigolo, J.-C.; Hoff, N. A.; Sabiti Nundu, S.; Mulopo Mukanya, N.; Ngimba, M.; Modrada Madakpa, B.; Diavita, R.; Paku Tshambu, P.; Pukuta Simbu, E.; Merritt, S.; O'Toole, A.; Low, N.; Nkuba Ndaye, A.; Kavunga Membo, H.; Shongo, R.; Malembi, E.; Kalonji, T.; Kacita, C.; Lokilo Lofiko, E.; Kavira Bapitani, S.; Rilia, O.; Muswamba, P.-C.; Muyembe Mawete, F.; Lumembe, R.; Kabamba, G.; Kenye, M.; Citenga, A.; Cikaya, F.; Yungwe, Z.; Matondo, M.; Kasongo, F.; Tshiminyi, P.; Bulabula, J.; Nkawa, F.; Muhindo Milonde, E.; Kavira Kamaliro, A.; Paluku Kalimuli, Z.; Bodisa Matamu, T.; Mubalama Mufungizi, J.; Wiley, M. R.; Devos, E.; Bangwen, E.; Brosius, I.; Parker, E.; Pilarowski, G.; Liesenborghs, L.; Wawina Bokalanga, T.; Vercauteren, K.; Mukadi Bamuleka, D.; Subissi, L.; Muyembe, J.-J.; Kindrachuk, J.; Guichet, E.; Ayouba, A.; Rambaut, A.; Delaporte, E.; Tessema, S. K.; D'Ortenzio, E.; Rimoin, A. W.; Hensley, L. E.; Mbala Kingebeni, P.; Peeters, M.; Ahuka Mundeke, S."
PP_000STHM,Ia,None,Democratic Republic of the Congo,"Tshopo,Opala",2023-10-27,196835,0.9993813669761522,2024-12-09,"Kinganda Lusamaki, E.; Amuri Aziza, A.; Luakanda Ndelemo, G.; Hasivirwe Vakaniaki, E.; Fernandez Nunez, N.; Pratt, C. B.; Akil Bandali, P.; Makangara Cigolo, J.-C.; Hoff, N. A.; Sabiti Nundu, S.; Mulopo Mukanya, N.; Ngimba, M.; Modrada Madakpa, B.; Diavita, R.; Paku Tshambu, P.; Pukuta Simbu, E.; Merritt, S.; O'Toole, A.; Low, N.; Nkuba Ndaye, A.; Kavunga Membo, H.; Shongo, R.; Malembi, E.; Kalonji, T.; Kacita, C.; Lokilo Lofiko, E.; Kavira Bapitani, S.; Rilia, O.; Muswamba, P.-C.; Muyembe Mawete, F.; Lumembe, R.; Kabamba, G.; Kenye, M.; Citenga, A.; Cikaya, F.; Yungwe, Z.; Matondo, M.; Kasongo, F.; Tshiminyi, P.; Bulabula, J.; Nkawa, F.; Muhindo Milonde, E.; Kavira Kamaliro, A.; Paluku Kalimuli, Z.; Bodisa Matamu, T.; Mubalama Mufungizi, J.; Wiley, M. R.; Devos, E.; Bangwen, E.; Brosius, I.; Parker, E.; Pilarowski, G.; Liesenborghs, L.; Wawina Bokalanga, T.; Vercauteren, K.; Mukadi Bamuleka, D.; Subissi, L.; Muyembe, J.-J.; Kindrachuk, J.; Guichet, E.; Ayouba, A.; Rambaut, A.; Delaporte, E.; Tessema, S. K.; D'Ortenzio, E.; Rimoin, A. W.; Hensley, L. E.; Mbala Kingebeni, P.; Peeters, M.; Ahuka Mundeke, S."
PP_000STJK,Ia,None,Democratic Republic of the Congo,"Tshopo,Opala",2023-10-27,196704,0.947203220948334,2024-12-09,"Kinganda Lusamaki, E.; Amuri Aziza, A.; Luakanda Ndelemo, G.; Hasivirwe Vakaniaki, E.; Fernandez Nunez, N.; Pratt, C. B.; Akil Bandali, P.; Makangara Cigolo, J.-C.; Hoff, N. A.; Sabiti Nundu, S.; Mulopo Mukanya, N.; Ngimba, M.; Modrada Madakpa, B.; Diavita, R.; Paku Tshambu, P.; Pukuta Simbu, E.; Merritt, S.; O'Toole, A.; Low, N.; Nkuba Ndaye, A.; Kavunga Membo, H.; Shongo, R.; Malembi, E.; Kalonji, T.; Kacita, C.; Lokilo Lofiko, E.; Kavira Bapitani, S.; Rilia, O.; Muswamba, P.-C.; Muyembe Mawete, F.; Lumembe, R.; Kabamba, G.; Kenye, M.; Citenga, A.; Cikaya, F.; Yungwe, Z.; Matondo, M.; Kasongo, F.; Tshiminyi, P.; Bulabula, J.; Nkawa, F.; Muhindo Milonde, E.; Kavira Kamaliro, A.; Paluku Kalimuli, Z.; Bodisa Matamu, T.; Mubalama Mufungizi, J.; Wiley, M. R.; Devos, E.; Bangwen, E.; Brosius, I.; Parker, E.; Pilarowski, G.; Liesenborghs, L.; Wawina Bokalanga, T.; Vercauteren, K.; Mukadi Bamuleka, D.; Subissi, L.; Muyembe, J.-J.; Kindrachuk, J.; Guichet, E.; Ayouba, A.; Rambaut, A.; Delaporte, E.; Tessema, S. K.; D'Ortenzio, E.; Rimoin, A. W.; Hensley, L. E.; Mbala Kingebeni, P.; Peeters, M.; Ahuka Mundeke, S."
PP_000STKH,Ia,None,Democratic Republic of the Congo,"Tshopo,Opala",2023-10-21,196654,0.9412754995968744,2024-12-09,"Kinganda Lusamaki, E.; Amuri Aziza, A.; Luakanda Ndelemo, G.; Hasivirwe Vakaniaki, E.; Fernandez Nunez, N.; Pratt, C. B.; Akil Bandali, P.; Makangara Cigolo, J.-C.; Hoff, N. A.; Sabiti Nundu, S.; Mulopo Mukanya, N.; Ngimba, M.; Modrada Madakpa, B.; Diavita, R.; Paku Tshambu, P.; Pukuta Simbu, E.; Merritt, S.; O'Toole, A.; Low, N.; Nkuba Ndaye, A.; Kavunga Membo, H.; Shongo, R.; Malembi, E.; Kalonji, T.; Kacita, C.; Lokilo Lofiko, E.; Kavira Bapitani, S.; Rilia, O.; Muswamba, P.-C.; Muyembe Mawete, F.; Lumembe, R.; Kabamba, G.; Kenye, M.; Citenga, A.; Cikaya, F.; Yungwe, Z.; Matondo, M.; Kasongo, F.; Tshiminyi, P.; Bulabula, J.; Nkawa, F.; Muhindo Milonde, E.; Kavira Kamaliro, A.; Paluku Kalimuli, Z.; Bodisa Matamu, T.; Mubalama Mufungizi, J.; Wiley, M. R.; Devos, E.; Bangwen, E.; Brosius, I.; Parker, E.; Pilarowski, G.; Liesenborghs, L.; Wawina Bokalanga, T.; Vercauteren, K.; Mukadi Bamuleka, D.; Subissi, L.; Muyembe, J.-J.; Kindrachuk, J.; Guichet, E.; Ayouba, A.; Rambaut, A.; Delaporte, E.; Tessema, S. K.; D'Ortenzio, E.; Rimoin, A. W.; Hensley, L. E.; Mbala Kingebeni, P.; Peeters, M.; Ahuka Mundeke, S."
PP_000STLF,Ia,None,Democratic Republic of the Congo,"Mongala,Bosondjo",2023-11-01,196588,0.938278678964956,2024-12-09,"Kinganda Lusamaki, E.; Amuri Aziza, A.; Luakanda Ndelemo, G.; Hasivirwe Vakaniaki, E.; Fernandez Nunez, N.; Pratt, C. B.; Akil Bandali, P.; Makangara Cigolo, J.-C.; Hoff, N. A.; Sabiti Nundu, S.; Mulopo Mukanya, N.; Ngimba, M.; Modrada Madakpa, B.; Diavita, R.; Paku Tshambu, P.; Pukuta Simbu, E.; Merritt, S.; O'Toole, A.; Low, N.; Nkuba Ndaye, A.; Kavunga Membo, H.; Shongo, R.; Malembi, E.; Kalonji, T.; Kacita, C.; Lokilo Lofiko, E.; Kavira Bapitani, S.; Rilia, O.; Muswamba, P.-C.; Muyembe Mawete, F.; Lumembe, R.; Kabamba, G.; Kenye, M.; Citenga, A.; Cikaya, F.; Yungwe, Z.; Matondo, M.; Kasongo, F.; Tshiminyi, P.; Bulabula, J.; Nkawa, F.; Muhindo Milonde, E.; Kavira Kamaliro, A.; Paluku Kalimuli, Z.; Bodisa Matamu, T.; Mubalama Mufungizi, J.; Wiley, M. R.; Devos, E.; Bangwen, E.; Brosius, I.; Parker, E.; Pilarowski, G.; Liesenborghs, L.; Wawina Bokalanga, T.; Vercauteren, K.; Mukadi Bamuleka, D.; Subissi, L.; Muyembe, J.-J.; Kindrachuk, J.; Guichet, E.; Ayouba, A.; Rambaut, A.; Delaporte, E.; Tessema, S. K.; D'Ortenzio, E.; Rimoin, A. W.; Hensley, L. E.; Mbala Kingebeni, P.; Peeters, M.; Ahuka Mundeke, S."
PP_000STMD,Ia,None,Democratic Republic of the Congo,"Kwango,Kenge",2023-11-14,196222,0.9006333382350704,2024-12-09,"Kinganda Lusamaki, E.; Amuri Aziza, A.; Luakanda Ndelemo, G.; Hasivirwe Vakaniaki, E.; Fernandez Nunez, N.; Pratt, C. B.; Akil Bandali, P.; Makangara Cigolo, J.-C.; Hoff, N. A.; Sabiti Nundu, S.; Mulopo Mukanya, N.; Ngimba, M.; Modrada Madakpa, B.; Diavita, R.; Paku Tshambu, P.; Pukuta Simbu, E.; Merritt, S.; O'Toole, A.; Low, N.; Nkuba Ndaye, A.; Kavunga Membo, H.; Shongo, R.; Malembi, E.; Kalonji, T.; Kacita, C.; Lokilo Lofiko, E.; Kavira Bapitani, S.; Rilia, O.; Muswamba, P.-C.; Muyembe Mawete, F.; Lumembe, R.; Kabamba, G.; Kenye, M.; Citenga, A.; Cikaya, F.; Yungwe, Z.; Matondo, M.; Kasongo, F.; Tshiminyi, P.; Bulabula, J.; Nkawa, F.; Muhindo Milonde, E.; Kavira Kamaliro, A.; Paluku Kalimuli, Z.; Bodisa Matamu, T.; Mubalama Mufungizi, J.; Wiley, M. R.; Devos, E.; Bangwen, E.; Brosius, I.; Parker, E.; Pilarowski, G.; Liesenborghs, L.; Wawina Bokalanga, T.; Vercauteren, K.; Mukadi Bamuleka, D.; Subissi, L.; Muyembe, J.-J.; Kindrachuk, J.; Guichet, E.; Ayouba, A.; Rambaut, A.; Delaporte, E.; Tessema, S. K.; D'Ortenzio, E.; Rimoin, A. W.; Hensley, L. E.; Mbala Kingebeni, P.; Peeters, M.; Ahuka Mundeke, S."
PP_000STNB,Ia,None,Democratic Republic of the Congo,"Sud-Ubangi,Bulu",2024-02-15,196782,1,2024-12-09,"Kinganda Lusamaki, E.; Amuri Aziza, A.; Luakanda Ndelemo, G.; Hasivirwe Vakaniaki, E.; Fernandez Nunez, N.; Pratt, C. B.; Akil Bandali, P.; Makangara Cigolo, J.-C.; Hoff, N. A.; Sabiti Nundu, S.; Mulopo Mukanya, N.; Ngimba, M.; Modrada Madakpa, B.; Diavita, R.; Paku Tshambu, P.; Pukuta Simbu, E.; Merritt, S.; O'Toole, A.; Low, N.; Nkuba Ndaye, A.; Kavunga Membo, H.; Shongo, R.; Malembi, E.; Kalonji, T.; Kacita, C.; Lokilo Lofiko, E.; Kavira Bapitani, S.; Rilia, O.; Muswamba, P.-C.; Muyembe Mawete, F.; Lumembe, R.; Kabamba, G.; Kenye, M.; Citenga, A.; Cikaya, F.; Yungwe, Z.; Matondo, M.; Kasongo, F.; Tshiminyi, P.; Bulabula, J.; Nkawa, F.; Muhindo Milonde, E.; Kavira Kamaliro, A.; Paluku Kalimuli, Z.; Bodisa Matamu, T.; Mubalama Mufungizi, J.; Wiley, M. R.; Devos, E.; Bangwen, E.; Brosius, I.; Parker, E.; Pilarowski, G.; Liesenborghs, L.; Wawina Bokalanga, T.; Vercauteren, K.; Mukadi Bamuleka, D.; Subissi, L.; Muyembe, J.-J.; Kindrachuk, J.; Guichet, E.; Ayouba, A.; Rambaut, A.; Delaporte, E.; Tessema, S. K.; D'Ortenzio, E.; Rimoin, A. W.; Hensley, L. E.; Mbala Kingebeni, P.; Peeters, M.; Ahuka Mundeke, S."
PP_000STP9,Ib,A,Democratic Republic of the Congo,"Sud-Kivu,Kamituga",2024-01-23,192681,0.9280813755964484,2024-12-09,"Kinganda Lusamaki, E.; Amuri Aziza, A.; Luakanda Ndelemo, G.; Hasivirwe Vakaniaki, E.; Fernandez Nunez, N.; Pratt, C. B.; Akil Bandali, P.; Makangara Cigolo, J.-C.; Hoff, N. A.; Sabiti Nundu, S.; Mulopo Mukanya, N.; Ngimba, M.; Modrada Madakpa, B.; Diavita, R.; Paku Tshambu, P.; Pukuta Simbu, E.; Merritt, S.; O'Toole, A.; Low, N.; Nkuba Ndaye, A.; Kavunga Membo, H.; Shongo, R.; Malembi, E.; Kalonji, T.; Kacita, C.; Lokilo Lofiko, E.; Kavira Bapitani, S.; Rilia, O.; Muswamba, P.-C.; Muyembe Mawete, F.; Lumembe, R.; Kabamba, G.; Kenye, M.; Citenga, A.; Cikaya, F.; Yungwe, Z.; Matondo, M.; Kasongo, F.; Tshiminyi, P.; Bulabula, J.; Nkawa, F.; Muhindo Milonde, E.; Kavira Kamaliro, A.; Paluku Kalimuli, Z.; Bodisa Matamu, T.; Mubalama Mufungizi, J.; Wiley, M. R.; Devos, E.; Bangwen, E.; Brosius, I.; Parker, E.; Pilarowski, G.; Liesenborghs, L.; Wawina Bokalanga, T.; Vercauteren, K.; Mukadi Bamuleka, D.; Subissi, L.; Muyembe, J.-J.; Kindrachuk, J.; Guichet, E.; Ayouba, A.; Rambaut, A.; Delaporte, E.; Tessema, S. K.; D'Ortenzio, E.; Rimoin, A. W.; Hensley, L. E.; Mbala Kingebeni, P.; Peeters, M.; Ahuka Mundeke, S."
PP_000STQ7,Ib,A,Democratic Republic of the Congo,"Sud-Kivu,Kamituga",2024-01-20,194624,0.7416649341561491,2024-12-09,"Kinganda Lusamaki, E.; Amuri Aziza, A.; Luakanda Ndelemo, G.; Hasivirwe Vakaniaki, E.; Fernandez Nunez, N.; Pratt, C. B.; Akil Bandali, P.; Makangara Cigolo, J.-C.; Hoff, N. A.; Sabiti Nundu, S.; Mulopo Mukanya, N.; Ngimba, M.; Modrada Madakpa, B.; Diavita, R.; Paku Tshambu, P.; Pukuta Simbu, E.; Merritt, S.; O'Toole, A.; Low, N.; Nkuba Ndaye, A.; Kavunga Membo, H.; Shongo, R.; Malembi, E.; Kalonji, T.; Kacita, C.; Lokilo Lofiko, E.; Kavira Bapitani, S.; Rilia, O.; Muswamba, P.-C.; Muyembe Mawete, F.; Lumembe, R.; Kabamba, G.; Kenye, M.; Citenga, A.; Cikaya, F.; Yungwe, Z.; Matondo, M.; Kasongo, F.; Tshiminyi, P.; Bulabula, J.; Nkawa, F.; Muhindo Milonde, E.; Kavira Kamaliro, A.; Paluku Kalimuli, Z.; Bodisa Matamu, T.; Mubalama Mufungizi, J.; Wiley, M. R.; Devos, E.; Bangwen, E.; Brosius, I.; Parker, E.; Pilarowski, G.; Liesenborghs, L.; Wawina Bokalanga, T.; Vercauteren, K.; Mukadi Bamuleka, D.; Subissi, L.; Muyembe, J.-J.; Kindrachuk, J.; Guichet, E.; Ayouba, A.; Rambaut, A.; Delaporte, E.; Tessema, S. K.; D'Ortenzio, E.; Rimoin, A. W.; Hensley, L. E.; Mbala Kingebeni, P.; Peeters, M.; Ahuka Mundeke, S."
PP_000STR5,Ia,None,Democratic Republic of the Congo,"Maindombe,Inongo",2023-11-23,190576,0.9322850377011191,2024-12-09,"Kinganda Lusamaki, E.; Amuri Aziza, A.; Luakanda Ndelemo, G.; Hasivirwe Vakaniaki, E.; Fernandez Nunez, N.; Pratt, C. B.; Akil Bandali, P.; Makangara Cigolo, J.-C.; Hoff, N. A.; Sabiti Nundu, S.; Mulopo Mukanya, N.; Ngimba, M.; Modrada Madakpa, B.; Diavita, R.; Paku Tshambu, P.; Pukuta Simbu, E.; Merritt, S.; O'Toole, A.; Low, N.; Nkuba Ndaye, A.; Kavunga Membo, H.; Shongo, R.; Malembi, E.; Kalonji, T.; Kacita, C.; Lokilo Lofiko, E.; Kavira Bapitani, S.; Rilia, O.; Muswamba, P.-C.; Muyembe Mawete, F.; Lumembe, R.; Kabamba, G.; Kenye, M.; Citenga, A.; Cikaya, F.; Yungwe, Z.; Matondo, M.; Kasongo, F.; Tshiminyi, P.; Bulabula, J.; Nkawa, F.; Muhindo Milonde, E.; Kavira Kamaliro, A.; Paluku Kalimuli, Z.; Bodisa Matamu, T.; Mubalama Mufungizi, J.; Wiley, M. R.; Devos, E.; Bangwen, E.; Brosius, I.; Parker, E.; Pilarowski, G.; Liesenborghs, L.; Wawina Bokalanga, T.; Vercauteren, K.; Mukadi Bamuleka, D.; Subissi, L.; Muyembe, J.-J.; Kindrachuk, J.; Guichet, E.; Ayouba, A.; Rambaut, A.; Delaporte, E.; Tessema, S. K.; D'Ortenzio, E.; Rimoin, A. W.; Hensley, L. E.; Mbala Kingebeni, P.; Peeters, M.; Ahuka Mundeke, S."
PP_000STS3,Ia,None,Democratic Republic of the Congo,"Maindombe,Inongo",2023-11-23,196148,0.917346571403942,2024-12-09,"Kinganda Lusamaki, E.; Amuri Aziza, A.; Luakanda Ndelemo, G.; Hasivirwe Vakaniaki, E.; Fernandez Nunez, N.; Pratt, C. B.; Akil Bandali, P.; Makangara Cigolo, J.-C.; Hoff, N. A.; Sabiti Nundu, S.; Mulopo Mukanya, N.; Ngimba, M.; Modrada Madakpa, B.; Diavita, R.; Paku Tshambu, P.; Pukuta Simbu, E.; Merritt, S.; O'Toole, A.; Low, N.; Nkuba Ndaye, A.; Kavunga Membo, H.; Shongo, R.; Malembi, E.; Kalonji, T.; Kacita, C.; Lokilo Lofiko, E.; Kavira Bapitani, S.; Rilia, O.; Muswamba, P.-C.; Muyembe Mawete, F.; Lumembe, R.; Kabamba, G.; Kenye, M.; Citenga, A.; Cikaya, F.; Yungwe, Z.; Matondo, M.; Kasongo, F.; Tshiminyi, P.; Bulabula, J.; Nkawa, F.; Muhindo Milonde, E.; Kavira Kamaliro, A.; Paluku Kalimuli, Z.; Bodisa Matamu, T.; Mubalama Mufungizi, J.; Wiley, M. R.; Devos, E.; Bangwen, E.; Brosius, I.; Parker, E.; Pilarowski, G.; Liesenborghs, L.; Wawina Bokalanga, T.; Vercauteren, K.; Mukadi Bamuleka, D.; Subissi, L.; Muyembe, J.-J.; Kindrachuk, J.; Guichet, E.; Ayouba, A.; Rambaut, A.; Delaporte, E.; Tessema, S. K.; D'Ortenzio, E.; Rimoin, A. W.; Hensley, L. E.; Mbala Kingebeni, P.; Peeters, M.; Ahuka Mundeke, S."
PP_000STT1,Ia,None,Democratic Republic of the Congo,"Sud-Ubangi,Bogose-Nubea",2024-01-30,196523,0.9355861040824708,2024-12-09,"Kinganda Lusamaki, E.; Amuri Aziza, A.; Luakanda Ndelemo, G.; Hasivirwe Vakaniaki, E.; Fernandez Nunez, N.; Pratt, C. B.; Akil Bandali, P.; Makangara Cigolo, J.-C.; Hoff, N. A.; Sabiti Nundu, S.; Mulopo Mukanya, N.; Ngimba, M.; Modrada Madakpa, B.; Diavita, R.; Paku Tshambu, P.; Pukuta Simbu, E.; Merritt, S.; O'Toole, A.; Low, N.; Nkuba Ndaye, A.; Kavunga Membo, H.; Shongo, R.; Malembi, E.; Kalonji, T.; Kacita, C.; Lokilo Lofiko, E.; Kavira Bapitani, S.; Rilia, O.; Muswamba, P.-C.; Muyembe Mawete, F.; Lumembe, R.; Kabamba, G.; Kenye, M.; Citenga, A.; Cikaya, F.; Yungwe, Z.; Matondo, M.; Kasongo, F.; Tshiminyi, P.; Bulabula, J.; Nkawa, F.; Muhindo Milonde, E.; Kavira Kamaliro, A.; Paluku Kalimuli, Z.; Bodisa Matamu, T.; Mubalama Mufungizi, J.; Wiley, M. R.; Devos, E.; Bangwen, E.; Brosius, I.; Parker, E.; Pilarowski, G.; Liesenborghs, L.; Wawina Bokalanga, T.; Vercauteren, K.; Mukadi Bamuleka, D.; Subissi, L.; Muyembe, J.-J.; Kindrachuk, J.; Guichet, E.; Ayouba, A.; Rambaut, A.; Delaporte, E.; Tessema, S. K.; D'Ortenzio, E.; Rimoin, A. W.; Hensley, L. E.; Mbala Kingebeni, P.; Peeters, M.; Ahuka Mundeke, S."
PP_000STUZ,Ia,None,Democratic Republic of the Congo,"Maindombe,Oshwe",2024-01-08,184142,0.7352960564680111,2024-12-09,"Kinganda Lusamaki, E.; Amuri Aziza, A.; Luakanda Ndelemo, G.; Hasivirwe Vakaniaki, E.; Fernandez Nunez, N.; Pratt, C. B.; Akil Bandali, P.; Makangara Cigolo, J.-C.; Hoff, N. A.; Sabiti Nundu, S.; Mulopo Mukanya, N.; Ngimba, M.; Modrada Madakpa, B.; Diavita, R.; Paku Tshambu, P.; Pukuta Simbu, E.; Merritt, S.; O'Toole, A.; Low, N.; Nkuba Ndaye, A.; Kavunga Membo, H.; Shongo, R.; Malembi, E.; Kalonji, T.; Kacita, C.; Lokilo Lofiko, E.; Kavira Bapitani, S.; Rilia, O.; Muswamba, P.-C.; Muyembe Mawete, F.; Lumembe, R.; Kabamba, G.; Kenye, M.; Citenga, A.; Cikaya, F.; Yungwe, Z.; Matondo, M.; Kasongo, F.; Tshiminyi, P.; Bulabula, J.; Nkawa, F.; Muhindo Milonde, E.; Kavira Kamaliro, A.; Paluku Kalimuli, Z.; Bodisa Matamu, T.; Mubalama Mufungizi, J.; Wiley, M. R.; Devos, E.; Bangwen, E.; Brosius, I.; Parker, E.; Pilarowski, G.; Liesenborghs, L.; Wawina Bokalanga, T.; Vercauteren, K.; Mukadi Bamuleka, D.; Subissi, L.; Muyembe, J.-J.; Kindrachuk, J.; Guichet, E.; Ayouba, A.; Rambaut, A.; Delaporte, E.; Tessema, S. K.; D'Ortenzio, E.; Rimoin, A. W.; Hensley, L. E.; Mbala Kingebeni, P.; Peeters, M.; Ahuka Mundeke, S."
PP_000STVX,Ia,None,Democratic Republic of the Congo,"Equateur,Lukolela",2024-01-22,195398,0.9130820601493846,2024-12-09,"Kinganda Lusamaki, E.; Amuri Aziza, A.; Luakanda Ndelemo, G.; Hasivirwe Vakaniaki, E.; Fernandez Nunez, N.; Pratt, C. B.; Akil Bandali, P.; Makangara Cigolo, J.-C.; Hoff, N. A.; Sabiti Nundu, S.; Mulopo Mukanya, N.; Ngimba, M.; Modrada Madakpa, B.; Diavita, R.; Paku Tshambu, P.; Pukuta Simbu, E.; Merritt, S.; O'Toole, A.; Low, N.; Nkuba Ndaye, A.; Kavunga Membo, H.; Shongo, R.; Malembi, E.; Kalonji, T.; Kacita, C.; Lokilo Lofiko, E.; Kavira Bapitani, S.; Rilia, O.; Muswamba, P.-C.; Muyembe Mawete, F.; Lumembe, R.; Kabamba, G.; Kenye, M.; Citenga, A.; Cikaya, F.; Yungwe, Z.; Matondo, M.; Kasongo, F.; Tshiminyi, P.; Bulabula, J.; Nkawa, F.; Muhindo Milonde, E.; Kavira Kamaliro, A.; Paluku Kalimuli, Z.; Bodisa Matamu, T.; Mubalama Mufungizi, J.; Wiley, M. R.; Devos, E.; Bangwen, E.; Brosius, I.; Parker, E.; Pilarowski, G.; Liesenborghs, L.; Wawina Bokalanga, T.; Vercauteren, K.; Mukadi Bamuleka, D.; Subissi, L.; Muyembe, J.-J.; Kindrachuk, J.; Guichet, E.; Ayouba, A.; Rambaut, A.; Delaporte, E.; Tessema, S. K.; D'Ortenzio, E.; Rimoin, A. W.; Hensley, L. E.; Mbala Kingebeni, P.; Peeters, M.; Ahuka Mundeke, S."
PP_000STWV,Ia,None,Democratic Republic of the Congo,Sud-Ubangi,2024-02-10,195099,0.7927985031109128,2024-12-09,"Kinganda Lusamaki, E.; Amuri Aziza, A.; Luakanda Ndelemo, G.; Hasivirwe Vakaniaki, E.; Fernandez Nunez, N.; Pratt, C. B.; Akil Bandali, P.; Makangara Cigolo, J.-C.; Hoff, N. A.; Sabiti Nundu, S.; Mulopo Mukanya, N.; Ngimba, M.; Modrada Madakpa, B.; Diavita, R.; Paku Tshambu, P.; Pukuta Simbu, E.; Merritt, S.; O'Toole, A.; Low, N.; Nkuba Ndaye, A.; Kavunga Membo, H.; Shongo, R.; Malembi, E.; Kalonji, T.; Kacita, C.; Lokilo Lofiko, E.; Kavira Bapitani, S.; Rilia, O.; Muswamba, P.-C.; Muyembe Mawete, F.; Lumembe, R.; Kabamba, G.; Kenye, M.; Citenga, A.; Cikaya, F.; Yungwe, Z.; Matondo, M.; Kasongo, F.; Tshiminyi, P.; Bulabula, J.; Nkawa, F.; Muhindo Milonde, E.; Kavira Kamaliro, A.; Paluku Kalimuli, Z.; Bodisa Matamu, T.; Mubalama Mufungizi, J.; Wiley, M. R.; Devos, E.; Bangwen, E.; Brosius, I.; Parker, E.; Pilarowski, G.; Liesenborghs, L.; Wawina Bokalanga, T.; Vercauteren, K.; Mukadi Bamuleka, D.; Subissi, L.; Muyembe, J.-J.; Kindrachuk, J.; Guichet, E.; Ayouba, A.; Rambaut, A.; Delaporte, E.; Tessema, S. K.; D'Ortenzio, E.; Rimoin, A. W.; Hensley, L. E.; Mbala Kingebeni, P.; Peeters, M.; Ahuka Mundeke, S."
PP_000STXT,Ia,None,Democratic Republic of the Congo,"Sud-Ubangi,Bulu",2024-02-10,195121,0.9155870168197192,2024-12-09,"Kinganda Lusamaki, E.; Amuri Aziza, A.; Luakanda Ndelemo, G.; Hasivirwe Vakaniaki, E.; Fernandez Nunez, N.; Pratt, C. B.; Akil Bandali, P.; Makangara Cigolo, J.-C.; Hoff, N. A.; Sabiti Nundu, S.; Mulopo Mukanya, N.; Ngimba, M.; Modrada Madakpa, B.; Diavita, R.; Paku Tshambu, P.; Pukuta Simbu, E.; Merritt, S.; O'Toole, A.; Low, N.; Nkuba Ndaye, A.; Kavunga Membo, H.; Shongo, R.; Malembi, E.; Kalonji, T.; Kacita, C.; Lokilo Lofiko, E.; Kavira Bapitani, S.; Rilia, O.; Muswamba, P.-C.; Muyembe Mawete, F.; Lumembe, R.; Kabamba, G.; Kenye, M.; Citenga, A.; Cikaya, F.; Yungwe, Z.; Matondo, M.; Kasongo, F.; Tshiminyi, P.; Bulabula, J.; Nkawa, F.; Muhindo Milonde, E.; Kavira Kamaliro, A.; Paluku Kalimuli, Z.; Bodisa Matamu, T.; Mubalama Mufungizi, J.; Wiley, M. R.; Devos, E.; Bangwen, E.; Brosius, I.; Parker, E.; Pilarowski, G.; Liesenborghs, L.; Wawina Bokalanga, T.; Vercauteren, K.; Mukadi Bamuleka, D.; Subissi, L.; Muyembe, J.-J.; Kindrachuk, J.; Guichet, E.; Ayouba, A.; Rambaut, A.; Delaporte, E.; Tessema, S. K.; D'Ortenzio, E.; Rimoin, A. W.; Hensley, L. E.; Mbala Kingebeni, P.; Peeters, M.; Ahuka Mundeke, S."
PP_000STYR,Ia,None,Democratic Republic of the Congo,Sud-Ubangi,2024-02-10,194054,0.9168749904923204,2024-12-09,"Kinganda Lusamaki, E.; Amuri Aziza, A.; Luakanda Ndelemo, G.; Hasivirwe Vakaniaki, E.; Fernandez Nunez, N.; Pratt, C. B.; Akil Bandali, P.; Makangara Cigolo, J.-C.; Hoff, N. A.; Sabiti Nundu, S.; Mulopo Mukanya, N.; Ngimba, M.; Modrada Madakpa, B.; Diavita, R.; Paku Tshambu, P.; Pukuta Simbu, E.; Merritt, S.; O'Toole, A.; Low, N.; Nkuba Ndaye, A.; Kavunga Membo, H.; Shongo, R.; Malembi, E.; Kalonji, T.; Kacita, C.; Lokilo Lofiko, E.; Kavira Bapitani, S.; Rilia, O.; Muswamba, P.-C.; Muyembe Mawete, F.; Lumembe, R.; Kabamba, G.; Kenye, M.; Citenga, A.; Cikaya, F.; Yungwe, Z.; Matondo, M.; Kasongo, F.; Tshiminyi, P.; Bulabula, J.; Nkawa, F.; Muhindo Milonde, E.; Kavira Kamaliro, A.; Paluku Kalimuli, Z.; Bodisa Matamu, T.; Mubalama Mufungizi, J.; Wiley, M. R.; Devos, E.; Bangwen, E.; Brosius, I.; Parker, E.; Pilarowski, G.; Liesenborghs, L.; Wawina Bokalanga, T.; Vercauteren, K.; Mukadi Bamuleka, D.; Subissi, L.; Muyembe, J.-J.; Kindrachuk, J.; Guichet, E.; Ayouba, A.; Rambaut, A.; Delaporte, E.; Tessema, S. K.; D'Ortenzio, E.; Rimoin, A. W.; Hensley, L. E.; Mbala Kingebeni, P.; Peeters, M.; Ahuka Mundeke, S."
PP_000STZP,Ia,None,Democratic Republic of the Congo,"Sud-Ubangi,Bulu",2024-02-10,196425,0.9576388501538976,2024-12-09,"Kinganda Lusamaki, E.; Amuri Aziza, A.; Luakanda Ndelemo, G.; Hasivirwe Vakaniaki, E.; Fernandez Nunez, N.; Pratt, C. B.; Akil Bandali, P.; Makangara Cigolo, J.-C.; Hoff, N. A.; Sabiti Nundu, S.; Mulopo Mukanya, N.; Ngimba, M.; Modrada Madakpa, B.; Diavita, R.; Paku Tshambu, P.; Pukuta Simbu, E.; Merritt, S.; O'Toole, A.; Low, N.; Nkuba Ndaye, A.; Kavunga Membo, H.; Shongo, R.; Malembi, E.; Kalonji, T.; Kacita, C.; Lokilo Lofiko, E.; Kavira Bapitani, S.; Rilia, O.; Muswamba, P.-C.; Muyembe Mawete, F.; Lumembe, R.; Kabamba, G.; Kenye, M.; Citenga, A.; Cikaya, F.; Yungwe, Z.; Matondo, M.; Kasongo, F.; Tshiminyi, P.; Bulabula, J.; Nkawa, F.; Muhindo Milonde, E.; Kavira Kamaliro, A.; Paluku Kalimuli, Z.; Bodisa Matamu, T.; Mubalama Mufungizi, J.; Wiley, M. R.; Devos, E.; Bangwen, E.; Brosius, I.; Parker, E.; Pilarowski, G.; Liesenborghs, L.; Wawina Bokalanga, T.; Vercauteren, K.; Mukadi Bamuleka, D.; Subissi, L.; Muyembe, J.-J.; Kindrachuk, J.; Guichet, E.; Ayouba, A.; Rambaut, A.; Delaporte, E.; Tessema, S. K.; D'Ortenzio, E.; Rimoin, A. W.; Hensley, L. E.; Mbala Kingebeni, P.; Peeters, M.; Ahuka Mundeke, S."
PP_000SU0M,Ia,None,Democratic Republic of the Congo,"Sud-Ubangi,Bulu",2024-02-10,196180,0.9225694567692144,2024-12-09,"Kinganda Lusamaki, E.; Amuri Aziza, A.; Luakanda Ndelemo, G.; Hasivirwe Vakaniaki, E.; Fernandez Nunez, N.; Pratt, C. B.; Akil Bandali, P.; Makangara Cigolo, J.-C.; Hoff, N. A.; Sabiti Nundu, S.; Mulopo Mukanya, N.; Ngimba, M.; Modrada Madakpa, B.; Diavita, R.; Paku Tshambu, P.; Pukuta Simbu, E.; Merritt, S.; O'Toole, A.; Low, N.; Nkuba Ndaye, A.; Kavunga Membo, H.; Shongo, R.; Malembi, E.; Kalonji, T.; Kacita, C.; Lokilo Lofiko, E.; Kavira Bapitani, S.; Rilia, O.; Muswamba, P.-C.; Muyembe Mawete, F.; Lumembe, R.; Kabamba, G.; Kenye, M.; Citenga, A.; Cikaya, F.; Yungwe, Z.; Matondo, M.; Kasongo, F.; Tshiminyi, P.; Bulabula, J.; Nkawa, F.; Muhindo Milonde, E.; Kavira Kamaliro, A.; Paluku Kalimuli, Z.; Bodisa Matamu, T.; Mubalama Mufungizi, J.; Wiley, M. R.; Devos, E.; Bangwen, E.; Brosius, I.; Parker, E.; Pilarowski, G.; Liesenborghs, L.; Wawina Bokalanga, T.; Vercauteren, K.; Mukadi Bamuleka, D.; Subissi, L.; Muyembe, J.-J.; Kindrachuk, J.; Guichet, E.; Ayouba, A.; Rambaut, A.; Delaporte, E.; Tessema, S. K.; D'Ortenzio, E.; Rimoin, A. W.; Hensley, L. E.; Mbala Kingebeni, P.; Peeters, M.; Ahuka Mundeke, S."
PP_000SU1K,Ia,None,Democratic Republic of the Congo,"Sud-Ubangi,Kungu",2024-02-07,195492,0.8698740929673595,2024-12-09,"Kinganda Lusamaki, E.; Amuri Aziza, A.; Luakanda Ndelemo, G.; Hasivirwe Vakaniaki, E.; Fernandez Nunez, N.; Pratt, C. B.; Akil Bandali, P.; Makangara Cigolo, J.-C.; Hoff, N. A.; Sabiti Nundu, S.; Mulopo Mukanya, N.; Ngimba, M.; Modrada Madakpa, B.; Diavita, R.; Paku Tshambu, P.; Pukuta Simbu, E.; Merritt, S.; O'Toole, A.; Low, N.; Nkuba Ndaye, A.; Kavunga Membo, H.; Shongo, R.; Malembi, E.; Kalonji, T.; Kacita, C.; Lokilo Lofiko, E.; Kavira Bapitani, S.; Rilia, O.; Muswamba, P.-C.; Muyembe Mawete, F.; Lumembe, R.; Kabamba, G.; Kenye, M.; Citenga, A.; Cikaya, F.; Yungwe, Z.; Matondo, M.; Kasongo, F.; Tshiminyi, P.; Bulabula, J.; Nkawa, F.; Muhindo Milonde, E.; Kavira Kamaliro, A.; Paluku Kalimuli, Z.; Bodisa Matamu, T.; Mubalama Mufungizi, J.; Wiley, M. R.; Devos, E.; Bangwen, E.; Brosius, I.; Parker, E.; Pilarowski, G.; Liesenborghs, L.; Wawina Bokalanga, T.; Vercauteren, K.; Mukadi Bamuleka, D.; Subissi, L.; Muyembe, J.-J.; Kindrachuk, J.; Guichet, E.; Ayouba, A.; Rambaut, A.; Delaporte, E.; Tessema, S. K.; D'Ortenzio, E.; Rimoin, A. W.; Hensley, L. E.; Mbala Kingebeni, P.; Peeters, M.; Ahuka Mundeke, S."
PP_000SU2H,Ia,None,Democratic Republic of the Congo,"Sud-Ubangi,Bulu",2024-02-09,193661,0.8332378339730946,2024-12-09,"Kinganda Lusamaki, E.; Amuri Aziza, A.; Luakanda Ndelemo, G.; Hasivirwe Vakaniaki, E.; Fernandez Nunez, N.; Pratt, C. B.; Akil Bandali, P.; Makangara Cigolo, J.-C.; Hoff, N. A.; Sabiti Nundu, S.; Mulopo Mukanya, N.; Ngimba, M.; Modrada Madakpa, B.; Diavita, R.; Paku Tshambu, P.; Pukuta Simbu, E.; Merritt, S.; O'Toole, A.; Low, N.; Nkuba Ndaye, A.; Kavunga Membo, H.; Shongo, R.; Malembi, E.; Kalonji, T.; Kacita, C.; Lokilo Lofiko, E.; Kavira Bapitani, S.; Rilia, O.; Muswamba, P.-C.; Muyembe Mawete, F.; Lumembe, R.; Kabamba, G.; Kenye, M.; Citenga, A.; Cikaya, F.; Yungwe, Z.; Matondo, M.; Kasongo, F.; Tshiminyi, P.; Bulabula, J.; Nkawa, F.; Muhindo Milonde, E.; Kavira Kamaliro, A.; Paluku Kalimuli, Z.; Bodisa Matamu, T.; Mubalama Mufungizi, J.; Wiley, M. R.; Devos, E.; Bangwen, E.; Brosius, I.; Parker, E.; Pilarowski, G.; Liesenborghs, L.; Wawina Bokalanga, T.; Vercauteren, K.; Mukadi Bamuleka, D.; Subissi, L.; Muyembe, J.-J.; Kindrachuk, J.; Guichet, E.; Ayouba, A.; Rambaut, A.; Delaporte, E.; Tessema, S. K.; D'Ortenzio, E.; Rimoin, A. W.; Hensley, L. E.; Mbala Kingebeni, P.; Peeters, M.; Ahuka Mundeke, S."
PP_000SU3F,Ia,None,Democratic Republic of the Congo,"Tshopo,Basoko",2024-02-10,196633,0.9832969083561096,2024-12-09,"Kinganda Lusamaki, E.; Amuri Aziza, A.; Luakanda Ndelemo, G.; Hasivirwe Vakaniaki, E.; Fernandez Nunez, N.; Pratt, C. B.; Akil Bandali, P.; Makangara Cigolo, J.-C.; Hoff, N. A.; Sabiti Nundu, S.; Mulopo Mukanya, N.; Ngimba, M.; Modrada Madakpa, B.; Diavita, R.; Paku Tshambu, P.; Pukuta Simbu, E.; Merritt, S.; O'Toole, A.; Low, N.; Nkuba Ndaye, A.; Kavunga Membo, H.; Shongo, R.; Malembi, E.; Kalonji, T.; Kacita, C.; Lokilo Lofiko, E.; Kavira Bapitani, S.; Rilia, O.; Muswamba, P.-C.; Muyembe Mawete, F.; Lumembe, R.; Kabamba, G.; Kenye, M.; Citenga, A.; Cikaya, F.; Yungwe, Z.; Matondo, M.; Kasongo, F.; Tshiminyi, P.; Bulabula, J.; Nkawa, F.; Muhindo Milonde, E.; Kavira Kamaliro, A.; Paluku Kalimuli, Z.; Bodisa Matamu, T.; Mubalama Mufungizi, J.; Wiley, M. R.; Devos, E.; Bangwen, E.; Brosius, I.; Parker, E.; Pilarowski, G.; Liesenborghs, L.; Wawina Bokalanga, T.; Vercauteren, K.; Mukadi Bamuleka, D.; Subissi, L.; Muyembe, J.-J.; Kindrachuk, J.; Guichet, E.; Ayouba, A.; Rambaut, A.; Delaporte, E.; Tessema, S. K.; D'Ortenzio, E.; Rimoin, A. W.; Hensley, L. E.; Mbala Kingebeni, P.; Peeters, M.; Ahuka Mundeke, S."
PP_000SU4D,Ia,None,Democratic Republic of the Congo,"Tshopo,Basoko",2024-02-27,196560,0.8835651516918599,2024-12-09,"Kinganda Lusamaki, E.; Amuri Aziza, A.; Luakanda Ndelemo, G.; Hasivirwe Vakaniaki, E.; Fernandez Nunez, N.; Pratt, C. B.; Akil Bandali, P.; Makangara Cigolo, J.-C.; Hoff, N. A.; Sabiti Nundu, S.; Mulopo Mukanya, N.; Ngimba, M.; Modrada Madakpa, B.; Diavita, R.; Paku Tshambu, P.; Pukuta Simbu, E.; Merritt, S.; O'Toole, A.; Low, N.; Nkuba Ndaye, A.; Kavunga Membo, H.; Shongo, R.; Malembi, E.; Kalonji, T.; Kacita, C.; Lokilo Lofiko, E.; Kavira Bapitani, S.; Rilia, O.; Muswamba, P.-C.; Muyembe Mawete, F.; Lumembe, R.; Kabamba, G.; Kenye, M.; Citenga, A.; Cikaya, F.; Yungwe, Z.; Matondo, M.; Kasongo, F.; Tshiminyi, P.; Bulabula, J.; Nkawa, F.; Muhindo Milonde, E.; Kavira Kamaliro, A.; Paluku Kalimuli, Z.; Bodisa Matamu, T.; Mubalama Mufungizi, J.; Wiley, M. R.; Devos, E.; Bangwen, E.; Brosius, I.; Parker, E.; Pilarowski, G.; Liesenborghs, L.; Wawina Bokalanga, T.; Vercauteren, K.; Mukadi Bamuleka, D.; Subissi, L.; Muyembe, J.-J.; Kindrachuk, J.; Guichet, E.; Ayouba, A.; Rambaut, A.; Delaporte, E.; Tessema, S. K.; D'Ortenzio, E.; Rimoin, A. W.; Hensley, L. E.; Mbala Kingebeni, P.; Peeters, M.; Ahuka Mundeke, S."
PP_000SU5B,Ia,None,Democratic Republic of the Congo,"Tshopo,Basoko",2024-02-27,196625,0.8824952208063527,2024-12-09,"Kinganda Lusamaki, E.; Amuri Aziza, A.; Luakanda Ndelemo, G.; Hasivirwe Vakaniaki, E.; Fernandez Nunez, N.; Pratt, C. B.; Akil Bandali, P.; Makangara Cigolo, J.-C.; Hoff, N. A.; Sabiti Nundu, S.; Mulopo Mukanya, N.; Ngimba, M.; Modrada Madakpa, B.; Diavita, R.; Paku Tshambu, P.; Pukuta Simbu, E.; Merritt, S.; O'Toole, A.; Low, N.; Nkuba Ndaye, A.; Kavunga Membo, H.; Shongo, R.; Malembi, E.; Kalonji, T.; Kacita, C.; Lokilo Lofiko, E.; Kavira Bapitani, S.; Rilia, O.; Muswamba, P.-C.; Muyembe Mawete, F.; Lumembe, R.; Kabamba, G.; Kenye, M.; Citenga, A.; Cikaya, F.; Yungwe, Z.; Matondo, M.; Kasongo, F.; Tshiminyi, P.; Bulabula, J.; Nkawa, F.; Muhindo Milonde, E.; Kavira Kamaliro, A.; Paluku Kalimuli, Z.; Bodisa Matamu, T.; Mubalama Mufungizi, J.; Wiley, M. R.; Devos, E.; Bangwen, E.; Brosius, I.; Parker, E.; Pilarowski, G.; Liesenborghs, L.; Wawina Bokalanga, T.; Vercauteren, K.; Mukadi Bamuleka, D.; Subissi, L.; Muyembe, J.-J.; Kindrachuk, J.; Guichet, E.; Ayouba, A.; Rambaut, A.; Delaporte, E.; Tessema, S. K.; D'Ortenzio, E.; Rimoin, A. W.; Hensley, L. E.; Mbala Kingebeni, P.; Peeters, M.; Ahuka Mundeke, S."
PP_000SU69,Ia,None,Democratic Republic of the Congo,"Tshopo,Yakusu",2024-02-14,196163,0.760680293495733,2024-12-09,"Kinganda Lusamaki, E.; Amuri Aziza, A.; Luakanda Ndelemo, G.; Hasivirwe Vakaniaki, E.; Fernandez Nunez, N.; Pratt, C. B.; Akil Bandali, P.; Makangara Cigolo, J.-C.; Hoff, N. A.; Sabiti Nundu, S.; Mulopo Mukanya, N.; Ngimba, M.; Modrada Madakpa, B.; Diavita, R.; Paku Tshambu, P.; Pukuta Simbu, E.; Merritt, S.; O'Toole, A.; Low, N.; Nkuba Ndaye, A.; Kavunga Membo, H.; Shongo, R.; Malembi, E.; Kalonji, T.; Kacita, C.; Lokilo Lofiko, E.; Kavira Bapitani, S.; Rilia, O.; Muswamba, P.-C.; Muyembe Mawete, F.; Lumembe, R.; Kabamba, G.; Kenye, M.; Citenga, A.; Cikaya, F.; Yungwe, Z.; Matondo, M.; Kasongo, F.; Tshiminyi, P.; Bulabula, J.; Nkawa, F.; Muhindo Milonde, E.; Kavira Kamaliro, A.; Paluku Kalimuli, Z.; Bodisa Matamu, T.; Mubalama Mufungizi, J.; Wiley, M. R.; Devos, E.; Bangwen, E.; Brosius, I.; Parker, E.; Pilarowski, G.; Liesenborghs, L.; Wawina Bokalanga, T.; Vercauteren, K.; Mukadi Bamuleka, D.; Subissi, L.; Muyembe, J.-J.; Kindrachuk, J.; Guichet, E.; Ayouba, A.; Rambaut, A.; Delaporte, E.; Tessema, S. K.; D'Ortenzio, E.; Rimoin, A. W.; Hensley, L. E.; Mbala Kingebeni, P.; Peeters, M.; Ahuka Mundeke, S."
PP_000SU77,Ia,None,Democratic Republic of the Congo,"Tshopo,Yakusu",2024-02-14,190410,0.7482366423439093,2024-12-09,"Kinganda Lusamaki, E.; Amuri Aziza, A.; Luakanda Ndelemo, G.; Hasivirwe Vakaniaki, E.; Fernandez Nunez, N.; Pratt, C. B.; Akil Bandali, P.; Makangara Cigolo, J.-C.; Hoff, N. A.; Sabiti Nundu, S.; Mulopo Mukanya, N.; Ngimba, M.; Modrada Madakpa, B.; Diavita, R.; Paku Tshambu, P.; Pukuta Simbu, E.; Merritt, S.; O'Toole, A.; Low, N.; Nkuba Ndaye, A.; Kavunga Membo, H.; Shongo, R.; Malembi, E.; Kalonji, T.; Kacita, C.; Lokilo Lofiko, E.; Kavira Bapitani, S.; Rilia, O.; Muswamba, P.-C.; Muyembe Mawete, F.; Lumembe, R.; Kabamba, G.; Kenye, M.; Citenga, A.; Cikaya, F.; Yungwe, Z.; Matondo, M.; Kasongo, F.; Tshiminyi, P.; Bulabula, J.; Nkawa, F.; Muhindo Milonde, E.; Kavira Kamaliro, A.; Paluku Kalimuli, Z.; Bodisa Matamu, T.; Mubalama Mufungizi, J.; Wiley, M. R.; Devos, E.; Bangwen, E.; Brosius, I.; Parker, E.; Pilarowski, G.; Liesenborghs, L.; Wawina Bokalanga, T.; Vercauteren, K.; Mukadi Bamuleka, D.; Subissi, L.; Muyembe, J.-J.; Kindrachuk, J.; Guichet, E.; Ayouba, A.; Rambaut, A.; Delaporte, E.; Tessema, S. K.; D'Ortenzio, E.; Rimoin, A. W.; Hensley, L. E.; Mbala Kingebeni, P.; Peeters, M.; Ahuka Mundeke, S."
PP_000SU85,Ia,None,Democratic Republic of the Congo,"Tshopo,Yakusu",2024-02-14,196296,0.9547535862967714,2024-12-09,"Kinganda Lusamaki, E.; Amuri Aziza, A.; Luakanda Ndelemo, G.; Hasivirwe Vakaniaki, E.; Fernandez Nunez, N.; Pratt, C. B.; Akil Bandali, P.; Makangara Cigolo, J.-C.; Hoff, N. A.; Sabiti Nundu, S.; Mulopo Mukanya, N.; Ngimba, M.; Modrada Madakpa, B.; Diavita, R.; Paku Tshambu, P.; Pukuta Simbu, E.; Merritt, S.; O'Toole, A.; Low, N.; Nkuba Ndaye, A.; Kavunga Membo, H.; Shongo, R.; Malembi, E.; Kalonji, T.; Kacita, C.; Lokilo Lofiko, E.; Kavira Bapitani, S.; Rilia, O.; Muswamba, P.-C.; Muyembe Mawete, F.; Lumembe, R.; Kabamba, G.; Kenye, M.; Citenga, A.; Cikaya, F.; Yungwe, Z.; Matondo, M.; Kasongo, F.; Tshiminyi, P.; Bulabula, J.; Nkawa, F.; Muhindo Milonde, E.; Kavira Kamaliro, A.; Paluku Kalimuli, Z.; Bodisa Matamu, T.; Mubalama Mufungizi, J.; Wiley, M. R.; Devos, E.; Bangwen, E.; Brosius, I.; Parker, E.; Pilarowski, G.; Liesenborghs, L.; Wawina Bokalanga, T.; Vercauteren, K.; Mukadi Bamuleka, D.; Subissi, L.; Muyembe, J.-J.; Kindrachuk, J.; Guichet, E.; Ayouba, A.; Rambaut, A.; Delaporte, E.; Tessema, S. K.; D'Ortenzio, E.; Rimoin, A. W.; Hensley, L. E.; Mbala Kingebeni, P.; Peeters, M.; Ahuka Mundeke, S."
PP_000SU93,Ia,None,Democratic Republic of the Congo,"Tshopo,Yakusu",2024-02-14,196189,0.877662784152853,2024-12-09,"Kinganda Lusamaki, E.; Amuri Aziza, A.; Luakanda Ndelemo, G.; Hasivirwe Vakaniaki, E.; Fernandez Nunez, N.; Pratt, C. B.; Akil Bandali, P.; Makangara Cigolo, J.-C.; Hoff, N. A.; Sabiti Nundu, S.; Mulopo Mukanya, N.; Ngimba, M.; Modrada Madakpa, B.; Diavita, R.; Paku Tshambu, P.; Pukuta Simbu, E.; Merritt, S.; O'Toole, A.; Low, N.; Nkuba Ndaye, A.; Kavunga Membo, H.; Shongo, R.; Malembi, E.; Kalonji, T.; Kacita, C.; Lokilo Lofiko, E.; Kavira Bapitani, S.; Rilia, O.; Muswamba, P.-C.; Muyembe Mawete, F.; Lumembe, R.; Kabamba, G.; Kenye, M.; Citenga, A.; Cikaya, F.; Yungwe, Z.; Matondo, M.; Kasongo, F.; Tshiminyi, P.; Bulabula, J.; Nkawa, F.; Muhindo Milonde, E.; Kavira Kamaliro, A.; Paluku Kalimuli, Z.; Bodisa Matamu, T.; Mubalama Mufungizi, J.; Wiley, M. R.; Devos, E.; Bangwen, E.; Brosius, I.; Parker, E.; Pilarowski, G.; Liesenborghs, L.; Wawina Bokalanga, T.; Vercauteren, K.; Mukadi Bamuleka, D.; Subissi, L.; Muyembe, J.-J.; Kindrachuk, J.; Guichet, E.; Ayouba, A.; Rambaut, A.; Delaporte, E.; Tessema, S. K.; D'Ortenzio, E.; Rimoin, A. W.; Hensley, L. E.; Mbala Kingebeni, P.; Peeters, M.; Ahuka Mundeke, S."
PP_000SUA1,Ia,None,Democratic Republic of the Congo,"Tshopo,Yakusu",2024-02-14,196219,0.8994924166746954,2024-12-09,"Kinganda Lusamaki, E.; Amuri Aziza, A.; Luakanda Ndelemo, G.; Hasivirwe Vakaniaki, E.; Fernandez Nunez, N.; Pratt, C. B.; Akil Bandali, P.; Makangara Cigolo, J.-C.; Hoff, N. A.; Sabiti Nundu, S.; Mulopo Mukanya, N.; Ngimba, M.; Modrada Madakpa, B.; Diavita, R.; Paku Tshambu, P.; Pukuta Simbu, E.; Merritt, S.; O'Toole, A.; Low, N.; Nkuba Ndaye, A.; Kavunga Membo, H.; Shongo, R.; Malembi, E.; Kalonji, T.; Kacita, C.; Lokilo Lofiko, E.; Kavira Bapitani, S.; Rilia, O.; Muswamba, P.-C.; Muyembe Mawete, F.; Lumembe, R.; Kabamba, G.; Kenye, M.; Citenga, A.; Cikaya, F.; Yungwe, Z.; Matondo, M.; Kasongo, F.; Tshiminyi, P.; Bulabula, J.; Nkawa, F.; Muhindo Milonde, E.; Kavira Kamaliro, A.; Paluku Kalimuli, Z.; Bodisa Matamu, T.; Mubalama Mufungizi, J.; Wiley, M. R.; Devos, E.; Bangwen, E.; Brosius, I.; Parker, E.; Pilarowski, G.; Liesenborghs, L.; Wawina Bokalanga, T.; Vercauteren, K.; Mukadi Bamuleka, D.; Subissi, L.; Muyembe, J.-J.; Kindrachuk, J.; Guichet, E.; Ayouba, A.; Rambaut, A.; Delaporte, E.; Tessema, S. K.; D'Ortenzio, E.; Rimoin, A. W.; Hensley, L. E.; Mbala Kingebeni, P.; Peeters, M.; Ahuka Mundeke, S."
PP_000SUBZ,Ia,None,Democratic Republic of the Congo,"Tshopo,Yaleko",2024-02-14,196497,0.9805739088986812,2024-12-09,"Kinganda Lusamaki, E.; Amuri Aziza, A.; Luakanda Ndelemo, G.; Hasivirwe Vakaniaki, E.; Fernandez Nunez, N.; Pratt, C. B.; Akil Bandali, P.; Makangara Cigolo, J.-C.; Hoff, N. A.; Sabiti Nundu, S.; Mulopo Mukanya, N.; Ngimba, M.; Modrada Madakpa, B.; Diavita, R.; Paku Tshambu, P.; Pukuta Simbu, E.; Merritt, S.; O'Toole, A.; Low, N.; Nkuba Ndaye, A.; Kavunga Membo, H.; Shongo, R.; Malembi, E.; Kalonji, T.; Kacita, C.; Lokilo Lofiko, E.; Kavira Bapitani, S.; Rilia, O.; Muswamba, P.-C.; Muyembe Mawete, F.; Lumembe, R.; Kabamba, G.; Kenye, M.; Citenga, A.; Cikaya, F.; Yungwe, Z.; Matondo, M.; Kasongo, F.; Tshiminyi, P.; Bulabula, J.; Nkawa, F.; Muhindo Milonde, E.; Kavira Kamaliro, A.; Paluku Kalimuli, Z.; Bodisa Matamu, T.; Mubalama Mufungizi, J.; Wiley, M. R.; Devos, E.; Bangwen, E.; Brosius, I.; Parker, E.; Pilarowski, G.; Liesenborghs, L.; Wawina Bokalanga, T.; Vercauteren, K.; Mukadi Bamuleka, D.; Subissi, L.; Muyembe, J.-J.; Kindrachuk, J.; Guichet, E.; Ayouba, A.; Rambaut, A.; Delaporte, E.; Tessema, S. K.; D'Ortenzio, E.; Rimoin, A. W.; Hensley, L. E.; Mbala Kingebeni, P.; Peeters, M.; Ahuka Mundeke, S."
PP_000SUCX,Ia,None,Democratic Republic of the Congo,"Tshopo,Yakusu",2024-02-05,196548,0.9860249785760284,2024-12-09,"Kinganda Lusamaki, E.; Amuri Aziza, A.; Luakanda Ndelemo, G.; Hasivirwe Vakaniaki, E.; Fernandez Nunez, N.; Pratt, C. B.; Akil Bandali, P.; Makangara Cigolo, J.-C.; Hoff, N. A.; Sabiti Nundu, S.; Mulopo Mukanya, N.; Ngimba, M.; Modrada Madakpa, B.; Diavita, R.; Paku Tshambu, P.; Pukuta Simbu, E.; Merritt, S.; O'Toole, A.; Low, N.; Nkuba Ndaye, A.; Kavunga Membo, H.; Shongo, R.; Malembi, E.; Kalonji, T.; Kacita, C.; Lokilo Lofiko, E.; Kavira Bapitani, S.; Rilia, O.; Muswamba, P.-C.; Muyembe Mawete, F.; Lumembe, R.; Kabamba, G.; Kenye, M.; Citenga, A.; Cikaya, F.; Yungwe, Z.; Matondo, M.; Kasongo, F.; Tshiminyi, P.; Bulabula, J.; Nkawa, F.; Muhindo Milonde, E.; Kavira Kamaliro, A.; Paluku Kalimuli, Z.; Bodisa Matamu, T.; Mubalama Mufungizi, J.; Wiley, M. R.; Devos, E.; Bangwen, E.; Brosius, I.; Parker, E.; Pilarowski, G.; Liesenborghs, L.; Wawina Bokalanga, T.; Vercauteren, K.; Mukadi Bamuleka, D.; Subissi, L.; Muyembe, J.-J.; Kindrachuk, J.; Guichet, E.; Ayouba, A.; Rambaut, A.; Delaporte, E.; Tessema, S. K.; D'Ortenzio, E.; Rimoin, A. W.; Hensley, L. E.; Mbala Kingebeni, P.; Peeters, M.; Ahuka Mundeke, S."
PP_000SUDV,Ia,None,Democratic Republic of the Congo,"Tshopo,Yakusu",2024-02-14,196591,0.9674000679482174,2024-12-09,"Kinganda Lusamaki, E.; Amuri Aziza, A.; Luakanda Ndelemo, G.; Hasivirwe Vakaniaki, E.; Fernandez Nunez, N.; Pratt, C. B.; Akil Bandali, P.; Makangara Cigolo, J.-C.; Hoff, N. A.; Sabiti Nundu, S.; Mulopo Mukanya, N.; Ngimba, M.; Modrada Madakpa, B.; Diavita, R.; Paku Tshambu, P.; Pukuta Simbu, E.; Merritt, S.; O'Toole, A.; Low, N.; Nkuba Ndaye, A.; Kavunga Membo, H.; Shongo, R.; Malembi, E.; Kalonji, T.; Kacita, C.; Lokilo Lofiko, E.; Kavira Bapitani, S.; Rilia, O.; Muswamba, P.-C.; Muyembe Mawete, F.; Lumembe, R.; Kabamba, G.; Kenye, M.; Citenga, A.; Cikaya, F.; Yungwe, Z.; Matondo, M.; Kasongo, F.; Tshiminyi, P.; Bulabula, J.; Nkawa, F.; Muhindo Milonde, E.; Kavira Kamaliro, A.; Paluku Kalimuli, Z.; Bodisa Matamu, T.; Mubalama Mufungizi, J.; Wiley, M. R.; Devos, E.; Bangwen, E.; Brosius, I.; Parker, E.; Pilarowski, G.; Liesenborghs, L.; Wawina Bokalanga, T.; Vercauteren, K.; Mukadi Bamuleka, D.; Subissi, L.; Muyembe, J.-J.; Kindrachuk, J.; Guichet, E.; Ayouba, A.; Rambaut, A.; Delaporte, E.; Tessema, S. K.; D'Ortenzio, E.; Rimoin, A. W.; Hensley, L. E.; Mbala Kingebeni, P.; Peeters, M.; Ahuka Mundeke, S."
PP_000SUET,Ia,None,Democratic Republic of the Congo,"Equateur,Bikoro",2024-02-29,194668,0.7712274794760888,2024-12-09,"Kinganda Lusamaki, E.; Amuri Aziza, A.; Luakanda Ndelemo, G.; Hasivirwe Vakaniaki, E.; Fernandez Nunez, N.; Pratt, C. B.; Akil Bandali, P.; Makangara Cigolo, J.-C.; Hoff, N. A.; Sabiti Nundu, S.; Mulopo Mukanya, N.; Ngimba, M.; Modrada Madakpa, B.; Diavita, R.; Paku Tshambu, P.; Pukuta Simbu, E.; Merritt, S.; O'Toole, A.; Low, N.; Nkuba Ndaye, A.; Kavunga Membo, H.; Shongo, R.; Malembi, E.; Kalonji, T.; Kacita, C.; Lokilo Lofiko, E.; Kavira Bapitani, S.; Rilia, O.; Muswamba, P.-C.; Muyembe Mawete, F.; Lumembe, R.; Kabamba, G.; Kenye, M.; Citenga, A.; Cikaya, F.; Yungwe, Z.; Matondo, M.; Kasongo, F.; Tshiminyi, P.; Bulabula, J.; Nkawa, F.; Muhindo Milonde, E.; Kavira Kamaliro, A.; Paluku Kalimuli, Z.; Bodisa Matamu, T.; Mubalama Mufungizi, J.; Wiley, M. R.; Devos, E.; Bangwen, E.; Brosius, I.; Parker, E.; Pilarowski, G.; Liesenborghs, L.; Wawina Bokalanga, T.; Vercauteren, K.; Mukadi Bamuleka, D.; Subissi, L.; Muyembe, J.-J.; Kindrachuk, J.; Guichet, E.; Ayouba, A.; Rambaut, A.; Delaporte, E.; Tessema, S. K.; D'Ortenzio, E.; Rimoin, A. W.; Hensley, L. E.; Mbala Kingebeni, P.; Peeters, M.; Ahuka Mundeke, S."
PP_000SUFR,Ia,None,Democratic Republic of the Congo,"Equateur,Bikoro",2024-02-29,196209,0.8888894523069434,2024-12-09,"Kinganda Lusamaki, E.; Amuri Aziza, A.; Luakanda Ndelemo, G.; Hasivirwe Vakaniaki, E.; Fernandez Nunez, N.; Pratt, C. B.; Akil Bandali, P.; Makangara Cigolo, J.-C.; Hoff, N. A.; Sabiti Nundu, S.; Mulopo Mukanya, N.; Ngimba, M.; Modrada Madakpa, B.; Diavita, R.; Paku Tshambu, P.; Pukuta Simbu, E.; Merritt, S.; O'Toole, A.; Low, N.; Nkuba Ndaye, A.; Kavunga Membo, H.; Shongo, R.; Malembi, E.; Kalonji, T.; Kacita, C.; Lokilo Lofiko, E.; Kavira Bapitani, S.; Rilia, O.; Muswamba, P.-C.; Muyembe Mawete, F.; Lumembe, R.; Kabamba, G.; Kenye, M.; Citenga, A.; Cikaya, F.; Yungwe, Z.; Matondo, M.; Kasongo, F.; Tshiminyi, P.; Bulabula, J.; Nkawa, F.; Muhindo Milonde, E.; Kavira Kamaliro, A.; Paluku Kalimuli, Z.; Bodisa Matamu, T.; Mubalama Mufungizi, J.; Wiley, M. R.; Devos, E.; Bangwen, E.; Brosius, I.; Parker, E.; Pilarowski, G.; Liesenborghs, L.; Wawina Bokalanga, T.; Vercauteren, K.; Mukadi Bamuleka, D.; Subissi, L.; Muyembe, J.-J.; Kindrachuk, J.; Guichet, E.; Ayouba, A.; Rambaut, A.; Delaporte, E.; Tessema, S. K.; D'Ortenzio, E.; Rimoin, A. W.; Hensley, L. E.; Mbala Kingebeni, P.; Peeters, M.; Ahuka Mundeke, S."
PP_000SUGP,Ia,None,Democratic Republic of the Congo,"Equateur,Bikoro",2024-02-26,195153,0.8175032579649002,2024-12-09,"Kinganda Lusamaki, E.; Amuri Aziza, A.; Luakanda Ndelemo, G.; Hasivirwe Vakaniaki, E.; Fernandez Nunez, N.; Pratt, C. B.; Akil Bandali, P.; Makangara Cigolo, J.-C.; Hoff, N. A.; Sabiti Nundu, S.; Mulopo Mukanya, N.; Ngimba, M.; Modrada Madakpa, B.; Diavita, R.; Paku Tshambu, P.; Pukuta Simbu, E.; Merritt, S.; O'Toole, A.; Low, N.; Nkuba Ndaye, A.; Kavunga Membo, H.; Shongo, R.; Malembi, E.; Kalonji, T.; Kacita, C.; Lokilo Lofiko, E.; Kavira Bapitani, S.; Rilia, O.; Muswamba, P.-C.; Muyembe Mawete, F.; Lumembe, R.; Kabamba, G.; Kenye, M.; Citenga, A.; Cikaya, F.; Yungwe, Z.; Matondo, M.; Kasongo, F.; Tshiminyi, P.; Bulabula, J.; Nkawa, F.; Muhindo Milonde, E.; Kavira Kamaliro, A.; Paluku Kalimuli, Z.; Bodisa Matamu, T.; Mubalama Mufungizi, J.; Wiley, M. R.; Devos, E.; Bangwen, E.; Brosius, I.; Parker, E.; Pilarowski, G.; Liesenborghs, L.; Wawina Bokalanga, T.; Vercauteren, K.; Mukadi Bamuleka, D.; Subissi, L.; Muyembe, J.-J.; Kindrachuk, J.; Guichet, E.; Ayouba, A.; Rambaut, A.; Delaporte, E.; Tessema, S. K.; D'Ortenzio, E.; Rimoin, A. W.; Hensley, L. E.; Mbala Kingebeni, P.; Peeters, M.; Ahuka Mundeke, S."
PP_000SUHL,Ia,None,Democratic Republic of the Congo,"Equateur,Bikoro",2024-02-26,196637,0.988357529321684,2024-12-09,"Kinganda Lusamaki, E.; Amuri Aziza, A.; Luakanda Ndelemo, G.; Hasivirwe Vakaniaki, E.; Fernandez Nunez, N.; Pratt, C. B.; Akil Bandali, P.; Makangara Cigolo, J.-C.; Hoff, N. A.; Sabiti Nundu, S.; Mulopo Mukanya, N.; Ngimba, M.; Modrada Madakpa, B.; Diavita, R.; Paku Tshambu, P.; Pukuta Simbu, E.; Merritt, S.; O'Toole, A.; Low, N.; Nkuba Ndaye, A.; Kavunga Membo, H.; Shongo, R.; Malembi, E.; Kalonji, T.; Kacita, C.; Lokilo Lofiko, E.; Kavira Bapitani, S.; Rilia, O.; Muswamba, P.-C.; Muyembe Mawete, F.; Lumembe, R.; Kabamba, G.; Kenye, M.; Citenga, A.; Cikaya, F.; Yungwe, Z.; Matondo, M.; Kasongo, F.; Tshiminyi, P.; Bulabula, J.; Nkawa, F.; Muhindo Milonde, E.; Kavira Kamaliro, A.; Paluku Kalimuli, Z.; Bodisa Matamu, T.; Mubalama Mufungizi, J.; Wiley, M. R.; Devos, E.; Bangwen, E.; Brosius, I.; Parker, E.; Pilarowski, G.; Liesenborghs, L.; Wawina Bokalanga, T.; Vercauteren, K.; Mukadi Bamuleka, D.; Subissi, L.; Muyembe, J.-J.; Kindrachuk, J.; Guichet, E.; Ayouba, A.; Rambaut, A.; Delaporte, E.; Tessema, S. K.; D'Ortenzio, E.; Rimoin, A. W.; Hensley, L. E.; Mbala Kingebeni, P.; Peeters, M.; Ahuka Mundeke, S."
PP_000SUJJ,Ia,None,Democratic Republic of the Congo,"Equateur,Bikoro",2024-02-18,196237,0.9116571758895384,2024-12-09,"Kinganda Lusamaki, E.; Amuri Aziza, A.; Luakanda Ndelemo, G.; Hasivirwe Vakaniaki, E.; Fernandez Nunez, N.; Pratt, C. B.; Akil Bandali, P.; Makangara Cigolo, J.-C.; Hoff, N. A.; Sabiti Nundu, S.; Mulopo Mukanya, N.; Ngimba, M.; Modrada Madakpa, B.; Diavita, R.; Paku Tshambu, P.; Pukuta Simbu, E.; Merritt, S.; O'Toole, A.; Low, N.; Nkuba Ndaye, A.; Kavunga Membo, H.; Shongo, R.; Malembi, E.; Kalonji, T.; Kacita, C.; Lokilo Lofiko, E.; Kavira Bapitani, S.; Rilia, O.; Muswamba, P.-C.; Muyembe Mawete, F.; Lumembe, R.; Kabamba, G.; Kenye, M.; Citenga, A.; Cikaya, F.; Yungwe, Z.; Matondo, M.; Kasongo, F.; Tshiminyi, P.; Bulabula, J.; Nkawa, F.; Muhindo Milonde, E.; Kavira Kamaliro, A.; Paluku Kalimuli, Z.; Bodisa Matamu, T.; Mubalama Mufungizi, J.; Wiley, M. R.; Devos, E.; Bangwen, E.; Brosius, I.; Parker, E.; Pilarowski, G.; Liesenborghs, L.; Wawina Bokalanga, T.; Vercauteren, K.; Mukadi Bamuleka, D.; Subissi, L.; Muyembe, J.-J.; Kindrachuk, J.; Guichet, E.; Ayouba, A.; Rambaut, A.; Delaporte, E.; Tessema, S. K.; D'Ortenzio, E.; Rimoin, A. W.; Hensley, L. E.; Mbala Kingebeni, P.; Peeters, M.; Ahuka Mundeke, S."
PP_000SUKG,Ia,None,Democratic Republic of the Congo,"Sud-Ubangi,Bangabola",2024-02-25,196585,0.9641598507167524,2024-12-09,"Kinganda Lusamaki, E.; Amuri Aziza, A.; Luakanda Ndelemo, G.; Hasivirwe Vakaniaki, E.; Fernandez Nunez, N.; Pratt, C. B.; Akil Bandali, P.; Makangara Cigolo, J.-C.; Hoff, N. A.; Sabiti Nundu, S.; Mulopo Mukanya, N.; Ngimba, M.; Modrada Madakpa, B.; Diavita, R.; Paku Tshambu, P.; Pukuta Simbu, E.; Merritt, S.; O'Toole, A.; Low, N.; Nkuba Ndaye, A.; Kavunga Membo, H.; Shongo, R.; Malembi, E.; Kalonji, T.; Kacita, C.; Lokilo Lofiko, E.; Kavira Bapitani, S.; Rilia, O.; Muswamba, P.-C.; Muyembe Mawete, F.; Lumembe, R.; Kabamba, G.; Kenye, M.; Citenga, A.; Cikaya, F.; Yungwe, Z.; Matondo, M.; Kasongo, F.; Tshiminyi, P.; Bulabula, J.; Nkawa, F.; Muhindo Milonde, E.; Kavira Kamaliro, A.; Paluku Kalimuli, Z.; Bodisa Matamu, T.; Mubalama Mufungizi, J.; Wiley, M. R.; Devos, E.; Bangwen, E.; Brosius, I.; Parker, E.; Pilarowski, G.; Liesenborghs, L.; Wawina Bokalanga, T.; Vercauteren, K.; Mukadi Bamuleka, D.; Subissi, L.; Muyembe, J.-J.; Kindrachuk, J.; Guichet, E.; Ayouba, A.; Rambaut, A.; Delaporte, E.; Tessema, S. K.; D'Ortenzio, E.; Rimoin, A. W.; Hensley, L. E.; Mbala Kingebeni, P.; Peeters, M.; Ahuka Mundeke, S."
PP_000SULE,Ia,None,Democratic Republic of the Congo,"Sud-Ubangi,Bokungu",2024-02-10,192490,0.7041108671510935,2024-12-09,"Kinganda Lusamaki, E.; Amuri Aziza, A.; Luakanda Ndelemo, G.; Hasivirwe Vakaniaki, E.; Fernandez Nunez, N.; Pratt, C. B.; Akil Bandali, P.; Makangara Cigolo, J.-C.; Hoff, N. A.; Sabiti Nundu, S.; Mulopo Mukanya, N.; Ngimba, M.; Modrada Madakpa, B.; Diavita, R.; Paku Tshambu, P.; Pukuta Simbu, E.; Merritt, S.; O'Toole, A.; Low, N.; Nkuba Ndaye, A.; Kavunga Membo, H.; Shongo, R.; Malembi, E.; Kalonji, T.; Kacita, C.; Lokilo Lofiko, E.; Kavira Bapitani, S.; Rilia, O.; Muswamba, P.-C.; Muyembe Mawete, F.; Lumembe, R.; Kabamba, G.; Kenye, M.; Citenga, A.; Cikaya, F.; Yungwe, Z.; Matondo, M.; Kasongo, F.; Tshiminyi, P.; Bulabula, J.; Nkawa, F.; Muhindo Milonde, E.; Kavira Kamaliro, A.; Paluku Kalimuli, Z.; Bodisa Matamu, T.; Mubalama Mufungizi, J.; Wiley, M. R.; Devos, E.; Bangwen, E.; Brosius, I.; Parker, E.; Pilarowski, G.; Liesenborghs, L.; Wawina Bokalanga, T.; Vercauteren, K.; Mukadi Bamuleka, D.; Subissi, L.; Muyembe, J.-J.; Kindrachuk, J.; Guichet, E.; Ayouba, A.; Rambaut, A.; Delaporte, E.; Tessema, S. K.; D'Ortenzio, E.; Rimoin, A. W.; Hensley, L. E.; Mbala Kingebeni, P.; Peeters, M.; Ahuka Mundeke, S."
PP_000SUMC,Ia,None,Democratic Republic of the Congo,"Sud-Ubangi,Ndage",2024-02-24,195977,0.889350891693584,2024-12-09,"Kinganda Lusamaki, E.; Amuri Aziza, A.; Luakanda Ndelemo, G.; Hasivirwe Vakaniaki, E.; Fernandez Nunez, N.; Pratt, C. B.; Akil Bandali, P.; Makangara Cigolo, J.-C.; Hoff, N. A.; Sabiti Nundu, S.; Mulopo Mukanya, N.; Ngimba, M.; Modrada Madakpa, B.; Diavita, R.; Paku Tshambu, P.; Pukuta Simbu, E.; Merritt, S.; O'Toole, A.; Low, N.; Nkuba Ndaye, A.; Kavunga Membo, H.; Shongo, R.; Malembi, E.; Kalonji, T.; Kacita, C.; Lokilo Lofiko, E.; Kavira Bapitani, S.; Rilia, O.; Muswamba, P.-C.; Muyembe Mawete, F.; Lumembe, R.; Kabamba, G.; Kenye, M.; Citenga, A.; Cikaya, F.; Yungwe, Z.; Matondo, M.; Kasongo, F.; Tshiminyi, P.; Bulabula, J.; Nkawa, F.; Muhindo Milonde, E.; Kavira Kamaliro, A.; Paluku Kalimuli, Z.; Bodisa Matamu, T.; Mubalama Mufungizi, J.; Wiley, M. R.; Devos, E.; Bangwen, E.; Brosius, I.; Parker, E.; Pilarowski, G.; Liesenborghs, L.; Wawina Bokalanga, T.; Vercauteren, K.; Mukadi Bamuleka, D.; Subissi, L.; Muyembe, J.-J.; Kindrachuk, J.; Guichet, E.; Ayouba, A.; Rambaut, A.; Delaporte, E.; Tessema, S. K.; D'Ortenzio, E.; Rimoin, A. W.; Hensley, L. E.; Mbala Kingebeni, P.; Peeters, M.; Ahuka Mundeke, S."
PP_000SUNA,Ia,None,Democratic Republic of the Congo,"Sud-Ubangi,Budjala",2024-02-22,196813,0.9992444563889072,2024-12-09,"Kinganda Lusamaki, E.; Amuri Aziza, A.; Luakanda Ndelemo, G.; Hasivirwe Vakaniaki, E.; Fernandez Nunez, N.; Pratt, C. B.; Akil Bandali, P.; Makangara Cigolo, J.-C.; Hoff, N. A.; Sabiti Nundu, S.; Mulopo Mukanya, N.; Ngimba, M.; Modrada Madakpa, B.; Diavita, R.; Paku Tshambu, P.; Pukuta Simbu, E.; Merritt, S.; O'Toole, A.; Low, N.; Nkuba Ndaye, A.; Kavunga Membo, H.; Shongo, R.; Malembi, E.; Kalonji, T.; Kacita, C.; Lokilo Lofiko, E.; Kavira Bapitani, S.; Rilia, O.; Muswamba, P.-C.; Muyembe Mawete, F.; Lumembe, R.; Kabamba, G.; Kenye, M.; Citenga, A.; Cikaya, F.; Yungwe, Z.; Matondo, M.; Kasongo, F.; Tshiminyi, P.; Bulabula, J.; Nkawa, F.; Muhindo Milonde, E.; Kavira Kamaliro, A.; Paluku Kalimuli, Z.; Bodisa Matamu, T.; Mubalama Mufungizi, J.; Wiley, M. R.; Devos, E.; Bangwen, E.; Brosius, I.; Parker, E.; Pilarowski, G.; Liesenborghs, L.; Wawina Bokalanga, T.; Vercauteren, K.; Mukadi Bamuleka, D.; Subissi, L.; Muyembe, J.-J.; Kindrachuk, J.; Guichet, E.; Ayouba, A.; Rambaut, A.; Delaporte, E.; Tessema, S. K.; D'Ortenzio, E.; Rimoin, A. W.; Hensley, L. E.; Mbala Kingebeni, P.; Peeters, M.; Ahuka Mundeke, S."
PP_000SUP8,Ia,None,Democratic Republic of the Congo,"Tshopo,Yakusu",2024-03-10,195004,0.829409408292725,2024-12-09,"Kinganda Lusamaki, E.; Amuri Aziza, A.; Luakanda Ndelemo, G.; Hasivirwe Vakaniaki, E.; Fernandez Nunez, N.; Pratt, C. B.; Akil Bandali, P.; Makangara Cigolo, J.-C.; Hoff, N. A.; Sabiti Nundu, S.; Mulopo Mukanya, N.; Ngimba, M.; Modrada Madakpa, B.; Diavita, R.; Paku Tshambu, P.; Pukuta Simbu, E.; Merritt, S.; O'Toole, A.; Low, N.; Nkuba Ndaye, A.; Kavunga Membo, H.; Shongo, R.; Malembi, E.; Kalonji, T.; Kacita, C.; Lokilo Lofiko, E.; Kavira Bapitani, S.; Rilia, O.; Muswamba, P.-C.; Muyembe Mawete, F.; Lumembe, R.; Kabamba, G.; Kenye, M.; Citenga, A.; Cikaya, F.; Yungwe, Z.; Matondo, M.; Kasongo, F.; Tshiminyi, P.; Bulabula, J.; Nkawa, F.; Muhindo Milonde, E.; Kavira Kamaliro, A.; Paluku Kalimuli, Z.; Bodisa Matamu, T.; Mubalama Mufungizi, J.; Wiley, M. R.; Devos, E.; Bangwen, E.; Brosius, I.; Parker, E.; Pilarowski, G.; Liesenborghs, L.; Wawina Bokalanga, T.; Vercauteren, K.; Mukadi Bamuleka, D.; Subissi, L.; Muyembe, J.-J.; Kindrachuk, J.; Guichet, E.; Ayouba, A.; Rambaut, A.; Delaporte, E.; Tessema, S. K.; D'Ortenzio, E.; Rimoin, A. W.; Hensley, L. E.; Mbala Kingebeni, P.; Peeters, M.; Ahuka Mundeke, S."
PP_000SUQ6,Ia,None,Democratic Republic of the Congo,"Equateur,Lukolela",2024-03-11,195176,0.8137356814344173,2024-12-09,"Kinganda Lusamaki, E.; Amuri Aziza, A.; Luakanda Ndelemo, G.; Hasivirwe Vakaniaki, E.; Fernandez Nunez, N.; Pratt, C. B.; Akil Bandali, P.; Makangara Cigolo, J.-C.; Hoff, N. A.; Sabiti Nundu, S.; Mulopo Mukanya, N.; Ngimba, M.; Modrada Madakpa, B.; Diavita, R.; Paku Tshambu, P.; Pukuta Simbu, E.; Merritt, S.; O'Toole, A.; Low, N.; Nkuba Ndaye, A.; Kavunga Membo, H.; Shongo, R.; Malembi, E.; Kalonji, T.; Kacita, C.; Lokilo Lofiko, E.; Kavira Bapitani, S.; Rilia, O.; Muswamba, P.-C.; Muyembe Mawete, F.; Lumembe, R.; Kabamba, G.; Kenye, M.; Citenga, A.; Cikaya, F.; Yungwe, Z.; Matondo, M.; Kasongo, F.; Tshiminyi, P.; Bulabula, J.; Nkawa, F.; Muhindo Milonde, E.; Kavira Kamaliro, A.; Paluku Kalimuli, Z.; Bodisa Matamu, T.; Mubalama Mufungizi, J.; Wiley, M. R.; Devos, E.; Bangwen, E.; Brosius, I.; Parker, E.; Pilarowski, G.; Liesenborghs, L.; Wawina Bokalanga, T.; Vercauteren, K.; Mukadi Bamuleka, D.; Subissi, L.; Muyembe, J.-J.; Kindrachuk, J.; Guichet, E.; Ayouba, A.; Rambaut, A.; Delaporte, E.; Tessema, S. K.; D'Ortenzio, E.; Rimoin, A. W.; Hensley, L. E.; Mbala Kingebeni, P.; Peeters, M.; Ahuka Mundeke, S."
PP_000SUR4,Ia,None,Democratic Republic of the Congo,"Equateur,Lukolela",2024-03-11,195214,0.8574811494404414,2024-12-09,"Kinganda Lusamaki, E.; Amuri Aziza, A.; Luakanda Ndelemo, G.; Hasivirwe Vakaniaki, E.; Fernandez Nunez, N.; Pratt, C. B.; Akil Bandali, P.; Makangara Cigolo, J.-C.; Hoff, N. A.; Sabiti Nundu, S.; Mulopo Mukanya, N.; Ngimba, M.; Modrada Madakpa, B.; Diavita, R.; Paku Tshambu, P.; Pukuta Simbu, E.; Merritt, S.; O'Toole, A.; Low, N.; Nkuba Ndaye, A.; Kavunga Membo, H.; Shongo, R.; Malembi, E.; Kalonji, T.; Kacita, C.; Lokilo Lofiko, E.; Kavira Bapitani, S.; Rilia, O.; Muswamba, P.-C.; Muyembe Mawete, F.; Lumembe, R.; Kabamba, G.; Kenye, M.; Citenga, A.; Cikaya, F.; Yungwe, Z.; Matondo, M.; Kasongo, F.; Tshiminyi, P.; Bulabula, J.; Nkawa, F.; Muhindo Milonde, E.; Kavira Kamaliro, A.; Paluku Kalimuli, Z.; Bodisa Matamu, T.; Mubalama Mufungizi, J.; Wiley, M. R.; Devos, E.; Bangwen, E.; Brosius, I.; Parker, E.; Pilarowski, G.; Liesenborghs, L.; Wawina Bokalanga, T.; Vercauteren, K.; Mukadi Bamuleka, D.; Subissi, L.; Muyembe, J.-J.; Kindrachuk, J.; Guichet, E.; Ayouba, A.; Rambaut, A.; Delaporte, E.; Tessema, S. K.; D'Ortenzio, E.; Rimoin, A. W.; Hensley, L. E.; Mbala Kingebeni, P.; Peeters, M.; Ahuka Mundeke, S."
PP_000SUS2,Ia,None,Democratic Republic of the Congo,"Equateur,Ntondo",2024-03-04,195234,0.8722370682879584,2024-12-09,"Kinganda Lusamaki, E.; Amuri Aziza, A.; Luakanda Ndelemo, G.; Hasivirwe Vakaniaki, E.; Fernandez Nunez, N.; Pratt, C. B.; Akil Bandali, P.; Makangara Cigolo, J.-C.; Hoff, N. A.; Sabiti Nundu, S.; Mulopo Mukanya, N.; Ngimba, M.; Modrada Madakpa, B.; Diavita, R.; Paku Tshambu, P.; Pukuta Simbu, E.; Merritt, S.; O'Toole, A.; Low, N.; Nkuba Ndaye, A.; Kavunga Membo, H.; Shongo, R.; Malembi, E.; Kalonji, T.; Kacita, C.; Lokilo Lofiko, E.; Kavira Bapitani, S.; Rilia, O.; Muswamba, P.-C.; Muyembe Mawete, F.; Lumembe, R.; Kabamba, G.; Kenye, M.; Citenga, A.; Cikaya, F.; Yungwe, Z.; Matondo, M.; Kasongo, F.; Tshiminyi, P.; Bulabula, J.; Nkawa, F.; Muhindo Milonde, E.; Kavira Kamaliro, A.; Paluku Kalimuli, Z.; Bodisa Matamu, T.; Mubalama Mufungizi, J.; Wiley, M. R.; Devos, E.; Bangwen, E.; Brosius, I.; Parker, E.; Pilarowski, G.; Liesenborghs, L.; Wawina Bokalanga, T.; Vercauteren, K.; Mukadi Bamuleka, D.; Subissi, L.; Muyembe, J.-J.; Kindrachuk, J.; Guichet, E.; Ayouba, A.; Rambaut, A.; Delaporte, E.; Tessema, S. K.; D'Ortenzio, E.; Rimoin, A. W.; Hensley, L. E.; Mbala Kingebeni, P.; Peeters, M.; Ahuka Mundeke, S."
PP_000SUT0,Ia,None,Democratic Republic of the Congo,"Equateur,Ntondo",2024-03-04,195130,0.8966375773925125,2024-12-09,"Kinganda Lusamaki, E.; Amuri Aziza, A.; Luakanda Ndelemo, G.; Hasivirwe Vakaniaki, E.; Fernandez Nunez, N.; Pratt, C. B.; Akil Bandali, P.; Makangara Cigolo, J.-C.; Hoff, N. A.; Sabiti Nundu, S.; Mulopo Mukanya, N.; Ngimba, M.; Modrada Madakpa, B.; Diavita, R.; Paku Tshambu, P.; Pukuta Simbu, E.; Merritt, S.; O'Toole, A.; Low, N.; Nkuba Ndaye, A.; Kavunga Membo, H.; Shongo, R.; Malembi, E.; Kalonji, T.; Kacita, C.; Lokilo Lofiko, E.; Kavira Bapitani, S.; Rilia, O.; Muswamba, P.-C.; Muyembe Mawete, F.; Lumembe, R.; Kabamba, G.; Kenye, M.; Citenga, A.; Cikaya, F.; Yungwe, Z.; Matondo, M.; Kasongo, F.; Tshiminyi, P.; Bulabula, J.; Nkawa, F.; Muhindo Milonde, E.; Kavira Kamaliro, A.; Paluku Kalimuli, Z.; Bodisa Matamu, T.; Mubalama Mufungizi, J.; Wiley, M. R.; Devos, E.; Bangwen, E.; Brosius, I.; Parker, E.; Pilarowski, G.; Liesenborghs, L.; Wawina Bokalanga, T.; Vercauteren, K.; Mukadi Bamuleka, D.; Subissi, L.; Muyembe, J.-J.; Kindrachuk, J.; Guichet, E.; Ayouba, A.; Rambaut, A.; Delaporte, E.; Tessema, S. K.; D'Ortenzio, E.; Rimoin, A. W.; Hensley, L. E.; Mbala Kingebeni, P.; Peeters, M.; Ahuka Mundeke, S."
PP_000SUUY,Ia,None,Democratic Republic of the Congo,"Equateur,Ntondo",2024-03-08,195232,0.7548894827315183,2024-12-09,"Kinganda Lusamaki, E.; Amuri Aziza, A.; Luakanda Ndelemo, G.; Hasivirwe Vakaniaki, E.; Fernandez Nunez, N.; Pratt, C. B.; Akil Bandali, P.; Makangara Cigolo, J.-C.; Hoff, N. A.; Sabiti Nundu, S.; Mulopo Mukanya, N.; Ngimba, M.; Modrada Madakpa, B.; Diavita, R.; Paku Tshambu, P.; Pukuta Simbu, E.; Merritt, S.; O'Toole, A.; Low, N.; Nkuba Ndaye, A.; Kavunga Membo, H.; Shongo, R.; Malembi, E.; Kalonji, T.; Kacita, C.; Lokilo Lofiko, E.; Kavira Bapitani, S.; Rilia, O.; Muswamba, P.-C.; Muyembe Mawete, F.; Lumembe, R.; Kabamba, G.; Kenye, M.; Citenga, A.; Cikaya, F.; Yungwe, Z.; Matondo, M.; Kasongo, F.; Tshiminyi, P.; Bulabula, J.; Nkawa, F.; Muhindo Milonde, E.; Kavira Kamaliro, A.; Paluku Kalimuli, Z.; Bodisa Matamu, T.; Mubalama Mufungizi, J.; Wiley, M. R.; Devos, E.; Bangwen, E.; Brosius, I.; Parker, E.; Pilarowski, G.; Liesenborghs, L.; Wawina Bokalanga, T.; Vercauteren, K.; Mukadi Bamuleka, D.; Subissi, L.; Muyembe, J.-J.; Kindrachuk, J.; Guichet, E.; Ayouba, A.; Rambaut, A.; Delaporte, E.; Tessema, S. K.; D'Ortenzio, E.; Rimoin, A. W.; Hensley, L. E.; Mbala Kingebeni, P.; Peeters, M.; Ahuka Mundeke, S."
PP_000SUVW,Ia,None,Democratic Republic of the Congo,"Equateur,Ntondo",2024-03-08,195252,0.9229142686185722,2024-12-09,"Kinganda Lusamaki, E.; Amuri Aziza, A.; Luakanda Ndelemo, G.; Hasivirwe Vakaniaki, E.; Fernandez Nunez, N.; Pratt, C. B.; Akil Bandali, P.; Makangara Cigolo, J.-C.; Hoff, N. A.; Sabiti Nundu, S.; Mulopo Mukanya, N.; Ngimba, M.; Modrada Madakpa, B.; Diavita, R.; Paku Tshambu, P.; Pukuta Simbu, E.; Merritt, S.; O'Toole, A.; Low, N.; Nkuba Ndaye, A.; Kavunga Membo, H.; Shongo, R.; Malembi, E.; Kalonji, T.; Kacita, C.; Lokilo Lofiko, E.; Kavira Bapitani, S.; Rilia, O.; Muswamba, P.-C.; Muyembe Mawete, F.; Lumembe, R.; Kabamba, G.; Kenye, M.; Citenga, A.; Cikaya, F.; Yungwe, Z.; Matondo, M.; Kasongo, F.; Tshiminyi, P.; Bulabula, J.; Nkawa, F.; Muhindo Milonde, E.; Kavira Kamaliro, A.; Paluku Kalimuli, Z.; Bodisa Matamu, T.; Mubalama Mufungizi, J.; Wiley, M. R.; Devos, E.; Bangwen, E.; Brosius, I.; Parker, E.; Pilarowski, G.; Liesenborghs, L.; Wawina Bokalanga, T.; Vercauteren, K.; Mukadi Bamuleka, D.; Subissi, L.; Muyembe, J.-J.; Kindrachuk, J.; Guichet, E.; Ayouba, A.; Rambaut, A.; Delaporte, E.; Tessema, S. K.; D'Ortenzio, E.; Rimoin, A. W.; Hensley, L. E.; Mbala Kingebeni, P.; Peeters, M.; Ahuka Mundeke, S."
PP_000SUWU,Ia,None,Democratic Republic of the Congo,"Equateur,Ntondo",2024-03-08,195250,0.932320533038553,2024-12-09,"Kinganda Lusamaki, E.; Amuri Aziza, A.; Luakanda Ndelemo, G.; Hasivirwe Vakaniaki, E.; Fernandez Nunez, N.; Pratt, C. B.; Akil Bandali, P.; Makangara Cigolo, J.-C.; Hoff, N. A.; Sabiti Nundu, S.; Mulopo Mukanya, N.; Ngimba, M.; Modrada Madakpa, B.; Diavita, R.; Paku Tshambu, P.; Pukuta Simbu, E.; Merritt, S.; O'Toole, A.; Low, N.; Nkuba Ndaye, A.; Kavunga Membo, H.; Shongo, R.; Malembi, E.; Kalonji, T.; Kacita, C.; Lokilo Lofiko, E.; Kavira Bapitani, S.; Rilia, O.; Muswamba, P.-C.; Muyembe Mawete, F.; Lumembe, R.; Kabamba, G.; Kenye, M.; Citenga, A.; Cikaya, F.; Yungwe, Z.; Matondo, M.; Kasongo, F.; Tshiminyi, P.; Bulabula, J.; Nkawa, F.; Muhindo Milonde, E.; Kavira Kamaliro, A.; Paluku Kalimuli, Z.; Bodisa Matamu, T.; Mubalama Mufungizi, J.; Wiley, M. R.; Devos, E.; Bangwen, E.; Brosius, I.; Parker, E.; Pilarowski, G.; Liesenborghs, L.; Wawina Bokalanga, T.; Vercauteren, K.; Mukadi Bamuleka, D.; Subissi, L.; Muyembe, J.-J.; Kindrachuk, J.; Guichet, E.; Ayouba, A.; Rambaut, A.; Delaporte, E.; Tessema, S. K.; D'Ortenzio, E.; Rimoin, A. W.; Hensley, L. E.; Mbala Kingebeni, P.; Peeters, M.; Ahuka Mundeke, S."
PP_000SUXS,Ia,None,Democratic Republic of the Congo,"Equateur,Ntondo",2024-03-13,195187,0.9030875872804992,2024-12-09,"Kinganda Lusamaki, E.; Amuri Aziza, A.; Luakanda Ndelemo, G.; Hasivirwe Vakaniaki, E.; Fernandez Nunez, N.; Pratt, C. B.; Akil Bandali, P.; Makangara Cigolo, J.-C.; Hoff, N. A.; Sabiti Nundu, S.; Mulopo Mukanya, N.; Ngimba, M.; Modrada Madakpa, B.; Diavita, R.; Paku Tshambu, P.; Pukuta Simbu, E.; Merritt, S.; O'Toole, A.; Low, N.; Nkuba Ndaye, A.; Kavunga Membo, H.; Shongo, R.; Malembi, E.; Kalonji, T.; Kacita, C.; Lokilo Lofiko, E.; Kavira Bapitani, S.; Rilia, O.; Muswamba, P.-C.; Muyembe Mawete, F.; Lumembe, R.; Kabamba, G.; Kenye, M.; Citenga, A.; Cikaya, F.; Yungwe, Z.; Matondo, M.; Kasongo, F.; Tshiminyi, P.; Bulabula, J.; Nkawa, F.; Muhindo Milonde, E.; Kavira Kamaliro, A.; Paluku Kalimuli, Z.; Bodisa Matamu, T.; Mubalama Mufungizi, J.; Wiley, M. R.; Devos, E.; Bangwen, E.; Brosius, I.; Parker, E.; Pilarowski, G.; Liesenborghs, L.; Wawina Bokalanga, T.; Vercauteren, K.; Mukadi Bamuleka, D.; Subissi, L.; Muyembe, J.-J.; Kindrachuk, J.; Guichet, E.; Ayouba, A.; Rambaut, A.; Delaporte, E.; Tessema, S. K.; D'Ortenzio, E.; Rimoin, A. W.; Hensley, L. E.; Mbala Kingebeni, P.; Peeters, M.; Ahuka Mundeke, S."
PP_000SUYQ,Ia,None,Democratic Republic of the Congo,"Equateur,Ntondo",2024-03-14,195236,0.9434762105177756,2024-12-09,"Kinganda Lusamaki, E.; Amuri Aziza, A.; Luakanda Ndelemo, G.; Hasivirwe Vakaniaki, E.; Fernandez Nunez, N.; Pratt, C. B.; Akil Bandali, P.; Makangara Cigolo, J.-C.; Hoff, N. A.; Sabiti Nundu, S.; Mulopo Mukanya, N.; Ngimba, M.; Modrada Madakpa, B.; Diavita, R.; Paku Tshambu, P.; Pukuta Simbu, E.; Merritt, S.; O'Toole, A.; Low, N.; Nkuba Ndaye, A.; Kavunga Membo, H.; Shongo, R.; Malembi, E.; Kalonji, T.; Kacita, C.; Lokilo Lofiko, E.; Kavira Bapitani, S.; Rilia, O.; Muswamba, P.-C.; Muyembe Mawete, F.; Lumembe, R.; Kabamba, G.; Kenye, M.; Citenga, A.; Cikaya, F.; Yungwe, Z.; Matondo, M.; Kasongo, F.; Tshiminyi, P.; Bulabula, J.; Nkawa, F.; Muhindo Milonde, E.; Kavira Kamaliro, A.; Paluku Kalimuli, Z.; Bodisa Matamu, T.; Mubalama Mufungizi, J.; Wiley, M. R.; Devos, E.; Bangwen, E.; Brosius, I.; Parker, E.; Pilarowski, G.; Liesenborghs, L.; Wawina Bokalanga, T.; Vercauteren, K.; Mukadi Bamuleka, D.; Subissi, L.; Muyembe, J.-J.; Kindrachuk, J.; Guichet, E.; Ayouba, A.; Rambaut, A.; Delaporte, E.; Tessema, S. K.; D'Ortenzio, E.; Rimoin, A. W.; Hensley, L. E.; Mbala Kingebeni, P.; Peeters, M.; Ahuka Mundeke, S."
PP_000SUZN,Ia,None,Democratic Republic of the Congo,"Equateur,Ntondo",2024-03-15,195272,0.9236698122296648,2024-12-09,"Kinganda Lusamaki, E.; Amuri Aziza, A.; Luakanda Ndelemo, G.; Hasivirwe Vakaniaki, E.; Fernandez Nunez, N.; Pratt, C. B.; Akil Bandali, P.; Makangara Cigolo, J.-C.; Hoff, N. A.; Sabiti Nundu, S.; Mulopo Mukanya, N.; Ngimba, M.; Modrada Madakpa, B.; Diavita, R.; Paku Tshambu, P.; Pukuta Simbu, E.; Merritt, S.; O'Toole, A.; Low, N.; Nkuba Ndaye, A.; Kavunga Membo, H.; Shongo, R.; Malembi, E.; Kalonji, T.; Kacita, C.; Lokilo Lofiko, E.; Kavira Bapitani, S.; Rilia, O.; Muswamba, P.-C.; Muyembe Mawete, F.; Lumembe, R.; Kabamba, G.; Kenye, M.; Citenga, A.; Cikaya, F.; Yungwe, Z.; Matondo, M.; Kasongo, F.; Tshiminyi, P.; Bulabula, J.; Nkawa, F.; Muhindo Milonde, E.; Kavira Kamaliro, A.; Paluku Kalimuli, Z.; Bodisa Matamu, T.; Mubalama Mufungizi, J.; Wiley, M. R.; Devos, E.; Bangwen, E.; Brosius, I.; Parker, E.; Pilarowski, G.; Liesenborghs, L.; Wawina Bokalanga, T.; Vercauteren, K.; Mukadi Bamuleka, D.; Subissi, L.; Muyembe, J.-J.; Kindrachuk, J.; Guichet, E.; Ayouba, A.; Rambaut, A.; Delaporte, E.; Tessema, S. K.; D'Ortenzio, E.; Rimoin, A. W.; Hensley, L. E.; Mbala Kingebeni, P.; Peeters, M.; Ahuka Mundeke, S."
PP_000SV0L,Ia,None,Democratic Republic of the Congo,"Equateur,Lilanga-Bobangi",2024-03-10,195217,0.930119822117652,2024-12-09,"Kinganda Lusamaki, E.; Amuri Aziza, A.; Luakanda Ndelemo, G.; Hasivirwe Vakaniaki, E.; Fernandez Nunez, N.; Pratt, C. B.; Akil Bandali, P.; Makangara Cigolo, J.-C.; Hoff, N. A.; Sabiti Nundu, S.; Mulopo Mukanya, N.; Ngimba, M.; Modrada Madakpa, B.; Diavita, R.; Paku Tshambu, P.; Pukuta Simbu, E.; Merritt, S.; O'Toole, A.; Low, N.; Nkuba Ndaye, A.; Kavunga Membo, H.; Shongo, R.; Malembi, E.; Kalonji, T.; Kacita, C.; Lokilo Lofiko, E.; Kavira Bapitani, S.; Rilia, O.; Muswamba, P.-C.; Muyembe Mawete, F.; Lumembe, R.; Kabamba, G.; Kenye, M.; Citenga, A.; Cikaya, F.; Yungwe, Z.; Matondo, M.; Kasongo, F.; Tshiminyi, P.; Bulabula, J.; Nkawa, F.; Muhindo Milonde, E.; Kavira Kamaliro, A.; Paluku Kalimuli, Z.; Bodisa Matamu, T.; Mubalama Mufungizi, J.; Wiley, M. R.; Devos, E.; Bangwen, E.; Brosius, I.; Parker, E.; Pilarowski, G.; Liesenborghs, L.; Wawina Bokalanga, T.; Vercauteren, K.; Mukadi Bamuleka, D.; Subissi, L.; Muyembe, J.-J.; Kindrachuk, J.; Guichet, E.; Ayouba, A.; Rambaut, A.; Delaporte, E.; Tessema, S. K.; D'Ortenzio, E.; Rimoin, A. W.; Hensley, L. E.; Mbala Kingebeni, P.; Peeters, M.; Ahuka Mundeke, S."
PP_000SV1J,Ia,None,Democratic Republic of the Congo,"Equateur,Mbandaka",2024-03-29,195349,0.8456662728374466,2024-12-09,"Kinganda Lusamaki, E.; Amuri Aziza, A.; Luakanda Ndelemo, G.; Hasivirwe Vakaniaki, E.; Fernandez Nunez, N.; Pratt, C. B.; Akil Bandali, P.; Makangara Cigolo, J.-C.; Hoff, N. A.; Sabiti Nundu, S.; Mulopo Mukanya, N.; Ngimba, M.; Modrada Madakpa, B.; Diavita, R.; Paku Tshambu, P.; Pukuta Simbu, E.; Merritt, S.; O'Toole, A.; Low, N.; Nkuba Ndaye, A.; Kavunga Membo, H.; Shongo, R.; Malembi, E.; Kalonji, T.; Kacita, C.; Lokilo Lofiko, E.; Kavira Bapitani, S.; Rilia, O.; Muswamba, P.-C.; Muyembe Mawete, F.; Lumembe, R.; Kabamba, G.; Kenye, M.; Citenga, A.; Cikaya, F.; Yungwe, Z.; Matondo, M.; Kasongo, F.; Tshiminyi, P.; Bulabula, J.; Nkawa, F.; Muhindo Milonde, E.; Kavira Kamaliro, A.; Paluku Kalimuli, Z.; Bodisa Matamu, T.; Mubalama Mufungizi, J.; Wiley, M. R.; Devos, E.; Bangwen, E.; Brosius, I.; Parker, E.; Pilarowski, G.; Liesenborghs, L.; Wawina Bokalanga, T.; Vercauteren, K.; Mukadi Bamuleka, D.; Subissi, L.; Muyembe, J.-J.; Kindrachuk, J.; Guichet, E.; Ayouba, A.; Rambaut, A.; Delaporte, E.; Tessema, S. K.; D'Ortenzio, E.; Rimoin, A. W.; Hensley, L. E.; Mbala Kingebeni, P.; Peeters, M.; Ahuka Mundeke, S."
PP_000SV2G,Ia,None,Democratic Republic of the Congo,"Equateur,Mbandaka",2024-03-29,195131,0.8859991176873266,2024-12-09,"Kinganda Lusamaki, E.; Amuri Aziza, A.; Luakanda Ndelemo, G.; Hasivirwe Vakaniaki, E.; Fernandez Nunez, N.; Pratt, C. B.; Akil Bandali, P.; Makangara Cigolo, J.-C.; Hoff, N. A.; Sabiti Nundu, S.; Mulopo Mukanya, N.; Ngimba, M.; Modrada Madakpa, B.; Diavita, R.; Paku Tshambu, P.; Pukuta Simbu, E.; Merritt, S.; O'Toole, A.; Low, N.; Nkuba Ndaye, A.; Kavunga Membo, H.; Shongo, R.; Malembi, E.; Kalonji, T.; Kacita, C.; Lokilo Lofiko, E.; Kavira Bapitani, S.; Rilia, O.; Muswamba, P.-C.; Muyembe Mawete, F.; Lumembe, R.; Kabamba, G.; Kenye, M.; Citenga, A.; Cikaya, F.; Yungwe, Z.; Matondo, M.; Kasongo, F.; Tshiminyi, P.; Bulabula, J.; Nkawa, F.; Muhindo Milonde, E.; Kavira Kamaliro, A.; Paluku Kalimuli, Z.; Bodisa Matamu, T.; Mubalama Mufungizi, J.; Wiley, M. R.; Devos, E.; Bangwen, E.; Brosius, I.; Parker, E.; Pilarowski, G.; Liesenborghs, L.; Wawina Bokalanga, T.; Vercauteren, K.; Mukadi Bamuleka, D.; Subissi, L.; Muyembe, J.-J.; Kindrachuk, J.; Guichet, E.; Ayouba, A.; Rambaut, A.; Delaporte, E.; Tessema, S. K.; D'Ortenzio, E.; Rimoin, A. W.; Hensley, L. E.; Mbala Kingebeni, P.; Peeters, M.; Ahuka Mundeke, S."
PP_000SV3E,Ia,None,Democratic Republic of the Congo,"Mongala,Bosondjo",2024-02-04,195205,0.9186852527014489,2024-12-09,"Kinganda Lusamaki, E.; Amuri Aziza, A.; Luakanda Ndelemo, G.; Hasivirwe Vakaniaki, E.; Fernandez Nunez, N.; Pratt, C. B.; Akil Bandali, P.; Makangara Cigolo, J.-C.; Hoff, N. A.; Sabiti Nundu, S.; Mulopo Mukanya, N.; Ngimba, M.; Modrada Madakpa, B.; Diavita, R.; Paku Tshambu, P.; Pukuta Simbu, E.; Merritt, S.; O'Toole, A.; Low, N.; Nkuba Ndaye, A.; Kavunga Membo, H.; Shongo, R.; Malembi, E.; Kalonji, T.; Kacita, C.; Lokilo Lofiko, E.; Kavira Bapitani, S.; Rilia, O.; Muswamba, P.-C.; Muyembe Mawete, F.; Lumembe, R.; Kabamba, G.; Kenye, M.; Citenga, A.; Cikaya, F.; Yungwe, Z.; Matondo, M.; Kasongo, F.; Tshiminyi, P.; Bulabula, J.; Nkawa, F.; Muhindo Milonde, E.; Kavira Kamaliro, A.; Paluku Kalimuli, Z.; Bodisa Matamu, T.; Mubalama Mufungizi, J.; Wiley, M. R.; Devos, E.; Bangwen, E.; Brosius, I.; Parker, E.; Pilarowski, G.; Liesenborghs, L.; Wawina Bokalanga, T.; Vercauteren, K.; Mukadi Bamuleka, D.; Subissi, L.; Muyembe, J.-J.; Kindrachuk, J.; Guichet, E.; Ayouba, A.; Rambaut, A.; Delaporte, E.; Tessema, S. K.; D'Ortenzio, E.; Rimoin, A. W.; Hensley, L. E.; Mbala Kingebeni, P.; Peeters, M.; Ahuka Mundeke, S."
PP_000SV4C,Ia,None,Democratic Republic of the Congo,"Sud-Ubangi,Bulu",2024-03-22,195251,0.9095528094559578,2024-12-09,"Kinganda Lusamaki, E.; Amuri Aziza, A.; Luakanda Ndelemo, G.; Hasivirwe Vakaniaki, E.; Fernandez Nunez, N.; Pratt, C. B.; Akil Bandali, P.; Makangara Cigolo, J.-C.; Hoff, N. A.; Sabiti Nundu, S.; Mulopo Mukanya, N.; Ngimba, M.; Modrada Madakpa, B.; Diavita, R.; Paku Tshambu, P.; Pukuta Simbu, E.; Merritt, S.; O'Toole, A.; Low, N.; Nkuba Ndaye, A.; Kavunga Membo, H.; Shongo, R.; Malembi, E.; Kalonji, T.; Kacita, C.; Lokilo Lofiko, E.; Kavira Bapitani, S.; Rilia, O.; Muswamba, P.-C.; Muyembe Mawete, F.; Lumembe, R.; Kabamba, G.; Kenye, M.; Citenga, A.; Cikaya, F.; Yungwe, Z.; Matondo, M.; Kasongo, F.; Tshiminyi, P.; Bulabula, J.; Nkawa, F.; Muhindo Milonde, E.; Kavira Kamaliro, A.; Paluku Kalimuli, Z.; Bodisa Matamu, T.; Mubalama Mufungizi, J.; Wiley, M. R.; Devos, E.; Bangwen, E.; Brosius, I.; Parker, E.; Pilarowski, G.; Liesenborghs, L.; Wawina Bokalanga, T.; Vercauteren, K.; Mukadi Bamuleka, D.; Subissi, L.; Muyembe, J.-J.; Kindrachuk, J.; Guichet, E.; Ayouba, A.; Rambaut, A.; Delaporte, E.; Tessema, S. K.; D'Ortenzio, E.; Rimoin, A. W.; Hensley, L. E.; Mbala Kingebeni, P.; Peeters, M.; Ahuka Mundeke, S."
PP_000SV5A,Ib,A,Democratic Republic of the Congo,"Sud-Kivu,Kamituga",2023-10-23,195890,0.7622471591053147,2024-12-09,"Kinganda Lusamaki, E.; Amuri Aziza, A.; Luakanda Ndelemo, G.; Hasivirwe Vakaniaki, E.; Fernandez Nunez, N.; Pratt, C. B.; Akil Bandali, P.; Makangara Cigolo, J.-C.; Hoff, N. A.; Sabiti Nundu, S.; Mulopo Mukanya, N.; Ngimba, M.; Modrada Madakpa, B.; Diavita, R.; Paku Tshambu, P.; Pukuta Simbu, E.; Merritt, S.; O'Toole, A.; Low, N.; Nkuba Ndaye, A.; Kavunga Membo, H.; Shongo, R.; Malembi, E.; Kalonji, T.; Kacita, C.; Lokilo Lofiko, E.; Kavira Bapitani, S.; Rilia, O.; Muswamba, P.-C.; Muyembe Mawete, F.; Lumembe, R.; Kabamba, G.; Kenye, M.; Citenga, A.; Cikaya, F.; Yungwe, Z.; Matondo, M.; Kasongo, F.; Tshiminyi, P.; Bulabula, J.; Nkawa, F.; Muhindo Milonde, E.; Kavira Kamaliro, A.; Paluku Kalimuli, Z.; Bodisa Matamu, T.; Mubalama Mufungizi, J.; Wiley, M. R.; Devos, E.; Bangwen, E.; Brosius, I.; Parker, E.; Pilarowski, G.; Liesenborghs, L.; Wawina Bokalanga, T.; Vercauteren, K.; Mukadi Bamuleka, D.; Subissi, L.; Muyembe, J.-J.; Kindrachuk, J.; Guichet, E.; Ayouba, A.; Rambaut, A.; Delaporte, E.; Tessema, S. K.; D'Ortenzio, E.; Rimoin, A. W.; Hensley, L. E.; Mbala Kingebeni, P.; Peeters, M.; Ahuka Mundeke, S."
PP_000SV68,Ib,A,Democratic Republic of the Congo,"Sud-Kivu,Kamituga",2023-10-28,191846,0.913295032173988,2024-12-09,"Kinganda Lusamaki, E.; Amuri Aziza, A.; Luakanda Ndelemo, G.; Hasivirwe Vakaniaki, E.; Fernandez Nunez, N.; Pratt, C. B.; Akil Bandali, P.; Makangara Cigolo, J.-C.; Hoff, N. A.; Sabiti Nundu, S.; Mulopo Mukanya, N.; Ngimba, M.; Modrada Madakpa, B.; Diavita, R.; Paku Tshambu, P.; Pukuta Simbu, E.; Merritt, S.; O'Toole, A.; Low, N.; Nkuba Ndaye, A.; Kavunga Membo, H.; Shongo, R.; Malembi, E.; Kalonji, T.; Kacita, C.; Lokilo Lofiko, E.; Kavira Bapitani, S.; Rilia, O.; Muswamba, P.-C.; Muyembe Mawete, F.; Lumembe, R.; Kabamba, G.; Kenye, M.; Citenga, A.; Cikaya, F.; Yungwe, Z.; Matondo, M.; Kasongo, F.; Tshiminyi, P.; Bulabula, J.; Nkawa, F.; Muhindo Milonde, E.; Kavira Kamaliro, A.; Paluku Kalimuli, Z.; Bodisa Matamu, T.; Mubalama Mufungizi, J.; Wiley, M. R.; Devos, E.; Bangwen, E.; Brosius, I.; Parker, E.; Pilarowski, G.; Liesenborghs, L.; Wawina Bokalanga, T.; Vercauteren, K.; Mukadi Bamuleka, D.; Subissi, L.; Muyembe, J.-J.; Kindrachuk, J.; Guichet, E.; Ayouba, A.; Rambaut, A.; Delaporte, E.; Tessema, S. K.; D'Ortenzio, E.; Rimoin, A. W.; Hensley, L. E.; Mbala Kingebeni, P.; Peeters, M.; Ahuka Mundeke, S."
PP_000SV76,Ib,A,Democratic Republic of the Congo,Sud-Kivu,2023-10-31,195892,0.762597041717163,2024-12-09,"Kinganda Lusamaki, E.; Amuri Aziza, A.; Luakanda Ndelemo, G.; Hasivirwe Vakaniaki, E.; Fernandez Nunez, N.; Pratt, C. B.; Akil Bandali, P.; Makangara Cigolo, J.-C.; Hoff, N. A.; Sabiti Nundu, S.; Mulopo Mukanya, N.; Ngimba, M.; Modrada Madakpa, B.; Diavita, R.; Paku Tshambu, P.; Pukuta Simbu, E.; Merritt, S.; O'Toole, A.; Low, N.; Nkuba Ndaye, A.; Kavunga Membo, H.; Shongo, R.; Malembi, E.; Kalonji, T.; Kacita, C.; Lokilo Lofiko, E.; Kavira Bapitani, S.; Rilia, O.; Muswamba, P.-C.; Muyembe Mawete, F.; Lumembe, R.; Kabamba, G.; Kenye, M.; Citenga, A.; Cikaya, F.; Yungwe, Z.; Matondo, M.; Kasongo, F.; Tshiminyi, P.; Bulabula, J.; Nkawa, F.; Muhindo Milonde, E.; Kavira Kamaliro, A.; Paluku Kalimuli, Z.; Bodisa Matamu, T.; Mubalama Mufungizi, J.; Wiley, M. R.; Devos, E.; Bangwen, E.; Brosius, I.; Parker, E.; Pilarowski, G.; Liesenborghs, L.; Wawina Bokalanga, T.; Vercauteren, K.; Mukadi Bamuleka, D.; Subissi, L.; Muyembe, J.-J.; Kindrachuk, J.; Guichet, E.; Ayouba, A.; Rambaut, A.; Delaporte, E.; Tessema, S. K.; D'Ortenzio, E.; Rimoin, A. W.; Hensley, L. E.; Mbala Kingebeni, P.; Peeters, M.; Ahuka Mundeke, S."
PP_000SV84,Ib,A,Democratic Republic of the Congo,"Sud-Kivu,Kamituga",2023-11-03,195961,0.7742192293455167,2024-12-09,"Kinganda Lusamaki, E.; Amuri Aziza, A.; Luakanda Ndelemo, G.; Hasivirwe Vakaniaki, E.; Fernandez Nunez, N.; Pratt, C. B.; Akil Bandali, P.; Makangara Cigolo, J.-C.; Hoff, N. A.; Sabiti Nundu, S.; Mulopo Mukanya, N.; Ngimba, M.; Modrada Madakpa, B.; Diavita, R.; Paku Tshambu, P.; Pukuta Simbu, E.; Merritt, S.; O'Toole, A.; Low, N.; Nkuba Ndaye, A.; Kavunga Membo, H.; Shongo, R.; Malembi, E.; Kalonji, T.; Kacita, C.; Lokilo Lofiko, E.; Kavira Bapitani, S.; Rilia, O.; Muswamba, P.-C.; Muyembe Mawete, F.; Lumembe, R.; Kabamba, G.; Kenye, M.; Citenga, A.; Cikaya, F.; Yungwe, Z.; Matondo, M.; Kasongo, F.; Tshiminyi, P.; Bulabula, J.; Nkawa, F.; Muhindo Milonde, E.; Kavira Kamaliro, A.; Paluku Kalimuli, Z.; Bodisa Matamu, T.; Mubalama Mufungizi, J.; Wiley, M. R.; Devos, E.; Bangwen, E.; Brosius, I.; Parker, E.; Pilarowski, G.; Liesenborghs, L.; Wawina Bokalanga, T.; Vercauteren, K.; Mukadi Bamuleka, D.; Subissi, L.; Muyembe, J.-J.; Kindrachuk, J.; Guichet, E.; Ayouba, A.; Rambaut, A.; Delaporte, E.; Tessema, S. K.; D'Ortenzio, E.; Rimoin, A. W.; Hensley, L. E.; Mbala Kingebeni, P.; Peeters, M.; Ahuka Mundeke, S."
PP_000SV92,Ib,A,Democratic Republic of the Congo,"Sud-Kivu,Kamituga",2023-11-03,195465,0.7685805414560187,2024-12-09,"Kinganda Lusamaki, E.; Amuri Aziza, A.; Luakanda Ndelemo, G.; Hasivirwe Vakaniaki, E.; Fernandez Nunez, N.; Pratt, C. B.; Akil Bandali, P.; Makangara Cigolo, J.-C.; Hoff, N. A.; Sabiti Nundu, S.; Mulopo Mukanya, N.; Ngimba, M.; Modrada Madakpa, B.; Diavita, R.; Paku Tshambu, P.; Pukuta Simbu, E.; Merritt, S.; O'Toole, A.; Low, N.; Nkuba Ndaye, A.; Kavunga Membo, H.; Shongo, R.; Malembi, E.; Kalonji, T.; Kacita, C.; Lokilo Lofiko, E.; Kavira Bapitani, S.; Rilia, O.; Muswamba, P.-C.; Muyembe Mawete, F.; Lumembe, R.; Kabamba, G.; Kenye, M.; Citenga, A.; Cikaya, F.; Yungwe, Z.; Matondo, M.; Kasongo, F.; Tshiminyi, P.; Bulabula, J.; Nkawa, F.; Muhindo Milonde, E.; Kavira Kamaliro, A.; Paluku Kalimuli, Z.; Bodisa Matamu, T.; Mubalama Mufungizi, J.; Wiley, M. R.; Devos, E.; Bangwen, E.; Brosius, I.; Parker, E.; Pilarowski, G.; Liesenborghs, L.; Wawina Bokalanga, T.; Vercauteren, K.; Mukadi Bamuleka, D.; Subissi, L.; Muyembe, J.-J.; Kindrachuk, J.; Guichet, E.; Ayouba, A.; Rambaut, A.; Delaporte, E.; Tessema, S. K.; D'Ortenzio, E.; Rimoin, A. W.; Hensley, L. E.; Mbala Kingebeni, P.; Peeters, M.; Ahuka Mundeke, S."
PP_000SVA0,Ib,A,Democratic Republic of the Congo,"Sud-Kivu,Kamituga",2023-11-13,194970,0.9429640635062294,2024-12-09,"Kinganda Lusamaki, E.; Amuri Aziza, A.; Luakanda Ndelemo, G.; Hasivirwe Vakaniaki, E.; Fernandez Nunez, N.; Pratt, C. B.; Akil Bandali, P.; Makangara Cigolo, J.-C.; Hoff, N. A.; Sabiti Nundu, S.; Mulopo Mukanya, N.; Ngimba, M.; Modrada Madakpa, B.; Diavita, R.; Paku Tshambu, P.; Pukuta Simbu, E.; Merritt, S.; O'Toole, A.; Low, N.; Nkuba Ndaye, A.; Kavunga Membo, H.; Shongo, R.; Malembi, E.; Kalonji, T.; Kacita, C.; Lokilo Lofiko, E.; Kavira Bapitani, S.; Rilia, O.; Muswamba, P.-C.; Muyembe Mawete, F.; Lumembe, R.; Kabamba, G.; Kenye, M.; Citenga, A.; Cikaya, F.; Yungwe, Z.; Matondo, M.; Kasongo, F.; Tshiminyi, P.; Bulabula, J.; Nkawa, F.; Muhindo Milonde, E.; Kavira Kamaliro, A.; Paluku Kalimuli, Z.; Bodisa Matamu, T.; Mubalama Mufungizi, J.; Wiley, M. R.; Devos, E.; Bangwen, E.; Brosius, I.; Parker, E.; Pilarowski, G.; Liesenborghs, L.; Wawina Bokalanga, T.; Vercauteren, K.; Mukadi Bamuleka, D.; Subissi, L.; Muyembe, J.-J.; Kindrachuk, J.; Guichet, E.; Ayouba, A.; Rambaut, A.; Delaporte, E.; Tessema, S. K.; D'Ortenzio, E.; Rimoin, A. W.; Hensley, L. E.; Mbala Kingebeni, P.; Peeters, M.; Ahuka Mundeke, S."
PP_000SVBY,Ib,A,Democratic Republic of the Congo,"Sud-Kivu,Kamituga",2023-11-13,195468,0.7656699237864397,2024-12-09,"Kinganda Lusamaki, E.; Amuri Aziza, A.; Luakanda Ndelemo, G.; Hasivirwe Vakaniaki, E.; Fernandez Nunez, N.; Pratt, C. B.; Akil Bandali, P.; Makangara Cigolo, J.-C.; Hoff, N. A.; Sabiti Nundu, S.; Mulopo Mukanya, N.; Ngimba, M.; Modrada Madakpa, B.; Diavita, R.; Paku Tshambu, P.; Pukuta Simbu, E.; Merritt, S.; O'Toole, A.; Low, N.; Nkuba Ndaye, A.; Kavunga Membo, H.; Shongo, R.; Malembi, E.; Kalonji, T.; Kacita, C.; Lokilo Lofiko, E.; Kavira Bapitani, S.; Rilia, O.; Muswamba, P.-C.; Muyembe Mawete, F.; Lumembe, R.; Kabamba, G.; Kenye, M.; Citenga, A.; Cikaya, F.; Yungwe, Z.; Matondo, M.; Kasongo, F.; Tshiminyi, P.; Bulabula, J.; Nkawa, F.; Muhindo Milonde, E.; Kavira Kamaliro, A.; Paluku Kalimuli, Z.; Bodisa Matamu, T.; Mubalama Mufungizi, J.; Wiley, M. R.; Devos, E.; Bangwen, E.; Brosius, I.; Parker, E.; Pilarowski, G.; Liesenborghs, L.; Wawina Bokalanga, T.; Vercauteren, K.; Mukadi Bamuleka, D.; Subissi, L.; Muyembe, J.-J.; Kindrachuk, J.; Guichet, E.; Ayouba, A.; Rambaut, A.; Delaporte, E.; Tessema, S. K.; D'Ortenzio, E.; Rimoin, A. W.; Hensley, L. E.; Mbala Kingebeni, P.; Peeters, M.; Ahuka Mundeke, S."
PP_000SVCW,Ib,A,Democratic Republic of the Congo,"Sud-Kivu,Kadutu",2023-11-11,192192,0.9362554447312242,2024-12-09,"Kinganda Lusamaki, E.; Amuri Aziza, A.; Luakanda Ndelemo, G.; Hasivirwe Vakaniaki, E.; Fernandez Nunez, N.; Pratt, C. B.; Akil Bandali, P.; Makangara Cigolo, J.-C.; Hoff, N. A.; Sabiti Nundu, S.; Mulopo Mukanya, N.; Ngimba, M.; Modrada Madakpa, B.; Diavita, R.; Paku Tshambu, P.; Pukuta Simbu, E.; Merritt, S.; O'Toole, A.; Low, N.; Nkuba Ndaye, A.; Kavunga Membo, H.; Shongo, R.; Malembi, E.; Kalonji, T.; Kacita, C.; Lokilo Lofiko, E.; Kavira Bapitani, S.; Rilia, O.; Muswamba, P.-C.; Muyembe Mawete, F.; Lumembe, R.; Kabamba, G.; Kenye, M.; Citenga, A.; Cikaya, F.; Yungwe, Z.; Matondo, M.; Kasongo, F.; Tshiminyi, P.; Bulabula, J.; Nkawa, F.; Muhindo Milonde, E.; Kavira Kamaliro, A.; Paluku Kalimuli, Z.; Bodisa Matamu, T.; Mubalama Mufungizi, J.; Wiley, M. R.; Devos, E.; Bangwen, E.; Brosius, I.; Parker, E.; Pilarowski, G.; Liesenborghs, L.; Wawina Bokalanga, T.; Vercauteren, K.; Mukadi Bamuleka, D.; Subissi, L.; Muyembe, J.-J.; Kindrachuk, J.; Guichet, E.; Ayouba, A.; Rambaut, A.; Delaporte, E.; Tessema, S. K.; D'Ortenzio, E.; Rimoin, A. W.; Hensley, L. E.; Mbala Kingebeni, P.; Peeters, M.; Ahuka Mundeke, S."
PP_000SVDU,Ib,A,Democratic Republic of the Congo,"Sud-Kivu,Kadutu",2023-11-11,193603,0.7342768332074094,2024-12-09,"Kinganda Lusamaki, E.; Amuri Aziza, A.; Luakanda Ndelemo, G.; Hasivirwe Vakaniaki, E.; Fernandez Nunez, N.; Pratt, C. B.; Akil Bandali, P.; Makangara Cigolo, J.-C.; Hoff, N. A.; Sabiti Nundu, S.; Mulopo Mukanya, N.; Ngimba, M.; Modrada Madakpa, B.; Diavita, R.; Paku Tshambu, P.; Pukuta Simbu, E.; Merritt, S.; O'Toole, A.; Low, N.; Nkuba Ndaye, A.; Kavunga Membo, H.; Shongo, R.; Malembi, E.; Kalonji, T.; Kacita, C.; Lokilo Lofiko, E.; Kavira Bapitani, S.; Rilia, O.; Muswamba, P.-C.; Muyembe Mawete, F.; Lumembe, R.; Kabamba, G.; Kenye, M.; Citenga, A.; Cikaya, F.; Yungwe, Z.; Matondo, M.; Kasongo, F.; Tshiminyi, P.; Bulabula, J.; Nkawa, F.; Muhindo Milonde, E.; Kavira Kamaliro, A.; Paluku Kalimuli, Z.; Bodisa Matamu, T.; Mubalama Mufungizi, J.; Wiley, M. R.; Devos, E.; Bangwen, E.; Brosius, I.; Parker, E.; Pilarowski, G.; Liesenborghs, L.; Wawina Bokalanga, T.; Vercauteren, K.; Mukadi Bamuleka, D.; Subissi, L.; Muyembe, J.-J.; Kindrachuk, J.; Guichet, E.; Ayouba, A.; Rambaut, A.; Delaporte, E.; Tessema, S. K.; D'Ortenzio, E.; Rimoin, A. W.; Hensley, L. E.; Mbala Kingebeni, P.; Peeters, M.; Ahuka Mundeke, S."
PP_000SVES,Ib,A,Democratic Republic of the Congo,"Sud-Kivu,Kamituga",2023-11-10,195438,0.7509140049389227,2024-12-09,"Kinganda Lusamaki, E.; Amuri Aziza, A.; Luakanda Ndelemo, G.; Hasivirwe Vakaniaki, E.; Fernandez Nunez, N.; Pratt, C. B.; Akil Bandali, P.; Makangara Cigolo, J.-C.; Hoff, N. A.; Sabiti Nundu, S.; Mulopo Mukanya, N.; Ngimba, M.; Modrada Madakpa, B.; Diavita, R.; Paku Tshambu, P.; Pukuta Simbu, E.; Merritt, S.; O'Toole, A.; Low, N.; Nkuba Ndaye, A.; Kavunga Membo, H.; Shongo, R.; Malembi, E.; Kalonji, T.; Kacita, C.; Lokilo Lofiko, E.; Kavira Bapitani, S.; Rilia, O.; Muswamba, P.-C.; Muyembe Mawete, F.; Lumembe, R.; Kabamba, G.; Kenye, M.; Citenga, A.; Cikaya, F.; Yungwe, Z.; Matondo, M.; Kasongo, F.; Tshiminyi, P.; Bulabula, J.; Nkawa, F.; Muhindo Milonde, E.; Kavira Kamaliro, A.; Paluku Kalimuli, Z.; Bodisa Matamu, T.; Mubalama Mufungizi, J.; Wiley, M. R.; Devos, E.; Bangwen, E.; Brosius, I.; Parker, E.; Pilarowski, G.; Liesenborghs, L.; Wawina Bokalanga, T.; Vercauteren, K.; Mukadi Bamuleka, D.; Subissi, L.; Muyembe, J.-J.; Kindrachuk, J.; Guichet, E.; Ayouba, A.; Rambaut, A.; Delaporte, E.; Tessema, S. K.; D'Ortenzio, E.; Rimoin, A. W.; Hensley, L. E.; Mbala Kingebeni, P.; Peeters, M.; Ahuka Mundeke, S."
PP_000SVFQ,Ib,A,Democratic Republic of the Congo,"Sud-Kivu,Kamituga",2023-11-10,195407,0.9245115588030972,2024-12-09,"Kinganda Lusamaki, E.; Amuri Aziza, A.; Luakanda Ndelemo, G.; Hasivirwe Vakaniaki, E.; Fernandez Nunez, N.; Pratt, C. B.; Akil Bandali, P.; Makangara Cigolo, J.-C.; Hoff, N. A.; Sabiti Nundu, S.; Mulopo Mukanya, N.; Ngimba, M.; Modrada Madakpa, B.; Diavita, R.; Paku Tshambu, P.; Pukuta Simbu, E.; Merritt, S.; O'Toole, A.; Low, N.; Nkuba Ndaye, A.; Kavunga Membo, H.; Shongo, R.; Malembi, E.; Kalonji, T.; Kacita, C.; Lokilo Lofiko, E.; Kavira Bapitani, S.; Rilia, O.; Muswamba, P.-C.; Muyembe Mawete, F.; Lumembe, R.; Kabamba, G.; Kenye, M.; Citenga, A.; Cikaya, F.; Yungwe, Z.; Matondo, M.; Kasongo, F.; Tshiminyi, P.; Bulabula, J.; Nkawa, F.; Muhindo Milonde, E.; Kavira Kamaliro, A.; Paluku Kalimuli, Z.; Bodisa Matamu, T.; Mubalama Mufungizi, J.; Wiley, M. R.; Devos, E.; Bangwen, E.; Brosius, I.; Parker, E.; Pilarowski, G.; Liesenborghs, L.; Wawina Bokalanga, T.; Vercauteren, K.; Mukadi Bamuleka, D.; Subissi, L.; Muyembe, J.-J.; Kindrachuk, J.; Guichet, E.; Ayouba, A.; Rambaut, A.; Delaporte, E.; Tessema, S. K.; D'Ortenzio, E.; Rimoin, A. W.; Hensley, L. E.; Mbala Kingebeni, P.; Peeters, M.; Ahuka Mundeke, S."
PP_000SVGN,Ib,A,Democratic Republic of the Congo,"Sud-Kivu,Kamituga",2023-11-14,195440,0.9067182532237372,2024-12-09,"Kinganda Lusamaki, E.; Amuri Aziza, A.; Luakanda Ndelemo, G.; Hasivirwe Vakaniaki, E.; Fernandez Nunez, N.; Pratt, C. B.; Akil Bandali, P.; Makangara Cigolo, J.-C.; Hoff, N. A.; Sabiti Nundu, S.; Mulopo Mukanya, N.; Ngimba, M.; Modrada Madakpa, B.; Diavita, R.; Paku Tshambu, P.; Pukuta Simbu, E.; Merritt, S.; O'Toole, A.; Low, N.; Nkuba Ndaye, A.; Kavunga Membo, H.; Shongo, R.; Malembi, E.; Kalonji, T.; Kacita, C.; Lokilo Lofiko, E.; Kavira Bapitani, S.; Rilia, O.; Muswamba, P.-C.; Muyembe Mawete, F.; Lumembe, R.; Kabamba, G.; Kenye, M.; Citenga, A.; Cikaya, F.; Yungwe, Z.; Matondo, M.; Kasongo, F.; Tshiminyi, P.; Bulabula, J.; Nkawa, F.; Muhindo Milonde, E.; Kavira Kamaliro, A.; Paluku Kalimuli, Z.; Bodisa Matamu, T.; Mubalama Mufungizi, J.; Wiley, M. R.; Devos, E.; Bangwen, E.; Brosius, I.; Parker, E.; Pilarowski, G.; Liesenborghs, L.; Wawina Bokalanga, T.; Vercauteren, K.; Mukadi Bamuleka, D.; Subissi, L.; Muyembe, J.-J.; Kindrachuk, J.; Guichet, E.; Ayouba, A.; Rambaut, A.; Delaporte, E.; Tessema, S. K.; D'Ortenzio, E.; Rimoin, A. W.; Hensley, L. E.; Mbala Kingebeni, P.; Peeters, M.; Ahuka Mundeke, S."
PP_000SVHK,Ib,A,Democratic Republic of the Congo,"Sud-Kivu,Kamituga",2023-12-02,195462,0.9448655994401878,2024-12-09,"Kinganda Lusamaki, E.; Amuri Aziza, A.; Luakanda Ndelemo, G.; Hasivirwe Vakaniaki, E.; Fernandez Nunez, N.; Pratt, C. B.; Akil Bandali, P.; Makangara Cigolo, J.-C.; Hoff, N. A.; Sabiti Nundu, S.; Mulopo Mukanya, N.; Ngimba, M.; Modrada Madakpa, B.; Diavita, R.; Paku Tshambu, P.; Pukuta Simbu, E.; Merritt, S.; O'Toole, A.; Low, N.; Nkuba Ndaye, A.; Kavunga Membo, H.; Shongo, R.; Malembi, E.; Kalonji, T.; Kacita, C.; Lokilo Lofiko, E.; Kavira Bapitani, S.; Rilia, O.; Muswamba, P.-C.; Muyembe Mawete, F.; Lumembe, R.; Kabamba, G.; Kenye, M.; Citenga, A.; Cikaya, F.; Yungwe, Z.; Matondo, M.; Kasongo, F.; Tshiminyi, P.; Bulabula, J.; Nkawa, F.; Muhindo Milonde, E.; Kavira Kamaliro, A.; Paluku Kalimuli, Z.; Bodisa Matamu, T.; Mubalama Mufungizi, J.; Wiley, M. R.; Devos, E.; Bangwen, E.; Brosius, I.; Parker, E.; Pilarowski, G.; Liesenborghs, L.; Wawina Bokalanga, T.; Vercauteren, K.; Mukadi Bamuleka, D.; Subissi, L.; Muyembe, J.-J.; Kindrachuk, J.; Guichet, E.; Ayouba, A.; Rambaut, A.; Delaporte, E.; Tessema, S. K.; D'Ortenzio, E.; Rimoin, A. W.; Hensley, L. E.; Mbala Kingebeni, P.; Peeters, M.; Ahuka Mundeke, S."
PP_000SVJH,Ib,A,Democratic Republic of the Congo,"Sud-Kivu,Kamituga",2024-01-03,195419,0.7777839753763773,2024-12-09,"Kinganda Lusamaki, E.; Amuri Aziza, A.; Luakanda Ndelemo, G.; Hasivirwe Vakaniaki, E.; Fernandez Nunez, N.; Pratt, C. B.; Akil Bandali, P.; Makangara Cigolo, J.-C.; Hoff, N. A.; Sabiti Nundu, S.; Mulopo Mukanya, N.; Ngimba, M.; Modrada Madakpa, B.; Diavita, R.; Paku Tshambu, P.; Pukuta Simbu, E.; Merritt, S.; O'Toole, A.; Low, N.; Nkuba Ndaye, A.; Kavunga Membo, H.; Shongo, R.; Malembi, E.; Kalonji, T.; Kacita, C.; Lokilo Lofiko, E.; Kavira Bapitani, S.; Rilia, O.; Muswamba, P.-C.; Muyembe Mawete, F.; Lumembe, R.; Kabamba, G.; Kenye, M.; Citenga, A.; Cikaya, F.; Yungwe, Z.; Matondo, M.; Kasongo, F.; Tshiminyi, P.; Bulabula, J.; Nkawa, F.; Muhindo Milonde, E.; Kavira Kamaliro, A.; Paluku Kalimuli, Z.; Bodisa Matamu, T.; Mubalama Mufungizi, J.; Wiley, M. R.; Devos, E.; Bangwen, E.; Brosius, I.; Parker, E.; Pilarowski, G.; Liesenborghs, L.; Wawina Bokalanga, T.; Vercauteren, K.; Mukadi Bamuleka, D.; Subissi, L.; Muyembe, J.-J.; Kindrachuk, J.; Guichet, E.; Ayouba, A.; Rambaut, A.; Delaporte, E.; Tessema, S. K.; D'Ortenzio, E.; Rimoin, A. W.; Hensley, L. E.; Mbala Kingebeni, P.; Peeters, M.; Ahuka Mundeke, S."
PP_000SVKF,Ib,A,Democratic Republic of the Congo,"Sud-Kivu,Kamituga",2024-01-03,191413,0.9134015181862896,2024-12-09,"Kinganda Lusamaki, E.; Amuri Aziza, A.; Luakanda Ndelemo, G.; Hasivirwe Vakaniaki, E.; Fernandez Nunez, N.; Pratt, C. B.; Akil Bandali, P.; Makangara Cigolo, J.-C.; Hoff, N. A.; Sabiti Nundu, S.; Mulopo Mukanya, N.; Ngimba, M.; Modrada Madakpa, B.; Diavita, R.; Paku Tshambu, P.; Pukuta Simbu, E.; Merritt, S.; O'Toole, A.; Low, N.; Nkuba Ndaye, A.; Kavunga Membo, H.; Shongo, R.; Malembi, E.; Kalonji, T.; Kacita, C.; Lokilo Lofiko, E.; Kavira Bapitani, S.; Rilia, O.; Muswamba, P.-C.; Muyembe Mawete, F.; Lumembe, R.; Kabamba, G.; Kenye, M.; Citenga, A.; Cikaya, F.; Yungwe, Z.; Matondo, M.; Kasongo, F.; Tshiminyi, P.; Bulabula, J.; Nkawa, F.; Muhindo Milonde, E.; Kavira Kamaliro, A.; Paluku Kalimuli, Z.; Bodisa Matamu, T.; Mubalama Mufungizi, J.; Wiley, M. R.; Devos, E.; Bangwen, E.; Brosius, I.; Parker, E.; Pilarowski, G.; Liesenborghs, L.; Wawina Bokalanga, T.; Vercauteren, K.; Mukadi Bamuleka, D.; Subissi, L.; Muyembe, J.-J.; Kindrachuk, J.; Guichet, E.; Ayouba, A.; Rambaut, A.; Delaporte, E.; Tessema, S. K.; D'Ortenzio, E.; Rimoin, A. W.; Hensley, L. E.; Mbala Kingebeni, P.; Peeters, M.; Ahuka Mundeke, S."
PP_000SVLD,Ib,A,Democratic Republic of the Congo,"Sud-Kivu,Kamituga",2024-01-03,195426,0.9535467448240192,2024-12-09,"Kinganda Lusamaki, E.; Amuri Aziza, A.; Luakanda Ndelemo, G.; Hasivirwe Vakaniaki, E.; Fernandez Nunez, N.; Pratt, C. B.; Akil Bandali, P.; Makangara Cigolo, J.-C.; Hoff, N. A.; Sabiti Nundu, S.; Mulopo Mukanya, N.; Ngimba, M.; Modrada Madakpa, B.; Diavita, R.; Paku Tshambu, P.; Pukuta Simbu, E.; Merritt, S.; O'Toole, A.; Low, N.; Nkuba Ndaye, A.; Kavunga Membo, H.; Shongo, R.; Malembi, E.; Kalonji, T.; Kacita, C.; Lokilo Lofiko, E.; Kavira Bapitani, S.; Rilia, O.; Muswamba, P.-C.; Muyembe Mawete, F.; Lumembe, R.; Kabamba, G.; Kenye, M.; Citenga, A.; Cikaya, F.; Yungwe, Z.; Matondo, M.; Kasongo, F.; Tshiminyi, P.; Bulabula, J.; Nkawa, F.; Muhindo Milonde, E.; Kavira Kamaliro, A.; Paluku Kalimuli, Z.; Bodisa Matamu, T.; Mubalama Mufungizi, J.; Wiley, M. R.; Devos, E.; Bangwen, E.; Brosius, I.; Parker, E.; Pilarowski, G.; Liesenborghs, L.; Wawina Bokalanga, T.; Vercauteren, K.; Mukadi Bamuleka, D.; Subissi, L.; Muyembe, J.-J.; Kindrachuk, J.; Guichet, E.; Ayouba, A.; Rambaut, A.; Delaporte, E.; Tessema, S. K.; D'Ortenzio, E.; Rimoin, A. W.; Hensley, L. E.; Mbala Kingebeni, P.; Peeters, M.; Ahuka Mundeke, S."
PP_000SVMB,Ib,A,Democratic Republic of the Congo,"Sud-Kivu,Kamituga",2024-01-03,195432,0.9568680942553331,2024-12-09,"Kinganda Lusamaki, E.; Amuri Aziza, A.; Luakanda Ndelemo, G.; Hasivirwe Vakaniaki, E.; Fernandez Nunez, N.; Pratt, C. B.; Akil Bandali, P.; Makangara Cigolo, J.-C.; Hoff, N. A.; Sabiti Nundu, S.; Mulopo Mukanya, N.; Ngimba, M.; Modrada Madakpa, B.; Diavita, R.; Paku Tshambu, P.; Pukuta Simbu, E.; Merritt, S.; O'Toole, A.; Low, N.; Nkuba Ndaye, A.; Kavunga Membo, H.; Shongo, R.; Malembi, E.; Kalonji, T.; Kacita, C.; Lokilo Lofiko, E.; Kavira Bapitani, S.; Rilia, O.; Muswamba, P.-C.; Muyembe Mawete, F.; Lumembe, R.; Kabamba, G.; Kenye, M.; Citenga, A.; Cikaya, F.; Yungwe, Z.; Matondo, M.; Kasongo, F.; Tshiminyi, P.; Bulabula, J.; Nkawa, F.; Muhindo Milonde, E.; Kavira Kamaliro, A.; Paluku Kalimuli, Z.; Bodisa Matamu, T.; Mubalama Mufungizi, J.; Wiley, M. R.; Devos, E.; Bangwen, E.; Brosius, I.; Parker, E.; Pilarowski, G.; Liesenborghs, L.; Wawina Bokalanga, T.; Vercauteren, K.; Mukadi Bamuleka, D.; Subissi, L.; Muyembe, J.-J.; Kindrachuk, J.; Guichet, E.; Ayouba, A.; Rambaut, A.; Delaporte, E.; Tessema, S. K.; D'Ortenzio, E.; Rimoin, A. W.; Hensley, L. E.; Mbala Kingebeni, P.; Peeters, M.; Ahuka Mundeke, S."
PP_000SVN9,Ib,A,Democratic Republic of the Congo,"Sud-Kivu,Kamituga",2024-01-03,191185,0.8869524210355512,2024-12-09,"Kinganda Lusamaki, E.; Amuri Aziza, A.; Luakanda Ndelemo, G.; Hasivirwe Vakaniaki, E.; Fernandez Nunez, N.; Pratt, C. B.; Akil Bandali, P.; Makangara Cigolo, J.-C.; Hoff, N. A.; Sabiti Nundu, S.; Mulopo Mukanya, N.; Ngimba, M.; Modrada Madakpa, B.; Diavita, R.; Paku Tshambu, P.; Pukuta Simbu, E.; Merritt, S.; O'Toole, A.; Low, N.; Nkuba Ndaye, A.; Kavunga Membo, H.; Shongo, R.; Malembi, E.; Kalonji, T.; Kacita, C.; Lokilo Lofiko, E.; Kavira Bapitani, S.; Rilia, O.; Muswamba, P.-C.; Muyembe Mawete, F.; Lumembe, R.; Kabamba, G.; Kenye, M.; Citenga, A.; Cikaya, F.; Yungwe, Z.; Matondo, M.; Kasongo, F.; Tshiminyi, P.; Bulabula, J.; Nkawa, F.; Muhindo Milonde, E.; Kavira Kamaliro, A.; Paluku Kalimuli, Z.; Bodisa Matamu, T.; Mubalama Mufungizi, J.; Wiley, M. R.; Devos, E.; Bangwen, E.; Brosius, I.; Parker, E.; Pilarowski, G.; Liesenborghs, L.; Wawina Bokalanga, T.; Vercauteren, K.; Mukadi Bamuleka, D.; Subissi, L.; Muyembe, J.-J.; Kindrachuk, J.; Guichet, E.; Ayouba, A.; Rambaut, A.; Delaporte, E.; Tessema, S. K.; D'Ortenzio, E.; Rimoin, A. W.; Hensley, L. E.; Mbala Kingebeni, P.; Peeters, M.; Ahuka Mundeke, S."
PP_000SVP7,Ib,A,Democratic Republic of the Congo,"Sud-Kivu,Kamituga",2024-01-03,195437,0.9537394337986604,2024-12-09,"Kinganda Lusamaki, E.; Amuri Aziza, A.; Luakanda Ndelemo, G.; Hasivirwe Vakaniaki, E.; Fernandez Nunez, N.; Pratt, C. B.; Akil Bandali, P.; Makangara Cigolo, J.-C.; Hoff, N. A.; Sabiti Nundu, S.; Mulopo Mukanya, N.; Ngimba, M.; Modrada Madakpa, B.; Diavita, R.; Paku Tshambu, P.; Pukuta Simbu, E.; Merritt, S.; O'Toole, A.; Low, N.; Nkuba Ndaye, A.; Kavunga Membo, H.; Shongo, R.; Malembi, E.; Kalonji, T.; Kacita, C.; Lokilo Lofiko, E.; Kavira Bapitani, S.; Rilia, O.; Muswamba, P.-C.; Muyembe Mawete, F.; Lumembe, R.; Kabamba, G.; Kenye, M.; Citenga, A.; Cikaya, F.; Yungwe, Z.; Matondo, M.; Kasongo, F.; Tshiminyi, P.; Bulabula, J.; Nkawa, F.; Muhindo Milonde, E.; Kavira Kamaliro, A.; Paluku Kalimuli, Z.; Bodisa Matamu, T.; Mubalama Mufungizi, J.; Wiley, M. R.; Devos, E.; Bangwen, E.; Brosius, I.; Parker, E.; Pilarowski, G.; Liesenborghs, L.; Wawina Bokalanga, T.; Vercauteren, K.; Mukadi Bamuleka, D.; Subissi, L.; Muyembe, J.-J.; Kindrachuk, J.; Guichet, E.; Ayouba, A.; Rambaut, A.; Delaporte, E.; Tessema, S. K.; D'Ortenzio, E.; Rimoin, A. W.; Hensley, L. E.; Mbala Kingebeni, P.; Peeters, M.; Ahuka Mundeke, S."
PP_000SVQ5,Ib,A,Democratic Republic of the Congo,"Sud-Kivu,Kamituga",2024-01-03,195457,0.7865918898224726,2024-12-09,"Kinganda Lusamaki, E.; Amuri Aziza, A.; Luakanda Ndelemo, G.; Hasivirwe Vakaniaki, E.; Fernandez Nunez, N.; Pratt, C. B.; Akil Bandali, P.; Makangara Cigolo, J.-C.; Hoff, N. A.; Sabiti Nundu, S.; Mulopo Mukanya, N.; Ngimba, M.; Modrada Madakpa, B.; Diavita, R.; Paku Tshambu, P.; Pukuta Simbu, E.; Merritt, S.; O'Toole, A.; Low, N.; Nkuba Ndaye, A.; Kavunga Membo, H.; Shongo, R.; Malembi, E.; Kalonji, T.; Kacita, C.; Lokilo Lofiko, E.; Kavira Bapitani, S.; Rilia, O.; Muswamba, P.-C.; Muyembe Mawete, F.; Lumembe, R.; Kabamba, G.; Kenye, M.; Citenga, A.; Cikaya, F.; Yungwe, Z.; Matondo, M.; Kasongo, F.; Tshiminyi, P.; Bulabula, J.; Nkawa, F.; Muhindo Milonde, E.; Kavira Kamaliro, A.; Paluku Kalimuli, Z.; Bodisa Matamu, T.; Mubalama Mufungizi, J.; Wiley, M. R.; Devos, E.; Bangwen, E.; Brosius, I.; Parker, E.; Pilarowski, G.; Liesenborghs, L.; Wawina Bokalanga, T.; Vercauteren, K.; Mukadi Bamuleka, D.; Subissi, L.; Muyembe, J.-J.; Kindrachuk, J.; Guichet, E.; Ayouba, A.; Rambaut, A.; Delaporte, E.; Tessema, S. K.; D'Ortenzio, E.; Rimoin, A. W.; Hensley, L. E.; Mbala Kingebeni, P.; Peeters, M.; Ahuka Mundeke, S."
PP_000SVR3,Ib,A,Democratic Republic of the Congo,"Sud-Kivu,Kamituga",2024-01-03,191423,0.7210370723445685,2024-12-09,"Kinganda Lusamaki, E.; Amuri Aziza, A.; Luakanda Ndelemo, G.; Hasivirwe Vakaniaki, E.; Fernandez Nunez, N.; Pratt, C. B.; Akil Bandali, P.; Makangara Cigolo, J.-C.; Hoff, N. A.; Sabiti Nundu, S.; Mulopo Mukanya, N.; Ngimba, M.; Modrada Madakpa, B.; Diavita, R.; Paku Tshambu, P.; Pukuta Simbu, E.; Merritt, S.; O'Toole, A.; Low, N.; Nkuba Ndaye, A.; Kavunga Membo, H.; Shongo, R.; Malembi, E.; Kalonji, T.; Kacita, C.; Lokilo Lofiko, E.; Kavira Bapitani, S.; Rilia, O.; Muswamba, P.-C.; Muyembe Mawete, F.; Lumembe, R.; Kabamba, G.; Kenye, M.; Citenga, A.; Cikaya, F.; Yungwe, Z.; Matondo, M.; Kasongo, F.; Tshiminyi, P.; Bulabula, J.; Nkawa, F.; Muhindo Milonde, E.; Kavira Kamaliro, A.; Paluku Kalimuli, Z.; Bodisa Matamu, T.; Mubalama Mufungizi, J.; Wiley, M. R.; Devos, E.; Bangwen, E.; Brosius, I.; Parker, E.; Pilarowski, G.; Liesenborghs, L.; Wawina Bokalanga, T.; Vercauteren, K.; Mukadi Bamuleka, D.; Subissi, L.; Muyembe, J.-J.; Kindrachuk, J.; Guichet, E.; Ayouba, A.; Rambaut, A.; Delaporte, E.; Tessema, S. K.; D'Ortenzio, E.; Rimoin, A. W.; Hensley, L. E.; Mbala Kingebeni, P.; Peeters, M.; Ahuka Mundeke, S."
PP_000SVS1,Ib,A,Democratic Republic of the Congo,"Sud-Kivu,Kamituga",2024-01-03,193983,0.9257538956132834,2024-12-09,"Kinganda Lusamaki, E.; Amuri Aziza, A.; Luakanda Ndelemo, G.; Hasivirwe Vakaniaki, E.; Fernandez Nunez, N.; Pratt, C. B.; Akil Bandali, P.; Makangara Cigolo, J.-C.; Hoff, N. A.; Sabiti Nundu, S.; Mulopo Mukanya, N.; Ngimba, M.; Modrada Madakpa, B.; Diavita, R.; Paku Tshambu, P.; Pukuta Simbu, E.; Merritt, S.; O'Toole, A.; Low, N.; Nkuba Ndaye, A.; Kavunga Membo, H.; Shongo, R.; Malembi, E.; Kalonji, T.; Kacita, C.; Lokilo Lofiko, E.; Kavira Bapitani, S.; Rilia, O.; Muswamba, P.-C.; Muyembe Mawete, F.; Lumembe, R.; Kabamba, G.; Kenye, M.; Citenga, A.; Cikaya, F.; Yungwe, Z.; Matondo, M.; Kasongo, F.; Tshiminyi, P.; Bulabula, J.; Nkawa, F.; Muhindo Milonde, E.; Kavira Kamaliro, A.; Paluku Kalimuli, Z.; Bodisa Matamu, T.; Mubalama Mufungizi, J.; Wiley, M. R.; Devos, E.; Bangwen, E.; Brosius, I.; Parker, E.; Pilarowski, G.; Liesenborghs, L.; Wawina Bokalanga, T.; Vercauteren, K.; Mukadi Bamuleka, D.; Subissi, L.; Muyembe, J.-J.; Kindrachuk, J.; Guichet, E.; Ayouba, A.; Rambaut, A.; Delaporte, E.; Tessema, S. K.; D'Ortenzio, E.; Rimoin, A. W.; Hensley, L. E.; Mbala Kingebeni, P.; Peeters, M.; Ahuka Mundeke, S."
PP_000SVTZ,Ib,A,Democratic Republic of the Congo,"Sud-Kivu,Kamituga",2024-01-03,195420,0.9385423586144648,2024-12-09,"Kinganda Lusamaki, E.; Amuri Aziza, A.; Luakanda Ndelemo, G.; Hasivirwe Vakaniaki, E.; Fernandez Nunez, N.; Pratt, C. B.; Akil Bandali, P.; Makangara Cigolo, J.-C.; Hoff, N. A.; Sabiti Nundu, S.; Mulopo Mukanya, N.; Ngimba, M.; Modrada Madakpa, B.; Diavita, R.; Paku Tshambu, P.; Pukuta Simbu, E.; Merritt, S.; O'Toole, A.; Low, N.; Nkuba Ndaye, A.; Kavunga Membo, H.; Shongo, R.; Malembi, E.; Kalonji, T.; Kacita, C.; Lokilo Lofiko, E.; Kavira Bapitani, S.; Rilia, O.; Muswamba, P.-C.; Muyembe Mawete, F.; Lumembe, R.; Kabamba, G.; Kenye, M.; Citenga, A.; Cikaya, F.; Yungwe, Z.; Matondo, M.; Kasongo, F.; Tshiminyi, P.; Bulabula, J.; Nkawa, F.; Muhindo Milonde, E.; Kavira Kamaliro, A.; Paluku Kalimuli, Z.; Bodisa Matamu, T.; Mubalama Mufungizi, J.; Wiley, M. R.; Devos, E.; Bangwen, E.; Brosius, I.; Parker, E.; Pilarowski, G.; Liesenborghs, L.; Wawina Bokalanga, T.; Vercauteren, K.; Mukadi Bamuleka, D.; Subissi, L.; Muyembe, J.-J.; Kindrachuk, J.; Guichet, E.; Ayouba, A.; Rambaut, A.; Delaporte, E.; Tessema, S. K.; D'Ortenzio, E.; Rimoin, A. W.; Hensley, L. E.; Mbala Kingebeni, P.; Peeters, M.; Ahuka Mundeke, S."
PP_000SVUX,Ib,A,Democratic Republic of the Congo,"Sud-Kivu,Kamituga",2024-01-03,192325,0.9339076816980968,2024-12-09,"Kinganda Lusamaki, E.; Amuri Aziza, A.; Luakanda Ndelemo, G.; Hasivirwe Vakaniaki, E.; Fernandez Nunez, N.; Pratt, C. B.; Akil Bandali, P.; Makangara Cigolo, J.-C.; Hoff, N. A.; Sabiti Nundu, S.; Mulopo Mukanya, N.; Ngimba, M.; Modrada Madakpa, B.; Diavita, R.; Paku Tshambu, P.; Pukuta Simbu, E.; Merritt, S.; O'Toole, A.; Low, N.; Nkuba Ndaye, A.; Kavunga Membo, H.; Shongo, R.; Malembi, E.; Kalonji, T.; Kacita, C.; Lokilo Lofiko, E.; Kavira Bapitani, S.; Rilia, O.; Muswamba, P.-C.; Muyembe Mawete, F.; Lumembe, R.; Kabamba, G.; Kenye, M.; Citenga, A.; Cikaya, F.; Yungwe, Z.; Matondo, M.; Kasongo, F.; Tshiminyi, P.; Bulabula, J.; Nkawa, F.; Muhindo Milonde, E.; Kavira Kamaliro, A.; Paluku Kalimuli, Z.; Bodisa Matamu, T.; Mubalama Mufungizi, J.; Wiley, M. R.; Devos, E.; Bangwen, E.; Brosius, I.; Parker, E.; Pilarowski, G.; Liesenborghs, L.; Wawina Bokalanga, T.; Vercauteren, K.; Mukadi Bamuleka, D.; Subissi, L.; Muyembe, J.-J.; Kindrachuk, J.; Guichet, E.; Ayouba, A.; Rambaut, A.; Delaporte, E.; Tessema, S. K.; D'Ortenzio, E.; Rimoin, A. W.; Hensley, L. E.; Mbala Kingebeni, P.; Peeters, M.; Ahuka Mundeke, S."
PP_000SVVV,Ib,A,Democratic Republic of the Congo,"Sud-Kivu,Kamituga",2024-01-03,193576,0.9232286558929866,2024-12-09,"Kinganda Lusamaki, E.; Amuri Aziza, A.; Luakanda Ndelemo, G.; Hasivirwe Vakaniaki, E.; Fernandez Nunez, N.; Pratt, C. B.; Akil Bandali, P.; Makangara Cigolo, J.-C.; Hoff, N. A.; Sabiti Nundu, S.; Mulopo Mukanya, N.; Ngimba, M.; Modrada Madakpa, B.; Diavita, R.; Paku Tshambu, P.; Pukuta Simbu, E.; Merritt, S.; O'Toole, A.; Low, N.; Nkuba Ndaye, A.; Kavunga Membo, H.; Shongo, R.; Malembi, E.; Kalonji, T.; Kacita, C.; Lokilo Lofiko, E.; Kavira Bapitani, S.; Rilia, O.; Muswamba, P.-C.; Muyembe Mawete, F.; Lumembe, R.; Kabamba, G.; Kenye, M.; Citenga, A.; Cikaya, F.; Yungwe, Z.; Matondo, M.; Kasongo, F.; Tshiminyi, P.; Bulabula, J.; Nkawa, F.; Muhindo Milonde, E.; Kavira Kamaliro, A.; Paluku Kalimuli, Z.; Bodisa Matamu, T.; Mubalama Mufungizi, J.; Wiley, M. R.; Devos, E.; Bangwen, E.; Brosius, I.; Parker, E.; Pilarowski, G.; Liesenborghs, L.; Wawina Bokalanga, T.; Vercauteren, K.; Mukadi Bamuleka, D.; Subissi, L.; Muyembe, J.-J.; Kindrachuk, J.; Guichet, E.; Ayouba, A.; Rambaut, A.; Delaporte, E.; Tessema, S. K.; D'Ortenzio, E.; Rimoin, A. W.; Hensley, L. E.; Mbala Kingebeni, P.; Peeters, M.; Ahuka Mundeke, S."
PP_000SVWT,Ib,A,Democratic Republic of the Congo,"Sud-Kivu,Kamituga",2024-01-03,193396,0.9382482543900126,2024-12-09,"Kinganda Lusamaki, E.; Amuri Aziza, A.; Luakanda Ndelemo, G.; Hasivirwe Vakaniaki, E.; Fernandez Nunez, N.; Pratt, C. B.; Akil Bandali, P.; Makangara Cigolo, J.-C.; Hoff, N. A.; Sabiti Nundu, S.; Mulopo Mukanya, N.; Ngimba, M.; Modrada Madakpa, B.; Diavita, R.; Paku Tshambu, P.; Pukuta Simbu, E.; Merritt, S.; O'Toole, A.; Low, N.; Nkuba Ndaye, A.; Kavunga Membo, H.; Shongo, R.; Malembi, E.; Kalonji, T.; Kacita, C.; Lokilo Lofiko, E.; Kavira Bapitani, S.; Rilia, O.; Muswamba, P.-C.; Muyembe Mawete, F.; Lumembe, R.; Kabamba, G.; Kenye, M.; Citenga, A.; Cikaya, F.; Yungwe, Z.; Matondo, M.; Kasongo, F.; Tshiminyi, P.; Bulabula, J.; Nkawa, F.; Muhindo Milonde, E.; Kavira Kamaliro, A.; Paluku Kalimuli, Z.; Bodisa Matamu, T.; Mubalama Mufungizi, J.; Wiley, M. R.; Devos, E.; Bangwen, E.; Brosius, I.; Parker, E.; Pilarowski, G.; Liesenborghs, L.; Wawina Bokalanga, T.; Vercauteren, K.; Mukadi Bamuleka, D.; Subissi, L.; Muyembe, J.-J.; Kindrachuk, J.; Guichet, E.; Ayouba, A.; Rambaut, A.; Delaporte, E.; Tessema, S. K.; D'Ortenzio, E.; Rimoin, A. W.; Hensley, L. E.; Mbala Kingebeni, P.; Peeters, M.; Ahuka Mundeke, S."
PP_000SVXR,Ib,A,Democratic Republic of the Congo,"Sud-Kivu,Kamituga",2024-01-03,194858,0.7455998458488203,2024-12-09,"Kinganda Lusamaki, E.; Amuri Aziza, A.; Luakanda Ndelemo, G.; Hasivirwe Vakaniaki, E.; Fernandez Nunez, N.; Pratt, C. B.; Akil Bandali, P.; Makangara Cigolo, J.-C.; Hoff, N. A.; Sabiti Nundu, S.; Mulopo Mukanya, N.; Ngimba, M.; Modrada Madakpa, B.; Diavita, R.; Paku Tshambu, P.; Pukuta Simbu, E.; Merritt, S.; O'Toole, A.; Low, N.; Nkuba Ndaye, A.; Kavunga Membo, H.; Shongo, R.; Malembi, E.; Kalonji, T.; Kacita, C.; Lokilo Lofiko, E.; Kavira Bapitani, S.; Rilia, O.; Muswamba, P.-C.; Muyembe Mawete, F.; Lumembe, R.; Kabamba, G.; Kenye, M.; Citenga, A.; Cikaya, F.; Yungwe, Z.; Matondo, M.; Kasongo, F.; Tshiminyi, P.; Bulabula, J.; Nkawa, F.; Muhindo Milonde, E.; Kavira Kamaliro, A.; Paluku Kalimuli, Z.; Bodisa Matamu, T.; Mubalama Mufungizi, J.; Wiley, M. R.; Devos, E.; Bangwen, E.; Brosius, I.; Parker, E.; Pilarowski, G.; Liesenborghs, L.; Wawina Bokalanga, T.; Vercauteren, K.; Mukadi Bamuleka, D.; Subissi, L.; Muyembe, J.-J.; Kindrachuk, J.; Guichet, E.; Ayouba, A.; Rambaut, A.; Delaporte, E.; Tessema, S. K.; D'Ortenzio, E.; Rimoin, A. W.; Hensley, L. E.; Mbala Kingebeni, P.; Peeters, M.; Ahuka Mundeke, S."
PP_000SVYP,Ib,A,Democratic Republic of the Congo,"Sud-Kivu,Kamituga",2024-01-03,195423,0.748388765218626,2024-12-09,"Kinganda Lusamaki, E.; Amuri Aziza, A.; Luakanda Ndelemo, G.; Hasivirwe Vakaniaki, E.; Fernandez Nunez, N.; Pratt, C. B.; Akil Bandali, P.; Makangara Cigolo, J.-C.; Hoff, N. A.; Sabiti Nundu, S.; Mulopo Mukanya, N.; Ngimba, M.; Modrada Madakpa, B.; Diavita, R.; Paku Tshambu, P.; Pukuta Simbu, E.; Merritt, S.; O'Toole, A.; Low, N.; Nkuba Ndaye, A.; Kavunga Membo, H.; Shongo, R.; Malembi, E.; Kalonji, T.; Kacita, C.; Lokilo Lofiko, E.; Kavira Bapitani, S.; Rilia, O.; Muswamba, P.-C.; Muyembe Mawete, F.; Lumembe, R.; Kabamba, G.; Kenye, M.; Citenga, A.; Cikaya, F.; Yungwe, Z.; Matondo, M.; Kasongo, F.; Tshiminyi, P.; Bulabula, J.; Nkawa, F.; Muhindo Milonde, E.; Kavira Kamaliro, A.; Paluku Kalimuli, Z.; Bodisa Matamu, T.; Mubalama Mufungizi, J.; Wiley, M. R.; Devos, E.; Bangwen, E.; Brosius, I.; Parker, E.; Pilarowski, G.; Liesenborghs, L.; Wawina Bokalanga, T.; Vercauteren, K.; Mukadi Bamuleka, D.; Subissi, L.; Muyembe, J.-J.; Kindrachuk, J.; Guichet, E.; Ayouba, A.; Rambaut, A.; Delaporte, E.; Tessema, S. K.; D'Ortenzio, E.; Rimoin, A. W.; Hensley, L. E.; Mbala Kingebeni, P.; Peeters, M.; Ahuka Mundeke, S."
PP_000SVZM,Ib,A,Democratic Republic of the Congo,"Sud-Kivu,Kamituga",2024-01-03,192958,0.9205817178729164,2024-12-09,"Kinganda Lusamaki, E.; Amuri Aziza, A.; Luakanda Ndelemo, G.; Hasivirwe Vakaniaki, E.; Fernandez Nunez, N.; Pratt, C. B.; Akil Bandali, P.; Makangara Cigolo, J.-C.; Hoff, N. A.; Sabiti Nundu, S.; Mulopo Mukanya, N.; Ngimba, M.; Modrada Madakpa, B.; Diavita, R.; Paku Tshambu, P.; Pukuta Simbu, E.; Merritt, S.; O'Toole, A.; Low, N.; Nkuba Ndaye, A.; Kavunga Membo, H.; Shongo, R.; Malembi, E.; Kalonji, T.; Kacita, C.; Lokilo Lofiko, E.; Kavira Bapitani, S.; Rilia, O.; Muswamba, P.-C.; Muyembe Mawete, F.; Lumembe, R.; Kabamba, G.; Kenye, M.; Citenga, A.; Cikaya, F.; Yungwe, Z.; Matondo, M.; Kasongo, F.; Tshiminyi, P.; Bulabula, J.; Nkawa, F.; Muhindo Milonde, E.; Kavira Kamaliro, A.; Paluku Kalimuli, Z.; Bodisa Matamu, T.; Mubalama Mufungizi, J.; Wiley, M. R.; Devos, E.; Bangwen, E.; Brosius, I.; Parker, E.; Pilarowski, G.; Liesenborghs, L.; Wawina Bokalanga, T.; Vercauteren, K.; Mukadi Bamuleka, D.; Subissi, L.; Muyembe, J.-J.; Kindrachuk, J.; Guichet, E.; Ayouba, A.; Rambaut, A.; Delaporte, E.; Tessema, S. K.; D'Ortenzio, E.; Rimoin, A. W.; Hensley, L. E.; Mbala Kingebeni, P.; Peeters, M.; Ahuka Mundeke, S."
PP_000SW0K,Ib,A,Democratic Republic of the Congo,"Sud-Kivu,Kamituga",2024-01-02,192866,0.7251494607244091,2024-12-09,"Kinganda Lusamaki, E.; Amuri Aziza, A.; Luakanda Ndelemo, G.; Hasivirwe Vakaniaki, E.; Fernandez Nunez, N.; Pratt, C. B.; Akil Bandali, P.; Makangara Cigolo, J.-C.; Hoff, N. A.; Sabiti Nundu, S.; Mulopo Mukanya, N.; Ngimba, M.; Modrada Madakpa, B.; Diavita, R.; Paku Tshambu, P.; Pukuta Simbu, E.; Merritt, S.; O'Toole, A.; Low, N.; Nkuba Ndaye, A.; Kavunga Membo, H.; Shongo, R.; Malembi, E.; Kalonji, T.; Kacita, C.; Lokilo Lofiko, E.; Kavira Bapitani, S.; Rilia, O.; Muswamba, P.-C.; Muyembe Mawete, F.; Lumembe, R.; Kabamba, G.; Kenye, M.; Citenga, A.; Cikaya, F.; Yungwe, Z.; Matondo, M.; Kasongo, F.; Tshiminyi, P.; Bulabula, J.; Nkawa, F.; Muhindo Milonde, E.; Kavira Kamaliro, A.; Paluku Kalimuli, Z.; Bodisa Matamu, T.; Mubalama Mufungizi, J.; Wiley, M. R.; Devos, E.; Bangwen, E.; Brosius, I.; Parker, E.; Pilarowski, G.; Liesenborghs, L.; Wawina Bokalanga, T.; Vercauteren, K.; Mukadi Bamuleka, D.; Subissi, L.; Muyembe, J.-J.; Kindrachuk, J.; Guichet, E.; Ayouba, A.; Rambaut, A.; Delaporte, E.; Tessema, S. K.; D'Ortenzio, E.; Rimoin, A. W.; Hensley, L. E.; Mbala Kingebeni, P.; Peeters, M.; Ahuka Mundeke, S."
PP_000SW83,I,None,Democratic Republic of the Congo,NA,NA,666,0.00337712781871009,2024-12-09,"Saijo, M.; Ami, Y.; Suzaki, Y.; Nagata, N.; Iwata, N.; Hasegawa, H.; Ogata, M.; Fukushi, S.; Mizutani, T.; Sata, T.; Kurata, T.; Kurane, I.; Morikawa, S."
PP_000SW91,unassigned,None,Democratic Republic of the Congo,NA,NA,624,0.00331120790633287,2024-12-09,"Saijo, M.; Ami, Y.; Suzaki, Y.; Nagata, N.; Iwata, N.; Hasegawa, H.; Ogata, M.; Fukushi, S.; Mizutani, T.; Sata, T.; Kurata, T.; Kurane, I.; Morikawa, S."
PP_000SWAZ,Ia,None,Democratic Republic of the Congo,NA,NA,453,0.00229705540822173,2024-12-09,"Saijo, M.; Ami, Y.; Suzaki, Y.; Nagata, N.; Iwata, N.; Hasegawa, H.; Ogata, M.; Fukushi, S.; Mizutani, T.; Sata, T.; Kurata, T.; Kurane, I.; Morikawa, S."
PP_000SWCV,unassigned,None,Democratic Republic of the Congo,NA,NA,219,0.00112063851041281,2024-12-09,"Saijo, M.; Ami, Y.; Suzaki, Y.; Nagata, N.; Iwata, N.; Hasegawa, H.; Ogata, M.; Fukushi, S.; Mizutani, T.; Sata, T.; Kurata, T.; Kurane, I.; Morikawa, S."
PP_000SWDT,II,None,Democratic Republic of the Congo,NA,NA,492,0.00248974438286285,2024-12-09,"Saijo, M.; Ami, Y.; Suzaki, Y.; Nagata, N.; Iwata, N.; Hasegawa, H.; Ogata, M.; Fukushi, S.; Mizutani, T.; Sata, T.; Kurata, T.; Kurane, I.; Morikawa, S."
PP_000SWER,II,None,Democratic Republic of the Congo,NA,NA,504,0.00255566429524007,2024-12-09,"Saijo, M.; Ami, Y.; Suzaki, Y.; Nagata, N.; Iwata, N.; Hasegawa, H.; Ogata, M.; Fukushi, S.; Mizutani, T.; Sata, T.; Kurata, T.; Kurane, I.; Morikawa, S."
PP_000SWLC,unassigned,None,Democratic Republic of the Congo,NA,NA,942,0.00477665826610347,2024-12-09,"Esposito, J. J.; Ropp, S. L.; Jin, Q.; Cai, B.; Knight, J. C.; Yu, L.; Taubenberger, J. K.; Tsai, M. M.; Nowotny, N.; Meyer, H.; Cavallaro, K. F."
PP_000SWP6,Ia,None,Democratic Republic of the Congo,Zaire,NA,942,0.00477665826610347,2024-12-09,"Esposito, J. J.; Ropp, S. L.; Jin, Q.; Cai, B.; Knight, J. C.; Yu, L.; Taubenberger, J. K.; Tsai, M. M.; Nowotny, N.; Meyer, H.; Cavallaro, K. F."
PP_000SWQ4,Ia,None,Democratic Republic of the Congo,Zaire,NA,942,0.00477665826610347,2024-12-09,"Esposito, J. J.; Ropp, S. L.; Jin, Q.; Cai, B.; Knight, J. C.; Yu, L.; Taubenberger, J. K.; Tsai, M. M.; Nowotny, N.; Meyer, H.; Cavallaro, K. F."
PP_000SWR2,unassigned,None,Democratic Republic of the Congo,NA,NA,942,0.00477665826610347,2024-12-09,"Esposito, J. J.; Ropp, S. L.; Jin, Q.; Cai, B.; Knight, J. C.; Yu, L.; Taubenberger, J. K.; Tsai, M. M.; Nowotny, N.; Meyer, H.; Cavallaro, K. F."
PP_000SWUW,Ia,None,Democratic Republic of the Congo,Zaire,NA,942,0.00477665826610347,2024-12-09,"Esposito, J. J.; Ropp, S. L.; Jin, Q.; Cai, B.; Knight, J. C.; Yu, L.; Taubenberger, J. K.; Tsai, M. M.; Nowotny, N.; Meyer, H.; Cavallaro, K. F."
PP_000SX2E,unassigned,None,Democratic Republic of the Congo,Zaire,NA,942,0.00477665826610347,2024-12-09,"Esposito, J. J.; Ropp, S. L.; Jin, Q.; Cai, B.; Knight, J. C.; Yu, L.; Taubenberger, J. K.; Tsai, M. M.; Nowotny, N.; Meyer, H.; Cavallaro, K. F."
PP_000SXDS,unassigned,None,Democratic Republic of the Congo,NA,NA,665,0.00336191553123843,2024-12-09,"Pulford, D. J.; Meyer, H.; Ulaeto, D."
PP_000SZ80,Ia,None,Democratic Republic of the Congo,NA,2003,942,0.00477665826610347,2024-12-09,"Ropp, S. L.; Meyer, H.; Frace, A. M.; Sammons, S. A.; Govil, D.; Obsborne, J. D.; Bing, C.; Li, Y.; Knight, J. C.; Loparev, V. N.; Taubenberger, J. K.; Tsai, M. M.; Kolodziejek, J.; Nowotny, N.; Esposito, J. J."
PP_000SZM7,unassigned,None,Democratic Republic of the Congo,province Kasai Oriental,2004,942,0.00477665826610347,2024-12-09,"Rimoin, A. W.; Kisalu, N.; Kebela-Ilunga, B.; Mukaba, T.; Wright, L. L.; Formenty, P.; Wolfe, N. D.; Shongo, R. L.; Tshioko, F.; Okitolonda, E.; Muyembe, J. J.; Ryder, R. W.; Meyer, H."
PP_000SZN5,unassigned,None,Democratic Republic of the Congo,province P. Oriental,2003,942,0.00477665826610347,2024-12-09,"Rimoin, A. W.; Kisalu, N.; Kebela-Ilunga, B.; Mukaba, T.; Wright, L. L.; Formenty, P.; Wolfe, N. D.; Shongo, R. L.; Tshioko, F.; Okitolonda, E.; Muyembe, J. J.; Ryder, R. W.; Meyer, H."
PP_000SZP3,unassigned,None,Democratic Republic of the Congo,province Kasai Oriental,2004,942,0.00477665826610347,2024-12-09,"Rimoin, A. W.; Kisalu, N.; Kebela-Ilunga, B.; Mukaba, T.; Wright, L. L.; Formenty, P.; Wolfe, N. D.; Shongo, R. L.; Tshioko, F.; Okitolonda, E.; Muyembe, J. J.; Ryder, R. W.; Meyer, H."
PP_000SZQ1,unassigned,None,Democratic Republic of the Congo,province Kasai Oriental,2004,942,0.00477665826610347,2024-12-09,"Rimoin, A. W.; Kisalu, N.; Kebela-Ilunga, B.; Mukaba, T.; Wright, L. L.; Formenty, P.; Wolfe, N. D.; Shongo, R. L.; Tshioko, F.; Okitolonda, E.; Muyembe, J. J.; Ryder, R. W.; Meyer, H."
PP_000SZRZ,unassigned,None,Democratic Republic of the Congo,province Kasai Occidental,2002,942,0.00477665826610347,2024-12-09,"Rimoin, A. W.; Kisalu, N.; Kebela-Ilunga, B.; Mukaba, T.; Wright, L. L.; Formenty, P.; Wolfe, N. D.; Shongo, R. L.; Tshioko, F.; Okitolonda, E.; Muyembe, J. J.; Ryder, R. W.; Meyer, H."
PP_000SZSX,unassigned,None,Democratic Republic of the Congo,province Kasai Occidental,2001,942,0.00477665826610347,2024-12-09,"Rimoin, A. W.; Kisalu, N.; Kebela-Ilunga, B.; Mukaba, T.; Wright, L. L.; Formenty, P.; Wolfe, N. D.; Shongo, R. L.; Tshioko, F.; Okitolonda, E.; Muyembe, J. J.; Ryder, R. W.; Meyer, H."
PP_000SZTV,unassigned,None,Democratic Republic of the Congo,province Kasai Occidental,2001,942,0.00477665826610347,2024-12-09,"Rimoin, A. W.; Kisalu, N.; Kebela-Ilunga, B.; Mukaba, T.; Wright, L. L.; Formenty, P.; Wolfe, N. D.; Shongo, R. L.; Tshioko, F.; Okitolonda, E.; Muyembe, J. J.; Ryder, R. W.; Meyer, H."
PP_000SZUT,unassigned,None,Democratic Republic of the Congo,province P. Oriental,2003,942,0.00477665826610347,2024-12-09,"Rimoin, A. W.; Kisalu, N.; Kebela-Ilunga, B.; Mukaba, T.; Wright, L. L.; Formenty, P.; Wolfe, N. D.; Shongo, R. L.; Tshioko, F.; Okitolonda, E.; Muyembe, J. J.; Ryder, R. W.; Meyer, H."
PP_000SZVR,unassigned,None,Democratic Republic of the Congo,province Kasai Oriental,2001,942,0.00477665826610347,2024-12-09,"Rimoin, A. W.; Kisalu, N.; Kebela-Ilunga, B.; Mukaba, T.; Wright, L. L.; Formenty, P.; Wolfe, N. D.; Shongo, R. L.; Tshioko, F.; Okitolonda, E.; Muyembe, J. J.; Ryder, R. W.; Meyer, H."
PP_000SZWP,unassigned,None,Democratic Republic of the Congo,province Kasai Oriental,2001,942,0.00477665826610347,2024-12-09,"Rimoin, A. W.; Kisalu, N.; Kebela-Ilunga, B.; Mukaba, T.; Wright, L. L.; Formenty, P.; Wolfe, N. D.; Shongo, R. L.; Tshioko, F.; Okitolonda, E.; Muyembe, J. J.; Ryder, R. W.; Meyer, H."
PP_000SZXM,unassigned,None,Democratic Republic of the Congo,province Kasai Oriental,2001,942,0.00477665826610347,2024-12-09,"Rimoin, A.; Kisalu, N.; Mukaba, T.; Ryder, R.; Formenty, P.; Kebela, B.; Okitolonda, E.; Muyembe, J.; Meyer, H."
PP_000SZYK,unassigned,None,Democratic Republic of the Congo,province P. Oriental,2004,942,0.00477665826610347,2024-12-09,"Rimoin, A. W.; Kisalu, N.; Kebela-Ilunga, B.; Mukaba, T.; Wright, L. L.; Formenty, P.; Wolfe, N. D.; Shongo, R. L.; Tshioko, F.; Okitolonda, E.; Muyembe, J. J.; Ryder, R. W.; Meyer, H."
PP_000SZZH,unassigned,None,Democratic Republic of the Congo,province Kasai Oriental,2004,942,0.00477665826610347,2024-12-09,"Rimoin, A.; Kisalu, N.; Mukaba, T.; Ryder, R.; Formenty, P.; Kebela, B.; Okitolonda, E.; Muyembe, J.; Meyer, H."
PP_000T00D,unassigned,None,Democratic Republic of the Congo,province Kasai Oriental,2004,942,0.00477665826610347,2024-12-09,"Rimoin, A. W.; Kisalu, N.; Kebela-Ilunga, B.; Mukaba, T.; Wright, L. L.; Formenty, P.; Wolfe, N. D.; Shongo, R. L.; Tshioko, F.; Okitolonda, E.; Muyembe, J. J.; Ryder, R. W.; Meyer, H."
PP_000T01B,unassigned,None,Democratic Republic of the Congo,province Kasai Occidental,2004,942,0.00477665826610347,2024-12-09,"Rimoin, A. W.; Kisalu, N.; Kebela-Ilunga, B.; Mukaba, T.; Wright, L. L.; Formenty, P.; Wolfe, N. D.; Shongo, R. L.; Tshioko, F.; Okitolonda, E.; Muyembe, J. J.; Ryder, R. W.; Meyer, H."
PP_000T029,unassigned,None,Democratic Republic of the Congo,province Kasai Oriental,2004,942,0.00477665826610347,2024-12-09,"Rimoin, A. W.; Kisalu, N.; Kebela-Ilunga, B.; Mukaba, T.; Wright, L. L.; Formenty, P.; Wolfe, N. D.; Shongo, R. L.; Tshioko, F.; Okitolonda, E.; Muyembe, J. J.; Ryder, R. W.; Meyer, H."
PP_000T037,unassigned,None,Democratic Republic of the Congo,province Kasai Oriental,2004,942,0.00477665826610347,2024-12-09,"Rimoin, A. W.; Kisalu, N.; Kebela-Ilunga, B.; Mukaba, T.; Wright, L. L.; Formenty, P.; Wolfe, N. D.; Shongo, R. L.; Tshioko, F.; Okitolonda, E.; Muyembe, J. J.; Ryder, R. W.; Meyer, H."
PP_000T045,unassigned,None,Democratic Republic of the Congo,province P. Oriental,2003,942,0.00477665826610347,2024-12-09,"Rimoin, A. W.; Kisalu, N.; Kebela-Ilunga, B.; Mukaba, T.; Wright, L. L.; Formenty, P.; Wolfe, N. D.; Shongo, R. L.; Tshioko, F.; Okitolonda, E.; Muyembe, J. J.; Ryder, R. W.; Meyer, H."
PP_000T053,unassigned,None,Democratic Republic of the Congo,province P. Oriental,2003,942,0.00477665826610347,2024-12-09,"Rimoin, A. W.; Kisalu, N.; Kebela-Ilunga, B.; Mukaba, T.; Wright, L. L.; Formenty, P.; Wolfe, N. D.; Shongo, R. L.; Tshioko, F.; Okitolonda, E.; Muyembe, J. J.; Ryder, R. W.; Meyer, H."
PP_000T061,unassigned,None,Democratic Republic of the Congo,province Kasai Oriental,2001,942,0.00477665826610347,2024-12-09,"Rimoin, A. W.; Kisalu, N.; Kebela-Ilunga, B.; Mukaba, T.; Wright, L. L.; Formenty, P.; Wolfe, N. D.; Shongo, R. L.; Tshioko, F.; Okitolonda, E.; Muyembe, J. J.; Ryder, R. W.; Meyer, H."
PP_000T07Z,unassigned,None,Democratic Republic of the Congo,province Kasai Occidental,2001,942,0.00477665826610347,2024-12-09,"Rimoin, A. W.; Kisalu, N.; Kebela-Ilunga, B.; Mukaba, T.; Wright, L. L.; Formenty, P.; Wolfe, N. D.; Shongo, R. L.; Tshioko, F.; Okitolonda, E.; Muyembe, J. J.; Ryder, R. W.; Meyer, H."
PP_000T08X,unassigned,None,Democratic Republic of the Congo,province Kasai Oriental,2002,942,0.00477665826610347,2024-12-09,"Rimoin, A. W.; Kisalu, N.; Kebela-Ilunga, B.; Mukaba, T.; Wright, L. L.; Formenty, P.; Wolfe, N. D.; Shongo, R. L.; Tshioko, F.; Okitolonda, E.; Muyembe, J. J.; Ryder, R. W.; Meyer, H."
PP_000T09V,unassigned,None,Democratic Republic of the Congo,province Kasai Oriental,2002,942,0.00477665826610347,2024-12-09,"Rimoin, A. W.; Kisalu, N.; Kebela-Ilunga, B.; Mukaba, T.; Wright, L. L.; Formenty, P.; Wolfe, N. D.; Shongo, R. L.; Tshioko, F.; Okitolonda, E.; Muyembe, J. J.; Ryder, R. W.; Meyer, H."
PP_000T0AT,unassigned,None,Democratic Republic of the Congo,province Kasai Oriental,2002,942,0.00477665826610347,2024-12-09,"Rimoin, A. W.; Kisalu, N.; Kebela-Ilunga, B.; Mukaba, T.; Wright, L. L.; Formenty, P.; Wolfe, N. D.; Shongo, R. L.; Tshioko, F.; Okitolonda, E.; Muyembe, J. J.; Ryder, R. W.; Meyer, H."
PP_000T0BR,unassigned,None,Democratic Republic of the Congo,province Kasai Oriental,2002,942,0.00477665826610347,2024-12-09,"Rimoin, A. W.; Kisalu, N.; Kebela-Ilunga, B.; Mukaba, T.; Wright, L. L.; Formenty, P.; Wolfe, N. D.; Shongo, R. L.; Tshioko, F.; Okitolonda, E.; Muyembe, J. J.; Ryder, R. W.; Meyer, H."
PP_000T0CP,unassigned,None,Democratic Republic of the Congo,province Kasai Oriental,2002,942,0.00477665826610347,2024-12-09,"Rimoin, A. W.; Kisalu, N.; Kebela-Ilunga, B.; Mukaba, T.; Wright, L. L.; Formenty, P.; Wolfe, N. D.; Shongo, R. L.; Tshioko, F.; Okitolonda, E.; Muyembe, J. J.; Ryder, R. W.; Meyer, H."
PP_000T0DM,unassigned,None,Democratic Republic of the Congo,province Kasai Oriental,2002,942,0.00477665826610347,2024-12-09,"Rimoin, A. W.; Kisalu, N.; Kebela-Ilunga, B.; Mukaba, T.; Wright, L. L.; Formenty, P.; Wolfe, N. D.; Shongo, R. L.; Tshioko, F.; Okitolonda, E.; Muyembe, J. J.; Ryder, R. W.; Meyer, H."
PP_000T0EK,unassigned,None,Democratic Republic of the Congo,province P. Oriental,2003,942,0.00477665826610347,2024-12-09,"Rimoin, A. W.; Kisalu, N.; Kebela-Ilunga, B.; Mukaba, T.; Wright, L. L.; Formenty, P.; Wolfe, N. D.; Shongo, R. L.; Tshioko, F.; Okitolonda, E.; Muyembe, J. J.; Ryder, R. W.; Meyer, H."
PP_000T0FH,unassigned,None,Democratic Republic of the Congo,province Kasai Oriental,2002,942,0.00477665826610347,2024-12-09,"Rimoin, A. W.; Kisalu, N.; Kebela-Ilunga, B.; Mukaba, T.; Wright, L. L.; Formenty, P.; Wolfe, N. D.; Shongo, R. L.; Tshioko, F.; Okitolonda, E.; Muyembe, J. J.; Ryder, R. W.; Meyer, H."
PP_000T0GF,Ia,None,Democratic Republic of the Congo,province Equateur,2002,942,0.00477665826610347,2024-12-09,"Rimoin, A. W.; Kisalu, N.; Kebela-Ilunga, B.; Mukaba, T.; Wright, L. L.; Formenty, P.; Wolfe, N. D.; Shongo, R. L.; Tshioko, F.; Okitolonda, E.; Muyembe, J. J.; Ryder, R. W.; Meyer, H."
PP_000T0HC,Ia,None,Democratic Republic of the Congo,province Bandundu,2003,942,0.00477665826610347,2024-12-09,"Rimoin, A. W.; Kisalu, N.; Kebela-Ilunga, B.; Mukaba, T.; Wright, L. L.; Formenty, P.; Wolfe, N. D.; Shongo, R. L.; Tshioko, F.; Okitolonda, E.; Muyembe, J. J.; Ryder, R. W.; Meyer, H."
PP_000T0JA,Ia,None,Democratic Republic of the Congo,province Equateur,2002,942,0.00477665826610347,2024-12-09,"Rimoin, A. W.; Kisalu, N.; Kebela-Ilunga, B.; Mukaba, T.; Wright, L. L.; Formenty, P.; Wolfe, N. D.; Shongo, R. L.; Tshioko, F.; Okitolonda, E.; Muyembe, J. J.; Ryder, R. W.; Meyer, H."
PP_000T0K8,Ia,None,Democratic Republic of the Congo,province Equateur,2002,942,0.00477665826610347,2024-12-09,"Rimoin, A. W.; Kisalu, N.; Kebela-Ilunga, B.; Mukaba, T.; Wright, L. L.; Formenty, P.; Wolfe, N. D.; Shongo, R. L.; Tshioko, F.; Okitolonda, E.; Muyembe, J. J.; Ryder, R. W.; Meyer, H."
PP_000T0L6,Ia,None,Democratic Republic of the Congo,province Bandundu,2002,942,0.00477665826610347,2024-12-09,"Rimoin, A. W.; Kisalu, N.; Kebela-Ilunga, B.; Mukaba, T.; Wright, L. L.; Formenty, P.; Wolfe, N. D.; Shongo, R. L.; Tshioko, F.; Okitolonda, E.; Muyembe, J. J.; Ryder, R. W.; Meyer, H."
PP_000T0M4,Ia,None,Democratic Republic of the Congo,province Bandundu,2003,942,0.00477665826610347,2024-12-09,"Rimoin, A. W.; Kisalu, N.; Kebela-Ilunga, B.; Mukaba, T.; Wright, L. L.; Formenty, P.; Wolfe, N. D.; Shongo, R. L.; Tshioko, F.; Okitolonda, E.; Muyembe, J. J.; Ryder, R. W.; Meyer, H."
PP_000T0N2,Ia,None,Democratic Republic of the Congo,province Equateur,2002,942,0.00477665826610347,2024-12-09,"Rimoin, A. W.; Kisalu, N.; Kebela-Ilunga, B.; Mukaba, T.; Wright, L. L.; Formenty, P.; Wolfe, N. D.; Shongo, R. L.; Tshioko, F.; Okitolonda, E.; Muyembe, J. J.; Ryder, R. W.; Meyer, H."
PP_000T0P0,Ia,None,Democratic Republic of the Congo,province Equateur,2002,942,0.00477665826610347,2024-12-09,"Rimoin, A. W.; Kisalu, N.; Kebela-Ilunga, B.; Mukaba, T.; Wright, L. L.; Formenty, P.; Wolfe, N. D.; Shongo, R. L.; Tshioko, F.; Okitolonda, E.; Muyembe, J. J.; Ryder, R. W.; Meyer, H."
PP_000T0QY,Ia,None,Democratic Republic of the Congo,province Equateur,2001,942,0.00477665826610347,2024-12-09,"Rimoin, A. W.; Kisalu, N.; Kebela-Ilunga, B.; Mukaba, T.; Wright, L. L.; Formenty, P.; Wolfe, N. D.; Shongo, R. L.; Tshioko, F.; Okitolonda, E.; Muyembe, J. J.; Ryder, R. W.; Meyer, H."
PP_000T0RW,Ia,None,Democratic Republic of the Congo,province Equateur,2004,942,0.00477665826610347,2024-12-09,"Rimoin, A. W.; Kisalu, N.; Kebela-Ilunga, B.; Mukaba, T.; Wright, L. L.; Formenty, P.; Wolfe, N. D.; Shongo, R. L.; Tshioko, F.; Okitolonda, E.; Muyembe, J. J.; Ryder, R. W.; Meyer, H."
PP_000T0SU,Ia,None,Democratic Republic of the Congo,province Equateur,2004,942,0.00477665826610347,2024-12-09,"Rimoin, A. W.; Kisalu, N.; Kebela-Ilunga, B.; Mukaba, T.; Wright, L. L.; Formenty, P.; Wolfe, N. D.; Shongo, R. L.; Tshioko, F.; Okitolonda, E.; Muyembe, J. J.; Ryder, R. W.; Meyer, H."
PP_000T0TS,Ia,None,Democratic Republic of the Congo,province Equateur,2004,942,0.00477665826610347,2024-12-09,"Rimoin, A. W.; Kisalu, N.; Kebela-Ilunga, B.; Mukaba, T.; Wright, L. L.; Formenty, P.; Wolfe, N. D.; Shongo, R. L.; Tshioko, F.; Okitolonda, E.; Muyembe, J. J.; Ryder, R. W.; Meyer, H."
PP_000T0UQ,Ia,None,Democratic Republic of the Congo,province Equateur,2004,942,0.00477665826610347,2024-12-09,"Rimoin, A. W.; Kisalu, N.; Kebela-Ilunga, B.; Mukaba, T.; Wright, L. L.; Formenty, P.; Wolfe, N. D.; Shongo, R. L.; Tshioko, F.; Okitolonda, E.; Muyembe, J. J.; Ryder, R. W.; Meyer, H."
PP_000T0VN,Ia,None,Democratic Republic of the Congo,province Equateur,2004,942,0.00477665826610347,2024-12-09,"Rimoin, A. W.; Kisalu, N.; Kebela-Ilunga, B.; Mukaba, T.; Wright, L. L.; Formenty, P.; Wolfe, N. D.; Shongo, R. L.; Tshioko, F.; Okitolonda, E.; Muyembe, J. J.; Ryder, R. W.; Meyer, H."
PP_000T0WL,Ia,None,Democratic Republic of the Congo,province Equateur,2004,942,0.00477665826610347,2024-12-09,"Rimoin, A. W.; Kisalu, N.; Kebela-Ilunga, B.; Mukaba, T.; Wright, L. L.; Formenty, P.; Wolfe, N. D.; Shongo, R. L.; Tshioko, F.; Okitolonda, E.; Muyembe, J. J.; Ryder, R. W.; Meyer, H."
PP_000T0XJ,Ia,None,Democratic Republic of the Congo,province Equateur,2004,942,0.00477665826610347,2024-12-09,"Rimoin, A. W.; Kisalu, N.; Kebela-Ilunga, B.; Mukaba, T.; Wright, L. L.; Formenty, P.; Wolfe, N. D.; Shongo, R. L.; Tshioko, F.; Okitolonda, E.; Muyembe, J. J.; Ryder, R. W.; Meyer, H."
PP_000T0YG,Ia,None,Democratic Republic of the Congo,province Equateur,2002,942,0.00477665826610347,2024-12-09,"Rimoin, A. W.; Kisalu, N.; Kebela-Ilunga, B.; Mukaba, T.; Wright, L. L.; Formenty, P.; Wolfe, N. D.; Shongo, R. L.; Tshioko, F.; Okitolonda, E.; Muyembe, J. J.; Ryder, R. W.; Meyer, H."
PP_000T0ZE,Ia,None,Democratic Republic of the Congo,province Kasai Oriental,2002,942,0.00477665826610347,2024-12-09,"Rimoin, A. W.; Kisalu, N.; Kebela-Ilunga, B.; Mukaba, T.; Wright, L. L.; Formenty, P.; Wolfe, N. D.; Shongo, R. L.; Tshioko, F.; Okitolonda, E.; Muyembe, J. J.; Ryder, R. W.; Meyer, H."
PP_000T10C,Ia,None,Democratic Republic of the Congo,province Kasai Oriental,2002,942,0.00477665826610347,2024-12-09,"Rimoin, A. W.; Kisalu, N.; Kebela-Ilunga, B.; Mukaba, T.; Wright, L. L.; Formenty, P.; Wolfe, N. D.; Shongo, R. L.; Tshioko, F.; Okitolonda, E.; Muyembe, J. J.; Ryder, R. W.; Meyer, H."
PP_000T11A,Ia,None,Democratic Republic of the Congo,province Equateur,2002,942,0.00477665826610347,2024-12-09,"Rimoin, A. W.; Kisalu, N.; Kebela-Ilunga, B.; Mukaba, T.; Wright, L. L.; Formenty, P.; Wolfe, N. D.; Shongo, R. L.; Tshioko, F.; Okitolonda, E.; Muyembe, J. J.; Ryder, R. W.; Meyer, H."
PP_000T128,Ia,None,Democratic Republic of the Congo,province Equateur,2002,942,0.00477665826610347,2024-12-09,"Rimoin, A. W.; Kisalu, N.; Kebela-Ilunga, B.; Mukaba, T.; Wright, L. L.; Formenty, P.; Wolfe, N. D.; Shongo, R. L.; Tshioko, F.; Okitolonda, E.; Muyembe, J. J.; Ryder, R. W.; Meyer, H."
PP_000T1N1,Ia,None,Democratic Republic of the Congo,NA,2006-10-09,196440,0.99981745255034,2024-12-09,"Kugelman, J. R.; Johnston, S. C.; Mulembakani, P. M.; Kisalu, N.; Lee, M. S.; Koroleva, G.; McCarthy, S. E.; Gestole, M. C.; Wolfe, N. D.; Fair, J. N.; Schneider, B. S.; Wright, L. L.; Huggins, J.; Whitehouse, C. A.; Wemakoy, E. O.; Muyembe-Tamfum, J. J.; Hensley, L. E.; Palacios, G. F.; Rimoin, A. W.; Palacios, G."
PP_000T1PZ,Ia,None,Democratic Republic of the Congo,NA,2006-10-31,196740,0.99981745255034,2024-12-09,"Kugelman, J. R.; Johnston, S. C.; Mulembakani, P. M.; Kisalu, N.; Lee, M. S.; Koroleva, G.; McCarthy, S. E.; Gestole, M. C.; Wolfe, N. D.; Fair, J. N.; Schneider, B. S.; Wright, L. L.; Huggins, J.; Whitehouse, C. A.; Wemakoy, E. O.; Muyembe-Tamfum, J. J.; Hensley, L. E.; Palacios, G. F.; Rimoin, A. W.; Palacios, G."
PP_000T1QX,Ia,None,Democratic Republic of the Congo,NA,2006-11-09,198597,0.99981745255034,2024-12-09,"Kugelman, J. R.; Johnston, S. C.; Mulembakani, P. M.; Kisalu, N.; Lee, M. S.; Koroleva, G.; McCarthy, S. E.; Gestole, M. C.; Wolfe, N. D.; Fair, J. N.; Schneider, B. S.; Wright, L. L.; Huggins, J.; Whitehouse, C. A.; Wemakoy, E. O.; Muyembe-Tamfum, J. J.; Hensley, L. E.; Palacios, G. F.; Rimoin, A. W.; Palacios, G."
PP_000T1RV,Ia,None,Democratic Republic of the Congo,NA,2006-11-24,198886,0.9998022402628683,2024-12-09,"Kugelman, J. R.; Johnston, S. C.; Mulembakani, P. M.; Kisalu, N.; Lee, M. S.; Koroleva, G.; McCarthy, S. E.; Gestole, M. C.; Wolfe, N. D.; Fair, J. N.; Schneider, B. S.; Wright, L. L.; Huggins, J.; Whitehouse, C. A.; Wemakoy, E. O.; Muyembe-Tamfum, J. J.; Hensley, L. E.; Palacios, G. F.; Rimoin, A. W.; Palacios, G."
PP_000T1ST,Ia,None,Democratic Republic of the Congo,NA,2006-11-30,198877,0.99981745255034,2024-12-09,"Kugelman, J. R.; Johnston, S. C.; Mulembakani, P. M.; Kisalu, N.; Lee, M. S.; Koroleva, G.; McCarthy, S. E.; Gestole, M. C.; Wolfe, N. D.; Fair, J. N.; Schneider, B. S.; Wright, L. L.; Huggins, J.; Whitehouse, C. A.; Wemakoy, E. O.; Muyembe-Tamfum, J. J.; Hensley, L. E.; Palacios, G. F.; Rimoin, A. W.; Palacios, G."
PP_000T1TR,Ia,None,Democratic Republic of the Congo,NA,2006-11-30,198737,0.99981745255034,2024-12-09,"Kugelman, J. R.; Johnston, S. C.; Mulembakani, P. M.; Kisalu, N.; Lee, M. S.; Koroleva, G.; McCarthy, S. E.; Gestole, M. C.; Wolfe, N. D.; Fair, J. N.; Schneider, B. S.; Wright, L. L.; Huggins, J.; Whitehouse, C. A.; Wemakoy, E. O.; Muyembe-Tamfum, J. J.; Hensley, L. E.; Palacios, G. F.; Rimoin, A. W.; Palacios, G."
PP_000T1UP,Ia,None,Democratic Republic of the Congo,NA,2006-12-14,197627,0.99981745255034,2024-12-09,"Kugelman, J. R.; Johnston, S. C.; Mulembakani, P. M.; Kisalu, N.; Lee, M. S.; Koroleva, G.; McCarthy, S. E.; Gestole, M. C.; Wolfe, N. D.; Fair, J. N.; Schneider, B. S.; Wright, L. L.; Huggins, J.; Whitehouse, C. A.; Wemakoy, E. O.; Muyembe-Tamfum, J. J.; Hensley, L. E.; Palacios, G. F.; Rimoin, A. W.; Palacios, G."
PP_000T1VM,Ia,None,Democratic Republic of the Congo,NA,2006-12-14,197910,0.99981745255034,2024-12-09,"Kugelman, J. R.; Johnston, S. C.; Mulembakani, P. M.; Kisalu, N.; Lee, M. S.; Koroleva, G.; McCarthy, S. E.; Gestole, M. C.; Wolfe, N. D.; Fair, J. N.; Schneider, B. S.; Wright, L. L.; Huggins, J.; Whitehouse, C. A.; Wemakoy, E. O.; Muyembe-Tamfum, J. J.; Hensley, L. E.; Palacios, G. F.; Rimoin, A. W.; Palacios, G."
PP_000T1WK,Ia,None,Democratic Republic of the Congo,NA,2006-12-26,197488,0.99981745255034,2024-12-09,"Kugelman, J. R.; Johnston, S. C.; Mulembakani, P. M.; Kisalu, N.; Lee, M. S.; Koroleva, G.; McCarthy, S. E.; Gestole, M. C.; Wolfe, N. D.; Fair, J. N.; Schneider, B. S.; Wright, L. L.; Huggins, J.; Whitehouse, C. A.; Wemakoy, E. O.; Muyembe-Tamfum, J. J.; Hensley, L. E.; Palacios, G. F.; Rimoin, A. W.; Palacios, G."
PP_000T1XH,Ia,None,Democratic Republic of the Congo,NA,2006-12-26,197632,0.99981745255034,2024-12-09,"Kugelman, J. R.; Johnston, S. C.; Mulembakani, P. M.; Kisalu, N.; Lee, M. S.; Koroleva, G.; McCarthy, S. E.; Gestole, M. C.; Wolfe, N. D.; Fair, J. N.; Schneider, B. S.; Wright, L. L.; Huggins, J.; Whitehouse, C. A.; Wemakoy, E. O.; Muyembe-Tamfum, J. J.; Hensley, L. E.; Palacios, G. F.; Rimoin, A. W.; Palacios, G."
PP_000T1YF,Ia,None,Democratic Republic of the Congo,NA,2006-12-14,197959,0.99981745255034,2024-12-09,"Kugelman, J. R.; Johnston, S. C.; Mulembakani, P. M.; Kisalu, N.; Lee, M. S.; Koroleva, G.; McCarthy, S. E.; Gestole, M. C.; Wolfe, N. D.; Fair, J. N.; Schneider, B. S.; Wright, L. L.; Huggins, J.; Whitehouse, C. A.; Wemakoy, E. O.; Muyembe-Tamfum, J. J.; Hensley, L. E.; Palacios, G. F.; Rimoin, A. W.; Palacios, G."
PP_000T1ZD,Ia,None,Democratic Republic of the Congo,NA,2007-01-02,196740,0.99981745255034,2024-12-09,"Kugelman, J. R.; Johnston, S. C.; Mulembakani, P. M.; Kisalu, N.; Lee, M. S.; Koroleva, G.; McCarthy, S. E.; Gestole, M. C.; Wolfe, N. D.; Fair, J. N.; Schneider, B. S.; Wright, L. L.; Huggins, J.; Whitehouse, C. A.; Wemakoy, E. O.; Muyembe-Tamfum, J. J.; Hensley, L. E.; Palacios, G. F.; Rimoin, A. W.; Palacios, G."
PP_000T20B,Ia,None,Democratic Republic of the Congo,NA,2007-02-10,196732,0.99981745255034,2024-12-09,"Kugelman, J. R.; Johnston, S. C.; Mulembakani, P. M.; Kisalu, N.; Lee, M. S.; Koroleva, G.; McCarthy, S. E.; Gestole, M. C.; Wolfe, N. D.; Fair, J. N.; Schneider, B. S.; Wright, L. L.; Huggins, J.; Whitehouse, C. A.; Wemakoy, E. O.; Muyembe-Tamfum, J. J.; Hensley, L. E.; Palacios, G. F.; Rimoin, A. W.; Palacios, G."
PP_000T219,Ia,None,Democratic Republic of the Congo,NA,2007-02-26,196730,0.99981745255034,2024-12-09,"Kugelman, J. R.; Johnston, S. C.; Mulembakani, P. M.; Kisalu, N.; Lee, M. S.; Koroleva, G.; McCarthy, S. E.; Gestole, M. C.; Wolfe, N. D.; Fair, J. N.; Schneider, B. S.; Wright, L. L.; Huggins, J.; Whitehouse, C. A.; Wemakoy, E. O.; Muyembe-Tamfum, J. J.; Hensley, L. E.; Palacios, G. F.; Rimoin, A. W.; Palacios, G."
PP_000T227,Ia,None,Democratic Republic of the Congo,NA,2007-03-22,197767,0.99981745255034,2024-12-09,"Kugelman, J. R.; Johnston, S. C.; Mulembakani, P. M.; Kisalu, N.; Lee, M. S.; Koroleva, G.; McCarthy, S. E.; Gestole, M. C.; Wolfe, N. D.; Fair, J. N.; Schneider, B. S.; Wright, L. L.; Huggins, J.; Whitehouse, C. A.; Wemakoy, E. O.; Muyembe-Tamfum, J. J.; Hensley, L. E.; Palacios, G. F.; Rimoin, A. W.; Palacios, G."
PP_000T235,Ia,None,Democratic Republic of the Congo,NA,2007-03-20,197346,0.99981745255034,2024-12-09,"Kugelman, J. R.; Johnston, S. C.; Mulembakani, P. M.; Kisalu, N.; Lee, M. S.; Koroleva, G.; McCarthy, S. E.; Gestole, M. C.; Wolfe, N. D.; Fair, J. N.; Schneider, B. S.; Wright, L. L.; Huggins, J.; Whitehouse, C. A.; Wemakoy, E. O.; Muyembe-Tamfum, J. J.; Hensley, L. E.; Palacios, G. F.; Rimoin, A. W.; Palacios, G."
PP_000T243,Ia,None,Democratic Republic of the Congo,NA,2007-03-25,196581,0.99981745255034,2024-12-09,"Kugelman, J. R.; Johnston, S. C.; Mulembakani, P. M.; Kisalu, N.; Lee, M. S.; Koroleva, G.; McCarthy, S. E.; Gestole, M. C.; Wolfe, N. D.; Fair, J. N.; Schneider, B. S.; Wright, L. L.; Huggins, J.; Whitehouse, C. A.; Wemakoy, E. O.; Muyembe-Tamfum, J. J.; Hensley, L. E.; Palacios, G. F.; Rimoin, A. W.; Palacios, G."
PP_000T251,Ia,None,Democratic Republic of the Congo,NA,2007-03-25,196376,0.9998073110253588,2024-12-09,"Kugelman, J. R.; Johnston, S. C.; Mulembakani, P. M.; Kisalu, N.; Lee, M. S.; Koroleva, G.; McCarthy, S. E.; Gestole, M. C.; Wolfe, N. D.; Fair, J. N.; Schneider, B. S.; Wright, L. L.; Huggins, J.; Whitehouse, C. A.; Wemakoy, E. O.; Muyembe-Tamfum, J. J.; Hensley, L. E.; Palacios, G. F.; Rimoin, A. W.; Palacios, G."
PP_000T26Z,Ia,None,Democratic Republic of the Congo,NA,2007-04-20,197147,0.99981745255034,2024-12-09,"Kugelman, J. R.; Johnston, S. C.; Mulembakani, P. M.; Kisalu, N.; Lee, M. S.; Koroleva, G.; McCarthy, S. E.; Gestole, M. C.; Wolfe, N. D.; Fair, J. N.; Schneider, B. S.; Wright, L. L.; Huggins, J.; Whitehouse, C. A.; Wemakoy, E. O.; Muyembe-Tamfum, J. J.; Hensley, L. E.; Palacios, G. F.; Rimoin, A. W.; Palacios, G."
PP_000T27X,Ia,None,Democratic Republic of the Congo,NA,2007-05-27,196747,0.99981745255034,2024-12-09,"Kugelman, J. R.; Johnston, S. C.; Mulembakani, P. M.; Kisalu, N.; Lee, M. S.; Koroleva, G.; McCarthy, S. E.; Gestole, M. C.; Wolfe, N. D.; Fair, J. N.; Schneider, B. S.; Wright, L. L.; Huggins, J.; Whitehouse, C. A.; Wemakoy, E. O.; Muyembe-Tamfum, J. J.; Hensley, L. E.; Palacios, G. F.; Rimoin, A. W.; Palacios, G."
PP_000T28V,Ia,None,Democratic Republic of the Congo,NA,2007-05-25,197347,0.99981745255034,2024-12-09,"Kugelman, J. R.; Johnston, S. C.; Mulembakani, P. M.; Kisalu, N.; Lee, M. S.; Koroleva, G.; McCarthy, S. E.; Gestole, M. C.; Wolfe, N. D.; Fair, J. N.; Schneider, B. S.; Wright, L. L.; Huggins, J.; Whitehouse, C. A.; Wemakoy, E. O.; Muyembe-Tamfum, J. J.; Hensley, L. E.; Palacios, G. F.; Rimoin, A. W.; Palacios, G."
PP_000T29T,Ia,None,Democratic Republic of the Congo,NA,2007-06-30,197488,0.99981745255034,2024-12-09,"Kugelman, J. R.; Johnston, S. C.; Mulembakani, P. M.; Kisalu, N.; Lee, M. S.; Koroleva, G.; McCarthy, S. E.; Gestole, M. C.; Wolfe, N. D.; Fair, J. N.; Schneider, B. S.; Wright, L. L.; Huggins, J.; Whitehouse, C. A.; Wemakoy, E. O.; Muyembe-Tamfum, J. J.; Hensley, L. E.; Palacios, G. F.; Rimoin, A. W.; Palacios, G."
PP_000T2AR,Ia,None,Democratic Republic of the Congo,NA,2007-09-04,196866,0.99981745255034,2024-12-09,"Kugelman, J. R.; Johnston, S. C.; Mulembakani, P. M.; Kisalu, N.; Lee, M. S.; Koroleva, G.; McCarthy, S. E.; Gestole, M. C.; Wolfe, N. D.; Fair, J. N.; Schneider, B. S.; Wright, L. L.; Huggins, J.; Whitehouse, C. A.; Wemakoy, E. O.; Muyembe-Tamfum, J. J.; Hensley, L. E.; Palacios, G. F.; Rimoin, A. W.; Palacios, G."
PP_000T2EH,Ia,None,Democratic Republic of the Congo,Yandongi,1985,196487,0.9980426856786456,2024-12-09,"Nakazawa, Y.; Emerson, G. L.; Carroll, D. S.; Zhao, H.; Li, Y.; Reynolds, M. G.; Karem, K. L.; Olson, V. A.; Lash, R. R.; Davidson, W. B.; Smith, S. K.; Levine, R. S.; Regnery, R. L.; Sammons, S. A.; Frace, M. A.; Mutasim, E. M.; Karsani, M. E.; Muntasir, M. O.; Babiker, A. A.; Opoka, L.; Chowdhary, V.; Damon, I. K.; Karsani, M. E. M."
PP_000T2EH,Ia,None,Democratic Republic of the Congo,Yandongi,1985,196487,0.9980426856786456,2025-12-22,"Nakazawa, Y.; Emerson, G. L.; Carroll, D. S.; Zhao, H.; Li, Y.; Reynolds, M. G.; Karem, K. L.; Olson, V. A.; Lash, R. R.; Davidson, W. B.; Smith, S. K.; Levine, R. S.; Regnery, R. L.; Sammons, S. A.; Frace, M. A.; Mutasim, E. M.; Karsani, M. E.; Muntasir, M. O.; Babiker, A. A.; Opoka, L.; Chowdhary, V.; Damon, I. K.; Karsani, M. E. M."
PP_000T2SS,Ib,A,Democratic Republic of the Congo,"Nord Kivu, Walikale, Boboro",2011-11-23,3495,0.01772231490449219,2024-12-09,"McCollum, A. M.; Nakazawa, Y.; Ndongala, G. M.; Pukuta, E.; Karhemere, S.; Lushima, R. S.; Ilunga, B. K.; Kabamba, J.; Wilkins, K.; Gao, J.; Li, Y.; Emerson, G.; Damon, I. K.; Carroll, D. S.; Reynolds, M. G.; Malekani, J.; Tamfum, J. J.; Mccollum, A. M.; Muyembe, J.-J."
PP_000T2TQ,I,None,Democratic Republic of the Congo,"Nord Kivu, Walikale, Boboro",2011-11-23,2538,0.01286959520103038,2024-12-09,"McCollum, A. M.; Nakazawa, Y.; Ndongala, G. M.; Pukuta, E.; Karhemere, S.; Lushima, R. S.; Ilunga, B. K.; Kabamba, J.; Wilkins, K.; Gao, J.; Li, Y.; Emerson, G.; Damon, I. K.; Carroll, D. S.; Reynolds, M. G.; Malekani, J.; Tamfum, J. J.; Mccollum, A. M.; Muyembe, J.-J."
PP_000T2VL,I,None,Democratic Republic of the Congo,"Nord Kivu, Walikale, Boboro",2011-11-23,3861,0.01957821397603557,2024-12-09,"McCollum, A. M.; Nakazawa, Y.; Ndongala, G. M.; Pukuta, E.; Karhemere, S.; Lushima, R. S.; Ilunga, B. K.; Kabamba, J.; Wilkins, K.; Gao, J.; Li, Y.; Emerson, G.; Damon, I. K.; Carroll, D. S.; Reynolds, M. G.; Malekani, J.; Tamfum, J. J.; Mccollum, A. M.; Muyembe, J.-J."
PP_000T2XG,Ia,None,Democratic Republic of the Congo,"Nord Kivu, Musienene, Butembo",2012-09-12,3495,0.01772231490449219,2024-12-09,"McCollum, A. M.; Nakazawa, Y.; Ndongala, G. M.; Pukuta, E.; Karhemere, S.; Lushima, R. S.; Ilunga, B. K.; Kabamba, J.; Wilkins, K.; Gao, J.; Li, Y.; Emerson, G.; Damon, I. K.; Carroll, D. S.; Reynolds, M. G.; Malekani, J.; Tamfum, J. J.; Mccollum, A. M.; Muyembe, J.-J."
PP_000T2YE,I,None,Democratic Republic of the Congo,"Nord Kivu, Musienene, Butembo",2012-09-12,2538,0.01286959520103038,2024-12-09,"McCollum, A. M.; Nakazawa, Y.; Ndongala, G. M.; Pukuta, E.; Karhemere, S.; Lushima, R. S.; Ilunga, B. K.; Kabamba, J.; Wilkins, K.; Gao, J.; Li, Y.; Emerson, G.; Damon, I. K.; Carroll, D. S.; Reynolds, M. G.; Malekani, J.; Tamfum, J. J.; Mccollum, A. M.; Muyembe, J.-J."
PP_000T318,Ib,A.4,Democratic Republic of the Congo,"Nord Kivu, Musienene, Butembo",2012-09-12,3861,0.01957821397603557,2024-12-09,"McCollum, A. M.; Nakazawa, Y.; Ndongala, G. M.; Pukuta, E.; Karhemere, S.; Lushima, R. S.; Ilunga, B. K.; Kabamba, J.; Wilkins, K.; Gao, J.; Li, Y.; Emerson, G.; Damon, I. K.; Carroll, D. S.; Reynolds, M. G.; Malekani, J.; Tamfum, J. J.; Mccollum, A. M.; Muyembe, J.-J."
PP_000T334,Ib,A,Democratic Republic of the Congo,"Sud Kivu, Shabunda, Mabaka",2012-12-17,3495,0.01772231490449219,2024-12-09,"McCollum, A. M.; Nakazawa, Y.; Ndongala, G. M.; Pukuta, E.; Karhemere, S.; Lushima, R. S.; Ilunga, B. K.; Kabamba, J.; Wilkins, K.; Gao, J.; Li, Y.; Emerson, G.; Damon, I. K.; Carroll, D. S.; Reynolds, M. G.; Malekani, J.; Tamfum, J. J.; Mccollum, A. M.; Muyembe, J.-J."
PP_000T342,I,None,Democratic Republic of the Congo,"Sud Kivu, Shabunda, Mabaka",2012-12-17,2538,0.01286959520103038,2024-12-09,"McCollum, A. M.; Nakazawa, Y.; Ndongala, G. M.; Pukuta, E.; Karhemere, S.; Lushima, R. S.; Ilunga, B. K.; Kabamba, J.; Wilkins, K.; Gao, J.; Li, Y.; Emerson, G.; Damon, I. K.; Carroll, D. S.; Reynolds, M. G.; Malekani, J.; Tamfum, J. J.; Mccollum, A. M.; Muyembe, J.-J."
PP_000T37W,I,None,Democratic Republic of the Congo,"Sud Kivu, Shabunda, Mabaka",2012-12-17,3861,0.01957821397603557,2024-12-09,"McCollum, A. M.; Nakazawa, Y.; Ndongala, G. M.; Pukuta, E.; Karhemere, S.; Lushima, R. S.; Ilunga, B. K.; Kabamba, J.; Wilkins, K.; Gao, J.; Li, Y.; Emerson, G.; Damon, I. K.; Carroll, D. S.; Reynolds, M. G.; Malekani, J.; Tamfum, J. J.; Mccollum, A. M.; Muyembe, J.-J."
PP_000T38U,Ia,None,Democratic Republic of the Congo,NA,2008,197422,1,2024-12-09,"Nakazawa, Y.; Mauldin, M. R.; Emerson, G. L.; Reynolds, M. G.; Lash, R. R.; Gao, J.; Zhao, H.; Li, Y.; Muyembe, J. J.; Kingebeni, P. M.; Wemakoy, O.; Malekani, J.; Karem, K. L.; Damon, I. K.; Carroll, D. S.; Yoshinori, N.; Muyembe, J.-J.; Kingbeni, P. M."
PP_000T3AQ,Ia,None,Democratic Republic of the Congo,NA,1985,197248,1,2024-12-09,"Nakazawa, Y.; Mauldin, M. R.; Emerson, G. L.; Reynolds, M. G.; Lash, R. R.; Gao, J.; Zhao, H.; Li, Y.; Muyembe, J. J.; Kingebeni, P. M.; Wemakoy, O.; Malekani, J.; Karem, K. L.; Damon, I. K.; Carroll, D. S.; Yoshinori, N.; Muyembe, J.-J.; Kingbeni, P. M."
PP_000XUJ8,Ia,None,Democratic Republic of the Congo,NA,2022,197433,1,2024-12-09,"Lee, T. Y.; Hwang, Y.-H.; Yun, M.-R.; Kim, Y.-J.; Kim, D."
PP_000XUJ8,Ia,None,Democratic Republic of the Congo,NA,2022,197433,1,2025-02-03,"Lee, T. Y.; Hwang, Y.-H.; Yun, M.-R.; Kim, Y.-J.; Kim, D."
PP_000ZGFP,Ia,None,Democratic Republic of the Congo,"Sud-Ubangi,Tandala",2023-11-09,196793,0.9857156620641044,2024-12-09,"Vakaniaki, E. H.; Kacita, C.; Kinganda-Lusamaki, E.; O'Toole, A.; Wawina-Bokalanga, T.; Mukadi-Bamuleka, D.; Amuri-Aziza, A.; Malyamungu-Bubala, N.; Mweshi-Kumbana, F.; Mutimbwa-Mambo, L.; Belesi-Siangoli, F.; Mujula, Y.; Parker, E.; Muswamba-Kayembe, P. C.; Nundu, S. S.; Lushima, R. S.; Makangara-Cigolo, J. C.; Mulopo-Mukanya, N.; Pukuta-Simbu, E.; Akil-Bandali, P.; Kavunga, H.; Abdramane, O.; Brosius, I.; Bangwen, E.; Vercauteren, K.; Sam-Agudu, N. A.; Mills, E. J.; Tshiani-Mbaya, O.; Hoff, N. A.; Rimoin, A. W.; Hensley, L. E.; Kindrachuk, J.; Baxter, C.; de Oliveira, T.; Ayouba, A.; Peeters, M.; Delaporte, E.; Ahuka-Mundeke, S.; Mohr, E. L.; Sullivan, N. J.; Muyembe-Tamfum, J. J.; Nachega, J. B.; Rambaut, A.; Liesenborghs, L.; Mbala-Kingebeni, P.; Kaciat, C.; Kinganda - Lusamaki, E.; Wawina -Bokalanga, T.; Mukadi - Bamuleka, D.; Amuri, A. A.; Muswamba-Kayembe, P.-C.; Makangara - Cigolo, J.-C.; Mulopo - Mukanya, N.; Pukuta - Simbu, E.; Akil - Bandali, P.; Tshiani - Mbaya, O.; Hoff, N.; Kundrachuk, J.; Ahuka - Mundeke, S.; Muyembe - Tamfum, J.-J.; Mbala - Kingebeni, P."
PP_000ZGGM,Ia,None,Democratic Republic of the Congo,"Sud-Ubangi,Bokonzi",2023-11-21,196792,0.9998478771252832,2024-12-09,"Vakaniaki, E. H.; Kacita, C.; Kinganda-Lusamaki, E.; O'Toole, A.; Wawina-Bokalanga, T.; Mukadi-Bamuleka, D.; Amuri-Aziza, A.; Malyamungu-Bubala, N.; Mweshi-Kumbana, F.; Mutimbwa-Mambo, L.; Belesi-Siangoli, F.; Mujula, Y.; Parker, E.; Muswamba-Kayembe, P. C.; Nundu, S. S.; Lushima, R. S.; Makangara-Cigolo, J. C.; Mulopo-Mukanya, N.; Pukuta-Simbu, E.; Akil-Bandali, P.; Kavunga, H.; Abdramane, O.; Brosius, I.; Bangwen, E.; Vercauteren, K.; Sam-Agudu, N. A.; Mills, E. J.; Tshiani-Mbaya, O.; Hoff, N. A.; Rimoin, A. W.; Hensley, L. E.; Kindrachuk, J.; Baxter, C.; de Oliveira, T.; Ayouba, A.; Peeters, M.; Delaporte, E.; Ahuka-Mundeke, S.; Mohr, E. L.; Sullivan, N. J.; Muyembe-Tamfum, J. J.; Nachega, J. B.; Rambaut, A.; Liesenborghs, L.; Mbala-Kingebeni, P.; Kaciat, C.; Kinganda - Lusamaki, E.; Wawina -Bokalanga, T.; Mukadi - Bamuleka, D.; Amuri, A. A.; Muswamba-Kayembe, P.-C.; Makangara - Cigolo, J.-C.; Mulopo - Mukanya, N.; Pukuta - Simbu, E.; Akil - Bandali, P.; Tshiani - Mbaya, O.; Hoff, N.; Kundrachuk, J.; Ahuka - Mundeke, S.; Muyembe - Tamfum, J.-J.; Mbala - Kingebeni, P."
PP_000ZGKE,Ia,None,Democratic Republic of the Congo,"Sud-Ubangi,Bokonzi",2023-11-25,196792,0.9623394469826428,2024-12-09,"Vakaniaki, E. H.; Kacita, C.; Kinganda-Lusamaki, E.; O'Toole, A.; Wawina-Bokalanga, T.; Mukadi-Bamuleka, D.; Amuri-Aziza, A.; Malyamungu-Bubala, N.; Mweshi-Kumbana, F.; Mutimbwa-Mambo, L.; Belesi-Siangoli, F.; Mujula, Y.; Parker, E.; Muswamba-Kayembe, P. C.; Nundu, S. S.; Lushima, R. S.; Makangara-Cigolo, J. C.; Mulopo-Mukanya, N.; Pukuta-Simbu, E.; Akil-Bandali, P.; Kavunga, H.; Abdramane, O.; Brosius, I.; Bangwen, E.; Vercauteren, K.; Sam-Agudu, N. A.; Mills, E. J.; Tshiani-Mbaya, O.; Hoff, N. A.; Rimoin, A. W.; Hensley, L. E.; Kindrachuk, J.; Baxter, C.; de Oliveira, T.; Ayouba, A.; Peeters, M.; Delaporte, E.; Ahuka-Mundeke, S.; Mohr, E. L.; Sullivan, N. J.; Muyembe-Tamfum, J. J.; Nachega, J. B.; Rambaut, A.; Liesenborghs, L.; Mbala-Kingebeni, P.; Kaciat, C.; Kinganda - Lusamaki, E.; Wawina -Bokalanga, T.; Mukadi - Bamuleka, D.; Amuri, A. A.; Muswamba-Kayembe, P.-C.; Makangara - Cigolo, J.-C.; Mulopo - Mukanya, N.; Pukuta - Simbu, E.; Akil - Bandali, P.; Tshiani - Mbaya, O.; Hoff, N.; Kundrachuk, J.; Ahuka - Mundeke, S.; Muyembe - Tamfum, J.-J.; Mbala - Kingebeni, P."
PP_000ZGLC,Ia,None,Democratic Republic of the Congo,"Sud-Ubangi,Tandala",2023-12-18,196731,0.8571464791160647,2024-12-09,"Vakaniaki, E. H.; Kacita, C.; Kinganda-Lusamaki, E.; O'Toole, A.; Wawina-Bokalanga, T.; Mukadi-Bamuleka, D.; Amuri-Aziza, A.; Malyamungu-Bubala, N.; Mweshi-Kumbana, F.; Mutimbwa-Mambo, L.; Belesi-Siangoli, F.; Mujula, Y.; Parker, E.; Muswamba-Kayembe, P. C.; Nundu, S. S.; Lushima, R. S.; Makangara-Cigolo, J. C.; Mulopo-Mukanya, N.; Pukuta-Simbu, E.; Akil-Bandali, P.; Kavunga, H.; Abdramane, O.; Brosius, I.; Bangwen, E.; Vercauteren, K.; Sam-Agudu, N. A.; Mills, E. J.; Tshiani-Mbaya, O.; Hoff, N. A.; Rimoin, A. W.; Hensley, L. E.; Kindrachuk, J.; Baxter, C.; de Oliveira, T.; Ayouba, A.; Peeters, M.; Delaporte, E.; Ahuka-Mundeke, S.; Mohr, E. L.; Sullivan, N. J.; Muyembe-Tamfum, J. J.; Nachega, J. B.; Rambaut, A.; Liesenborghs, L.; Mbala-Kingebeni, P.; Kaciat, C.; Kinganda - Lusamaki, E.; Wawina -Bokalanga, T.; Mukadi - Bamuleka, D.; Amuri, A. A.; Muswamba-Kayembe, P.-C.; Makangara - Cigolo, J.-C.; Mulopo - Mukanya, N.; Pukuta - Simbu, E.; Akil - Bandali, P.; Tshiani - Mbaya, O.; Hoff, N.; Kundrachuk, J.; Ahuka - Mundeke, S.; Muyembe - Tamfum, J.-J.; Mbala - Kingebeni, P."
PP_000ZGMA,Ia,None,Democratic Republic of the Congo,"Sud-Ubangi,Bangabola",2023-12-16,196773,0.9921200350896764,2024-12-09,"Vakaniaki, E. H.; Kacita, C.; Kinganda-Lusamaki, E.; O'Toole, A.; Wawina-Bokalanga, T.; Mukadi-Bamuleka, D.; Amuri-Aziza, A.; Malyamungu-Bubala, N.; Mweshi-Kumbana, F.; Mutimbwa-Mambo, L.; Belesi-Siangoli, F.; Mujula, Y.; Parker, E.; Muswamba-Kayembe, P. C.; Nundu, S. S.; Lushima, R. S.; Makangara-Cigolo, J. C.; Mulopo-Mukanya, N.; Pukuta-Simbu, E.; Akil-Bandali, P.; Kavunga, H.; Abdramane, O.; Brosius, I.; Bangwen, E.; Vercauteren, K.; Sam-Agudu, N. A.; Mills, E. J.; Tshiani-Mbaya, O.; Hoff, N. A.; Rimoin, A. W.; Hensley, L. E.; Kindrachuk, J.; Baxter, C.; de Oliveira, T.; Ayouba, A.; Peeters, M.; Delaporte, E.; Ahuka-Mundeke, S.; Mohr, E. L.; Sullivan, N. J.; Muyembe-Tamfum, J. J.; Nachega, J. B.; Rambaut, A.; Liesenborghs, L.; Mbala-Kingebeni, P.; Kaciat, C.; Kinganda - Lusamaki, E.; Wawina -Bokalanga, T.; Mukadi - Bamuleka, D.; Amuri, A. A.; Muswamba-Kayembe, P.-C.; Makangara - Cigolo, J.-C.; Mulopo - Mukanya, N.; Pukuta - Simbu, E.; Akil - Bandali, P.; Tshiani - Mbaya, O.; Hoff, N.; Kundrachuk, J.; Ahuka - Mundeke, S.; Muyembe - Tamfum, J.-J.; Mbala - Kingebeni, P."
PP_000ZGN8,Ia,None,Democratic Republic of the Congo,"Kinshasa,Kintambo",2023-12-22,196719,0.9953298277461982,2024-12-09,"Vakaniaki, E. H.; Kacita, C.; Kinganda-Lusamaki, E.; O'Toole, A.; Wawina-Bokalanga, T.; Mukadi-Bamuleka, D.; Amuri-Aziza, A.; Malyamungu-Bubala, N.; Mweshi-Kumbana, F.; Mutimbwa-Mambo, L.; Belesi-Siangoli, F.; Mujula, Y.; Parker, E.; Muswamba-Kayembe, P. C.; Nundu, S. S.; Lushima, R. S.; Makangara-Cigolo, J. C.; Mulopo-Mukanya, N.; Pukuta-Simbu, E.; Akil-Bandali, P.; Kavunga, H.; Abdramane, O.; Brosius, I.; Bangwen, E.; Vercauteren, K.; Sam-Agudu, N. A.; Mills, E. J.; Tshiani-Mbaya, O.; Hoff, N. A.; Rimoin, A. W.; Hensley, L. E.; Kindrachuk, J.; Baxter, C.; de Oliveira, T.; Ayouba, A.; Peeters, M.; Delaporte, E.; Ahuka-Mundeke, S.; Mohr, E. L.; Sullivan, N. J.; Muyembe-Tamfum, J. J.; Nachega, J. B.; Rambaut, A.; Liesenborghs, L.; Mbala-Kingebeni, P.; Kaciat, C.; Kinganda - Lusamaki, E.; Wawina -Bokalanga, T.; Mukadi - Bamuleka, D.; Amuri, A. A.; Muswamba-Kayembe, P.-C.; Makangara - Cigolo, J.-C.; Mulopo - Mukanya, N.; Pukuta - Simbu, E.; Akil - Bandali, P.; Tshiani - Mbaya, O.; Hoff, N.; Kundrachuk, J.; Ahuka - Mundeke, S.; Muyembe - Tamfum, J.-J.; Mbala - Kingebeni, P."
PP_000ZGP6,Ia,None,Democratic Republic of the Congo,"Sud-Ubangi,Bangabola",2023-12-16,196739,0.9969930378431004,2024-12-09,"Vakaniaki, E. H.; Kacita, C.; Kinganda-Lusamaki, E.; O'Toole, A.; Wawina-Bokalanga, T.; Mukadi-Bamuleka, D.; Amuri-Aziza, A.; Malyamungu-Bubala, N.; Mweshi-Kumbana, F.; Mutimbwa-Mambo, L.; Belesi-Siangoli, F.; Mujula, Y.; Parker, E.; Muswamba-Kayembe, P. C.; Nundu, S. S.; Lushima, R. S.; Makangara-Cigolo, J. C.; Mulopo-Mukanya, N.; Pukuta-Simbu, E.; Akil-Bandali, P.; Kavunga, H.; Abdramane, O.; Brosius, I.; Bangwen, E.; Vercauteren, K.; Sam-Agudu, N. A.; Mills, E. J.; Tshiani-Mbaya, O.; Hoff, N. A.; Rimoin, A. W.; Hensley, L. E.; Kindrachuk, J.; Baxter, C.; de Oliveira, T.; Ayouba, A.; Peeters, M.; Delaporte, E.; Ahuka-Mundeke, S.; Mohr, E. L.; Sullivan, N. J.; Muyembe-Tamfum, J. J.; Nachega, J. B.; Rambaut, A.; Liesenborghs, L.; Mbala-Kingebeni, P.; Kaciat, C.; Kinganda - Lusamaki, E.; Wawina -Bokalanga, T.; Mukadi - Bamuleka, D.; Amuri, A. A.; Muswamba-Kayembe, P.-C.; Makangara - Cigolo, J.-C.; Mulopo - Mukanya, N.; Pukuta - Simbu, E.; Akil - Bandali, P.; Tshiani - Mbaya, O.; Hoff, N.; Kundrachuk, J.; Ahuka - Mundeke, S.; Muyembe - Tamfum, J.-J.; Mbala - Kingebeni, P."
PP_000ZGQ4,Ia,None,Democratic Republic of the Congo,"Sud-Ubangi,Bulu",2023-12-18,196784,1,2024-12-09,"Vakaniaki, E. H.; Kacita, C.; Kinganda-Lusamaki, E.; O'Toole, A.; Wawina-Bokalanga, T.; Mukadi-Bamuleka, D.; Amuri-Aziza, A.; Malyamungu-Bubala, N.; Mweshi-Kumbana, F.; Mutimbwa-Mambo, L.; Belesi-Siangoli, F.; Mujula, Y.; Parker, E.; Muswamba-Kayembe, P. C.; Nundu, S. S.; Lushima, R. S.; Makangara-Cigolo, J. C.; Mulopo-Mukanya, N.; Pukuta-Simbu, E.; Akil-Bandali, P.; Kavunga, H.; Abdramane, O.; Brosius, I.; Bangwen, E.; Vercauteren, K.; Sam-Agudu, N. A.; Mills, E. J.; Tshiani-Mbaya, O.; Hoff, N. A.; Rimoin, A. W.; Hensley, L. E.; Kindrachuk, J.; Baxter, C.; de Oliveira, T.; Ayouba, A.; Peeters, M.; Delaporte, E.; Ahuka-Mundeke, S.; Mohr, E. L.; Sullivan, N. J.; Muyembe-Tamfum, J. J.; Nachega, J. B.; Rambaut, A.; Liesenborghs, L.; Mbala-Kingebeni, P.; Kaciat, C.; Kinganda - Lusamaki, E.; Wawina -Bokalanga, T.; Mukadi - Bamuleka, D.; Amuri, A. A.; Muswamba-Kayembe, P.-C.; Makangara - Cigolo, J.-C.; Mulopo - Mukanya, N.; Pukuta - Simbu, E.; Akil - Bandali, P.; Tshiani - Mbaya, O.; Hoff, N.; Kundrachuk, J.; Ahuka - Mundeke, S.; Muyembe - Tamfum, J.-J.; Mbala - Kingebeni, P."
PP_000ZGR2,Ia,None,Democratic Republic of the Congo,"Sud-Ubangi,Bulu",2023-12-23,196759,1,2024-12-09,"Vakaniaki, E. H.; Kacita, C.; Kinganda-Lusamaki, E.; O'Toole, A.; Wawina-Bokalanga, T.; Mukadi-Bamuleka, D.; Amuri-Aziza, A.; Malyamungu-Bubala, N.; Mweshi-Kumbana, F.; Mutimbwa-Mambo, L.; Belesi-Siangoli, F.; Mujula, Y.; Parker, E.; Muswamba-Kayembe, P. C.; Nundu, S. S.; Lushima, R. S.; Makangara-Cigolo, J. C.; Mulopo-Mukanya, N.; Pukuta-Simbu, E.; Akil-Bandali, P.; Kavunga, H.; Abdramane, O.; Brosius, I.; Bangwen, E.; Vercauteren, K.; Sam-Agudu, N. A.; Mills, E. J.; Tshiani-Mbaya, O.; Hoff, N. A.; Rimoin, A. W.; Hensley, L. E.; Kindrachuk, J.; Baxter, C.; de Oliveira, T.; Ayouba, A.; Peeters, M.; Delaporte, E.; Ahuka-Mundeke, S.; Mohr, E. L.; Sullivan, N. J.; Muyembe-Tamfum, J. J.; Nachega, J. B.; Rambaut, A.; Liesenborghs, L.; Mbala-Kingebeni, P.; Kaciat, C.; Kinganda - Lusamaki, E.; Wawina -Bokalanga, T.; Mukadi - Bamuleka, D.; Amuri, A. A.; Muswamba-Kayembe, P.-C.; Makangara - Cigolo, J.-C.; Mulopo - Mukanya, N.; Pukuta - Simbu, E.; Akil - Bandali, P.; Tshiani - Mbaya, O.; Hoff, N.; Kundrachuk, J.; Ahuka - Mundeke, S.; Muyembe - Tamfum, J.-J.; Mbala - Kingebeni, P."
PP_000ZGS0,Ia,None,Democratic Republic of the Congo,"Sud-Ubangi,Bulu",2023-12-24,196765,0.8789152624880203,2024-12-09,"Vakaniaki, E. H.; Kacita, C.; Kinganda-Lusamaki, E.; O'Toole, A.; Wawina-Bokalanga, T.; Mukadi-Bamuleka, D.; Amuri-Aziza, A.; Malyamungu-Bubala, N.; Mweshi-Kumbana, F.; Mutimbwa-Mambo, L.; Belesi-Siangoli, F.; Mujula, Y.; Parker, E.; Muswamba-Kayembe, P. C.; Nundu, S. S.; Lushima, R. S.; Makangara-Cigolo, J. C.; Mulopo-Mukanya, N.; Pukuta-Simbu, E.; Akil-Bandali, P.; Kavunga, H.; Abdramane, O.; Brosius, I.; Bangwen, E.; Vercauteren, K.; Sam-Agudu, N. A.; Mills, E. J.; Tshiani-Mbaya, O.; Hoff, N. A.; Rimoin, A. W.; Hensley, L. E.; Kindrachuk, J.; Baxter, C.; de Oliveira, T.; Ayouba, A.; Peeters, M.; Delaporte, E.; Ahuka-Mundeke, S.; Mohr, E. L.; Sullivan, N. J.; Muyembe-Tamfum, J. J.; Nachega, J. B.; Rambaut, A.; Liesenborghs, L.; Mbala-Kingebeni, P.; Kaciat, C.; Kinganda - Lusamaki, E.; Wawina -Bokalanga, T.; Mukadi - Bamuleka, D.; Amuri, A. A.; Muswamba-Kayembe, P.-C.; Makangara - Cigolo, J.-C.; Mulopo - Mukanya, N.; Pukuta - Simbu, E.; Akil - Bandali, P.; Tshiani - Mbaya, O.; Hoff, N.; Kundrachuk, J.; Ahuka - Mundeke, S.; Muyembe - Tamfum, J.-J.; Mbala - Kingebeni, P."
PP_000ZGTY,Ia,None,Democratic Republic of the Congo,"Tshopo,Yahuma",2024-01-02,196838,0.9775111683543856,2024-12-09,"Vakaniaki, E. H.; Kacita, C.; Kinganda-Lusamaki, E.; O'Toole, A.; Wawina-Bokalanga, T.; Mukadi-Bamuleka, D.; Amuri-Aziza, A.; Malyamungu-Bubala, N.; Mweshi-Kumbana, F.; Mutimbwa-Mambo, L.; Belesi-Siangoli, F.; Mujula, Y.; Parker, E.; Muswamba-Kayembe, P. C.; Nundu, S. S.; Lushima, R. S.; Makangara-Cigolo, J. C.; Mulopo-Mukanya, N.; Pukuta-Simbu, E.; Akil-Bandali, P.; Kavunga, H.; Abdramane, O.; Brosius, I.; Bangwen, E.; Vercauteren, K.; Sam-Agudu, N. A.; Mills, E. J.; Tshiani-Mbaya, O.; Hoff, N. A.; Rimoin, A. W.; Hensley, L. E.; Kindrachuk, J.; Baxter, C.; de Oliveira, T.; Ayouba, A.; Peeters, M.; Delaporte, E.; Ahuka-Mundeke, S.; Mohr, E. L.; Sullivan, N. J.; Muyembe-Tamfum, J. J.; Nachega, J. B.; Rambaut, A.; Liesenborghs, L.; Mbala-Kingebeni, P.; Kaciat, C.; Kinganda - Lusamaki, E.; Wawina -Bokalanga, T.; Mukadi - Bamuleka, D.; Amuri, A. A.; Muswamba-Kayembe, P.-C.; Makangara - Cigolo, J.-C.; Mulopo - Mukanya, N.; Pukuta - Simbu, E.; Akil - Bandali, P.; Tshiani - Mbaya, O.; Hoff, N.; Kundrachuk, J.; Ahuka - Mundeke, S.; Muyembe - Tamfum, J.-J.; Mbala - Kingebeni, P."
PP_000ZGUW,Ia,None,Democratic Republic of the Congo,"Tshopo,Yahuma",2023-12-27,196822,0.9999949292375094,2024-12-09,"Vakaniaki, E. H.; Kacita, C.; Kinganda-Lusamaki, E.; O'Toole, A.; Wawina-Bokalanga, T.; Mukadi-Bamuleka, D.; Amuri-Aziza, A.; Malyamungu-Bubala, N.; Mweshi-Kumbana, F.; Mutimbwa-Mambo, L.; Belesi-Siangoli, F.; Mujula, Y.; Parker, E.; Muswamba-Kayembe, P. C.; Nundu, S. S.; Lushima, R. S.; Makangara-Cigolo, J. C.; Mulopo-Mukanya, N.; Pukuta-Simbu, E.; Akil-Bandali, P.; Kavunga, H.; Abdramane, O.; Brosius, I.; Bangwen, E.; Vercauteren, K.; Sam-Agudu, N. A.; Mills, E. J.; Tshiani-Mbaya, O.; Hoff, N. A.; Rimoin, A. W.; Hensley, L. E.; Kindrachuk, J.; Baxter, C.; de Oliveira, T.; Ayouba, A.; Peeters, M.; Delaporte, E.; Ahuka-Mundeke, S.; Mohr, E. L.; Sullivan, N. J.; Muyembe-Tamfum, J. J.; Nachega, J. B.; Rambaut, A.; Liesenborghs, L.; Mbala-Kingebeni, P.; Kaciat, C.; Kinganda - Lusamaki, E.; Wawina -Bokalanga, T.; Mukadi - Bamuleka, D.; Amuri, A. A.; Muswamba-Kayembe, P.-C.; Makangara - Cigolo, J.-C.; Mulopo - Mukanya, N.; Pukuta - Simbu, E.; Akil - Bandali, P.; Tshiani - Mbaya, O.; Hoff, N.; Kundrachuk, J.; Ahuka - Mundeke, S.; Muyembe - Tamfum, J.-J.; Mbala - Kingebeni, P."
PP_000ZGVU,Ia,None,Democratic Republic of the Congo,"Tshopo,Yahuma",2023-12-30,196768,0.814344172933284,2024-12-09,"Vakaniaki, E. H.; Kacita, C.; Kinganda-Lusamaki, E.; O'Toole, A.; Wawina-Bokalanga, T.; Mukadi-Bamuleka, D.; Amuri-Aziza, A.; Malyamungu-Bubala, N.; Mweshi-Kumbana, F.; Mutimbwa-Mambo, L.; Belesi-Siangoli, F.; Mujula, Y.; Parker, E.; Muswamba-Kayembe, P. C.; Nundu, S. S.; Lushima, R. S.; Makangara-Cigolo, J. C.; Mulopo-Mukanya, N.; Pukuta-Simbu, E.; Akil-Bandali, P.; Kavunga, H.; Abdramane, O.; Brosius, I.; Bangwen, E.; Vercauteren, K.; Sam-Agudu, N. A.; Mills, E. J.; Tshiani-Mbaya, O.; Hoff, N. A.; Rimoin, A. W.; Hensley, L. E.; Kindrachuk, J.; Baxter, C.; de Oliveira, T.; Ayouba, A.; Peeters, M.; Delaporte, E.; Ahuka-Mundeke, S.; Mohr, E. L.; Sullivan, N. J.; Muyembe-Tamfum, J. J.; Nachega, J. B.; Rambaut, A.; Liesenborghs, L.; Mbala-Kingebeni, P.; Kaciat, C.; Kinganda - Lusamaki, E.; Wawina -Bokalanga, T.; Mukadi - Bamuleka, D.; Amuri, A. A.; Muswamba-Kayembe, P.-C.; Makangara - Cigolo, J.-C.; Mulopo - Mukanya, N.; Pukuta - Simbu, E.; Akil - Bandali, P.; Tshiani - Mbaya, O.; Hoff, N.; Kundrachuk, J.; Ahuka - Mundeke, S.; Muyembe - Tamfum, J.-J.; Mbala - Kingebeni, P."
PP_000ZGWS,Ia,None,Democratic Republic of the Congo,"Tshopo,Yahuma",2023-12-30,196761,0.99771815687925,2024-12-09,"Vakaniaki, E. H.; Kacita, C.; Kinganda-Lusamaki, E.; O'Toole, A.; Wawina-Bokalanga, T.; Mukadi-Bamuleka, D.; Amuri-Aziza, A.; Malyamungu-Bubala, N.; Mweshi-Kumbana, F.; Mutimbwa-Mambo, L.; Belesi-Siangoli, F.; Mujula, Y.; Parker, E.; Muswamba-Kayembe, P. C.; Nundu, S. S.; Lushima, R. S.; Makangara-Cigolo, J. C.; Mulopo-Mukanya, N.; Pukuta-Simbu, E.; Akil-Bandali, P.; Kavunga, H.; Abdramane, O.; Brosius, I.; Bangwen, E.; Vercauteren, K.; Sam-Agudu, N. A.; Mills, E. J.; Tshiani-Mbaya, O.; Hoff, N. A.; Rimoin, A. W.; Hensley, L. E.; Kindrachuk, J.; Baxter, C.; de Oliveira, T.; Ayouba, A.; Peeters, M.; Delaporte, E.; Ahuka-Mundeke, S.; Mohr, E. L.; Sullivan, N. J.; Muyembe-Tamfum, J. J.; Nachega, J. B.; Rambaut, A.; Liesenborghs, L.; Mbala-Kingebeni, P.; Kaciat, C.; Kinganda - Lusamaki, E.; Wawina -Bokalanga, T.; Mukadi - Bamuleka, D.; Amuri, A. A.; Muswamba-Kayembe, P.-C.; Makangara - Cigolo, J.-C.; Mulopo - Mukanya, N.; Pukuta - Simbu, E.; Akil - Bandali, P.; Tshiani - Mbaya, O.; Hoff, N.; Kundrachuk, J.; Ahuka - Mundeke, S.; Muyembe - Tamfum, J.-J.; Mbala - Kingebeni, P."
PP_000ZGXQ,Ia,None,Democratic Republic of the Congo,"Sud-Ubangi,Bulu",2024-01-05,196754,0.7748175793194022,2024-12-09,"Vakaniaki, E. H.; Kacita, C.; Kinganda-Lusamaki, E.; O'Toole, A.; Wawina-Bokalanga, T.; Mukadi-Bamuleka, D.; Amuri-Aziza, A.; Malyamungu-Bubala, N.; Mweshi-Kumbana, F.; Mutimbwa-Mambo, L.; Belesi-Siangoli, F.; Mujula, Y.; Parker, E.; Muswamba-Kayembe, P. C.; Nundu, S. S.; Lushima, R. S.; Makangara-Cigolo, J. C.; Mulopo-Mukanya, N.; Pukuta-Simbu, E.; Akil-Bandali, P.; Kavunga, H.; Abdramane, O.; Brosius, I.; Bangwen, E.; Vercauteren, K.; Sam-Agudu, N. A.; Mills, E. J.; Tshiani-Mbaya, O.; Hoff, N. A.; Rimoin, A. W.; Hensley, L. E.; Kindrachuk, J.; Baxter, C.; de Oliveira, T.; Ayouba, A.; Peeters, M.; Delaporte, E.; Ahuka-Mundeke, S.; Mohr, E. L.; Sullivan, N. J.; Muyembe-Tamfum, J. J.; Nachega, J. B.; Rambaut, A.; Liesenborghs, L.; Mbala-Kingebeni, P.; Kaciat, C.; Kinganda - Lusamaki, E.; Wawina -Bokalanga, T.; Mukadi - Bamuleka, D.; Amuri, A. A.; Muswamba-Kayembe, P.-C.; Makangara - Cigolo, J.-C.; Mulopo - Mukanya, N.; Pukuta - Simbu, E.; Akil - Bandali, P.; Tshiani - Mbaya, O.; Hoff, N.; Kundrachuk, J.; Ahuka - Mundeke, S.; Muyembe - Tamfum, J.-J.; Mbala - Kingebeni, P."
PP_000ZGYN,Ia,None,Democratic Republic of the Congo,"Sud-Ubangi,Bulu",2024-01-07,196807,1,2024-12-09,"Vakaniaki, E. H.; Kacita, C.; Kinganda-Lusamaki, E.; O'Toole, A.; Wawina-Bokalanga, T.; Mukadi-Bamuleka, D.; Amuri-Aziza, A.; Malyamungu-Bubala, N.; Mweshi-Kumbana, F.; Mutimbwa-Mambo, L.; Belesi-Siangoli, F.; Mujula, Y.; Parker, E.; Muswamba-Kayembe, P. C.; Nundu, S. S.; Lushima, R. S.; Makangara-Cigolo, J. C.; Mulopo-Mukanya, N.; Pukuta-Simbu, E.; Akil-Bandali, P.; Kavunga, H.; Abdramane, O.; Brosius, I.; Bangwen, E.; Vercauteren, K.; Sam-Agudu, N. A.; Mills, E. J.; Tshiani-Mbaya, O.; Hoff, N. A.; Rimoin, A. W.; Hensley, L. E.; Kindrachuk, J.; Baxter, C.; de Oliveira, T.; Ayouba, A.; Peeters, M.; Delaporte, E.; Ahuka-Mundeke, S.; Mohr, E. L.; Sullivan, N. J.; Muyembe-Tamfum, J. J.; Nachega, J. B.; Rambaut, A.; Liesenborghs, L.; Mbala-Kingebeni, P.; Kaciat, C.; Kinganda - Lusamaki, E.; Wawina -Bokalanga, T.; Mukadi - Bamuleka, D.; Amuri, A. A.; Muswamba-Kayembe, P.-C.; Makangara - Cigolo, J.-C.; Mulopo - Mukanya, N.; Pukuta - Simbu, E.; Akil - Bandali, P.; Tshiani - Mbaya, O.; Hoff, N.; Kundrachuk, J.; Ahuka - Mundeke, S.; Muyembe - Tamfum, J.-J.; Mbala - Kingebeni, P."
PP_000ZGZL,Ia,None,Democratic Republic of the Congo,"Sud-Ubangi,Bulu",2024-01-08,196753,0.9998073110253588,2024-12-09,"Vakaniaki, E. H.; Kacita, C.; Kinganda-Lusamaki, E.; O'Toole, A.; Wawina-Bokalanga, T.; Mukadi-Bamuleka, D.; Amuri-Aziza, A.; Malyamungu-Bubala, N.; Mweshi-Kumbana, F.; Mutimbwa-Mambo, L.; Belesi-Siangoli, F.; Mujula, Y.; Parker, E.; Muswamba-Kayembe, P. C.; Nundu, S. S.; Lushima, R. S.; Makangara-Cigolo, J. C.; Mulopo-Mukanya, N.; Pukuta-Simbu, E.; Akil-Bandali, P.; Kavunga, H.; Abdramane, O.; Brosius, I.; Bangwen, E.; Vercauteren, K.; Sam-Agudu, N. A.; Mills, E. J.; Tshiani-Mbaya, O.; Hoff, N. A.; Rimoin, A. W.; Hensley, L. E.; Kindrachuk, J.; Baxter, C.; de Oliveira, T.; Ayouba, A.; Peeters, M.; Delaporte, E.; Ahuka-Mundeke, S.; Mohr, E. L.; Sullivan, N. J.; Muyembe-Tamfum, J. J.; Nachega, J. B.; Rambaut, A.; Liesenborghs, L.; Mbala-Kingebeni, P.; Kaciat, C.; Kinganda - Lusamaki, E.; Wawina -Bokalanga, T.; Mukadi - Bamuleka, D.; Amuri, A. A.; Muswamba-Kayembe, P.-C.; Makangara - Cigolo, J.-C.; Mulopo - Mukanya, N.; Pukuta - Simbu, E.; Akil - Bandali, P.; Tshiani - Mbaya, O.; Hoff, N.; Kundrachuk, J.; Ahuka - Mundeke, S.; Muyembe - Tamfum, J.-J.; Mbala - Kingebeni, P."
PP_000ZH0J,Ia,None,Democratic Republic of the Congo,"Tshopo,Basoko",2024-01-13,196801,0.9999949292375094,2024-12-09,"Vakaniaki, E. H.; Kacita, C.; Kinganda-Lusamaki, E.; O'Toole, A.; Wawina-Bokalanga, T.; Mukadi-Bamuleka, D.; Amuri-Aziza, A.; Malyamungu-Bubala, N.; Mweshi-Kumbana, F.; Mutimbwa-Mambo, L.; Belesi-Siangoli, F.; Mujula, Y.; Parker, E.; Muswamba-Kayembe, P. C.; Nundu, S. S.; Lushima, R. S.; Makangara-Cigolo, J. C.; Mulopo-Mukanya, N.; Pukuta-Simbu, E.; Akil-Bandali, P.; Kavunga, H.; Abdramane, O.; Brosius, I.; Bangwen, E.; Vercauteren, K.; Sam-Agudu, N. A.; Mills, E. J.; Tshiani-Mbaya, O.; Hoff, N. A.; Rimoin, A. W.; Hensley, L. E.; Kindrachuk, J.; Baxter, C.; de Oliveira, T.; Ayouba, A.; Peeters, M.; Delaporte, E.; Ahuka-Mundeke, S.; Mohr, E. L.; Sullivan, N. J.; Muyembe-Tamfum, J. J.; Nachega, J. B.; Rambaut, A.; Liesenborghs, L.; Mbala-Kingebeni, P.; Kaciat, C.; Kinganda - Lusamaki, E.; Wawina -Bokalanga, T.; Mukadi - Bamuleka, D.; Amuri, A. A.; Muswamba-Kayembe, P.-C.; Makangara - Cigolo, J.-C.; Mulopo - Mukanya, N.; Pukuta - Simbu, E.; Akil - Bandali, P.; Tshiani - Mbaya, O.; Hoff, N.; Kundrachuk, J.; Ahuka - Mundeke, S.; Muyembe - Tamfum, J.-J.; Mbala - Kingebeni, P."
PP_000ZH1G,Ia,None,Democratic Republic of the Congo,"Tshopo,Basoko",2024-01-13,196740,0.999954363137585,2024-12-09,"Vakaniaki, E. H.; Kacita, C.; Kinganda-Lusamaki, E.; O'Toole, A.; Wawina-Bokalanga, T.; Mukadi-Bamuleka, D.; Amuri-Aziza, A.; Malyamungu-Bubala, N.; Mweshi-Kumbana, F.; Mutimbwa-Mambo, L.; Belesi-Siangoli, F.; Mujula, Y.; Parker, E.; Muswamba-Kayembe, P. C.; Nundu, S. S.; Lushima, R. S.; Makangara-Cigolo, J. C.; Mulopo-Mukanya, N.; Pukuta-Simbu, E.; Akil-Bandali, P.; Kavunga, H.; Abdramane, O.; Brosius, I.; Bangwen, E.; Vercauteren, K.; Sam-Agudu, N. A.; Mills, E. J.; Tshiani-Mbaya, O.; Hoff, N. A.; Rimoin, A. W.; Hensley, L. E.; Kindrachuk, J.; Baxter, C.; de Oliveira, T.; Ayouba, A.; Peeters, M.; Delaporte, E.; Ahuka-Mundeke, S.; Mohr, E. L.; Sullivan, N. J.; Muyembe-Tamfum, J. J.; Nachega, J. B.; Rambaut, A.; Liesenborghs, L.; Mbala-Kingebeni, P.; Kaciat, C.; Kinganda - Lusamaki, E.; Wawina -Bokalanga, T.; Mukadi - Bamuleka, D.; Amuri, A. A.; Muswamba-Kayembe, P.-C.; Makangara - Cigolo, J.-C.; Mulopo - Mukanya, N.; Pukuta - Simbu, E.; Akil - Bandali, P.; Tshiani - Mbaya, O.; Hoff, N.; Kundrachuk, J.; Ahuka - Mundeke, S.; Muyembe - Tamfum, J.-J.; Mbala - Kingebeni, P."
PP_000ZH2E,Ia,None,Democratic Republic of the Congo,"Tshopo,Yakusu",2024-01-08,196757,0.8503617989037011,2024-12-09,"Vakaniaki, E. H.; Kacita, C.; Kinganda-Lusamaki, E.; O'Toole, A.; Wawina-Bokalanga, T.; Mukadi-Bamuleka, D.; Amuri-Aziza, A.; Malyamungu-Bubala, N.; Mweshi-Kumbana, F.; Mutimbwa-Mambo, L.; Belesi-Siangoli, F.; Mujula, Y.; Parker, E.; Muswamba-Kayembe, P. C.; Nundu, S. S.; Lushima, R. S.; Makangara-Cigolo, J. C.; Mulopo-Mukanya, N.; Pukuta-Simbu, E.; Akil-Bandali, P.; Kavunga, H.; Abdramane, O.; Brosius, I.; Bangwen, E.; Vercauteren, K.; Sam-Agudu, N. A.; Mills, E. J.; Tshiani-Mbaya, O.; Hoff, N. A.; Rimoin, A. W.; Hensley, L. E.; Kindrachuk, J.; Baxter, C.; de Oliveira, T.; Ayouba, A.; Peeters, M.; Delaporte, E.; Ahuka-Mundeke, S.; Mohr, E. L.; Sullivan, N. J.; Muyembe-Tamfum, J. J.; Nachega, J. B.; Rambaut, A.; Liesenborghs, L.; Mbala-Kingebeni, P.; Kaciat, C.; Kinganda - Lusamaki, E.; Wawina -Bokalanga, T.; Mukadi - Bamuleka, D.; Amuri, A. A.; Muswamba-Kayembe, P.-C.; Makangara - Cigolo, J.-C.; Mulopo - Mukanya, N.; Pukuta - Simbu, E.; Akil - Bandali, P.; Tshiani - Mbaya, O.; Hoff, N.; Kundrachuk, J.; Ahuka - Mundeke, S.; Muyembe - Tamfum, J.-J.; Mbala - Kingebeni, P."
PP_000ZH3C,Ia,None,Democratic Republic of the Congo,"Tshopo,Yakusu",2024-01-08,196727,0.9972922128300432,2024-12-09,"Vakaniaki, E. H.; Kacita, C.; Kinganda-Lusamaki, E.; O'Toole, A.; Wawina-Bokalanga, T.; Mukadi-Bamuleka, D.; Amuri-Aziza, A.; Malyamungu-Bubala, N.; Mweshi-Kumbana, F.; Mutimbwa-Mambo, L.; Belesi-Siangoli, F.; Mujula, Y.; Parker, E.; Muswamba-Kayembe, P. C.; Nundu, S. S.; Lushima, R. S.; Makangara-Cigolo, J. C.; Mulopo-Mukanya, N.; Pukuta-Simbu, E.; Akil-Bandali, P.; Kavunga, H.; Abdramane, O.; Brosius, I.; Bangwen, E.; Vercauteren, K.; Sam-Agudu, N. A.; Mills, E. J.; Tshiani-Mbaya, O.; Hoff, N. A.; Rimoin, A. W.; Hensley, L. E.; Kindrachuk, J.; Baxter, C.; de Oliveira, T.; Ayouba, A.; Peeters, M.; Delaporte, E.; Ahuka-Mundeke, S.; Mohr, E. L.; Sullivan, N. J.; Muyembe-Tamfum, J. J.; Nachega, J. B.; Rambaut, A.; Liesenborghs, L.; Mbala-Kingebeni, P.; Kaciat, C.; Kinganda - Lusamaki, E.; Wawina -Bokalanga, T.; Mukadi - Bamuleka, D.; Amuri, A. A.; Muswamba-Kayembe, P.-C.; Makangara - Cigolo, J.-C.; Mulopo - Mukanya, N.; Pukuta - Simbu, E.; Akil - Bandali, P.; Tshiani - Mbaya, O.; Hoff, N.; Kundrachuk, J.; Ahuka - Mundeke, S.; Muyembe - Tamfum, J.-J.; Mbala - Kingebeni, P."
PP_000ZH4A,Ia,None,Democratic Republic of the Congo,"Tshopo,Yakusu",2024-01-08,196764,0.9569745802676348,2024-12-09,"Vakaniaki, E. H.; Kacita, C.; Kinganda-Lusamaki, E.; O'Toole, A.; Wawina-Bokalanga, T.; Mukadi-Bamuleka, D.; Amuri-Aziza, A.; Malyamungu-Bubala, N.; Mweshi-Kumbana, F.; Mutimbwa-Mambo, L.; Belesi-Siangoli, F.; Mujula, Y.; Parker, E.; Muswamba-Kayembe, P. C.; Nundu, S. S.; Lushima, R. S.; Makangara-Cigolo, J. C.; Mulopo-Mukanya, N.; Pukuta-Simbu, E.; Akil-Bandali, P.; Kavunga, H.; Abdramane, O.; Brosius, I.; Bangwen, E.; Vercauteren, K.; Sam-Agudu, N. A.; Mills, E. J.; Tshiani-Mbaya, O.; Hoff, N. A.; Rimoin, A. W.; Hensley, L. E.; Kindrachuk, J.; Baxter, C.; de Oliveira, T.; Ayouba, A.; Peeters, M.; Delaporte, E.; Ahuka-Mundeke, S.; Mohr, E. L.; Sullivan, N. J.; Muyembe-Tamfum, J. J.; Nachega, J. B.; Rambaut, A.; Liesenborghs, L.; Mbala-Kingebeni, P.; Kaciat, C.; Kinganda - Lusamaki, E.; Wawina -Bokalanga, T.; Mukadi - Bamuleka, D.; Amuri, A. A.; Muswamba-Kayembe, P.-C.; Makangara - Cigolo, J.-C.; Mulopo - Mukanya, N.; Pukuta - Simbu, E.; Akil - Bandali, P.; Tshiani - Mbaya, O.; Hoff, N.; Kundrachuk, J.; Ahuka - Mundeke, S.; Muyembe - Tamfum, J.-J.; Mbala - Kingebeni, P."
PP_000ZH58,Ia,None,Democratic Republic of the Congo,"Tshopo,Yakusu",2024-01-08,196801,0.9266057837116968,2024-12-09,"Vakaniaki, E. H.; Kacita, C.; Kinganda-Lusamaki, E.; O'Toole, A.; Wawina-Bokalanga, T.; Mukadi-Bamuleka, D.; Amuri-Aziza, A.; Malyamungu-Bubala, N.; Mweshi-Kumbana, F.; Mutimbwa-Mambo, L.; Belesi-Siangoli, F.; Mujula, Y.; Parker, E.; Muswamba-Kayembe, P. C.; Nundu, S. S.; Lushima, R. S.; Makangara-Cigolo, J. C.; Mulopo-Mukanya, N.; Pukuta-Simbu, E.; Akil-Bandali, P.; Kavunga, H.; Abdramane, O.; Brosius, I.; Bangwen, E.; Vercauteren, K.; Sam-Agudu, N. A.; Mills, E. J.; Tshiani-Mbaya, O.; Hoff, N. A.; Rimoin, A. W.; Hensley, L. E.; Kindrachuk, J.; Baxter, C.; de Oliveira, T.; Ayouba, A.; Peeters, M.; Delaporte, E.; Ahuka-Mundeke, S.; Mohr, E. L.; Sullivan, N. J.; Muyembe-Tamfum, J. J.; Nachega, J. B.; Rambaut, A.; Liesenborghs, L.; Mbala-Kingebeni, P.; Kaciat, C.; Kinganda - Lusamaki, E.; Wawina -Bokalanga, T.; Mukadi - Bamuleka, D.; Amuri, A. A.; Muswamba-Kayembe, P.-C.; Makangara - Cigolo, J.-C.; Mulopo - Mukanya, N.; Pukuta - Simbu, E.; Akil - Bandali, P.; Tshiani - Mbaya, O.; Hoff, N.; Kundrachuk, J.; Ahuka - Mundeke, S.; Muyembe - Tamfum, J.-J.; Mbala - Kingebeni, P."
PP_000ZH66,Ia,None,Democratic Republic of the Congo,"Equateur,Lotumbe",2024-01-20,196853,0.9857866527389724,2024-12-09,"Vakaniaki, E. H.; Kacita, C.; Kinganda-Lusamaki, E.; O'Toole, A.; Wawina-Bokalanga, T.; Mukadi-Bamuleka, D.; Amuri-Aziza, A.; Malyamungu-Bubala, N.; Mweshi-Kumbana, F.; Mutimbwa-Mambo, L.; Belesi-Siangoli, F.; Mujula, Y.; Parker, E.; Muswamba-Kayembe, P. C.; Nundu, S. S.; Lushima, R. S.; Makangara-Cigolo, J. C.; Mulopo-Mukanya, N.; Pukuta-Simbu, E.; Akil-Bandali, P.; Kavunga, H.; Abdramane, O.; Brosius, I.; Bangwen, E.; Vercauteren, K.; Sam-Agudu, N. A.; Mills, E. J.; Tshiani-Mbaya, O.; Hoff, N. A.; Rimoin, A. W.; Hensley, L. E.; Kindrachuk, J.; Baxter, C.; de Oliveira, T.; Ayouba, A.; Peeters, M.; Delaporte, E.; Ahuka-Mundeke, S.; Mohr, E. L.; Sullivan, N. J.; Muyembe-Tamfum, J. J.; Nachega, J. B.; Rambaut, A.; Liesenborghs, L.; Mbala-Kingebeni, P.; Kaciat, C.; Kinganda - Lusamaki, E.; Wawina -Bokalanga, T.; Mukadi - Bamuleka, D.; Amuri, A. A.; Muswamba-Kayembe, P.-C.; Makangara - Cigolo, J.-C.; Mulopo - Mukanya, N.; Pukuta - Simbu, E.; Akil - Bandali, P.; Tshiani - Mbaya, O.; Hoff, N.; Kundrachuk, J.; Ahuka - Mundeke, S.; Muyembe - Tamfum, J.-J.; Mbala - Kingebeni, P."
PP_000ZH74,Ia,None,Democratic Republic of the Congo,"Equateur,Wangata",2024-01-20,196806,1,2024-12-09,"Vakaniaki, E. H.; Kacita, C.; Kinganda-Lusamaki, E.; O'Toole, A.; Wawina-Bokalanga, T.; Mukadi-Bamuleka, D.; Amuri-Aziza, A.; Malyamungu-Bubala, N.; Mweshi-Kumbana, F.; Mutimbwa-Mambo, L.; Belesi-Siangoli, F.; Mujula, Y.; Parker, E.; Muswamba-Kayembe, P. C.; Nundu, S. S.; Lushima, R. S.; Makangara-Cigolo, J. C.; Mulopo-Mukanya, N.; Pukuta-Simbu, E.; Akil-Bandali, P.; Kavunga, H.; Abdramane, O.; Brosius, I.; Bangwen, E.; Vercauteren, K.; Sam-Agudu, N. A.; Mills, E. J.; Tshiani-Mbaya, O.; Hoff, N. A.; Rimoin, A. W.; Hensley, L. E.; Kindrachuk, J.; Baxter, C.; de Oliveira, T.; Ayouba, A.; Peeters, M.; Delaporte, E.; Ahuka-Mundeke, S.; Mohr, E. L.; Sullivan, N. J.; Muyembe-Tamfum, J. J.; Nachega, J. B.; Rambaut, A.; Liesenborghs, L.; Mbala-Kingebeni, P.; Kaciat, C.; Kinganda - Lusamaki, E.; Wawina -Bokalanga, T.; Mukadi - Bamuleka, D.; Amuri, A. A.; Muswamba-Kayembe, P.-C.; Makangara - Cigolo, J.-C.; Mulopo - Mukanya, N.; Pukuta - Simbu, E.; Akil - Bandali, P.; Tshiani - Mbaya, O.; Hoff, N.; Kundrachuk, J.; Ahuka - Mundeke, S.; Muyembe - Tamfum, J.-J.; Mbala - Kingebeni, P."
PP_000ZH82,Ib,A,Democratic Republic of the Congo,"Sud-Kivu,Kamituga",2024-01-23,195600,0.9976775907793256,2024-12-09,"Vakaniaki, E. H.; Kacita, C.; Kinganda-Lusamaki, E.; O'Toole, A.; Wawina-Bokalanga, T.; Mukadi-Bamuleka, D.; Amuri-Aziza, A.; Malyamungu-Bubala, N.; Mweshi-Kumbana, F.; Mutimbwa-Mambo, L.; Belesi-Siangoli, F.; Mujula, Y.; Parker, E.; Muswamba-Kayembe, P. C.; Nundu, S. S.; Lushima, R. S.; Makangara-Cigolo, J. C.; Mulopo-Mukanya, N.; Pukuta-Simbu, E.; Akil-Bandali, P.; Kavunga, H.; Abdramane, O.; Brosius, I.; Bangwen, E.; Vercauteren, K.; Sam-Agudu, N. A.; Mills, E. J.; Tshiani-Mbaya, O.; Hoff, N. A.; Rimoin, A. W.; Hensley, L. E.; Kindrachuk, J.; Baxter, C.; de Oliveira, T.; Ayouba, A.; Peeters, M.; Delaporte, E.; Ahuka-Mundeke, S.; Mohr, E. L.; Sullivan, N. J.; Muyembe-Tamfum, J. J.; Nachega, J. B.; Rambaut, A.; Liesenborghs, L.; Mbala-Kingebeni, P.; Kaciat, C.; Kinganda - Lusamaki, E.; Wawina -Bokalanga, T.; Mukadi - Bamuleka, D.; Amuri, A. A.; Muswamba-Kayembe, P.-C.; Makangara - Cigolo, J.-C.; Mulopo - Mukanya, N.; Pukuta - Simbu, E.; Akil - Bandali, P.; Tshiani - Mbaya, O.; Hoff, N.; Kundrachuk, J.; Ahuka - Mundeke, S.; Muyembe - Tamfum, J.-J.; Mbala - Kingebeni, P."
PP_000ZH90,Ib,A,Democratic Republic of the Congo,"Sud-Kivu,Kamituga",2024-01-23,195656,0.9902894898305858,2024-12-09,"Vakaniaki, E. H.; Kacita, C.; Kinganda-Lusamaki, E.; O'Toole, A.; Wawina-Bokalanga, T.; Mukadi-Bamuleka, D.; Amuri-Aziza, A.; Malyamungu-Bubala, N.; Mweshi-Kumbana, F.; Mutimbwa-Mambo, L.; Belesi-Siangoli, F.; Mujula, Y.; Parker, E.; Muswamba-Kayembe, P. C.; Nundu, S. S.; Lushima, R. S.; Makangara-Cigolo, J. C.; Mulopo-Mukanya, N.; Pukuta-Simbu, E.; Akil-Bandali, P.; Kavunga, H.; Abdramane, O.; Brosius, I.; Bangwen, E.; Vercauteren, K.; Sam-Agudu, N. A.; Mills, E. J.; Tshiani-Mbaya, O.; Hoff, N. A.; Rimoin, A. W.; Hensley, L. E.; Kindrachuk, J.; Baxter, C.; de Oliveira, T.; Ayouba, A.; Peeters, M.; Delaporte, E.; Ahuka-Mundeke, S.; Mohr, E. L.; Sullivan, N. J.; Muyembe-Tamfum, J. J.; Nachega, J. B.; Rambaut, A.; Liesenborghs, L.; Mbala-Kingebeni, P.; Kaciat, C.; Kinganda - Lusamaki, E.; Wawina -Bokalanga, T.; Mukadi - Bamuleka, D.; Amuri, A. A.; Muswamba-Kayembe, P.-C.; Makangara - Cigolo, J.-C.; Mulopo - Mukanya, N.; Pukuta - Simbu, E.; Akil - Bandali, P.; Tshiani - Mbaya, O.; Hoff, N.; Kundrachuk, J.; Ahuka - Mundeke, S.; Muyembe - Tamfum, J.-J.; Mbala - Kingebeni, P."
PP_000ZHAY,Ib,A,Democratic Republic of the Congo,"Sud-Kivu,Kamituga",2024-01-23,195664,0.88785501675887,2024-12-09,"Vakaniaki, E. H.; Kacita, C.; Kinganda-Lusamaki, E.; O'Toole, A.; Wawina-Bokalanga, T.; Mukadi-Bamuleka, D.; Amuri-Aziza, A.; Malyamungu-Bubala, N.; Mweshi-Kumbana, F.; Mutimbwa-Mambo, L.; Belesi-Siangoli, F.; Mujula, Y.; Parker, E.; Muswamba-Kayembe, P. C.; Nundu, S. S.; Lushima, R. S.; Makangara-Cigolo, J. C.; Mulopo-Mukanya, N.; Pukuta-Simbu, E.; Akil-Bandali, P.; Kavunga, H.; Abdramane, O.; Brosius, I.; Bangwen, E.; Vercauteren, K.; Sam-Agudu, N. A.; Mills, E. J.; Tshiani-Mbaya, O.; Hoff, N. A.; Rimoin, A. W.; Hensley, L. E.; Kindrachuk, J.; Baxter, C.; de Oliveira, T.; Ayouba, A.; Peeters, M.; Delaporte, E.; Ahuka-Mundeke, S.; Mohr, E. L.; Sullivan, N. J.; Muyembe-Tamfum, J. J.; Nachega, J. B.; Rambaut, A.; Liesenborghs, L.; Mbala-Kingebeni, P.; Kaciat, C.; Kinganda - Lusamaki, E.; Wawina -Bokalanga, T.; Mukadi - Bamuleka, D.; Amuri, A. A.; Muswamba-Kayembe, P.-C.; Makangara - Cigolo, J.-C.; Mulopo - Mukanya, N.; Pukuta - Simbu, E.; Akil - Bandali, P.; Tshiani - Mbaya, O.; Hoff, N.; Kundrachuk, J.; Ahuka - Mundeke, S.; Muyembe - Tamfum, J.-J.; Mbala - Kingebeni, P."
PP_000ZHBW,Ib,A,Democratic Republic of the Congo,"Sud-Kivu,Kamituga",2024-01-28,195685,0.9650624464400712,2024-12-09,"Vakaniaki, E. H.; Kacita, C.; Kinganda-Lusamaki, E.; O'Toole, A.; Wawina-Bokalanga, T.; Mukadi-Bamuleka, D.; Amuri-Aziza, A.; Malyamungu-Bubala, N.; Mweshi-Kumbana, F.; Mutimbwa-Mambo, L.; Belesi-Siangoli, F.; Mujula, Y.; Parker, E.; Muswamba-Kayembe, P. C.; Nundu, S. S.; Lushima, R. S.; Makangara-Cigolo, J. C.; Mulopo-Mukanya, N.; Pukuta-Simbu, E.; Akil-Bandali, P.; Kavunga, H.; Abdramane, O.; Brosius, I.; Bangwen, E.; Vercauteren, K.; Sam-Agudu, N. A.; Mills, E. J.; Tshiani-Mbaya, O.; Hoff, N. A.; Rimoin, A. W.; Hensley, L. E.; Kindrachuk, J.; Baxter, C.; de Oliveira, T.; Ayouba, A.; Peeters, M.; Delaporte, E.; Ahuka-Mundeke, S.; Mohr, E. L.; Sullivan, N. J.; Muyembe-Tamfum, J. J.; Nachega, J. B.; Rambaut, A.; Liesenborghs, L.; Mbala-Kingebeni, P.; Kaciat, C.; Kinganda - Lusamaki, E.; Wawina -Bokalanga, T.; Mukadi - Bamuleka, D.; Amuri, A. A.; Muswamba-Kayembe, P.-C.; Makangara - Cigolo, J.-C.; Mulopo - Mukanya, N.; Pukuta - Simbu, E.; Akil - Bandali, P.; Tshiani - Mbaya, O.; Hoff, N.; Kundrachuk, J.; Ahuka - Mundeke, S.; Muyembe - Tamfum, J.-J.; Mbala - Kingebeni, P."
PP_000ZHCU,Ib,A,Democratic Republic of the Congo,"Sud-Kivu,Kamituga",2024-01-23,195689,0.841381478532927,2024-12-09,"Vakaniaki, E. H.; Kacita, C.; Kinganda-Lusamaki, E.; O'Toole, A.; Wawina-Bokalanga, T.; Mukadi-Bamuleka, D.; Amuri-Aziza, A.; Malyamungu-Bubala, N.; Mweshi-Kumbana, F.; Mutimbwa-Mambo, L.; Belesi-Siangoli, F.; Mujula, Y.; Parker, E.; Muswamba-Kayembe, P. C.; Nundu, S. S.; Lushima, R. S.; Makangara-Cigolo, J. C.; Mulopo-Mukanya, N.; Pukuta-Simbu, E.; Akil-Bandali, P.; Kavunga, H.; Abdramane, O.; Brosius, I.; Bangwen, E.; Vercauteren, K.; Sam-Agudu, N. A.; Mills, E. J.; Tshiani-Mbaya, O.; Hoff, N. A.; Rimoin, A. W.; Hensley, L. E.; Kindrachuk, J.; Baxter, C.; de Oliveira, T.; Ayouba, A.; Peeters, M.; Delaporte, E.; Ahuka-Mundeke, S.; Mohr, E. L.; Sullivan, N. J.; Muyembe-Tamfum, J. J.; Nachega, J. B.; Rambaut, A.; Liesenborghs, L.; Mbala-Kingebeni, P.; Kaciat, C.; Kinganda - Lusamaki, E.; Wawina -Bokalanga, T.; Mukadi - Bamuleka, D.; Amuri, A. A.; Muswamba-Kayembe, P.-C.; Makangara - Cigolo, J.-C.; Mulopo - Mukanya, N.; Pukuta - Simbu, E.; Akil - Bandali, P.; Tshiani - Mbaya, O.; Hoff, N.; Kundrachuk, J.; Ahuka - Mundeke, S.; Muyembe - Tamfum, J.-J.; Mbala - Kingebeni, P."
PP_000ZHDS,Ib,A,Democratic Republic of the Congo,"Sud-Kivu,Kamituga",2024-01-23,195617,0.9735509028492616,2024-12-09,"Vakaniaki, E. H.; Kacita, C.; Kinganda-Lusamaki, E.; O'Toole, A.; Wawina-Bokalanga, T.; Mukadi-Bamuleka, D.; Amuri-Aziza, A.; Malyamungu-Bubala, N.; Mweshi-Kumbana, F.; Mutimbwa-Mambo, L.; Belesi-Siangoli, F.; Mujula, Y.; Parker, E.; Muswamba-Kayembe, P. C.; Nundu, S. S.; Lushima, R. S.; Makangara-Cigolo, J. C.; Mulopo-Mukanya, N.; Pukuta-Simbu, E.; Akil-Bandali, P.; Kavunga, H.; Abdramane, O.; Brosius, I.; Bangwen, E.; Vercauteren, K.; Sam-Agudu, N. A.; Mills, E. J.; Tshiani-Mbaya, O.; Hoff, N. A.; Rimoin, A. W.; Hensley, L. E.; Kindrachuk, J.; Baxter, C.; de Oliveira, T.; Ayouba, A.; Peeters, M.; Delaporte, E.; Ahuka-Mundeke, S.; Mohr, E. L.; Sullivan, N. J.; Muyembe-Tamfum, J. J.; Nachega, J. B.; Rambaut, A.; Liesenborghs, L.; Mbala-Kingebeni, P.; Kaciat, C.; Kinganda - Lusamaki, E.; Wawina -Bokalanga, T.; Mukadi - Bamuleka, D.; Amuri, A. A.; Muswamba-Kayembe, P.-C.; Makangara - Cigolo, J.-C.; Mulopo - Mukanya, N.; Pukuta - Simbu, E.; Akil - Bandali, P.; Tshiani - Mbaya, O.; Hoff, N.; Kundrachuk, J.; Ahuka - Mundeke, S.; Muyembe - Tamfum, J.-J.; Mbala - Kingebeni, P."
PP_000ZHEQ,Ib,A,Democratic Republic of the Congo,"Sud-Kivu,Kamituga",2024-01-19,195644,0.9997667449254344,2024-12-09,"Vakaniaki, E. H.; Kacita, C.; Kinganda-Lusamaki, E.; O'Toole, A.; Wawina-Bokalanga, T.; Mukadi-Bamuleka, D.; Amuri-Aziza, A.; Malyamungu-Bubala, N.; Mweshi-Kumbana, F.; Mutimbwa-Mambo, L.; Belesi-Siangoli, F.; Mujula, Y.; Parker, E.; Muswamba-Kayembe, P. C.; Nundu, S. S.; Lushima, R. S.; Makangara-Cigolo, J. C.; Mulopo-Mukanya, N.; Pukuta-Simbu, E.; Akil-Bandali, P.; Kavunga, H.; Abdramane, O.; Brosius, I.; Bangwen, E.; Vercauteren, K.; Sam-Agudu, N. A.; Mills, E. J.; Tshiani-Mbaya, O.; Hoff, N. A.; Rimoin, A. W.; Hensley, L. E.; Kindrachuk, J.; Baxter, C.; de Oliveira, T.; Ayouba, A.; Peeters, M.; Delaporte, E.; Ahuka-Mundeke, S.; Mohr, E. L.; Sullivan, N. J.; Muyembe-Tamfum, J. J.; Nachega, J. B.; Rambaut, A.; Liesenborghs, L.; Mbala-Kingebeni, P.; Kaciat, C.; Kinganda - Lusamaki, E.; Wawina -Bokalanga, T.; Mukadi - Bamuleka, D.; Amuri, A. A.; Muswamba-Kayembe, P.-C.; Makangara - Cigolo, J.-C.; Mulopo - Mukanya, N.; Pukuta - Simbu, E.; Akil - Bandali, P.; Tshiani - Mbaya, O.; Hoff, N.; Kundrachuk, J.; Ahuka - Mundeke, S.; Muyembe - Tamfum, J.-J.; Mbala - Kingebeni, P."
PP_000ZHFN,Ib,A,Democratic Republic of the Congo,"Sud-Kivu,Kamituga",2024-01-23,195608,0.8344548169708279,2024-12-09,"Vakaniaki, E. H.; Kacita, C.; Kinganda-Lusamaki, E.; O'Toole, A.; Wawina-Bokalanga, T.; Mukadi-Bamuleka, D.; Amuri-Aziza, A.; Malyamungu-Bubala, N.; Mweshi-Kumbana, F.; Mutimbwa-Mambo, L.; Belesi-Siangoli, F.; Mujula, Y.; Parker, E.; Muswamba-Kayembe, P. C.; Nundu, S. S.; Lushima, R. S.; Makangara-Cigolo, J. C.; Mulopo-Mukanya, N.; Pukuta-Simbu, E.; Akil-Bandali, P.; Kavunga, H.; Abdramane, O.; Brosius, I.; Bangwen, E.; Vercauteren, K.; Sam-Agudu, N. A.; Mills, E. J.; Tshiani-Mbaya, O.; Hoff, N. A.; Rimoin, A. W.; Hensley, L. E.; Kindrachuk, J.; Baxter, C.; de Oliveira, T.; Ayouba, A.; Peeters, M.; Delaporte, E.; Ahuka-Mundeke, S.; Mohr, E. L.; Sullivan, N. J.; Muyembe-Tamfum, J. J.; Nachega, J. B.; Rambaut, A.; Liesenborghs, L.; Mbala-Kingebeni, P.; Kaciat, C.; Kinganda - Lusamaki, E.; Wawina -Bokalanga, T.; Mukadi - Bamuleka, D.; Amuri, A. A.; Muswamba-Kayembe, P.-C.; Makangara - Cigolo, J.-C.; Mulopo - Mukanya, N.; Pukuta - Simbu, E.; Akil - Bandali, P.; Tshiani - Mbaya, O.; Hoff, N.; Kundrachuk, J.; Ahuka - Mundeke, S.; Muyembe - Tamfum, J.-J.; Mbala - Kingebeni, P."
PP_000ZHGL,Ib,A,Democratic Republic of the Congo,"Sud-Kivu,Kamituga",2024-01-23,195688,0.8947664660334974,2024-12-09,"Vakaniaki, E. H.; Kacita, C.; Kinganda-Lusamaki, E.; O'Toole, A.; Wawina-Bokalanga, T.; Mukadi-Bamuleka, D.; Amuri-Aziza, A.; Malyamungu-Bubala, N.; Mweshi-Kumbana, F.; Mutimbwa-Mambo, L.; Belesi-Siangoli, F.; Mujula, Y.; Parker, E.; Muswamba-Kayembe, P. C.; Nundu, S. S.; Lushima, R. S.; Makangara-Cigolo, J. C.; Mulopo-Mukanya, N.; Pukuta-Simbu, E.; Akil-Bandali, P.; Kavunga, H.; Abdramane, O.; Brosius, I.; Bangwen, E.; Vercauteren, K.; Sam-Agudu, N. A.; Mills, E. J.; Tshiani-Mbaya, O.; Hoff, N. A.; Rimoin, A. W.; Hensley, L. E.; Kindrachuk, J.; Baxter, C.; de Oliveira, T.; Ayouba, A.; Peeters, M.; Delaporte, E.; Ahuka-Mundeke, S.; Mohr, E. L.; Sullivan, N. J.; Muyembe-Tamfum, J. J.; Nachega, J. B.; Rambaut, A.; Liesenborghs, L.; Mbala-Kingebeni, P.; Kaciat, C.; Kinganda - Lusamaki, E.; Wawina -Bokalanga, T.; Mukadi - Bamuleka, D.; Amuri, A. A.; Muswamba-Kayembe, P.-C.; Makangara - Cigolo, J.-C.; Mulopo - Mukanya, N.; Pukuta - Simbu, E.; Akil - Bandali, P.; Tshiani - Mbaya, O.; Hoff, N.; Kundrachuk, J.; Ahuka - Mundeke, S.; Muyembe - Tamfum, J.-J.; Mbala - Kingebeni, P."
PP_000ZHHH,Ib,A,Democratic Republic of the Congo,"Sud-Kivu,Kamituga",2024-01-26,195613,0.9999949292375094,2024-12-09,"Vakaniaki, E. H.; Kacita, C.; Kinganda-Lusamaki, E.; O'Toole, A.; Wawina-Bokalanga, T.; Mukadi-Bamuleka, D.; Amuri-Aziza, A.; Malyamungu-Bubala, N.; Mweshi-Kumbana, F.; Mutimbwa-Mambo, L.; Belesi-Siangoli, F.; Mujula, Y.; Parker, E.; Muswamba-Kayembe, P. C.; Nundu, S. S.; Lushima, R. S.; Makangara-Cigolo, J. C.; Mulopo-Mukanya, N.; Pukuta-Simbu, E.; Akil-Bandali, P.; Kavunga, H.; Abdramane, O.; Brosius, I.; Bangwen, E.; Vercauteren, K.; Sam-Agudu, N. A.; Mills, E. J.; Tshiani-Mbaya, O.; Hoff, N. A.; Rimoin, A. W.; Hensley, L. E.; Kindrachuk, J.; Baxter, C.; de Oliveira, T.; Ayouba, A.; Peeters, M.; Delaporte, E.; Ahuka-Mundeke, S.; Mohr, E. L.; Sullivan, N. J.; Muyembe-Tamfum, J. J.; Nachega, J. B.; Rambaut, A.; Liesenborghs, L.; Mbala-Kingebeni, P.; Kaciat, C.; Kinganda - Lusamaki, E.; Wawina -Bokalanga, T.; Mukadi - Bamuleka, D.; Amuri, A. A.; Muswamba-Kayembe, P.-C.; Makangara - Cigolo, J.-C.; Mulopo - Mukanya, N.; Pukuta - Simbu, E.; Akil - Bandali, P.; Tshiani - Mbaya, O.; Hoff, N.; Kundrachuk, J.; Ahuka - Mundeke, S.; Muyembe - Tamfum, J.-J.; Mbala - Kingebeni, P."
PP_000ZHJF,Ib,A,Democratic Republic of the Congo,"Sud-Kivu,Kamituga",2024-01-26,195614,0.932548717350628,2024-12-09,"Vakaniaki, E. H.; Kacita, C.; Kinganda-Lusamaki, E.; O'Toole, A.; Wawina-Bokalanga, T.; Mukadi-Bamuleka, D.; Amuri-Aziza, A.; Malyamungu-Bubala, N.; Mweshi-Kumbana, F.; Mutimbwa-Mambo, L.; Belesi-Siangoli, F.; Mujula, Y.; Parker, E.; Muswamba-Kayembe, P. C.; Nundu, S. S.; Lushima, R. S.; Makangara-Cigolo, J. C.; Mulopo-Mukanya, N.; Pukuta-Simbu, E.; Akil-Bandali, P.; Kavunga, H.; Abdramane, O.; Brosius, I.; Bangwen, E.; Vercauteren, K.; Sam-Agudu, N. A.; Mills, E. J.; Tshiani-Mbaya, O.; Hoff, N. A.; Rimoin, A. W.; Hensley, L. E.; Kindrachuk, J.; Baxter, C.; de Oliveira, T.; Ayouba, A.; Peeters, M.; Delaporte, E.; Ahuka-Mundeke, S.; Mohr, E. L.; Sullivan, N. J.; Muyembe-Tamfum, J. J.; Nachega, J. B.; Rambaut, A.; Liesenborghs, L.; Mbala-Kingebeni, P.; Kaciat, C.; Kinganda - Lusamaki, E.; Wawina -Bokalanga, T.; Mukadi - Bamuleka, D.; Amuri, A. A.; Muswamba-Kayembe, P.-C.; Makangara - Cigolo, J.-C.; Mulopo - Mukanya, N.; Pukuta - Simbu, E.; Akil - Bandali, P.; Tshiani - Mbaya, O.; Hoff, N.; Kundrachuk, J.; Ahuka - Mundeke, S.; Muyembe - Tamfum, J.-J.; Mbala - Kingebeni, P."
PP_000ZHKD,Ib,A,Democratic Republic of the Congo,"Sud-Kivu,Kamituga",2023-12-26,195614,0.9999949292375094,2024-12-09,"Vakaniaki, E. H.; Kacita, C.; Kinganda-Lusamaki, E.; O'Toole, A.; Wawina-Bokalanga, T.; Mukadi-Bamuleka, D.; Amuri-Aziza, A.; Malyamungu-Bubala, N.; Mweshi-Kumbana, F.; Mutimbwa-Mambo, L.; Belesi-Siangoli, F.; Mujula, Y.; Parker, E.; Muswamba-Kayembe, P. C.; Nundu, S. S.; Lushima, R. S.; Makangara-Cigolo, J. C.; Mulopo-Mukanya, N.; Pukuta-Simbu, E.; Akil-Bandali, P.; Kavunga, H.; Abdramane, O.; Brosius, I.; Bangwen, E.; Vercauteren, K.; Sam-Agudu, N. A.; Mills, E. J.; Tshiani-Mbaya, O.; Hoff, N. A.; Rimoin, A. W.; Hensley, L. E.; Kindrachuk, J.; Baxter, C.; de Oliveira, T.; Ayouba, A.; Peeters, M.; Delaporte, E.; Ahuka-Mundeke, S.; Mohr, E. L.; Sullivan, N. J.; Muyembe-Tamfum, J. J.; Nachega, J. B.; Rambaut, A.; Liesenborghs, L.; Mbala-Kingebeni, P.; Kaciat, C.; Kinganda - Lusamaki, E.; Wawina -Bokalanga, T.; Mukadi - Bamuleka, D.; Amuri, A. A.; Muswamba-Kayembe, P.-C.; Makangara - Cigolo, J.-C.; Mulopo - Mukanya, N.; Pukuta - Simbu, E.; Akil - Bandali, P.; Tshiani - Mbaya, O.; Hoff, N.; Kundrachuk, J.; Ahuka - Mundeke, S.; Muyembe - Tamfum, J.-J.; Mbala - Kingebeni, P."
PP_000ZHLB,Ib,A,Democratic Republic of the Congo,"Sud-Kivu,Kamituga",2023-12-25,195600,0.9999949292375094,2024-12-09,"Vakaniaki, E. H.; Kacita, C.; Kinganda-Lusamaki, E.; O'Toole, A.; Wawina-Bokalanga, T.; Mukadi-Bamuleka, D.; Amuri-Aziza, A.; Malyamungu-Bubala, N.; Mweshi-Kumbana, F.; Mutimbwa-Mambo, L.; Belesi-Siangoli, F.; Mujula, Y.; Parker, E.; Muswamba-Kayembe, P. C.; Nundu, S. S.; Lushima, R. S.; Makangara-Cigolo, J. C.; Mulopo-Mukanya, N.; Pukuta-Simbu, E.; Akil-Bandali, P.; Kavunga, H.; Abdramane, O.; Brosius, I.; Bangwen, E.; Vercauteren, K.; Sam-Agudu, N. A.; Mills, E. J.; Tshiani-Mbaya, O.; Hoff, N. A.; Rimoin, A. W.; Hensley, L. E.; Kindrachuk, J.; Baxter, C.; de Oliveira, T.; Ayouba, A.; Peeters, M.; Delaporte, E.; Ahuka-Mundeke, S.; Mohr, E. L.; Sullivan, N. J.; Muyembe-Tamfum, J. J.; Nachega, J. B.; Rambaut, A.; Liesenborghs, L.; Mbala-Kingebeni, P.; Kaciat, C.; Kinganda - Lusamaki, E.; Wawina -Bokalanga, T.; Mukadi - Bamuleka, D.; Amuri, A. A.; Muswamba-Kayembe, P.-C.; Makangara - Cigolo, J.-C.; Mulopo - Mukanya, N.; Pukuta - Simbu, E.; Akil - Bandali, P.; Tshiani - Mbaya, O.; Hoff, N.; Kundrachuk, J.; Ahuka - Mundeke, S.; Muyembe - Tamfum, J.-J.; Mbala - Kingebeni, P."
PP_000ZHM9,Ib,A,Democratic Republic of the Congo,"Sud-Kivu,Kamituga",2023-12-26,195580,0.9992140318139638,2024-12-09,"Vakaniaki, E. H.; Kacita, C.; Kinganda-Lusamaki, E.; O'Toole, A.; Wawina-Bokalanga, T.; Mukadi-Bamuleka, D.; Amuri-Aziza, A.; Malyamungu-Bubala, N.; Mweshi-Kumbana, F.; Mutimbwa-Mambo, L.; Belesi-Siangoli, F.; Mujula, Y.; Parker, E.; Muswamba-Kayembe, P. C.; Nundu, S. S.; Lushima, R. S.; Makangara-Cigolo, J. C.; Mulopo-Mukanya, N.; Pukuta-Simbu, E.; Akil-Bandali, P.; Kavunga, H.; Abdramane, O.; Brosius, I.; Bangwen, E.; Vercauteren, K.; Sam-Agudu, N. A.; Mills, E. J.; Tshiani-Mbaya, O.; Hoff, N. A.; Rimoin, A. W.; Hensley, L. E.; Kindrachuk, J.; Baxter, C.; de Oliveira, T.; Ayouba, A.; Peeters, M.; Delaporte, E.; Ahuka-Mundeke, S.; Mohr, E. L.; Sullivan, N. J.; Muyembe-Tamfum, J. J.; Nachega, J. B.; Rambaut, A.; Liesenborghs, L.; Mbala-Kingebeni, P.; Kaciat, C.; Kinganda - Lusamaki, E.; Wawina -Bokalanga, T.; Mukadi - Bamuleka, D.; Amuri, A. A.; Muswamba-Kayembe, P.-C.; Makangara - Cigolo, J.-C.; Mulopo - Mukanya, N.; Pukuta - Simbu, E.; Akil - Bandali, P.; Tshiani - Mbaya, O.; Hoff, N.; Kundrachuk, J.; Ahuka - Mundeke, S.; Muyembe - Tamfum, J.-J.; Mbala - Kingebeni, P."
PP_000ZHN7,Ib,A,Democratic Republic of the Congo,"Sud-Kivu,Kamituga",2023-12-27,195667,0.984285707041768,2024-12-09,"Vakaniaki, E. H.; Kacita, C.; Kinganda-Lusamaki, E.; O'Toole, A.; Wawina-Bokalanga, T.; Mukadi-Bamuleka, D.; Amuri-Aziza, A.; Malyamungu-Bubala, N.; Mweshi-Kumbana, F.; Mutimbwa-Mambo, L.; Belesi-Siangoli, F.; Mujula, Y.; Parker, E.; Muswamba-Kayembe, P. C.; Nundu, S. S.; Lushima, R. S.; Makangara-Cigolo, J. C.; Mulopo-Mukanya, N.; Pukuta-Simbu, E.; Akil-Bandali, P.; Kavunga, H.; Abdramane, O.; Brosius, I.; Bangwen, E.; Vercauteren, K.; Sam-Agudu, N. A.; Mills, E. J.; Tshiani-Mbaya, O.; Hoff, N. A.; Rimoin, A. W.; Hensley, L. E.; Kindrachuk, J.; Baxter, C.; de Oliveira, T.; Ayouba, A.; Peeters, M.; Delaporte, E.; Ahuka-Mundeke, S.; Mohr, E. L.; Sullivan, N. J.; Muyembe-Tamfum, J. J.; Nachega, J. B.; Rambaut, A.; Liesenborghs, L.; Mbala-Kingebeni, P.; Kaciat, C.; Kinganda - Lusamaki, E.; Wawina -Bokalanga, T.; Mukadi - Bamuleka, D.; Amuri, A. A.; Muswamba-Kayembe, P.-C.; Makangara - Cigolo, J.-C.; Mulopo - Mukanya, N.; Pukuta - Simbu, E.; Akil - Bandali, P.; Tshiani - Mbaya, O.; Hoff, N.; Kundrachuk, J.; Ahuka - Mundeke, S.; Muyembe - Tamfum, J.-J.; Mbala - Kingebeni, P."
PP_000ZHP5,Ib,A,Democratic Republic of the Congo,"Sud-Kivu,Kamituga",2023-12-31,195599,0.9999949292375094,2024-12-09,"Vakaniaki, E. H.; Kacita, C.; Kinganda-Lusamaki, E.; O'Toole, A.; Wawina-Bokalanga, T.; Mukadi-Bamuleka, D.; Amuri-Aziza, A.; Malyamungu-Bubala, N.; Mweshi-Kumbana, F.; Mutimbwa-Mambo, L.; Belesi-Siangoli, F.; Mujula, Y.; Parker, E.; Muswamba-Kayembe, P. C.; Nundu, S. S.; Lushima, R. S.; Makangara-Cigolo, J. C.; Mulopo-Mukanya, N.; Pukuta-Simbu, E.; Akil-Bandali, P.; Kavunga, H.; Abdramane, O.; Brosius, I.; Bangwen, E.; Vercauteren, K.; Sam-Agudu, N. A.; Mills, E. J.; Tshiani-Mbaya, O.; Hoff, N. A.; Rimoin, A. W.; Hensley, L. E.; Kindrachuk, J.; Baxter, C.; de Oliveira, T.; Ayouba, A.; Peeters, M.; Delaporte, E.; Ahuka-Mundeke, S.; Mohr, E. L.; Sullivan, N. J.; Muyembe-Tamfum, J. J.; Nachega, J. B.; Rambaut, A.; Liesenborghs, L.; Mbala-Kingebeni, P.; Kaciat, C.; Kinganda - Lusamaki, E.; Wawina -Bokalanga, T.; Mukadi - Bamuleka, D.; Amuri, A. A.; Muswamba-Kayembe, P.-C.; Makangara - Cigolo, J.-C.; Mulopo - Mukanya, N.; Pukuta - Simbu, E.; Akil - Bandali, P.; Tshiani - Mbaya, O.; Hoff, N.; Kundrachuk, J.; Ahuka - Mundeke, S.; Muyembe - Tamfum, J.-J.; Mbala - Kingebeni, P."
PP_000ZHQ3,Ib,A,Democratic Republic of the Congo,"Sud-Kivu,Kamituga",2023-12-21,195606,0.9999949292375094,2024-12-09,"Vakaniaki, E. H.; Kacita, C.; Kinganda-Lusamaki, E.; O'Toole, A.; Wawina-Bokalanga, T.; Mukadi-Bamuleka, D.; Amuri-Aziza, A.; Malyamungu-Bubala, N.; Mweshi-Kumbana, F.; Mutimbwa-Mambo, L.; Belesi-Siangoli, F.; Mujula, Y.; Parker, E.; Muswamba-Kayembe, P. C.; Nundu, S. S.; Lushima, R. S.; Makangara-Cigolo, J. C.; Mulopo-Mukanya, N.; Pukuta-Simbu, E.; Akil-Bandali, P.; Kavunga, H.; Abdramane, O.; Brosius, I.; Bangwen, E.; Vercauteren, K.; Sam-Agudu, N. A.; Mills, E. J.; Tshiani-Mbaya, O.; Hoff, N. A.; Rimoin, A. W.; Hensley, L. E.; Kindrachuk, J.; Baxter, C.; de Oliveira, T.; Ayouba, A.; Peeters, M.; Delaporte, E.; Ahuka-Mundeke, S.; Mohr, E. L.; Sullivan, N. J.; Muyembe-Tamfum, J. J.; Nachega, J. B.; Rambaut, A.; Liesenborghs, L.; Mbala-Kingebeni, P.; Kaciat, C.; Kinganda - Lusamaki, E.; Wawina -Bokalanga, T.; Mukadi - Bamuleka, D.; Amuri, A. A.; Muswamba-Kayembe, P.-C.; Makangara - Cigolo, J.-C.; Mulopo - Mukanya, N.; Pukuta - Simbu, E.; Akil - Bandali, P.; Tshiani - Mbaya, O.; Hoff, N.; Kundrachuk, J.; Ahuka - Mundeke, S.; Muyembe - Tamfum, J.-J.; Mbala - Kingebeni, P."
PP_000ZHR1,Ib,A,Democratic Republic of the Congo,"Sud-Kivu,Kamituga",2024-01-10,195597,0.9999949292375094,2024-12-09,"Vakaniaki, E. H.; Kacita, C.; Kinganda-Lusamaki, E.; O'Toole, A.; Wawina-Bokalanga, T.; Mukadi-Bamuleka, D.; Amuri-Aziza, A.; Malyamungu-Bubala, N.; Mweshi-Kumbana, F.; Mutimbwa-Mambo, L.; Belesi-Siangoli, F.; Mujula, Y.; Parker, E.; Muswamba-Kayembe, P. C.; Nundu, S. S.; Lushima, R. S.; Makangara-Cigolo, J. C.; Mulopo-Mukanya, N.; Pukuta-Simbu, E.; Akil-Bandali, P.; Kavunga, H.; Abdramane, O.; Brosius, I.; Bangwen, E.; Vercauteren, K.; Sam-Agudu, N. A.; Mills, E. J.; Tshiani-Mbaya, O.; Hoff, N. A.; Rimoin, A. W.; Hensley, L. E.; Kindrachuk, J.; Baxter, C.; de Oliveira, T.; Ayouba, A.; Peeters, M.; Delaporte, E.; Ahuka-Mundeke, S.; Mohr, E. L.; Sullivan, N. J.; Muyembe-Tamfum, J. J.; Nachega, J. B.; Rambaut, A.; Liesenborghs, L.; Mbala-Kingebeni, P.; Kaciat, C.; Kinganda - Lusamaki, E.; Wawina -Bokalanga, T.; Mukadi - Bamuleka, D.; Amuri, A. A.; Muswamba-Kayembe, P.-C.; Makangara - Cigolo, J.-C.; Mulopo - Mukanya, N.; Pukuta - Simbu, E.; Akil - Bandali, P.; Tshiani - Mbaya, O.; Hoff, N.; Kundrachuk, J.; Ahuka - Mundeke, S.; Muyembe - Tamfum, J.-J.; Mbala - Kingebeni, P."
PP_000ZHSZ,Ib,A,Democratic Republic of the Congo,"Sud-Kivu,Kamituga",2024-01-14,195600,0.9999949292375094,2024-12-09,"Vakaniaki, E. H.; Kacita, C.; Kinganda-Lusamaki, E.; O'Toole, A.; Wawina-Bokalanga, T.; Mukadi-Bamuleka, D.; Amuri-Aziza, A.; Malyamungu-Bubala, N.; Mweshi-Kumbana, F.; Mutimbwa-Mambo, L.; Belesi-Siangoli, F.; Mujula, Y.; Parker, E.; Muswamba-Kayembe, P. C.; Nundu, S. S.; Lushima, R. S.; Makangara-Cigolo, J. C.; Mulopo-Mukanya, N.; Pukuta-Simbu, E.; Akil-Bandali, P.; Kavunga, H.; Abdramane, O.; Brosius, I.; Bangwen, E.; Vercauteren, K.; Sam-Agudu, N. A.; Mills, E. J.; Tshiani-Mbaya, O.; Hoff, N. A.; Rimoin, A. W.; Hensley, L. E.; Kindrachuk, J.; Baxter, C.; de Oliveira, T.; Ayouba, A.; Peeters, M.; Delaporte, E.; Ahuka-Mundeke, S.; Mohr, E. L.; Sullivan, N. J.; Muyembe-Tamfum, J. J.; Nachega, J. B.; Rambaut, A.; Liesenborghs, L.; Mbala-Kingebeni, P.; Kaciat, C.; Kinganda - Lusamaki, E.; Wawina -Bokalanga, T.; Mukadi - Bamuleka, D.; Amuri, A. A.; Muswamba-Kayembe, P.-C.; Makangara - Cigolo, J.-C.; Mulopo - Mukanya, N.; Pukuta - Simbu, E.; Akil - Bandali, P.; Tshiani - Mbaya, O.; Hoff, N.; Kundrachuk, J.; Ahuka - Mundeke, S.; Muyembe - Tamfum, J.-J.; Mbala - Kingebeni, P."
PP_000ZHTX,Ib,A,Democratic Republic of the Congo,"Sud-Kivu,Kamituga",2024-01-15,195579,0.929683736543464,2024-12-09,"Vakaniaki, E. H.; Kacita, C.; Kinganda-Lusamaki, E.; O'Toole, A.; Wawina-Bokalanga, T.; Mukadi-Bamuleka, D.; Amuri-Aziza, A.; Malyamungu-Bubala, N.; Mweshi-Kumbana, F.; Mutimbwa-Mambo, L.; Belesi-Siangoli, F.; Mujula, Y.; Parker, E.; Muswamba-Kayembe, P. C.; Nundu, S. S.; Lushima, R. S.; Makangara-Cigolo, J. C.; Mulopo-Mukanya, N.; Pukuta-Simbu, E.; Akil-Bandali, P.; Kavunga, H.; Abdramane, O.; Brosius, I.; Bangwen, E.; Vercauteren, K.; Sam-Agudu, N. A.; Mills, E. J.; Tshiani-Mbaya, O.; Hoff, N. A.; Rimoin, A. W.; Hensley, L. E.; Kindrachuk, J.; Baxter, C.; de Oliveira, T.; Ayouba, A.; Peeters, M.; Delaporte, E.; Ahuka-Mundeke, S.; Mohr, E. L.; Sullivan, N. J.; Muyembe-Tamfum, J. J.; Nachega, J. B.; Rambaut, A.; Liesenborghs, L.; Mbala-Kingebeni, P.; Kaciat, C.; Kinganda - Lusamaki, E.; Wawina -Bokalanga, T.; Mukadi - Bamuleka, D.; Amuri, A. A.; Muswamba-Kayembe, P.-C.; Makangara - Cigolo, J.-C.; Mulopo - Mukanya, N.; Pukuta - Simbu, E.; Akil - Bandali, P.; Tshiani - Mbaya, O.; Hoff, N.; Kundrachuk, J.; Ahuka - Mundeke, S.; Muyembe - Tamfum, J.-J.; Mbala - Kingebeni, P."
PP_000ZHUV,Ib,A,Democratic Republic of the Congo,"Sud-Kivu,Kamituga",2023-10-05,195082,0.8692148938435873,2024-12-09,"Vakaniaki, E. H.; Kacita, C.; Kinganda-Lusamaki, E.; O'Toole, A.; Wawina-Bokalanga, T.; Mukadi-Bamuleka, D.; Amuri-Aziza, A.; Malyamungu-Bubala, N.; Mweshi-Kumbana, F.; Mutimbwa-Mambo, L.; Belesi-Siangoli, F.; Mujula, Y.; Parker, E.; Muswamba-Kayembe, P. C.; Nundu, S. S.; Lushima, R. S.; Makangara-Cigolo, J. C.; Mulopo-Mukanya, N.; Pukuta-Simbu, E.; Akil-Bandali, P.; Kavunga, H.; Abdramane, O.; Brosius, I.; Bangwen, E.; Vercauteren, K.; Sam-Agudu, N. A.; Mills, E. J.; Tshiani-Mbaya, O.; Hoff, N. A.; Rimoin, A. W.; Hensley, L. E.; Kindrachuk, J.; Baxter, C.; de Oliveira, T.; Ayouba, A.; Peeters, M.; Delaporte, E.; Ahuka-Mundeke, S.; Mohr, E. L.; Sullivan, N. J.; Muyembe-Tamfum, J. J.; Nachega, J. B.; Rambaut, A.; Liesenborghs, L.; Mbala-Kingebeni, P.; Kaciat, C.; Kinganda - Lusamaki, E.; Wawina -Bokalanga, T.; Mukadi - Bamuleka, D.; Amuri, A. A.; Muswamba-Kayembe, P.-C.; Makangara - Cigolo, J.-C.; Mulopo - Mukanya, N.; Pukuta - Simbu, E.; Akil - Bandali, P.; Tshiani - Mbaya, O.; Hoff, N.; Kundrachuk, J.; Ahuka - Mundeke, S.; Muyembe - Tamfum, J.-J.; Mbala - Kingebeni, P."
PP_000ZHVT,Ib,A,Democratic Republic of the Congo,"Sud-Kivu,Kamituga",2023-10-13,195596,0.9973226374049866,2024-12-09,"Vakaniaki, E. H.; Kacita, C.; Kinganda-Lusamaki, E.; O'Toole, A.; Wawina-Bokalanga, T.; Mukadi-Bamuleka, D.; Amuri-Aziza, A.; Malyamungu-Bubala, N.; Mweshi-Kumbana, F.; Mutimbwa-Mambo, L.; Belesi-Siangoli, F.; Mujula, Y.; Parker, E.; Muswamba-Kayembe, P. C.; Nundu, S. S.; Lushima, R. S.; Makangara-Cigolo, J. C.; Mulopo-Mukanya, N.; Pukuta-Simbu, E.; Akil-Bandali, P.; Kavunga, H.; Abdramane, O.; Brosius, I.; Bangwen, E.; Vercauteren, K.; Sam-Agudu, N. A.; Mills, E. J.; Tshiani-Mbaya, O.; Hoff, N. A.; Rimoin, A. W.; Hensley, L. E.; Kindrachuk, J.; Baxter, C.; de Oliveira, T.; Ayouba, A.; Peeters, M.; Delaporte, E.; Ahuka-Mundeke, S.; Mohr, E. L.; Sullivan, N. J.; Muyembe-Tamfum, J. J.; Nachega, J. B.; Rambaut, A.; Liesenborghs, L.; Mbala-Kingebeni, P.; Kaciat, C.; Kinganda - Lusamaki, E.; Wawina -Bokalanga, T.; Mukadi - Bamuleka, D.; Amuri, A. A.; Muswamba-Kayembe, P.-C.; Makangara - Cigolo, J.-C.; Mulopo - Mukanya, N.; Pukuta - Simbu, E.; Akil - Bandali, P.; Tshiani - Mbaya, O.; Hoff, N.; Kundrachuk, J.; Ahuka - Mundeke, S.; Muyembe - Tamfum, J.-J.; Mbala - Kingebeni, P."
PP_000ZL63,Ia,None,Democratic Republic of the Congo,"Sankuru,Bena-Dibele",2018-03-23,196685,0.9499008665933096,2024-12-09,"Kinganda Lusamaki, E.; Amuri Aziza, A.; Luakanda Ndelemo, G.; Hasivirwe Vakaniaki, E.; Fernandez Nunez, N.; Pratt, C. B.; Akil Bandali, P.; Makangara Cigolo, J.-C.; Hoff, N. A.; Sabiti Nundu, S.; Mulopo Mukanya, N.; Ngimba, M.; Modrada Madakpa, B.; Diavita, R.; Paku Tshambu, P.; Pukuta Simbu, E.; Merritt, S.; O'Toole, A.; Low, N.; Nkuba Ndaye, A.; Kavunga Membo, H.; Shongo, R.; Malembi, E.; Kalonji, T.; Kacita, C.; Lokilo Lofiko, E.; Kavira Bapitani, S.; Rilia, O.; Muswamba, P.-C.; Muyembe Mawete, F.; Lumembe, R.; Kabamba, G.; Kenye, M.; Citenga, A.; Cikaya, F.; Yungwe, Z.; Matondo, M.; Kasongo, F.; Tshiminyi, P.; Bulabula, J.; Nkawa, F.; Muhindo Milonde, E.; Kavira Kamaliro, A.; Paluku Kalimuli, Z.; Bodisa Matamu, T.; Mubalama Mufungizi, J.; Wiley, M. R.; Devos, E.; Bangwen, E.; Brosius, I.; Parker, E.; Pilarowski, G.; Liesenborghs, L.; Wawina Bokalanga, T.; Vercauteren, K.; Mukadi Bamuleka, D.; Subissi, L.; Muyembe, J.-J.; Kindrachuk, J.; Guichet, E.; Ayouba, A.; Rambaut, A.; Delaporte, E.; Tessema, S. K.; D'Ortenzio, E.; Rimoin, A. W.; Hensley, L. E.; Mbala Kingebeni, P.; Peeters, M.; Ahuka Mundeke, S."
PP_000ZL71,Ia,None,Democratic Republic of the Congo,"Bas-Uele,Buta",2018-02-13,196650,0.9493532242443296,2024-12-09,"Kinganda Lusamaki, E.; Amuri Aziza, A.; Luakanda Ndelemo, G.; Hasivirwe Vakaniaki, E.; Fernandez Nunez, N.; Pratt, C. B.; Akil Bandali, P.; Makangara Cigolo, J.-C.; Hoff, N. A.; Sabiti Nundu, S.; Mulopo Mukanya, N.; Ngimba, M.; Modrada Madakpa, B.; Diavita, R.; Paku Tshambu, P.; Pukuta Simbu, E.; Merritt, S.; O'Toole, A.; Low, N.; Nkuba Ndaye, A.; Kavunga Membo, H.; Shongo, R.; Malembi, E.; Kalonji, T.; Kacita, C.; Lokilo Lofiko, E.; Kavira Bapitani, S.; Rilia, O.; Muswamba, P.-C.; Muyembe Mawete, F.; Lumembe, R.; Kabamba, G.; Kenye, M.; Citenga, A.; Cikaya, F.; Yungwe, Z.; Matondo, M.; Kasongo, F.; Tshiminyi, P.; Bulabula, J.; Nkawa, F.; Muhindo Milonde, E.; Kavira Kamaliro, A.; Paluku Kalimuli, Z.; Bodisa Matamu, T.; Mubalama Mufungizi, J.; Wiley, M. R.; Devos, E.; Bangwen, E.; Brosius, I.; Parker, E.; Pilarowski, G.; Liesenborghs, L.; Wawina Bokalanga, T.; Vercauteren, K.; Mukadi Bamuleka, D.; Subissi, L.; Muyembe, J.-J.; Kindrachuk, J.; Guichet, E.; Ayouba, A.; Rambaut, A.; Delaporte, E.; Tessema, S. K.; D'Ortenzio, E.; Rimoin, A. W.; Hensley, L. E.; Mbala Kingebeni, P.; Peeters, M.; Ahuka Mundeke, S."
PP_000ZLCR,Ia,None,Democratic Republic of the Congo,"Bas-Uele,Buta",2018-03-08,196599,0.9607421567981176,2024-12-09,"Kinganda Lusamaki, E.; Amuri Aziza, A.; Luakanda Ndelemo, G.; Hasivirwe Vakaniaki, E.; Fernandez Nunez, N.; Pratt, C. B.; Akil Bandali, P.; Makangara Cigolo, J.-C.; Hoff, N. A.; Sabiti Nundu, S.; Mulopo Mukanya, N.; Ngimba, M.; Modrada Madakpa, B.; Diavita, R.; Paku Tshambu, P.; Pukuta Simbu, E.; Merritt, S.; O'Toole, A.; Low, N.; Nkuba Ndaye, A.; Kavunga Membo, H.; Shongo, R.; Malembi, E.; Kalonji, T.; Kacita, C.; Lokilo Lofiko, E.; Kavira Bapitani, S.; Rilia, O.; Muswamba, P.-C.; Muyembe Mawete, F.; Lumembe, R.; Kabamba, G.; Kenye, M.; Citenga, A.; Cikaya, F.; Yungwe, Z.; Matondo, M.; Kasongo, F.; Tshiminyi, P.; Bulabula, J.; Nkawa, F.; Muhindo Milonde, E.; Kavira Kamaliro, A.; Paluku Kalimuli, Z.; Bodisa Matamu, T.; Mubalama Mufungizi, J.; Wiley, M. R.; Devos, E.; Bangwen, E.; Brosius, I.; Parker, E.; Pilarowski, G.; Liesenborghs, L.; Wawina Bokalanga, T.; Vercauteren, K.; Mukadi Bamuleka, D.; Subissi, L.; Muyembe, J.-J.; Kindrachuk, J.; Guichet, E.; Ayouba, A.; Rambaut, A.; Delaporte, E.; Tessema, S. K.; D'Ortenzio, E.; Rimoin, A. W.; Hensley, L. E.; Mbala Kingebeni, P.; Peeters, M.; Ahuka Mundeke, S."
PP_000ZLDP,Ia,None,Democratic Republic of the Congo,"Bas-Uele,Buta",2018-03-18,196643,0.9604125572362316,2024-12-09,"Kinganda Lusamaki, E.; Amuri Aziza, A.; Luakanda Ndelemo, G.; Hasivirwe Vakaniaki, E.; Fernandez Nunez, N.; Pratt, C. B.; Akil Bandali, P.; Makangara Cigolo, J.-C.; Hoff, N. A.; Sabiti Nundu, S.; Mulopo Mukanya, N.; Ngimba, M.; Modrada Madakpa, B.; Diavita, R.; Paku Tshambu, P.; Pukuta Simbu, E.; Merritt, S.; O'Toole, A.; Low, N.; Nkuba Ndaye, A.; Kavunga Membo, H.; Shongo, R.; Malembi, E.; Kalonji, T.; Kacita, C.; Lokilo Lofiko, E.; Kavira Bapitani, S.; Rilia, O.; Muswamba, P.-C.; Muyembe Mawete, F.; Lumembe, R.; Kabamba, G.; Kenye, M.; Citenga, A.; Cikaya, F.; Yungwe, Z.; Matondo, M.; Kasongo, F.; Tshiminyi, P.; Bulabula, J.; Nkawa, F.; Muhindo Milonde, E.; Kavira Kamaliro, A.; Paluku Kalimuli, Z.; Bodisa Matamu, T.; Mubalama Mufungizi, J.; Wiley, M. R.; Devos, E.; Bangwen, E.; Brosius, I.; Parker, E.; Pilarowski, G.; Liesenborghs, L.; Wawina Bokalanga, T.; Vercauteren, K.; Mukadi Bamuleka, D.; Subissi, L.; Muyembe, J.-J.; Kindrachuk, J.; Guichet, E.; Ayouba, A.; Rambaut, A.; Delaporte, E.; Tessema, S. K.; D'Ortenzio, E.; Rimoin, A. W.; Hensley, L. E.; Mbala Kingebeni, P.; Peeters, M.; Ahuka Mundeke, S."
PP_000ZLJC,Ia,None,Democratic Republic of the Congo,"Bas-Uele,Titule",2018-04-24,196632,0.9547180909593376,2024-12-09,"Kinganda Lusamaki, E.; Amuri Aziza, A.; Luakanda Ndelemo, G.; Hasivirwe Vakaniaki, E.; Fernandez Nunez, N.; Pratt, C. B.; Akil Bandali, P.; Makangara Cigolo, J.-C.; Hoff, N. A.; Sabiti Nundu, S.; Mulopo Mukanya, N.; Ngimba, M.; Modrada Madakpa, B.; Diavita, R.; Paku Tshambu, P.; Pukuta Simbu, E.; Merritt, S.; O'Toole, A.; Low, N.; Nkuba Ndaye, A.; Kavunga Membo, H.; Shongo, R.; Malembi, E.; Kalonji, T.; Kacita, C.; Lokilo Lofiko, E.; Kavira Bapitani, S.; Rilia, O.; Muswamba, P.-C.; Muyembe Mawete, F.; Lumembe, R.; Kabamba, G.; Kenye, M.; Citenga, A.; Cikaya, F.; Yungwe, Z.; Matondo, M.; Kasongo, F.; Tshiminyi, P.; Bulabula, J.; Nkawa, F.; Muhindo Milonde, E.; Kavira Kamaliro, A.; Paluku Kalimuli, Z.; Bodisa Matamu, T.; Mubalama Mufungizi, J.; Wiley, M. R.; Devos, E.; Bangwen, E.; Brosius, I.; Parker, E.; Pilarowski, G.; Liesenborghs, L.; Wawina Bokalanga, T.; Vercauteren, K.; Mukadi Bamuleka, D.; Subissi, L.; Muyembe, J.-J.; Kindrachuk, J.; Guichet, E.; Ayouba, A.; Rambaut, A.; Delaporte, E.; Tessema, S. K.; D'Ortenzio, E.; Rimoin, A. W.; Hensley, L. E.; Mbala Kingebeni, P.; Peeters, M.; Ahuka Mundeke, S."
PP_000ZLKA,Ia,None,Democratic Republic of the Congo,"Bas-Uele,Titule",2018-02-12,196555,0.9595251738003844,2024-12-09,"Kinganda Lusamaki, E.; Amuri Aziza, A.; Luakanda Ndelemo, G.; Hasivirwe Vakaniaki, E.; Fernandez Nunez, N.; Pratt, C. B.; Akil Bandali, P.; Makangara Cigolo, J.-C.; Hoff, N. A.; Sabiti Nundu, S.; Mulopo Mukanya, N.; Ngimba, M.; Modrada Madakpa, B.; Diavita, R.; Paku Tshambu, P.; Pukuta Simbu, E.; Merritt, S.; O'Toole, A.; Low, N.; Nkuba Ndaye, A.; Kavunga Membo, H.; Shongo, R.; Malembi, E.; Kalonji, T.; Kacita, C.; Lokilo Lofiko, E.; Kavira Bapitani, S.; Rilia, O.; Muswamba, P.-C.; Muyembe Mawete, F.; Lumembe, R.; Kabamba, G.; Kenye, M.; Citenga, A.; Cikaya, F.; Yungwe, Z.; Matondo, M.; Kasongo, F.; Tshiminyi, P.; Bulabula, J.; Nkawa, F.; Muhindo Milonde, E.; Kavira Kamaliro, A.; Paluku Kalimuli, Z.; Bodisa Matamu, T.; Mubalama Mufungizi, J.; Wiley, M. R.; Devos, E.; Bangwen, E.; Brosius, I.; Parker, E.; Pilarowski, G.; Liesenborghs, L.; Wawina Bokalanga, T.; Vercauteren, K.; Mukadi Bamuleka, D.; Subissi, L.; Muyembe, J.-J.; Kindrachuk, J.; Guichet, E.; Ayouba, A.; Rambaut, A.; Delaporte, E.; Tessema, S. K.; D'Ortenzio, E.; Rimoin, A. W.; Hensley, L. E.; Mbala Kingebeni, P.; Peeters, M.; Ahuka Mundeke, S."
PP_000ZLQ0,Ia,None,Democratic Republic of the Congo,"Maindombe,Kiri",2020-01-07,196262,0.8738242169475023,2024-12-09,"Kinganda Lusamaki, E.; Amuri Aziza, A.; Luakanda Ndelemo, G.; Hasivirwe Vakaniaki, E.; Fernandez Nunez, N.; Pratt, C. B.; Akil Bandali, P.; Makangara Cigolo, J.-C.; Hoff, N. A.; Sabiti Nundu, S.; Mulopo Mukanya, N.; Ngimba, M.; Modrada Madakpa, B.; Diavita, R.; Paku Tshambu, P.; Pukuta Simbu, E.; Merritt, S.; O'Toole, A.; Low, N.; Nkuba Ndaye, A.; Kavunga Membo, H.; Shongo, R.; Malembi, E.; Kalonji, T.; Kacita, C.; Lokilo Lofiko, E.; Kavira Bapitani, S.; Rilia, O.; Muswamba, P.-C.; Muyembe Mawete, F.; Lumembe, R.; Kabamba, G.; Kenye, M.; Citenga, A.; Cikaya, F.; Yungwe, Z.; Matondo, M.; Kasongo, F.; Tshiminyi, P.; Bulabula, J.; Nkawa, F.; Muhindo Milonde, E.; Kavira Kamaliro, A.; Paluku Kalimuli, Z.; Bodisa Matamu, T.; Mubalama Mufungizi, J.; Wiley, M. R.; Devos, E.; Bangwen, E.; Brosius, I.; Parker, E.; Pilarowski, G.; Liesenborghs, L.; Wawina Bokalanga, T.; Vercauteren, K.; Mukadi Bamuleka, D.; Subissi, L.; Muyembe, J.-J.; Kindrachuk, J.; Guichet, E.; Ayouba, A.; Rambaut, A.; Delaporte, E.; Tessema, S. K.; D'Ortenzio, E.; Rimoin, A. W.; Hensley, L. E.; Mbala Kingebeni, P.; Peeters, M.; Ahuka Mundeke, S."
PP_000ZLRY,Ia,None,Democratic Republic of the Congo,"Haut-Uele,Isiro",2021-06-15,196840,0.982617426182375,2024-12-09,"Kinganda Lusamaki, E.; Amuri Aziza, A.; Luakanda Ndelemo, G.; Hasivirwe Vakaniaki, E.; Fernandez Nunez, N.; Pratt, C. B.; Akil Bandali, P.; Makangara Cigolo, J.-C.; Hoff, N. A.; Sabiti Nundu, S.; Mulopo Mukanya, N.; Ngimba, M.; Modrada Madakpa, B.; Diavita, R.; Paku Tshambu, P.; Pukuta Simbu, E.; Merritt, S.; O'Toole, A.; Low, N.; Nkuba Ndaye, A.; Kavunga Membo, H.; Shongo, R.; Malembi, E.; Kalonji, T.; Kacita, C.; Lokilo Lofiko, E.; Kavira Bapitani, S.; Rilia, O.; Muswamba, P.-C.; Muyembe Mawete, F.; Lumembe, R.; Kabamba, G.; Kenye, M.; Citenga, A.; Cikaya, F.; Yungwe, Z.; Matondo, M.; Kasongo, F.; Tshiminyi, P.; Bulabula, J.; Nkawa, F.; Muhindo Milonde, E.; Kavira Kamaliro, A.; Paluku Kalimuli, Z.; Bodisa Matamu, T.; Mubalama Mufungizi, J.; Wiley, M. R.; Devos, E.; Bangwen, E.; Brosius, I.; Parker, E.; Pilarowski, G.; Liesenborghs, L.; Wawina Bokalanga, T.; Vercauteren, K.; Mukadi Bamuleka, D.; Subissi, L.; Muyembe, J.-J.; Kindrachuk, J.; Guichet, E.; Ayouba, A.; Rambaut, A.; Delaporte, E.; Tessema, S. K.; D'Ortenzio, E.; Rimoin, A. W.; Hensley, L. E.; Mbala Kingebeni, P.; Peeters, M.; Ahuka Mundeke, S."
PP_000ZLWN,Ia,None,Democratic Republic of the Congo,"Haut-Uele,Isiro",2021-06-16,196748,0.9451647744271306,2024-12-09,"Kinganda Lusamaki, E.; Amuri Aziza, A.; Luakanda Ndelemo, G.; Hasivirwe Vakaniaki, E.; Fernandez Nunez, N.; Pratt, C. B.; Akil Bandali, P.; Makangara Cigolo, J.-C.; Hoff, N. A.; Sabiti Nundu, S.; Mulopo Mukanya, N.; Ngimba, M.; Modrada Madakpa, B.; Diavita, R.; Paku Tshambu, P.; Pukuta Simbu, E.; Merritt, S.; O'Toole, A.; Low, N.; Nkuba Ndaye, A.; Kavunga Membo, H.; Shongo, R.; Malembi, E.; Kalonji, T.; Kacita, C.; Lokilo Lofiko, E.; Kavira Bapitani, S.; Rilia, O.; Muswamba, P.-C.; Muyembe Mawete, F.; Lumembe, R.; Kabamba, G.; Kenye, M.; Citenga, A.; Cikaya, F.; Yungwe, Z.; Matondo, M.; Kasongo, F.; Tshiminyi, P.; Bulabula, J.; Nkawa, F.; Muhindo Milonde, E.; Kavira Kamaliro, A.; Paluku Kalimuli, Z.; Bodisa Matamu, T.; Mubalama Mufungizi, J.; Wiley, M. R.; Devos, E.; Bangwen, E.; Brosius, I.; Parker, E.; Pilarowski, G.; Liesenborghs, L.; Wawina Bokalanga, T.; Vercauteren, K.; Mukadi Bamuleka, D.; Subissi, L.; Muyembe, J.-J.; Kindrachuk, J.; Guichet, E.; Ayouba, A.; Rambaut, A.; Delaporte, E.; Tessema, S. K.; D'Ortenzio, E.; Rimoin, A. W.; Hensley, L. E.; Mbala Kingebeni, P.; Peeters, M.; Ahuka Mundeke, S."
PP_000ZLXL,Ia,None,Democratic Republic of the Congo,"Maniema,Tunda",2022-08-15,196773,0.9990213428393228,2024-12-09,"Kinganda Lusamaki, E.; Amuri Aziza, A.; Luakanda Ndelemo, G.; Hasivirwe Vakaniaki, E.; Fernandez Nunez, N.; Pratt, C. B.; Akil Bandali, P.; Makangara Cigolo, J.-C.; Hoff, N. A.; Sabiti Nundu, S.; Mulopo Mukanya, N.; Ngimba, M.; Modrada Madakpa, B.; Diavita, R.; Paku Tshambu, P.; Pukuta Simbu, E.; Merritt, S.; O'Toole, A.; Low, N.; Nkuba Ndaye, A.; Kavunga Membo, H.; Shongo, R.; Malembi, E.; Kalonji, T.; Kacita, C.; Lokilo Lofiko, E.; Kavira Bapitani, S.; Rilia, O.; Muswamba, P.-C.; Muyembe Mawete, F.; Lumembe, R.; Kabamba, G.; Kenye, M.; Citenga, A.; Cikaya, F.; Yungwe, Z.; Matondo, M.; Kasongo, F.; Tshiminyi, P.; Bulabula, J.; Nkawa, F.; Muhindo Milonde, E.; Kavira Kamaliro, A.; Paluku Kalimuli, Z.; Bodisa Matamu, T.; Mubalama Mufungizi, J.; Wiley, M. R.; Devos, E.; Bangwen, E.; Brosius, I.; Parker, E.; Pilarowski, G.; Liesenborghs, L.; Wawina Bokalanga, T.; Vercauteren, K.; Mukadi Bamuleka, D.; Subissi, L.; Muyembe, J.-J.; Kindrachuk, J.; Guichet, E.; Ayouba, A.; Rambaut, A.; Delaporte, E.; Tessema, S. K.; D'Ortenzio, E.; Rimoin, A. W.; Hensley, L. E.; Mbala Kingebeni, P.; Peeters, M.; Ahuka Mundeke, S."
PP_000ZM2A,Ia,None,Democratic Republic of the Congo,"Maniema,Tunda",2022-08-15,196714,0.9993357301137372,2024-12-09,"Kinganda Lusamaki, E.; Amuri Aziza, A.; Luakanda Ndelemo, G.; Hasivirwe Vakaniaki, E.; Fernandez Nunez, N.; Pratt, C. B.; Akil Bandali, P.; Makangara Cigolo, J.-C.; Hoff, N. A.; Sabiti Nundu, S.; Mulopo Mukanya, N.; Ngimba, M.; Modrada Madakpa, B.; Diavita, R.; Paku Tshambu, P.; Pukuta Simbu, E.; Merritt, S.; O'Toole, A.; Low, N.; Nkuba Ndaye, A.; Kavunga Membo, H.; Shongo, R.; Malembi, E.; Kalonji, T.; Kacita, C.; Lokilo Lofiko, E.; Kavira Bapitani, S.; Rilia, O.; Muswamba, P.-C.; Muyembe Mawete, F.; Lumembe, R.; Kabamba, G.; Kenye, M.; Citenga, A.; Cikaya, F.; Yungwe, Z.; Matondo, M.; Kasongo, F.; Tshiminyi, P.; Bulabula, J.; Nkawa, F.; Muhindo Milonde, E.; Kavira Kamaliro, A.; Paluku Kalimuli, Z.; Bodisa Matamu, T.; Mubalama Mufungizi, J.; Wiley, M. R.; Devos, E.; Bangwen, E.; Brosius, I.; Parker, E.; Pilarowski, G.; Liesenborghs, L.; Wawina Bokalanga, T.; Vercauteren, K.; Mukadi Bamuleka, D.; Subissi, L.; Muyembe, J.-J.; Kindrachuk, J.; Guichet, E.; Ayouba, A.; Rambaut, A.; Delaporte, E.; Tessema, S. K.; D'Ortenzio, E.; Rimoin, A. W.; Hensley, L. E.; Mbala Kingebeni, P.; Peeters, M.; Ahuka Mundeke, S."
PP_000ZM38,Ia,None,Democratic Republic of the Congo,"Maniema,Tunda",2022-08-15,196329,0.9303327941422552,2024-12-09,"Kinganda Lusamaki, E.; Amuri Aziza, A.; Luakanda Ndelemo, G.; Hasivirwe Vakaniaki, E.; Fernandez Nunez, N.; Pratt, C. B.; Akil Bandali, P.; Makangara Cigolo, J.-C.; Hoff, N. A.; Sabiti Nundu, S.; Mulopo Mukanya, N.; Ngimba, M.; Modrada Madakpa, B.; Diavita, R.; Paku Tshambu, P.; Pukuta Simbu, E.; Merritt, S.; O'Toole, A.; Low, N.; Nkuba Ndaye, A.; Kavunga Membo, H.; Shongo, R.; Malembi, E.; Kalonji, T.; Kacita, C.; Lokilo Lofiko, E.; Kavira Bapitani, S.; Rilia, O.; Muswamba, P.-C.; Muyembe Mawete, F.; Lumembe, R.; Kabamba, G.; Kenye, M.; Citenga, A.; Cikaya, F.; Yungwe, Z.; Matondo, M.; Kasongo, F.; Tshiminyi, P.; Bulabula, J.; Nkawa, F.; Muhindo Milonde, E.; Kavira Kamaliro, A.; Paluku Kalimuli, Z.; Bodisa Matamu, T.; Mubalama Mufungizi, J.; Wiley, M. R.; Devos, E.; Bangwen, E.; Brosius, I.; Parker, E.; Pilarowski, G.; Liesenborghs, L.; Wawina Bokalanga, T.; Vercauteren, K.; Mukadi Bamuleka, D.; Subissi, L.; Muyembe, J.-J.; Kindrachuk, J.; Guichet, E.; Ayouba, A.; Rambaut, A.; Delaporte, E.; Tessema, S. K.; D'Ortenzio, E.; Rimoin, A. W.; Hensley, L. E.; Mbala Kingebeni, P.; Peeters, M.; Ahuka Mundeke, S."
PP_000ZM8Y,Ia,None,Democratic Republic of the Congo,"Maniema,Tunda",2022-08-15,196601,0.9811773296350572,2024-12-09,"Kinganda Lusamaki, E.; Amuri Aziza, A.; Luakanda Ndelemo, G.; Hasivirwe Vakaniaki, E.; Fernandez Nunez, N.; Pratt, C. B.; Akil Bandali, P.; Makangara Cigolo, J.-C.; Hoff, N. A.; Sabiti Nundu, S.; Mulopo Mukanya, N.; Ngimba, M.; Modrada Madakpa, B.; Diavita, R.; Paku Tshambu, P.; Pukuta Simbu, E.; Merritt, S.; O'Toole, A.; Low, N.; Nkuba Ndaye, A.; Kavunga Membo, H.; Shongo, R.; Malembi, E.; Kalonji, T.; Kacita, C.; Lokilo Lofiko, E.; Kavira Bapitani, S.; Rilia, O.; Muswamba, P.-C.; Muyembe Mawete, F.; Lumembe, R.; Kabamba, G.; Kenye, M.; Citenga, A.; Cikaya, F.; Yungwe, Z.; Matondo, M.; Kasongo, F.; Tshiminyi, P.; Bulabula, J.; Nkawa, F.; Muhindo Milonde, E.; Kavira Kamaliro, A.; Paluku Kalimuli, Z.; Bodisa Matamu, T.; Mubalama Mufungizi, J.; Wiley, M. R.; Devos, E.; Bangwen, E.; Brosius, I.; Parker, E.; Pilarowski, G.; Liesenborghs, L.; Wawina Bokalanga, T.; Vercauteren, K.; Mukadi Bamuleka, D.; Subissi, L.; Muyembe, J.-J.; Kindrachuk, J.; Guichet, E.; Ayouba, A.; Rambaut, A.; Delaporte, E.; Tessema, S. K.; D'Ortenzio, E.; Rimoin, A. W.; Hensley, L. E.; Mbala Kingebeni, P.; Peeters, M.; Ahuka Mundeke, S."
PP_000ZM9W,Ia,None,Democratic Republic of the Congo,"Maniema,Tunda",2022-08-15,196372,0.9286087348954662,2024-12-09,"Kinganda Lusamaki, E.; Amuri Aziza, A.; Luakanda Ndelemo, G.; Hasivirwe Vakaniaki, E.; Fernandez Nunez, N.; Pratt, C. B.; Akil Bandali, P.; Makangara Cigolo, J.-C.; Hoff, N. A.; Sabiti Nundu, S.; Mulopo Mukanya, N.; Ngimba, M.; Modrada Madakpa, B.; Diavita, R.; Paku Tshambu, P.; Pukuta Simbu, E.; Merritt, S.; O'Toole, A.; Low, N.; Nkuba Ndaye, A.; Kavunga Membo, H.; Shongo, R.; Malembi, E.; Kalonji, T.; Kacita, C.; Lokilo Lofiko, E.; Kavira Bapitani, S.; Rilia, O.; Muswamba, P.-C.; Muyembe Mawete, F.; Lumembe, R.; Kabamba, G.; Kenye, M.; Citenga, A.; Cikaya, F.; Yungwe, Z.; Matondo, M.; Kasongo, F.; Tshiminyi, P.; Bulabula, J.; Nkawa, F.; Muhindo Milonde, E.; Kavira Kamaliro, A.; Paluku Kalimuli, Z.; Bodisa Matamu, T.; Mubalama Mufungizi, J.; Wiley, M. R.; Devos, E.; Bangwen, E.; Brosius, I.; Parker, E.; Pilarowski, G.; Liesenborghs, L.; Wawina Bokalanga, T.; Vercauteren, K.; Mukadi Bamuleka, D.; Subissi, L.; Muyembe, J.-J.; Kindrachuk, J.; Guichet, E.; Ayouba, A.; Rambaut, A.; Delaporte, E.; Tessema, S. K.; D'Ortenzio, E.; Rimoin, A. W.; Hensley, L. E.; Mbala Kingebeni, P.; Peeters, M.; Ahuka Mundeke, S."
PP_000ZMEL,Ia,None,Democratic Republic of the Congo,"Maniema,Tunda",2022-08-15,196622,0.96322683041849,2024-12-09,"Kinganda Lusamaki, E.; Amuri Aziza, A.; Luakanda Ndelemo, G.; Hasivirwe Vakaniaki, E.; Fernandez Nunez, N.; Pratt, C. B.; Akil Bandali, P.; Makangara Cigolo, J.-C.; Hoff, N. A.; Sabiti Nundu, S.; Mulopo Mukanya, N.; Ngimba, M.; Modrada Madakpa, B.; Diavita, R.; Paku Tshambu, P.; Pukuta Simbu, E.; Merritt, S.; O'Toole, A.; Low, N.; Nkuba Ndaye, A.; Kavunga Membo, H.; Shongo, R.; Malembi, E.; Kalonji, T.; Kacita, C.; Lokilo Lofiko, E.; Kavira Bapitani, S.; Rilia, O.; Muswamba, P.-C.; Muyembe Mawete, F.; Lumembe, R.; Kabamba, G.; Kenye, M.; Citenga, A.; Cikaya, F.; Yungwe, Z.; Matondo, M.; Kasongo, F.; Tshiminyi, P.; Bulabula, J.; Nkawa, F.; Muhindo Milonde, E.; Kavira Kamaliro, A.; Paluku Kalimuli, Z.; Bodisa Matamu, T.; Mubalama Mufungizi, J.; Wiley, M. R.; Devos, E.; Bangwen, E.; Brosius, I.; Parker, E.; Pilarowski, G.; Liesenborghs, L.; Wawina Bokalanga, T.; Vercauteren, K.; Mukadi Bamuleka, D.; Subissi, L.; Muyembe, J.-J.; Kindrachuk, J.; Guichet, E.; Ayouba, A.; Rambaut, A.; Delaporte, E.; Tessema, S. K.; D'Ortenzio, E.; Rimoin, A. W.; Hensley, L. E.; Mbala Kingebeni, P.; Peeters, M.; Ahuka Mundeke, S."
PP_000ZMFJ,Ia,None,Democratic Republic of the Congo,"Maniema,Tunda",2022-08-15,196811,0.9985244081152485,2024-12-09,"Kinganda Lusamaki, E.; Amuri Aziza, A.; Luakanda Ndelemo, G.; Hasivirwe Vakaniaki, E.; Fernandez Nunez, N.; Pratt, C. B.; Akil Bandali, P.; Makangara Cigolo, J.-C.; Hoff, N. A.; Sabiti Nundu, S.; Mulopo Mukanya, N.; Ngimba, M.; Modrada Madakpa, B.; Diavita, R.; Paku Tshambu, P.; Pukuta Simbu, E.; Merritt, S.; O'Toole, A.; Low, N.; Nkuba Ndaye, A.; Kavunga Membo, H.; Shongo, R.; Malembi, E.; Kalonji, T.; Kacita, C.; Lokilo Lofiko, E.; Kavira Bapitani, S.; Rilia, O.; Muswamba, P.-C.; Muyembe Mawete, F.; Lumembe, R.; Kabamba, G.; Kenye, M.; Citenga, A.; Cikaya, F.; Yungwe, Z.; Matondo, M.; Kasongo, F.; Tshiminyi, P.; Bulabula, J.; Nkawa, F.; Muhindo Milonde, E.; Kavira Kamaliro, A.; Paluku Kalimuli, Z.; Bodisa Matamu, T.; Mubalama Mufungizi, J.; Wiley, M. R.; Devos, E.; Bangwen, E.; Brosius, I.; Parker, E.; Pilarowski, G.; Liesenborghs, L.; Wawina Bokalanga, T.; Vercauteren, K.; Mukadi Bamuleka, D.; Subissi, L.; Muyembe, J.-J.; Kindrachuk, J.; Guichet, E.; Ayouba, A.; Rambaut, A.; Delaporte, E.; Tessema, S. K.; D'Ortenzio, E.; Rimoin, A. W.; Hensley, L. E.; Mbala Kingebeni, P.; Peeters, M.; Ahuka Mundeke, S."
PP_000ZML7,Ia,None,Democratic Republic of the Congo,"Maniema,Kindu",2022-02-05,184483,0.9363112231186204,2024-12-09,"Kinganda Lusamaki, E.; Amuri Aziza, A.; Luakanda Ndelemo, G.; Hasivirwe Vakaniaki, E.; Fernandez Nunez, N.; Pratt, C. B.; Akil Bandali, P.; Makangara Cigolo, J.-C.; Hoff, N. A.; Sabiti Nundu, S.; Mulopo Mukanya, N.; Ngimba, M.; Modrada Madakpa, B.; Diavita, R.; Paku Tshambu, P.; Pukuta Simbu, E.; Merritt, S.; O'Toole, A.; Low, N.; Nkuba Ndaye, A.; Kavunga Membo, H.; Shongo, R.; Malembi, E.; Kalonji, T.; Kacita, C.; Lokilo Lofiko, E.; Kavira Bapitani, S.; Rilia, O.; Muswamba, P.-C.; Muyembe Mawete, F.; Lumembe, R.; Kabamba, G.; Kenye, M.; Citenga, A.; Cikaya, F.; Yungwe, Z.; Matondo, M.; Kasongo, F.; Tshiminyi, P.; Bulabula, J.; Nkawa, F.; Muhindo Milonde, E.; Kavira Kamaliro, A.; Paluku Kalimuli, Z.; Bodisa Matamu, T.; Mubalama Mufungizi, J.; Wiley, M. R.; Devos, E.; Bangwen, E.; Brosius, I.; Parker, E.; Pilarowski, G.; Liesenborghs, L.; Wawina Bokalanga, T.; Vercauteren, K.; Mukadi Bamuleka, D.; Subissi, L.; Muyembe, J.-J.; Kindrachuk, J.; Guichet, E.; Ayouba, A.; Rambaut, A.; Delaporte, E.; Tessema, S. K.; D'Ortenzio, E.; Rimoin, A. W.; Hensley, L. E.; Mbala Kingebeni, P.; Peeters, M.; Ahuka Mundeke, S."
PP_000ZMM5,Ia,None,Democratic Republic of the Congo,"Maniema,Kindu",2022-02-05,184351,0.936189524818847,2024-12-09,"Kinganda Lusamaki, E.; Amuri Aziza, A.; Luakanda Ndelemo, G.; Hasivirwe Vakaniaki, E.; Fernandez Nunez, N.; Pratt, C. B.; Akil Bandali, P.; Makangara Cigolo, J.-C.; Hoff, N. A.; Sabiti Nundu, S.; Mulopo Mukanya, N.; Ngimba, M.; Modrada Madakpa, B.; Diavita, R.; Paku Tshambu, P.; Pukuta Simbu, E.; Merritt, S.; O'Toole, A.; Low, N.; Nkuba Ndaye, A.; Kavunga Membo, H.; Shongo, R.; Malembi, E.; Kalonji, T.; Kacita, C.; Lokilo Lofiko, E.; Kavira Bapitani, S.; Rilia, O.; Muswamba, P.-C.; Muyembe Mawete, F.; Lumembe, R.; Kabamba, G.; Kenye, M.; Citenga, A.; Cikaya, F.; Yungwe, Z.; Matondo, M.; Kasongo, F.; Tshiminyi, P.; Bulabula, J.; Nkawa, F.; Muhindo Milonde, E.; Kavira Kamaliro, A.; Paluku Kalimuli, Z.; Bodisa Matamu, T.; Mubalama Mufungizi, J.; Wiley, M. R.; Devos, E.; Bangwen, E.; Brosius, I.; Parker, E.; Pilarowski, G.; Liesenborghs, L.; Wawina Bokalanga, T.; Vercauteren, K.; Mukadi Bamuleka, D.; Subissi, L.; Muyembe, J.-J.; Kindrachuk, J.; Guichet, E.; Ayouba, A.; Rambaut, A.; Delaporte, E.; Tessema, S. K.; D'Ortenzio, E.; Rimoin, A. W.; Hensley, L. E.; Mbala Kingebeni, P.; Peeters, M.; Ahuka Mundeke, S."
PP_000ZMSV,Ia,None,Democratic Republic of the Congo,"Equateur,Mbandaka",2022-03-02,196238,0.9523703279262102,2024-12-09,"Kinganda Lusamaki, E.; Amuri Aziza, A.; Luakanda Ndelemo, G.; Hasivirwe Vakaniaki, E.; Fernandez Nunez, N.; Pratt, C. B.; Akil Bandali, P.; Makangara Cigolo, J.-C.; Hoff, N. A.; Sabiti Nundu, S.; Mulopo Mukanya, N.; Ngimba, M.; Modrada Madakpa, B.; Diavita, R.; Paku Tshambu, P.; Pukuta Simbu, E.; Merritt, S.; O'Toole, A.; Low, N.; Nkuba Ndaye, A.; Kavunga Membo, H.; Shongo, R.; Malembi, E.; Kalonji, T.; Kacita, C.; Lokilo Lofiko, E.; Kavira Bapitani, S.; Rilia, O.; Muswamba, P.-C.; Muyembe Mawete, F.; Lumembe, R.; Kabamba, G.; Kenye, M.; Citenga, A.; Cikaya, F.; Yungwe, Z.; Matondo, M.; Kasongo, F.; Tshiminyi, P.; Bulabula, J.; Nkawa, F.; Muhindo Milonde, E.; Kavira Kamaliro, A.; Paluku Kalimuli, Z.; Bodisa Matamu, T.; Mubalama Mufungizi, J.; Wiley, M. R.; Devos, E.; Bangwen, E.; Brosius, I.; Parker, E.; Pilarowski, G.; Liesenborghs, L.; Wawina Bokalanga, T.; Vercauteren, K.; Mukadi Bamuleka, D.; Subissi, L.; Muyembe, J.-J.; Kindrachuk, J.; Guichet, E.; Ayouba, A.; Rambaut, A.; Delaporte, E.; Tessema, S. K.; D'Ortenzio, E.; Rimoin, A. W.; Hensley, L. E.; Mbala Kingebeni, P.; Peeters, M.; Ahuka Mundeke, S."
PP_000ZMTT,Ia,None,Democratic Republic of the Congo,"Equateur,Mbandaka",2022-03-02,196776,0.9870137772616868,2024-12-09,"Kinganda Lusamaki, E.; Amuri Aziza, A.; Luakanda Ndelemo, G.; Hasivirwe Vakaniaki, E.; Fernandez Nunez, N.; Pratt, C. B.; Akil Bandali, P.; Makangara Cigolo, J.-C.; Hoff, N. A.; Sabiti Nundu, S.; Mulopo Mukanya, N.; Ngimba, M.; Modrada Madakpa, B.; Diavita, R.; Paku Tshambu, P.; Pukuta Simbu, E.; Merritt, S.; O'Toole, A.; Low, N.; Nkuba Ndaye, A.; Kavunga Membo, H.; Shongo, R.; Malembi, E.; Kalonji, T.; Kacita, C.; Lokilo Lofiko, E.; Kavira Bapitani, S.; Rilia, O.; Muswamba, P.-C.; Muyembe Mawete, F.; Lumembe, R.; Kabamba, G.; Kenye, M.; Citenga, A.; Cikaya, F.; Yungwe, Z.; Matondo, M.; Kasongo, F.; Tshiminyi, P.; Bulabula, J.; Nkawa, F.; Muhindo Milonde, E.; Kavira Kamaliro, A.; Paluku Kalimuli, Z.; Bodisa Matamu, T.; Mubalama Mufungizi, J.; Wiley, M. R.; Devos, E.; Bangwen, E.; Brosius, I.; Parker, E.; Pilarowski, G.; Liesenborghs, L.; Wawina Bokalanga, T.; Vercauteren, K.; Mukadi Bamuleka, D.; Subissi, L.; Muyembe, J.-J.; Kindrachuk, J.; Guichet, E.; Ayouba, A.; Rambaut, A.; Delaporte, E.; Tessema, S. K.; D'Ortenzio, E.; Rimoin, A. W.; Hensley, L. E.; Mbala Kingebeni, P.; Peeters, M.; Ahuka Mundeke, S."
PP_000ZMYH,Ia,None,Democratic Republic of the Congo,"Kwilu,Masi-manimba",2022-05-13,196754,0.9386133492893326,2024-12-09,"Kinganda Lusamaki, E.; Amuri Aziza, A.; Luakanda Ndelemo, G.; Hasivirwe Vakaniaki, E.; Fernandez Nunez, N.; Pratt, C. B.; Akil Bandali, P.; Makangara Cigolo, J.-C.; Hoff, N. A.; Sabiti Nundu, S.; Mulopo Mukanya, N.; Ngimba, M.; Modrada Madakpa, B.; Diavita, R.; Paku Tshambu, P.; Pukuta Simbu, E.; Merritt, S.; O'Toole, A.; Low, N.; Nkuba Ndaye, A.; Kavunga Membo, H.; Shongo, R.; Malembi, E.; Kalonji, T.; Kacita, C.; Lokilo Lofiko, E.; Kavira Bapitani, S.; Rilia, O.; Muswamba, P.-C.; Muyembe Mawete, F.; Lumembe, R.; Kabamba, G.; Kenye, M.; Citenga, A.; Cikaya, F.; Yungwe, Z.; Matondo, M.; Kasongo, F.; Tshiminyi, P.; Bulabula, J.; Nkawa, F.; Muhindo Milonde, E.; Kavira Kamaliro, A.; Paluku Kalimuli, Z.; Bodisa Matamu, T.; Mubalama Mufungizi, J.; Wiley, M. R.; Devos, E.; Bangwen, E.; Brosius, I.; Parker, E.; Pilarowski, G.; Liesenborghs, L.; Wawina Bokalanga, T.; Vercauteren, K.; Mukadi Bamuleka, D.; Subissi, L.; Muyembe, J.-J.; Kindrachuk, J.; Guichet, E.; Ayouba, A.; Rambaut, A.; Delaporte, E.; Tessema, S. K.; D'Ortenzio, E.; Rimoin, A. W.; Hensley, L. E.; Mbala Kingebeni, P.; Peeters, M.; Ahuka Mundeke, S."
PP_000ZMZF,Ia,None,Democratic Republic of the Congo,"Maniema,Tunda",2022-05-13,196719,0.9388009675014832,2024-12-09,"Kinganda Lusamaki, E.; Amuri Aziza, A.; Luakanda Ndelemo, G.; Hasivirwe Vakaniaki, E.; Fernandez Nunez, N.; Pratt, C. B.; Akil Bandali, P.; Makangara Cigolo, J.-C.; Hoff, N. A.; Sabiti Nundu, S.; Mulopo Mukanya, N.; Ngimba, M.; Modrada Madakpa, B.; Diavita, R.; Paku Tshambu, P.; Pukuta Simbu, E.; Merritt, S.; O'Toole, A.; Low, N.; Nkuba Ndaye, A.; Kavunga Membo, H.; Shongo, R.; Malembi, E.; Kalonji, T.; Kacita, C.; Lokilo Lofiko, E.; Kavira Bapitani, S.; Rilia, O.; Muswamba, P.-C.; Muyembe Mawete, F.; Lumembe, R.; Kabamba, G.; Kenye, M.; Citenga, A.; Cikaya, F.; Yungwe, Z.; Matondo, M.; Kasongo, F.; Tshiminyi, P.; Bulabula, J.; Nkawa, F.; Muhindo Milonde, E.; Kavira Kamaliro, A.; Paluku Kalimuli, Z.; Bodisa Matamu, T.; Mubalama Mufungizi, J.; Wiley, M. R.; Devos, E.; Bangwen, E.; Brosius, I.; Parker, E.; Pilarowski, G.; Liesenborghs, L.; Wawina Bokalanga, T.; Vercauteren, K.; Mukadi Bamuleka, D.; Subissi, L.; Muyembe, J.-J.; Kindrachuk, J.; Guichet, E.; Ayouba, A.; Rambaut, A.; Delaporte, E.; Tessema, S. K.; D'Ortenzio, E.; Rimoin, A. W.; Hensley, L. E.; Mbala Kingebeni, P.; Peeters, M.; Ahuka Mundeke, S."
PP_000ZN45,Ia,None,Democratic Republic of the Congo,"Kwilu,Kikongo",2022-05-31,196825,0.9987272386148706,2024-12-09,"Kinganda Lusamaki, E.; Amuri Aziza, A.; Luakanda Ndelemo, G.; Hasivirwe Vakaniaki, E.; Fernandez Nunez, N.; Pratt, C. B.; Akil Bandali, P.; Makangara Cigolo, J.-C.; Hoff, N. A.; Sabiti Nundu, S.; Mulopo Mukanya, N.; Ngimba, M.; Modrada Madakpa, B.; Diavita, R.; Paku Tshambu, P.; Pukuta Simbu, E.; Merritt, S.; O'Toole, A.; Low, N.; Nkuba Ndaye, A.; Kavunga Membo, H.; Shongo, R.; Malembi, E.; Kalonji, T.; Kacita, C.; Lokilo Lofiko, E.; Kavira Bapitani, S.; Rilia, O.; Muswamba, P.-C.; Muyembe Mawete, F.; Lumembe, R.; Kabamba, G.; Kenye, M.; Citenga, A.; Cikaya, F.; Yungwe, Z.; Matondo, M.; Kasongo, F.; Tshiminyi, P.; Bulabula, J.; Nkawa, F.; Muhindo Milonde, E.; Kavira Kamaliro, A.; Paluku Kalimuli, Z.; Bodisa Matamu, T.; Mubalama Mufungizi, J.; Wiley, M. R.; Devos, E.; Bangwen, E.; Brosius, I.; Parker, E.; Pilarowski, G.; Liesenborghs, L.; Wawina Bokalanga, T.; Vercauteren, K.; Mukadi Bamuleka, D.; Subissi, L.; Muyembe, J.-J.; Kindrachuk, J.; Guichet, E.; Ayouba, A.; Rambaut, A.; Delaporte, E.; Tessema, S. K.; D'Ortenzio, E.; Rimoin, A. W.; Hensley, L. E.; Mbala Kingebeni, P.; Peeters, M.; Ahuka Mundeke, S."
PP_000ZN53,Ia,None,Democratic Republic of the Congo,"Haut-Uele,Isiro",2022-06-07,196804,0.9973429204549488,2024-12-09,"Kinganda Lusamaki, E.; Amuri Aziza, A.; Luakanda Ndelemo, G.; Hasivirwe Vakaniaki, E.; Fernandez Nunez, N.; Pratt, C. B.; Akil Bandali, P.; Makangara Cigolo, J.-C.; Hoff, N. A.; Sabiti Nundu, S.; Mulopo Mukanya, N.; Ngimba, M.; Modrada Madakpa, B.; Diavita, R.; Paku Tshambu, P.; Pukuta Simbu, E.; Merritt, S.; O'Toole, A.; Low, N.; Nkuba Ndaye, A.; Kavunga Membo, H.; Shongo, R.; Malembi, E.; Kalonji, T.; Kacita, C.; Lokilo Lofiko, E.; Kavira Bapitani, S.; Rilia, O.; Muswamba, P.-C.; Muyembe Mawete, F.; Lumembe, R.; Kabamba, G.; Kenye, M.; Citenga, A.; Cikaya, F.; Yungwe, Z.; Matondo, M.; Kasongo, F.; Tshiminyi, P.; Bulabula, J.; Nkawa, F.; Muhindo Milonde, E.; Kavira Kamaliro, A.; Paluku Kalimuli, Z.; Bodisa Matamu, T.; Mubalama Mufungizi, J.; Wiley, M. R.; Devos, E.; Bangwen, E.; Brosius, I.; Parker, E.; Pilarowski, G.; Liesenborghs, L.; Wawina Bokalanga, T.; Vercauteren, K.; Mukadi Bamuleka, D.; Subissi, L.; Muyembe, J.-J.; Kindrachuk, J.; Guichet, E.; Ayouba, A.; Rambaut, A.; Delaporte, E.; Tessema, S. K.; D'Ortenzio, E.; Rimoin, A. W.; Hensley, L. E.; Mbala Kingebeni, P.; Peeters, M.; Ahuka Mundeke, S."
PP_000ZNAT,Ia,None,Democratic Republic of the Congo,"Tshopo,Yabaondo",2022-06-22,196881,0.9968155611559312,2024-12-09,"Kinganda Lusamaki, E.; Amuri Aziza, A.; Luakanda Ndelemo, G.; Hasivirwe Vakaniaki, E.; Fernandez Nunez, N.; Pratt, C. B.; Akil Bandali, P.; Makangara Cigolo, J.-C.; Hoff, N. A.; Sabiti Nundu, S.; Mulopo Mukanya, N.; Ngimba, M.; Modrada Madakpa, B.; Diavita, R.; Paku Tshambu, P.; Pukuta Simbu, E.; Merritt, S.; O'Toole, A.; Low, N.; Nkuba Ndaye, A.; Kavunga Membo, H.; Shongo, R.; Malembi, E.; Kalonji, T.; Kacita, C.; Lokilo Lofiko, E.; Kavira Bapitani, S.; Rilia, O.; Muswamba, P.-C.; Muyembe Mawete, F.; Lumembe, R.; Kabamba, G.; Kenye, M.; Citenga, A.; Cikaya, F.; Yungwe, Z.; Matondo, M.; Kasongo, F.; Tshiminyi, P.; Bulabula, J.; Nkawa, F.; Muhindo Milonde, E.; Kavira Kamaliro, A.; Paluku Kalimuli, Z.; Bodisa Matamu, T.; Mubalama Mufungizi, J.; Wiley, M. R.; Devos, E.; Bangwen, E.; Brosius, I.; Parker, E.; Pilarowski, G.; Liesenborghs, L.; Wawina Bokalanga, T.; Vercauteren, K.; Mukadi Bamuleka, D.; Subissi, L.; Muyembe, J.-J.; Kindrachuk, J.; Guichet, E.; Ayouba, A.; Rambaut, A.; Delaporte, E.; Tessema, S. K.; D'Ortenzio, E.; Rimoin, A. W.; Hensley, L. E.; Mbala Kingebeni, P.; Peeters, M.; Ahuka Mundeke, S."
PP_000ZNBR,Ia,None,Democratic Republic of the Congo,"Tshopo,Yabaondo",2022-06-22,196818,0.9656202303140324,2024-12-09,"Kinganda Lusamaki, E.; Amuri Aziza, A.; Luakanda Ndelemo, G.; Hasivirwe Vakaniaki, E.; Fernandez Nunez, N.; Pratt, C. B.; Akil Bandali, P.; Makangara Cigolo, J.-C.; Hoff, N. A.; Sabiti Nundu, S.; Mulopo Mukanya, N.; Ngimba, M.; Modrada Madakpa, B.; Diavita, R.; Paku Tshambu, P.; Pukuta Simbu, E.; Merritt, S.; O'Toole, A.; Low, N.; Nkuba Ndaye, A.; Kavunga Membo, H.; Shongo, R.; Malembi, E.; Kalonji, T.; Kacita, C.; Lokilo Lofiko, E.; Kavira Bapitani, S.; Rilia, O.; Muswamba, P.-C.; Muyembe Mawete, F.; Lumembe, R.; Kabamba, G.; Kenye, M.; Citenga, A.; Cikaya, F.; Yungwe, Z.; Matondo, M.; Kasongo, F.; Tshiminyi, P.; Bulabula, J.; Nkawa, F.; Muhindo Milonde, E.; Kavira Kamaliro, A.; Paluku Kalimuli, Z.; Bodisa Matamu, T.; Mubalama Mufungizi, J.; Wiley, M. R.; Devos, E.; Bangwen, E.; Brosius, I.; Parker, E.; Pilarowski, G.; Liesenborghs, L.; Wawina Bokalanga, T.; Vercauteren, K.; Mukadi Bamuleka, D.; Subissi, L.; Muyembe, J.-J.; Kindrachuk, J.; Guichet, E.; Ayouba, A.; Rambaut, A.; Delaporte, E.; Tessema, S. K.; D'Ortenzio, E.; Rimoin, A. W.; Hensley, L. E.; Mbala Kingebeni, P.; Peeters, M.; Ahuka Mundeke, S."
PP_000ZNGF,Ia,None,Democratic Republic of the Congo,"Kwilu,Vanga",2022-06-18,196863,0.9917397279028848,2024-12-09,"Kinganda Lusamaki, E.; Amuri Aziza, A.; Luakanda Ndelemo, G.; Hasivirwe Vakaniaki, E.; Fernandez Nunez, N.; Pratt, C. B.; Akil Bandali, P.; Makangara Cigolo, J.-C.; Hoff, N. A.; Sabiti Nundu, S.; Mulopo Mukanya, N.; Ngimba, M.; Modrada Madakpa, B.; Diavita, R.; Paku Tshambu, P.; Pukuta Simbu, E.; Merritt, S.; O'Toole, A.; Low, N.; Nkuba Ndaye, A.; Kavunga Membo, H.; Shongo, R.; Malembi, E.; Kalonji, T.; Kacita, C.; Lokilo Lofiko, E.; Kavira Bapitani, S.; Rilia, O.; Muswamba, P.-C.; Muyembe Mawete, F.; Lumembe, R.; Kabamba, G.; Kenye, M.; Citenga, A.; Cikaya, F.; Yungwe, Z.; Matondo, M.; Kasongo, F.; Tshiminyi, P.; Bulabula, J.; Nkawa, F.; Muhindo Milonde, E.; Kavira Kamaliro, A.; Paluku Kalimuli, Z.; Bodisa Matamu, T.; Mubalama Mufungizi, J.; Wiley, M. R.; Devos, E.; Bangwen, E.; Brosius, I.; Parker, E.; Pilarowski, G.; Liesenborghs, L.; Wawina Bokalanga, T.; Vercauteren, K.; Mukadi Bamuleka, D.; Subissi, L.; Muyembe, J.-J.; Kindrachuk, J.; Guichet, E.; Ayouba, A.; Rambaut, A.; Delaporte, E.; Tessema, S. K.; D'Ortenzio, E.; Rimoin, A. W.; Hensley, L. E.; Mbala Kingebeni, P.; Peeters, M.; Ahuka Mundeke, S."
PP_000ZNHC,Ia,None,Democratic Republic of the Congo,"Kwilu,Vanga",2022-06-18,196868,0.9884082369465896,2024-12-09,"Kinganda Lusamaki, E.; Amuri Aziza, A.; Luakanda Ndelemo, G.; Hasivirwe Vakaniaki, E.; Fernandez Nunez, N.; Pratt, C. B.; Akil Bandali, P.; Makangara Cigolo, J.-C.; Hoff, N. A.; Sabiti Nundu, S.; Mulopo Mukanya, N.; Ngimba, M.; Modrada Madakpa, B.; Diavita, R.; Paku Tshambu, P.; Pukuta Simbu, E.; Merritt, S.; O'Toole, A.; Low, N.; Nkuba Ndaye, A.; Kavunga Membo, H.; Shongo, R.; Malembi, E.; Kalonji, T.; Kacita, C.; Lokilo Lofiko, E.; Kavira Bapitani, S.; Rilia, O.; Muswamba, P.-C.; Muyembe Mawete, F.; Lumembe, R.; Kabamba, G.; Kenye, M.; Citenga, A.; Cikaya, F.; Yungwe, Z.; Matondo, M.; Kasongo, F.; Tshiminyi, P.; Bulabula, J.; Nkawa, F.; Muhindo Milonde, E.; Kavira Kamaliro, A.; Paluku Kalimuli, Z.; Bodisa Matamu, T.; Mubalama Mufungizi, J.; Wiley, M. R.; Devos, E.; Bangwen, E.; Brosius, I.; Parker, E.; Pilarowski, G.; Liesenborghs, L.; Wawina Bokalanga, T.; Vercauteren, K.; Mukadi Bamuleka, D.; Subissi, L.; Muyembe, J.-J.; Kindrachuk, J.; Guichet, E.; Ayouba, A.; Rambaut, A.; Delaporte, E.; Tessema, S. K.; D'Ortenzio, E.; Rimoin, A. W.; Hensley, L. E.; Mbala Kingebeni, P.; Peeters, M.; Ahuka Mundeke, S."
PP_000ZNN2,Ia,None,Democratic Republic of the Congo,"Tshopo,Yakusu",2022-06-27,196894,0.9781703674781576,2024-12-09,"Kinganda Lusamaki, E.; Amuri Aziza, A.; Luakanda Ndelemo, G.; Hasivirwe Vakaniaki, E.; Fernandez Nunez, N.; Pratt, C. B.; Akil Bandali, P.; Makangara Cigolo, J.-C.; Hoff, N. A.; Sabiti Nundu, S.; Mulopo Mukanya, N.; Ngimba, M.; Modrada Madakpa, B.; Diavita, R.; Paku Tshambu, P.; Pukuta Simbu, E.; Merritt, S.; O'Toole, A.; Low, N.; Nkuba Ndaye, A.; Kavunga Membo, H.; Shongo, R.; Malembi, E.; Kalonji, T.; Kacita, C.; Lokilo Lofiko, E.; Kavira Bapitani, S.; Rilia, O.; Muswamba, P.-C.; Muyembe Mawete, F.; Lumembe, R.; Kabamba, G.; Kenye, M.; Citenga, A.; Cikaya, F.; Yungwe, Z.; Matondo, M.; Kasongo, F.; Tshiminyi, P.; Bulabula, J.; Nkawa, F.; Muhindo Milonde, E.; Kavira Kamaliro, A.; Paluku Kalimuli, Z.; Bodisa Matamu, T.; Mubalama Mufungizi, J.; Wiley, M. R.; Devos, E.; Bangwen, E.; Brosius, I.; Parker, E.; Pilarowski, G.; Liesenborghs, L.; Wawina Bokalanga, T.; Vercauteren, K.; Mukadi Bamuleka, D.; Subissi, L.; Muyembe, J.-J.; Kindrachuk, J.; Guichet, E.; Ayouba, A.; Rambaut, A.; Delaporte, E.; Tessema, S. K.; D'Ortenzio, E.; Rimoin, A. W.; Hensley, L. E.; Mbala Kingebeni, P.; Peeters, M.; Ahuka Mundeke, S."
PP_000ZNP0,Ia,None,Democratic Republic of the Congo,"Tshopo,Yakusu",2022-06-27,196872,0.9767759077932548,2024-12-09,"Kinganda Lusamaki, E.; Amuri Aziza, A.; Luakanda Ndelemo, G.; Hasivirwe Vakaniaki, E.; Fernandez Nunez, N.; Pratt, C. B.; Akil Bandali, P.; Makangara Cigolo, J.-C.; Hoff, N. A.; Sabiti Nundu, S.; Mulopo Mukanya, N.; Ngimba, M.; Modrada Madakpa, B.; Diavita, R.; Paku Tshambu, P.; Pukuta Simbu, E.; Merritt, S.; O'Toole, A.; Low, N.; Nkuba Ndaye, A.; Kavunga Membo, H.; Shongo, R.; Malembi, E.; Kalonji, T.; Kacita, C.; Lokilo Lofiko, E.; Kavira Bapitani, S.; Rilia, O.; Muswamba, P.-C.; Muyembe Mawete, F.; Lumembe, R.; Kabamba, G.; Kenye, M.; Citenga, A.; Cikaya, F.; Yungwe, Z.; Matondo, M.; Kasongo, F.; Tshiminyi, P.; Bulabula, J.; Nkawa, F.; Muhindo Milonde, E.; Kavira Kamaliro, A.; Paluku Kalimuli, Z.; Bodisa Matamu, T.; Mubalama Mufungizi, J.; Wiley, M. R.; Devos, E.; Bangwen, E.; Brosius, I.; Parker, E.; Pilarowski, G.; Liesenborghs, L.; Wawina Bokalanga, T.; Vercauteren, K.; Mukadi Bamuleka, D.; Subissi, L.; Muyembe, J.-J.; Kindrachuk, J.; Guichet, E.; Ayouba, A.; Rambaut, A.; Delaporte, E.; Tessema, S. K.; D'Ortenzio, E.; Rimoin, A. W.; Hensley, L. E.; Mbala Kingebeni, P.; Peeters, M.; Ahuka Mundeke, S."
PP_000ZNUQ,Ia,None,Democratic Republic of the Congo,"Equateur,Bikoro",2022-06-16,196813,0.9017489059829926,2024-12-09,"Kinganda Lusamaki, E.; Amuri Aziza, A.; Luakanda Ndelemo, G.; Hasivirwe Vakaniaki, E.; Fernandez Nunez, N.; Pratt, C. B.; Akil Bandali, P.; Makangara Cigolo, J.-C.; Hoff, N. A.; Sabiti Nundu, S.; Mulopo Mukanya, N.; Ngimba, M.; Modrada Madakpa, B.; Diavita, R.; Paku Tshambu, P.; Pukuta Simbu, E.; Merritt, S.; O'Toole, A.; Low, N.; Nkuba Ndaye, A.; Kavunga Membo, H.; Shongo, R.; Malembi, E.; Kalonji, T.; Kacita, C.; Lokilo Lofiko, E.; Kavira Bapitani, S.; Rilia, O.; Muswamba, P.-C.; Muyembe Mawete, F.; Lumembe, R.; Kabamba, G.; Kenye, M.; Citenga, A.; Cikaya, F.; Yungwe, Z.; Matondo, M.; Kasongo, F.; Tshiminyi, P.; Bulabula, J.; Nkawa, F.; Muhindo Milonde, E.; Kavira Kamaliro, A.; Paluku Kalimuli, Z.; Bodisa Matamu, T.; Mubalama Mufungizi, J.; Wiley, M. R.; Devos, E.; Bangwen, E.; Brosius, I.; Parker, E.; Pilarowski, G.; Liesenborghs, L.; Wawina Bokalanga, T.; Vercauteren, K.; Mukadi Bamuleka, D.; Subissi, L.; Muyembe, J.-J.; Kindrachuk, J.; Guichet, E.; Ayouba, A.; Rambaut, A.; Delaporte, E.; Tessema, S. K.; D'Ortenzio, E.; Rimoin, A. W.; Hensley, L. E.; Mbala Kingebeni, P.; Peeters, M.; Ahuka Mundeke, S."
PP_000ZNVN,Ia,None,Democratic Republic of the Congo,"Maniema,Kindu",2022-06-20,196851,0.9815576368218488,2024-12-09,"Kinganda Lusamaki, E.; Amuri Aziza, A.; Luakanda Ndelemo, G.; Hasivirwe Vakaniaki, E.; Fernandez Nunez, N.; Pratt, C. B.; Akil Bandali, P.; Makangara Cigolo, J.-C.; Hoff, N. A.; Sabiti Nundu, S.; Mulopo Mukanya, N.; Ngimba, M.; Modrada Madakpa, B.; Diavita, R.; Paku Tshambu, P.; Pukuta Simbu, E.; Merritt, S.; O'Toole, A.; Low, N.; Nkuba Ndaye, A.; Kavunga Membo, H.; Shongo, R.; Malembi, E.; Kalonji, T.; Kacita, C.; Lokilo Lofiko, E.; Kavira Bapitani, S.; Rilia, O.; Muswamba, P.-C.; Muyembe Mawete, F.; Lumembe, R.; Kabamba, G.; Kenye, M.; Citenga, A.; Cikaya, F.; Yungwe, Z.; Matondo, M.; Kasongo, F.; Tshiminyi, P.; Bulabula, J.; Nkawa, F.; Muhindo Milonde, E.; Kavira Kamaliro, A.; Paluku Kalimuli, Z.; Bodisa Matamu, T.; Mubalama Mufungizi, J.; Wiley, M. R.; Devos, E.; Bangwen, E.; Brosius, I.; Parker, E.; Pilarowski, G.; Liesenborghs, L.; Wawina Bokalanga, T.; Vercauteren, K.; Mukadi Bamuleka, D.; Subissi, L.; Muyembe, J.-J.; Kindrachuk, J.; Guichet, E.; Ayouba, A.; Rambaut, A.; Delaporte, E.; Tessema, S. K.; D'Ortenzio, E.; Rimoin, A. W.; Hensley, L. E.; Mbala Kingebeni, P.; Peeters, M.; Ahuka Mundeke, S."
PP_000ZP0C,Ia,None,Democratic Republic of the Congo,"Maniema,Kindu",2022-06-21,196847,0.8289428981435939,2024-12-09,"Kinganda Lusamaki, E.; Amuri Aziza, A.; Luakanda Ndelemo, G.; Hasivirwe Vakaniaki, E.; Fernandez Nunez, N.; Pratt, C. B.; Akil Bandali, P.; Makangara Cigolo, J.-C.; Hoff, N. A.; Sabiti Nundu, S.; Mulopo Mukanya, N.; Ngimba, M.; Modrada Madakpa, B.; Diavita, R.; Paku Tshambu, P.; Pukuta Simbu, E.; Merritt, S.; O'Toole, A.; Low, N.; Nkuba Ndaye, A.; Kavunga Membo, H.; Shongo, R.; Malembi, E.; Kalonji, T.; Kacita, C.; Lokilo Lofiko, E.; Kavira Bapitani, S.; Rilia, O.; Muswamba, P.-C.; Muyembe Mawete, F.; Lumembe, R.; Kabamba, G.; Kenye, M.; Citenga, A.; Cikaya, F.; Yungwe, Z.; Matondo, M.; Kasongo, F.; Tshiminyi, P.; Bulabula, J.; Nkawa, F.; Muhindo Milonde, E.; Kavira Kamaliro, A.; Paluku Kalimuli, Z.; Bodisa Matamu, T.; Mubalama Mufungizi, J.; Wiley, M. R.; Devos, E.; Bangwen, E.; Brosius, I.; Parker, E.; Pilarowski, G.; Liesenborghs, L.; Wawina Bokalanga, T.; Vercauteren, K.; Mukadi Bamuleka, D.; Subissi, L.; Muyembe, J.-J.; Kindrachuk, J.; Guichet, E.; Ayouba, A.; Rambaut, A.; Delaporte, E.; Tessema, S. K.; D'Ortenzio, E.; Rimoin, A. W.; Hensley, L. E.; Mbala Kingebeni, P.; Peeters, M.; Ahuka Mundeke, S."
PP_000ZP1A,Ia,None,Democratic Republic of the Congo,"Maniema,Kindu",2022-06-21,196849,0.9547789401092244,2024-12-09,"Kinganda Lusamaki, E.; Amuri Aziza, A.; Luakanda Ndelemo, G.; Hasivirwe Vakaniaki, E.; Fernandez Nunez, N.; Pratt, C. B.; Akil Bandali, P.; Makangara Cigolo, J.-C.; Hoff, N. A.; Sabiti Nundu, S.; Mulopo Mukanya, N.; Ngimba, M.; Modrada Madakpa, B.; Diavita, R.; Paku Tshambu, P.; Pukuta Simbu, E.; Merritt, S.; O'Toole, A.; Low, N.; Nkuba Ndaye, A.; Kavunga Membo, H.; Shongo, R.; Malembi, E.; Kalonji, T.; Kacita, C.; Lokilo Lofiko, E.; Kavira Bapitani, S.; Rilia, O.; Muswamba, P.-C.; Muyembe Mawete, F.; Lumembe, R.; Kabamba, G.; Kenye, M.; Citenga, A.; Cikaya, F.; Yungwe, Z.; Matondo, M.; Kasongo, F.; Tshiminyi, P.; Bulabula, J.; Nkawa, F.; Muhindo Milonde, E.; Kavira Kamaliro, A.; Paluku Kalimuli, Z.; Bodisa Matamu, T.; Mubalama Mufungizi, J.; Wiley, M. R.; Devos, E.; Bangwen, E.; Brosius, I.; Parker, E.; Pilarowski, G.; Liesenborghs, L.; Wawina Bokalanga, T.; Vercauteren, K.; Mukadi Bamuleka, D.; Subissi, L.; Muyembe, J.-J.; Kindrachuk, J.; Guichet, E.; Ayouba, A.; Rambaut, A.; Delaporte, E.; Tessema, S. K.; D'Ortenzio, E.; Rimoin, A. W.; Hensley, L. E.; Mbala Kingebeni, P.; Peeters, M.; Ahuka Mundeke, S."
PP_000ZP60,Ia,None,Democratic Republic of the Congo,"Kasai,mushenge",2022-07-08,196552,0.8430953962547348,2024-12-09,"Kinganda Lusamaki, E.; Amuri Aziza, A.; Luakanda Ndelemo, G.; Hasivirwe Vakaniaki, E.; Fernandez Nunez, N.; Pratt, C. B.; Akil Bandali, P.; Makangara Cigolo, J.-C.; Hoff, N. A.; Sabiti Nundu, S.; Mulopo Mukanya, N.; Ngimba, M.; Modrada Madakpa, B.; Diavita, R.; Paku Tshambu, P.; Pukuta Simbu, E.; Merritt, S.; O'Toole, A.; Low, N.; Nkuba Ndaye, A.; Kavunga Membo, H.; Shongo, R.; Malembi, E.; Kalonji, T.; Kacita, C.; Lokilo Lofiko, E.; Kavira Bapitani, S.; Rilia, O.; Muswamba, P.-C.; Muyembe Mawete, F.; Lumembe, R.; Kabamba, G.; Kenye, M.; Citenga, A.; Cikaya, F.; Yungwe, Z.; Matondo, M.; Kasongo, F.; Tshiminyi, P.; Bulabula, J.; Nkawa, F.; Muhindo Milonde, E.; Kavira Kamaliro, A.; Paluku Kalimuli, Z.; Bodisa Matamu, T.; Mubalama Mufungizi, J.; Wiley, M. R.; Devos, E.; Bangwen, E.; Brosius, I.; Parker, E.; Pilarowski, G.; Liesenborghs, L.; Wawina Bokalanga, T.; Vercauteren, K.; Mukadi Bamuleka, D.; Subissi, L.; Muyembe, J.-J.; Kindrachuk, J.; Guichet, E.; Ayouba, A.; Rambaut, A.; Delaporte, E.; Tessema, S. K.; D'Ortenzio, E.; Rimoin, A. W.; Hensley, L. E.; Mbala Kingebeni, P.; Peeters, M.; Ahuka Mundeke, S."
PP_000ZP7Y,Ia,None,Democratic Republic of the Congo,"Kasai,mushenge",2022-07-08,196573,0.7920987378872161,2024-12-09,"Kinganda Lusamaki, E.; Amuri Aziza, A.; Luakanda Ndelemo, G.; Hasivirwe Vakaniaki, E.; Fernandez Nunez, N.; Pratt, C. B.; Akil Bandali, P.; Makangara Cigolo, J.-C.; Hoff, N. A.; Sabiti Nundu, S.; Mulopo Mukanya, N.; Ngimba, M.; Modrada Madakpa, B.; Diavita, R.; Paku Tshambu, P.; Pukuta Simbu, E.; Merritt, S.; O'Toole, A.; Low, N.; Nkuba Ndaye, A.; Kavunga Membo, H.; Shongo, R.; Malembi, E.; Kalonji, T.; Kacita, C.; Lokilo Lofiko, E.; Kavira Bapitani, S.; Rilia, O.; Muswamba, P.-C.; Muyembe Mawete, F.; Lumembe, R.; Kabamba, G.; Kenye, M.; Citenga, A.; Cikaya, F.; Yungwe, Z.; Matondo, M.; Kasongo, F.; Tshiminyi, P.; Bulabula, J.; Nkawa, F.; Muhindo Milonde, E.; Kavira Kamaliro, A.; Paluku Kalimuli, Z.; Bodisa Matamu, T.; Mubalama Mufungizi, J.; Wiley, M. R.; Devos, E.; Bangwen, E.; Brosius, I.; Parker, E.; Pilarowski, G.; Liesenborghs, L.; Wawina Bokalanga, T.; Vercauteren, K.; Mukadi Bamuleka, D.; Subissi, L.; Muyembe, J.-J.; Kindrachuk, J.; Guichet, E.; Ayouba, A.; Rambaut, A.; Delaporte, E.; Tessema, S. K.; D'Ortenzio, E.; Rimoin, A. W.; Hensley, L. E.; Mbala Kingebeni, P.; Peeters, M.; Ahuka Mundeke, S."
PP_000ZPCN,Ia,None,Democratic Republic of the Congo,"Tshopo,Yakusu",2022-07-27,196693,0.7546917229943867,2024-12-09,"Kinganda Lusamaki, E.; Amuri Aziza, A.; Luakanda Ndelemo, G.; Hasivirwe Vakaniaki, E.; Fernandez Nunez, N.; Pratt, C. B.; Akil Bandali, P.; Makangara Cigolo, J.-C.; Hoff, N. A.; Sabiti Nundu, S.; Mulopo Mukanya, N.; Ngimba, M.; Modrada Madakpa, B.; Diavita, R.; Paku Tshambu, P.; Pukuta Simbu, E.; Merritt, S.; O'Toole, A.; Low, N.; Nkuba Ndaye, A.; Kavunga Membo, H.; Shongo, R.; Malembi, E.; Kalonji, T.; Kacita, C.; Lokilo Lofiko, E.; Kavira Bapitani, S.; Rilia, O.; Muswamba, P.-C.; Muyembe Mawete, F.; Lumembe, R.; Kabamba, G.; Kenye, M.; Citenga, A.; Cikaya, F.; Yungwe, Z.; Matondo, M.; Kasongo, F.; Tshiminyi, P.; Bulabula, J.; Nkawa, F.; Muhindo Milonde, E.; Kavira Kamaliro, A.; Paluku Kalimuli, Z.; Bodisa Matamu, T.; Mubalama Mufungizi, J.; Wiley, M. R.; Devos, E.; Bangwen, E.; Brosius, I.; Parker, E.; Pilarowski, G.; Liesenborghs, L.; Wawina Bokalanga, T.; Vercauteren, K.; Mukadi Bamuleka, D.; Subissi, L.; Muyembe, J.-J.; Kindrachuk, J.; Guichet, E.; Ayouba, A.; Rambaut, A.; Delaporte, E.; Tessema, S. K.; D'Ortenzio, E.; Rimoin, A. W.; Hensley, L. E.; Mbala Kingebeni, P.; Peeters, M.; Ahuka Mundeke, S."
PP_000ZPDL,Ia,None,Democratic Republic of the Congo,"Tshopo,Yakusu",2022-08-08,196839,0.9625422774822652,2024-12-09,"Kinganda Lusamaki, E.; Amuri Aziza, A.; Luakanda Ndelemo, G.; Hasivirwe Vakaniaki, E.; Fernandez Nunez, N.; Pratt, C. B.; Akil Bandali, P.; Makangara Cigolo, J.-C.; Hoff, N. A.; Sabiti Nundu, S.; Mulopo Mukanya, N.; Ngimba, M.; Modrada Madakpa, B.; Diavita, R.; Paku Tshambu, P.; Pukuta Simbu, E.; Merritt, S.; O'Toole, A.; Low, N.; Nkuba Ndaye, A.; Kavunga Membo, H.; Shongo, R.; Malembi, E.; Kalonji, T.; Kacita, C.; Lokilo Lofiko, E.; Kavira Bapitani, S.; Rilia, O.; Muswamba, P.-C.; Muyembe Mawete, F.; Lumembe, R.; Kabamba, G.; Kenye, M.; Citenga, A.; Cikaya, F.; Yungwe, Z.; Matondo, M.; Kasongo, F.; Tshiminyi, P.; Bulabula, J.; Nkawa, F.; Muhindo Milonde, E.; Kavira Kamaliro, A.; Paluku Kalimuli, Z.; Bodisa Matamu, T.; Mubalama Mufungizi, J.; Wiley, M. R.; Devos, E.; Bangwen, E.; Brosius, I.; Parker, E.; Pilarowski, G.; Liesenborghs, L.; Wawina Bokalanga, T.; Vercauteren, K.; Mukadi Bamuleka, D.; Subissi, L.; Muyembe, J.-J.; Kindrachuk, J.; Guichet, E.; Ayouba, A.; Rambaut, A.; Delaporte, E.; Tessema, S. K.; D'Ortenzio, E.; Rimoin, A. W.; Hensley, L. E.; Mbala Kingebeni, P.; Peeters, M.; Ahuka Mundeke, S."
PP_000ZPJ9,Ia,None,Democratic Republic of the Congo,"Tshopo,Yahuma",2022-07-31,196771,0.9814460800470568,2024-12-09,"Kinganda Lusamaki, E.; Amuri Aziza, A.; Luakanda Ndelemo, G.; Hasivirwe Vakaniaki, E.; Fernandez Nunez, N.; Pratt, C. B.; Akil Bandali, P.; Makangara Cigolo, J.-C.; Hoff, N. A.; Sabiti Nundu, S.; Mulopo Mukanya, N.; Ngimba, M.; Modrada Madakpa, B.; Diavita, R.; Paku Tshambu, P.; Pukuta Simbu, E.; Merritt, S.; O'Toole, A.; Low, N.; Nkuba Ndaye, A.; Kavunga Membo, H.; Shongo, R.; Malembi, E.; Kalonji, T.; Kacita, C.; Lokilo Lofiko, E.; Kavira Bapitani, S.; Rilia, O.; Muswamba, P.-C.; Muyembe Mawete, F.; Lumembe, R.; Kabamba, G.; Kenye, M.; Citenga, A.; Cikaya, F.; Yungwe, Z.; Matondo, M.; Kasongo, F.; Tshiminyi, P.; Bulabula, J.; Nkawa, F.; Muhindo Milonde, E.; Kavira Kamaliro, A.; Paluku Kalimuli, Z.; Bodisa Matamu, T.; Mubalama Mufungizi, J.; Wiley, M. R.; Devos, E.; Bangwen, E.; Brosius, I.; Parker, E.; Pilarowski, G.; Liesenborghs, L.; Wawina Bokalanga, T.; Vercauteren, K.; Mukadi Bamuleka, D.; Subissi, L.; Muyembe, J.-J.; Kindrachuk, J.; Guichet, E.; Ayouba, A.; Rambaut, A.; Delaporte, E.; Tessema, S. K.; D'Ortenzio, E.; Rimoin, A. W.; Hensley, L. E.; Mbala Kingebeni, P.; Peeters, M.; Ahuka Mundeke, S."
PP_000ZPK7,Ia,None,Democratic Republic of the Congo,"Tshopo,Yahuma",2022-07-31,196772,0.974230385022996,2024-12-09,"Kinganda Lusamaki, E.; Amuri Aziza, A.; Luakanda Ndelemo, G.; Hasivirwe Vakaniaki, E.; Fernandez Nunez, N.; Pratt, C. B.; Akil Bandali, P.; Makangara Cigolo, J.-C.; Hoff, N. A.; Sabiti Nundu, S.; Mulopo Mukanya, N.; Ngimba, M.; Modrada Madakpa, B.; Diavita, R.; Paku Tshambu, P.; Pukuta Simbu, E.; Merritt, S.; O'Toole, A.; Low, N.; Nkuba Ndaye, A.; Kavunga Membo, H.; Shongo, R.; Malembi, E.; Kalonji, T.; Kacita, C.; Lokilo Lofiko, E.; Kavira Bapitani, S.; Rilia, O.; Muswamba, P.-C.; Muyembe Mawete, F.; Lumembe, R.; Kabamba, G.; Kenye, M.; Citenga, A.; Cikaya, F.; Yungwe, Z.; Matondo, M.; Kasongo, F.; Tshiminyi, P.; Bulabula, J.; Nkawa, F.; Muhindo Milonde, E.; Kavira Kamaliro, A.; Paluku Kalimuli, Z.; Bodisa Matamu, T.; Mubalama Mufungizi, J.; Wiley, M. R.; Devos, E.; Bangwen, E.; Brosius, I.; Parker, E.; Pilarowski, G.; Liesenborghs, L.; Wawina Bokalanga, T.; Vercauteren, K.; Mukadi Bamuleka, D.; Subissi, L.; Muyembe, J.-J.; Kindrachuk, J.; Guichet, E.; Ayouba, A.; Rambaut, A.; Delaporte, E.; Tessema, S. K.; D'Ortenzio, E.; Rimoin, A. W.; Hensley, L. E.; Mbala Kingebeni, P.; Peeters, M.; Ahuka Mundeke, S."
PP_000ZPQX,Ia,None,Democratic Republic of the Congo,"Tshopo,Yahuma",2022-07-31,196746,0.9681657530842912,2024-12-09,"Kinganda Lusamaki, E.; Amuri Aziza, A.; Luakanda Ndelemo, G.; Hasivirwe Vakaniaki, E.; Fernandez Nunez, N.; Pratt, C. B.; Akil Bandali, P.; Makangara Cigolo, J.-C.; Hoff, N. A.; Sabiti Nundu, S.; Mulopo Mukanya, N.; Ngimba, M.; Modrada Madakpa, B.; Diavita, R.; Paku Tshambu, P.; Pukuta Simbu, E.; Merritt, S.; O'Toole, A.; Low, N.; Nkuba Ndaye, A.; Kavunga Membo, H.; Shongo, R.; Malembi, E.; Kalonji, T.; Kacita, C.; Lokilo Lofiko, E.; Kavira Bapitani, S.; Rilia, O.; Muswamba, P.-C.; Muyembe Mawete, F.; Lumembe, R.; Kabamba, G.; Kenye, M.; Citenga, A.; Cikaya, F.; Yungwe, Z.; Matondo, M.; Kasongo, F.; Tshiminyi, P.; Bulabula, J.; Nkawa, F.; Muhindo Milonde, E.; Kavira Kamaliro, A.; Paluku Kalimuli, Z.; Bodisa Matamu, T.; Mubalama Mufungizi, J.; Wiley, M. R.; Devos, E.; Bangwen, E.; Brosius, I.; Parker, E.; Pilarowski, G.; Liesenborghs, L.; Wawina Bokalanga, T.; Vercauteren, K.; Mukadi Bamuleka, D.; Subissi, L.; Muyembe, J.-J.; Kindrachuk, J.; Guichet, E.; Ayouba, A.; Rambaut, A.; Delaporte, E.; Tessema, S. K.; D'Ortenzio, E.; Rimoin, A. W.; Hensley, L. E.; Mbala Kingebeni, P.; Peeters, M.; Ahuka Mundeke, S."
PP_000ZPRV,Ia,None,Democratic Republic of the Congo,"Tshopo,Yahuma",2022-07-28,196763,0.882662555968541,2024-12-09,"Kinganda Lusamaki, E.; Amuri Aziza, A.; Luakanda Ndelemo, G.; Hasivirwe Vakaniaki, E.; Fernandez Nunez, N.; Pratt, C. B.; Akil Bandali, P.; Makangara Cigolo, J.-C.; Hoff, N. A.; Sabiti Nundu, S.; Mulopo Mukanya, N.; Ngimba, M.; Modrada Madakpa, B.; Diavita, R.; Paku Tshambu, P.; Pukuta Simbu, E.; Merritt, S.; O'Toole, A.; Low, N.; Nkuba Ndaye, A.; Kavunga Membo, H.; Shongo, R.; Malembi, E.; Kalonji, T.; Kacita, C.; Lokilo Lofiko, E.; Kavira Bapitani, S.; Rilia, O.; Muswamba, P.-C.; Muyembe Mawete, F.; Lumembe, R.; Kabamba, G.; Kenye, M.; Citenga, A.; Cikaya, F.; Yungwe, Z.; Matondo, M.; Kasongo, F.; Tshiminyi, P.; Bulabula, J.; Nkawa, F.; Muhindo Milonde, E.; Kavira Kamaliro, A.; Paluku Kalimuli, Z.; Bodisa Matamu, T.; Mubalama Mufungizi, J.; Wiley, M. R.; Devos, E.; Bangwen, E.; Brosius, I.; Parker, E.; Pilarowski, G.; Liesenborghs, L.; Wawina Bokalanga, T.; Vercauteren, K.; Mukadi Bamuleka, D.; Subissi, L.; Muyembe, J.-J.; Kindrachuk, J.; Guichet, E.; Ayouba, A.; Rambaut, A.; Delaporte, E.; Tessema, S. K.; D'Ortenzio, E.; Rimoin, A. W.; Hensley, L. E.; Mbala Kingebeni, P.; Peeters, M.; Ahuka Mundeke, S."
PP_000ZPWK,Ia,None,Democratic Republic of the Congo,"Equateur,Bikoro",2022-08-11,196816,0.9823943126327906,2024-12-09,"Kinganda Lusamaki, E.; Amuri Aziza, A.; Luakanda Ndelemo, G.; Hasivirwe Vakaniaki, E.; Fernandez Nunez, N.; Pratt, C. B.; Akil Bandali, P.; Makangara Cigolo, J.-C.; Hoff, N. A.; Sabiti Nundu, S.; Mulopo Mukanya, N.; Ngimba, M.; Modrada Madakpa, B.; Diavita, R.; Paku Tshambu, P.; Pukuta Simbu, E.; Merritt, S.; O'Toole, A.; Low, N.; Nkuba Ndaye, A.; Kavunga Membo, H.; Shongo, R.; Malembi, E.; Kalonji, T.; Kacita, C.; Lokilo Lofiko, E.; Kavira Bapitani, S.; Rilia, O.; Muswamba, P.-C.; Muyembe Mawete, F.; Lumembe, R.; Kabamba, G.; Kenye, M.; Citenga, A.; Cikaya, F.; Yungwe, Z.; Matondo, M.; Kasongo, F.; Tshiminyi, P.; Bulabula, J.; Nkawa, F.; Muhindo Milonde, E.; Kavira Kamaliro, A.; Paluku Kalimuli, Z.; Bodisa Matamu, T.; Mubalama Mufungizi, J.; Wiley, M. R.; Devos, E.; Bangwen, E.; Brosius, I.; Parker, E.; Pilarowski, G.; Liesenborghs, L.; Wawina Bokalanga, T.; Vercauteren, K.; Mukadi Bamuleka, D.; Subissi, L.; Muyembe, J.-J.; Kindrachuk, J.; Guichet, E.; Ayouba, A.; Rambaut, A.; Delaporte, E.; Tessema, S. K.; D'Ortenzio, E.; Rimoin, A. W.; Hensley, L. E.; Mbala Kingebeni, P.; Peeters, M.; Ahuka Mundeke, S."
PP_000ZPXH,Ia,None,Democratic Republic of the Congo,"Maniema,Alunguli",2022-08-18,190504,0.7456759072861786,2024-12-09,"Kinganda Lusamaki, E.; Amuri Aziza, A.; Luakanda Ndelemo, G.; Hasivirwe Vakaniaki, E.; Fernandez Nunez, N.; Pratt, C. B.; Akil Bandali, P.; Makangara Cigolo, J.-C.; Hoff, N. A.; Sabiti Nundu, S.; Mulopo Mukanya, N.; Ngimba, M.; Modrada Madakpa, B.; Diavita, R.; Paku Tshambu, P.; Pukuta Simbu, E.; Merritt, S.; O'Toole, A.; Low, N.; Nkuba Ndaye, A.; Kavunga Membo, H.; Shongo, R.; Malembi, E.; Kalonji, T.; Kacita, C.; Lokilo Lofiko, E.; Kavira Bapitani, S.; Rilia, O.; Muswamba, P.-C.; Muyembe Mawete, F.; Lumembe, R.; Kabamba, G.; Kenye, M.; Citenga, A.; Cikaya, F.; Yungwe, Z.; Matondo, M.; Kasongo, F.; Tshiminyi, P.; Bulabula, J.; Nkawa, F.; Muhindo Milonde, E.; Kavira Kamaliro, A.; Paluku Kalimuli, Z.; Bodisa Matamu, T.; Mubalama Mufungizi, J.; Wiley, M. R.; Devos, E.; Bangwen, E.; Brosius, I.; Parker, E.; Pilarowski, G.; Liesenborghs, L.; Wawina Bokalanga, T.; Vercauteren, K.; Mukadi Bamuleka, D.; Subissi, L.; Muyembe, J.-J.; Kindrachuk, J.; Guichet, E.; Ayouba, A.; Rambaut, A.; Delaporte, E.; Tessema, S. K.; D'Ortenzio, E.; Rimoin, A. W.; Hensley, L. E.; Mbala Kingebeni, P.; Peeters, M.; Ahuka Mundeke, S."
PP_000ZQ27,Ia,None,Democratic Republic of the Congo,"Kwango,Kasongolunda",2022-08-12,196806,0.9689314382203652,2024-12-09,"Kinganda Lusamaki, E.; Amuri Aziza, A.; Luakanda Ndelemo, G.; Hasivirwe Vakaniaki, E.; Fernandez Nunez, N.; Pratt, C. B.; Akil Bandali, P.; Makangara Cigolo, J.-C.; Hoff, N. A.; Sabiti Nundu, S.; Mulopo Mukanya, N.; Ngimba, M.; Modrada Madakpa, B.; Diavita, R.; Paku Tshambu, P.; Pukuta Simbu, E.; Merritt, S.; O'Toole, A.; Low, N.; Nkuba Ndaye, A.; Kavunga Membo, H.; Shongo, R.; Malembi, E.; Kalonji, T.; Kacita, C.; Lokilo Lofiko, E.; Kavira Bapitani, S.; Rilia, O.; Muswamba, P.-C.; Muyembe Mawete, F.; Lumembe, R.; Kabamba, G.; Kenye, M.; Citenga, A.; Cikaya, F.; Yungwe, Z.; Matondo, M.; Kasongo, F.; Tshiminyi, P.; Bulabula, J.; Nkawa, F.; Muhindo Milonde, E.; Kavira Kamaliro, A.; Paluku Kalimuli, Z.; Bodisa Matamu, T.; Mubalama Mufungizi, J.; Wiley, M. R.; Devos, E.; Bangwen, E.; Brosius, I.; Parker, E.; Pilarowski, G.; Liesenborghs, L.; Wawina Bokalanga, T.; Vercauteren, K.; Mukadi Bamuleka, D.; Subissi, L.; Muyembe, J.-J.; Kindrachuk, J.; Guichet, E.; Ayouba, A.; Rambaut, A.; Delaporte, E.; Tessema, S. K.; D'Ortenzio, E.; Rimoin, A. W.; Hensley, L. E.; Mbala Kingebeni, P.; Peeters, M.; Ahuka Mundeke, S."
PP_000ZQ35,Ia,None,Democratic Republic of the Congo,"Tshopo,Yahuma",2022-09-13,196690,0.9592158572884604,2024-12-09,"Kinganda Lusamaki, E.; Amuri Aziza, A.; Luakanda Ndelemo, G.; Hasivirwe Vakaniaki, E.; Fernandez Nunez, N.; Pratt, C. B.; Akil Bandali, P.; Makangara Cigolo, J.-C.; Hoff, N. A.; Sabiti Nundu, S.; Mulopo Mukanya, N.; Ngimba, M.; Modrada Madakpa, B.; Diavita, R.; Paku Tshambu, P.; Pukuta Simbu, E.; Merritt, S.; O'Toole, A.; Low, N.; Nkuba Ndaye, A.; Kavunga Membo, H.; Shongo, R.; Malembi, E.; Kalonji, T.; Kacita, C.; Lokilo Lofiko, E.; Kavira Bapitani, S.; Rilia, O.; Muswamba, P.-C.; Muyembe Mawete, F.; Lumembe, R.; Kabamba, G.; Kenye, M.; Citenga, A.; Cikaya, F.; Yungwe, Z.; Matondo, M.; Kasongo, F.; Tshiminyi, P.; Bulabula, J.; Nkawa, F.; Muhindo Milonde, E.; Kavira Kamaliro, A.; Paluku Kalimuli, Z.; Bodisa Matamu, T.; Mubalama Mufungizi, J.; Wiley, M. R.; Devos, E.; Bangwen, E.; Brosius, I.; Parker, E.; Pilarowski, G.; Liesenborghs, L.; Wawina Bokalanga, T.; Vercauteren, K.; Mukadi Bamuleka, D.; Subissi, L.; Muyembe, J.-J.; Kindrachuk, J.; Guichet, E.; Ayouba, A.; Rambaut, A.; Delaporte, E.; Tessema, S. K.; D'Ortenzio, E.; Rimoin, A. W.; Hensley, L. E.; Mbala Kingebeni, P.; Peeters, M.; Ahuka Mundeke, S."
PP_000ZQ8V,Ia,None,Democratic Republic of the Congo,"Tshopo,Yahuma",2022-08-21,196706,0.9570303586550308,2024-12-09,"Kinganda Lusamaki, E.; Amuri Aziza, A.; Luakanda Ndelemo, G.; Hasivirwe Vakaniaki, E.; Fernandez Nunez, N.; Pratt, C. B.; Akil Bandali, P.; Makangara Cigolo, J.-C.; Hoff, N. A.; Sabiti Nundu, S.; Mulopo Mukanya, N.; Ngimba, M.; Modrada Madakpa, B.; Diavita, R.; Paku Tshambu, P.; Pukuta Simbu, E.; Merritt, S.; O'Toole, A.; Low, N.; Nkuba Ndaye, A.; Kavunga Membo, H.; Shongo, R.; Malembi, E.; Kalonji, T.; Kacita, C.; Lokilo Lofiko, E.; Kavira Bapitani, S.; Rilia, O.; Muswamba, P.-C.; Muyembe Mawete, F.; Lumembe, R.; Kabamba, G.; Kenye, M.; Citenga, A.; Cikaya, F.; Yungwe, Z.; Matondo, M.; Kasongo, F.; Tshiminyi, P.; Bulabula, J.; Nkawa, F.; Muhindo Milonde, E.; Kavira Kamaliro, A.; Paluku Kalimuli, Z.; Bodisa Matamu, T.; Mubalama Mufungizi, J.; Wiley, M. R.; Devos, E.; Bangwen, E.; Brosius, I.; Parker, E.; Pilarowski, G.; Liesenborghs, L.; Wawina Bokalanga, T.; Vercauteren, K.; Mukadi Bamuleka, D.; Subissi, L.; Muyembe, J.-J.; Kindrachuk, J.; Guichet, E.; Ayouba, A.; Rambaut, A.; Delaporte, E.; Tessema, S. K.; D'Ortenzio, E.; Rimoin, A. W.; Hensley, L. E.; Mbala Kingebeni, P.; Peeters, M.; Ahuka Mundeke, S."
PP_000ZQ9T,Ia,None,Democratic Republic of the Congo,"Tshopo,Yahuma",2022-08-21,196692,0.9456464968637334,2024-12-09,"Kinganda Lusamaki, E.; Amuri Aziza, A.; Luakanda Ndelemo, G.; Hasivirwe Vakaniaki, E.; Fernandez Nunez, N.; Pratt, C. B.; Akil Bandali, P.; Makangara Cigolo, J.-C.; Hoff, N. A.; Sabiti Nundu, S.; Mulopo Mukanya, N.; Ngimba, M.; Modrada Madakpa, B.; Diavita, R.; Paku Tshambu, P.; Pukuta Simbu, E.; Merritt, S.; O'Toole, A.; Low, N.; Nkuba Ndaye, A.; Kavunga Membo, H.; Shongo, R.; Malembi, E.; Kalonji, T.; Kacita, C.; Lokilo Lofiko, E.; Kavira Bapitani, S.; Rilia, O.; Muswamba, P.-C.; Muyembe Mawete, F.; Lumembe, R.; Kabamba, G.; Kenye, M.; Citenga, A.; Cikaya, F.; Yungwe, Z.; Matondo, M.; Kasongo, F.; Tshiminyi, P.; Bulabula, J.; Nkawa, F.; Muhindo Milonde, E.; Kavira Kamaliro, A.; Paluku Kalimuli, Z.; Bodisa Matamu, T.; Mubalama Mufungizi, J.; Wiley, M. R.; Devos, E.; Bangwen, E.; Brosius, I.; Parker, E.; Pilarowski, G.; Liesenborghs, L.; Wawina Bokalanga, T.; Vercauteren, K.; Mukadi Bamuleka, D.; Subissi, L.; Muyembe, J.-J.; Kindrachuk, J.; Guichet, E.; Ayouba, A.; Rambaut, A.; Delaporte, E.; Tessema, S. K.; D'Ortenzio, E.; Rimoin, A. W.; Hensley, L. E.; Mbala Kingebeni, P.; Peeters, M.; Ahuka Mundeke, S."
PP_000ZQEH,Ia,None,Democratic Republic of the Congo,"Tshopo,Yahuma",2022-08-21,196667,0.9509200898539112,2024-12-09,"Kinganda Lusamaki, E.; Amuri Aziza, A.; Luakanda Ndelemo, G.; Hasivirwe Vakaniaki, E.; Fernandez Nunez, N.; Pratt, C. B.; Akil Bandali, P.; Makangara Cigolo, J.-C.; Hoff, N. A.; Sabiti Nundu, S.; Mulopo Mukanya, N.; Ngimba, M.; Modrada Madakpa, B.; Diavita, R.; Paku Tshambu, P.; Pukuta Simbu, E.; Merritt, S.; O'Toole, A.; Low, N.; Nkuba Ndaye, A.; Kavunga Membo, H.; Shongo, R.; Malembi, E.; Kalonji, T.; Kacita, C.; Lokilo Lofiko, E.; Kavira Bapitani, S.; Rilia, O.; Muswamba, P.-C.; Muyembe Mawete, F.; Lumembe, R.; Kabamba, G.; Kenye, M.; Citenga, A.; Cikaya, F.; Yungwe, Z.; Matondo, M.; Kasongo, F.; Tshiminyi, P.; Bulabula, J.; Nkawa, F.; Muhindo Milonde, E.; Kavira Kamaliro, A.; Paluku Kalimuli, Z.; Bodisa Matamu, T.; Mubalama Mufungizi, J.; Wiley, M. R.; Devos, E.; Bangwen, E.; Brosius, I.; Parker, E.; Pilarowski, G.; Liesenborghs, L.; Wawina Bokalanga, T.; Vercauteren, K.; Mukadi Bamuleka, D.; Subissi, L.; Muyembe, J.-J.; Kindrachuk, J.; Guichet, E.; Ayouba, A.; Rambaut, A.; Delaporte, E.; Tessema, S. K.; D'Ortenzio, E.; Rimoin, A. W.; Hensley, L. E.; Mbala Kingebeni, P.; Peeters, M.; Ahuka Mundeke, S."
PP_000ZQFF,Ia,None,Democratic Republic of the Congo,"Tshopo,Yahuma",2022-09-15,196608,0.9303074403298024,2024-12-09,"Kinganda Lusamaki, E.; Amuri Aziza, A.; Luakanda Ndelemo, G.; Hasivirwe Vakaniaki, E.; Fernandez Nunez, N.; Pratt, C. B.; Akil Bandali, P.; Makangara Cigolo, J.-C.; Hoff, N. A.; Sabiti Nundu, S.; Mulopo Mukanya, N.; Ngimba, M.; Modrada Madakpa, B.; Diavita, R.; Paku Tshambu, P.; Pukuta Simbu, E.; Merritt, S.; O'Toole, A.; Low, N.; Nkuba Ndaye, A.; Kavunga Membo, H.; Shongo, R.; Malembi, E.; Kalonji, T.; Kacita, C.; Lokilo Lofiko, E.; Kavira Bapitani, S.; Rilia, O.; Muswamba, P.-C.; Muyembe Mawete, F.; Lumembe, R.; Kabamba, G.; Kenye, M.; Citenga, A.; Cikaya, F.; Yungwe, Z.; Matondo, M.; Kasongo, F.; Tshiminyi, P.; Bulabula, J.; Nkawa, F.; Muhindo Milonde, E.; Kavira Kamaliro, A.; Paluku Kalimuli, Z.; Bodisa Matamu, T.; Mubalama Mufungizi, J.; Wiley, M. R.; Devos, E.; Bangwen, E.; Brosius, I.; Parker, E.; Pilarowski, G.; Liesenborghs, L.; Wawina Bokalanga, T.; Vercauteren, K.; Mukadi Bamuleka, D.; Subissi, L.; Muyembe, J.-J.; Kindrachuk, J.; Guichet, E.; Ayouba, A.; Rambaut, A.; Delaporte, E.; Tessema, S. K.; D'Ortenzio, E.; Rimoin, A. W.; Hensley, L. E.; Mbala Kingebeni, P.; Peeters, M.; Ahuka Mundeke, S."
PP_000ZQL4,Ia,None,Democratic Republic of the Congo,"Tshopo,Yahuma",2022-08-21,196684,0.9700672890182496,2024-12-09,"Kinganda Lusamaki, E.; Amuri Aziza, A.; Luakanda Ndelemo, G.; Hasivirwe Vakaniaki, E.; Fernandez Nunez, N.; Pratt, C. B.; Akil Bandali, P.; Makangara Cigolo, J.-C.; Hoff, N. A.; Sabiti Nundu, S.; Mulopo Mukanya, N.; Ngimba, M.; Modrada Madakpa, B.; Diavita, R.; Paku Tshambu, P.; Pukuta Simbu, E.; Merritt, S.; O'Toole, A.; Low, N.; Nkuba Ndaye, A.; Kavunga Membo, H.; Shongo, R.; Malembi, E.; Kalonji, T.; Kacita, C.; Lokilo Lofiko, E.; Kavira Bapitani, S.; Rilia, O.; Muswamba, P.-C.; Muyembe Mawete, F.; Lumembe, R.; Kabamba, G.; Kenye, M.; Citenga, A.; Cikaya, F.; Yungwe, Z.; Matondo, M.; Kasongo, F.; Tshiminyi, P.; Bulabula, J.; Nkawa, F.; Muhindo Milonde, E.; Kavira Kamaliro, A.; Paluku Kalimuli, Z.; Bodisa Matamu, T.; Mubalama Mufungizi, J.; Wiley, M. R.; Devos, E.; Bangwen, E.; Brosius, I.; Parker, E.; Pilarowski, G.; Liesenborghs, L.; Wawina Bokalanga, T.; Vercauteren, K.; Mukadi Bamuleka, D.; Subissi, L.; Muyembe, J.-J.; Kindrachuk, J.; Guichet, E.; Ayouba, A.; Rambaut, A.; Delaporte, E.; Tessema, S. K.; D'Ortenzio, E.; Rimoin, A. W.; Hensley, L. E.; Mbala Kingebeni, P.; Peeters, M.; Ahuka Mundeke, S."
PP_000ZQM2,Ia,None,Democratic Republic of the Congo,"Tshopo,Yahuma",2022-09-15,196783,0.9643373274039218,2024-12-09,"Kinganda Lusamaki, E.; Amuri Aziza, A.; Luakanda Ndelemo, G.; Hasivirwe Vakaniaki, E.; Fernandez Nunez, N.; Pratt, C. B.; Akil Bandali, P.; Makangara Cigolo, J.-C.; Hoff, N. A.; Sabiti Nundu, S.; Mulopo Mukanya, N.; Ngimba, M.; Modrada Madakpa, B.; Diavita, R.; Paku Tshambu, P.; Pukuta Simbu, E.; Merritt, S.; O'Toole, A.; Low, N.; Nkuba Ndaye, A.; Kavunga Membo, H.; Shongo, R.; Malembi, E.; Kalonji, T.; Kacita, C.; Lokilo Lofiko, E.; Kavira Bapitani, S.; Rilia, O.; Muswamba, P.-C.; Muyembe Mawete, F.; Lumembe, R.; Kabamba, G.; Kenye, M.; Citenga, A.; Cikaya, F.; Yungwe, Z.; Matondo, M.; Kasongo, F.; Tshiminyi, P.; Bulabula, J.; Nkawa, F.; Muhindo Milonde, E.; Kavira Kamaliro, A.; Paluku Kalimuli, Z.; Bodisa Matamu, T.; Mubalama Mufungizi, J.; Wiley, M. R.; Devos, E.; Bangwen, E.; Brosius, I.; Parker, E.; Pilarowski, G.; Liesenborghs, L.; Wawina Bokalanga, T.; Vercauteren, K.; Mukadi Bamuleka, D.; Subissi, L.; Muyembe, J.-J.; Kindrachuk, J.; Guichet, E.; Ayouba, A.; Rambaut, A.; Delaporte, E.; Tessema, S. K.; D'Ortenzio, E.; Rimoin, A. W.; Hensley, L. E.; Mbala Kingebeni, P.; Peeters, M.; Ahuka Mundeke, S."
PP_000ZQSS,Ia,None,Democratic Republic of the Congo,"Tshopo,Yahuma",2022-08-22,196602,0.8840367326034816,2024-12-09,"Kinganda Lusamaki, E.; Amuri Aziza, A.; Luakanda Ndelemo, G.; Hasivirwe Vakaniaki, E.; Fernandez Nunez, N.; Pratt, C. B.; Akil Bandali, P.; Makangara Cigolo, J.-C.; Hoff, N. A.; Sabiti Nundu, S.; Mulopo Mukanya, N.; Ngimba, M.; Modrada Madakpa, B.; Diavita, R.; Paku Tshambu, P.; Pukuta Simbu, E.; Merritt, S.; O'Toole, A.; Low, N.; Nkuba Ndaye, A.; Kavunga Membo, H.; Shongo, R.; Malembi, E.; Kalonji, T.; Kacita, C.; Lokilo Lofiko, E.; Kavira Bapitani, S.; Rilia, O.; Muswamba, P.-C.; Muyembe Mawete, F.; Lumembe, R.; Kabamba, G.; Kenye, M.; Citenga, A.; Cikaya, F.; Yungwe, Z.; Matondo, M.; Kasongo, F.; Tshiminyi, P.; Bulabula, J.; Nkawa, F.; Muhindo Milonde, E.; Kavira Kamaliro, A.; Paluku Kalimuli, Z.; Bodisa Matamu, T.; Mubalama Mufungizi, J.; Wiley, M. R.; Devos, E.; Bangwen, E.; Brosius, I.; Parker, E.; Pilarowski, G.; Liesenborghs, L.; Wawina Bokalanga, T.; Vercauteren, K.; Mukadi Bamuleka, D.; Subissi, L.; Muyembe, J.-J.; Kindrachuk, J.; Guichet, E.; Ayouba, A.; Rambaut, A.; Delaporte, E.; Tessema, S. K.; D'Ortenzio, E.; Rimoin, A. W.; Hensley, L. E.; Mbala Kingebeni, P.; Peeters, M.; Ahuka Mundeke, S."
PP_000ZQTQ,Ia,None,Democratic Republic of the Congo,"Equateur,Bolomba",2022-09-09,196640,0.9407684233478188,2024-12-09,"Kinganda Lusamaki, E.; Amuri Aziza, A.; Luakanda Ndelemo, G.; Hasivirwe Vakaniaki, E.; Fernandez Nunez, N.; Pratt, C. B.; Akil Bandali, P.; Makangara Cigolo, J.-C.; Hoff, N. A.; Sabiti Nundu, S.; Mulopo Mukanya, N.; Ngimba, M.; Modrada Madakpa, B.; Diavita, R.; Paku Tshambu, P.; Pukuta Simbu, E.; Merritt, S.; O'Toole, A.; Low, N.; Nkuba Ndaye, A.; Kavunga Membo, H.; Shongo, R.; Malembi, E.; Kalonji, T.; Kacita, C.; Lokilo Lofiko, E.; Kavira Bapitani, S.; Rilia, O.; Muswamba, P.-C.; Muyembe Mawete, F.; Lumembe, R.; Kabamba, G.; Kenye, M.; Citenga, A.; Cikaya, F.; Yungwe, Z.; Matondo, M.; Kasongo, F.; Tshiminyi, P.; Bulabula, J.; Nkawa, F.; Muhindo Milonde, E.; Kavira Kamaliro, A.; Paluku Kalimuli, Z.; Bodisa Matamu, T.; Mubalama Mufungizi, J.; Wiley, M. R.; Devos, E.; Bangwen, E.; Brosius, I.; Parker, E.; Pilarowski, G.; Liesenborghs, L.; Wawina Bokalanga, T.; Vercauteren, K.; Mukadi Bamuleka, D.; Subissi, L.; Muyembe, J.-J.; Kindrachuk, J.; Guichet, E.; Ayouba, A.; Rambaut, A.; Delaporte, E.; Tessema, S. K.; D'Ortenzio, E.; Rimoin, A. W.; Hensley, L. E.; Mbala Kingebeni, P.; Peeters, M.; Ahuka Mundeke, S."
PP_000ZRAQ,Ia,None,Democratic Republic of the Congo,"Equateur,Bolomba",2022-09-09,196719,0.9617563092962288,2024-12-09,"Kinganda Lusamaki, E.; Amuri Aziza, A.; Luakanda Ndelemo, G.; Hasivirwe Vakaniaki, E.; Fernandez Nunez, N.; Pratt, C. B.; Akil Bandali, P.; Makangara Cigolo, J.-C.; Hoff, N. A.; Sabiti Nundu, S.; Mulopo Mukanya, N.; Ngimba, M.; Modrada Madakpa, B.; Diavita, R.; Paku Tshambu, P.; Pukuta Simbu, E.; Merritt, S.; O'Toole, A.; Low, N.; Nkuba Ndaye, A.; Kavunga Membo, H.; Shongo, R.; Malembi, E.; Kalonji, T.; Kacita, C.; Lokilo Lofiko, E.; Kavira Bapitani, S.; Rilia, O.; Muswamba, P.-C.; Muyembe Mawete, F.; Lumembe, R.; Kabamba, G.; Kenye, M.; Citenga, A.; Cikaya, F.; Yungwe, Z.; Matondo, M.; Kasongo, F.; Tshiminyi, P.; Bulabula, J.; Nkawa, F.; Muhindo Milonde, E.; Kavira Kamaliro, A.; Paluku Kalimuli, Z.; Bodisa Matamu, T.; Mubalama Mufungizi, J.; Wiley, M. R.; Devos, E.; Bangwen, E.; Brosius, I.; Parker, E.; Pilarowski, G.; Liesenborghs, L.; Wawina Bokalanga, T.; Vercauteren, K.; Mukadi Bamuleka, D.; Subissi, L.; Muyembe, J.-J.; Kindrachuk, J.; Guichet, E.; Ayouba, A.; Rambaut, A.; Delaporte, E.; Tessema, S. K.; D'Ortenzio, E.; Rimoin, A. W.; Hensley, L. E.; Mbala Kingebeni, P.; Peeters, M.; Ahuka Mundeke, S."
PP_000ZRBN,Ia,None,Democratic Republic of the Congo,"Equateur,Bolomba",2022-09-09,196220,0.9090508039693928,2024-12-09,"Kinganda Lusamaki, E.; Amuri Aziza, A.; Luakanda Ndelemo, G.; Hasivirwe Vakaniaki, E.; Fernandez Nunez, N.; Pratt, C. B.; Akil Bandali, P.; Makangara Cigolo, J.-C.; Hoff, N. A.; Sabiti Nundu, S.; Mulopo Mukanya, N.; Ngimba, M.; Modrada Madakpa, B.; Diavita, R.; Paku Tshambu, P.; Pukuta Simbu, E.; Merritt, S.; O'Toole, A.; Low, N.; Nkuba Ndaye, A.; Kavunga Membo, H.; Shongo, R.; Malembi, E.; Kalonji, T.; Kacita, C.; Lokilo Lofiko, E.; Kavira Bapitani, S.; Rilia, O.; Muswamba, P.-C.; Muyembe Mawete, F.; Lumembe, R.; Kabamba, G.; Kenye, M.; Citenga, A.; Cikaya, F.; Yungwe, Z.; Matondo, M.; Kasongo, F.; Tshiminyi, P.; Bulabula, J.; Nkawa, F.; Muhindo Milonde, E.; Kavira Kamaliro, A.; Paluku Kalimuli, Z.; Bodisa Matamu, T.; Mubalama Mufungizi, J.; Wiley, M. R.; Devos, E.; Bangwen, E.; Brosius, I.; Parker, E.; Pilarowski, G.; Liesenborghs, L.; Wawina Bokalanga, T.; Vercauteren, K.; Mukadi Bamuleka, D.; Subissi, L.; Muyembe, J.-J.; Kindrachuk, J.; Guichet, E.; Ayouba, A.; Rambaut, A.; Delaporte, E.; Tessema, S. K.; D'Ortenzio, E.; Rimoin, A. W.; Hensley, L. E.; Mbala Kingebeni, P.; Peeters, M.; Ahuka Mundeke, S."
PP_000ZRCL,Ia,None,Democratic Republic of the Congo,"Equateur,Bolomba",2022-09-09,196807,0.9903756927929253,2024-12-09,"Kinganda Lusamaki, E.; Amuri Aziza, A.; Luakanda Ndelemo, G.; Hasivirwe Vakaniaki, E.; Fernandez Nunez, N.; Pratt, C. B.; Akil Bandali, P.; Makangara Cigolo, J.-C.; Hoff, N. A.; Sabiti Nundu, S.; Mulopo Mukanya, N.; Ngimba, M.; Modrada Madakpa, B.; Diavita, R.; Paku Tshambu, P.; Pukuta Simbu, E.; Merritt, S.; O'Toole, A.; Low, N.; Nkuba Ndaye, A.; Kavunga Membo, H.; Shongo, R.; Malembi, E.; Kalonji, T.; Kacita, C.; Lokilo Lofiko, E.; Kavira Bapitani, S.; Rilia, O.; Muswamba, P.-C.; Muyembe Mawete, F.; Lumembe, R.; Kabamba, G.; Kenye, M.; Citenga, A.; Cikaya, F.; Yungwe, Z.; Matondo, M.; Kasongo, F.; Tshiminyi, P.; Bulabula, J.; Nkawa, F.; Muhindo Milonde, E.; Kavira Kamaliro, A.; Paluku Kalimuli, Z.; Bodisa Matamu, T.; Mubalama Mufungizi, J.; Wiley, M. R.; Devos, E.; Bangwen, E.; Brosius, I.; Parker, E.; Pilarowski, G.; Liesenborghs, L.; Wawina Bokalanga, T.; Vercauteren, K.; Mukadi Bamuleka, D.; Subissi, L.; Muyembe, J.-J.; Kindrachuk, J.; Guichet, E.; Ayouba, A.; Rambaut, A.; Delaporte, E.; Tessema, S. K.; D'Ortenzio, E.; Rimoin, A. W.; Hensley, L. E.; Mbala Kingebeni, P.; Peeters, M.; Ahuka Mundeke, S."
PP_000ZRM1,Ia,None,Democratic Republic of the Congo,"Equateur,Bolomba",2022-09-09,196691,0.9933268765624288,2024-12-09,"Kinganda Lusamaki, E.; Amuri Aziza, A.; Luakanda Ndelemo, G.; Hasivirwe Vakaniaki, E.; Fernandez Nunez, N.; Pratt, C. B.; Akil Bandali, P.; Makangara Cigolo, J.-C.; Hoff, N. A.; Sabiti Nundu, S.; Mulopo Mukanya, N.; Ngimba, M.; Modrada Madakpa, B.; Diavita, R.; Paku Tshambu, P.; Pukuta Simbu, E.; Merritt, S.; O'Toole, A.; Low, N.; Nkuba Ndaye, A.; Kavunga Membo, H.; Shongo, R.; Malembi, E.; Kalonji, T.; Kacita, C.; Lokilo Lofiko, E.; Kavira Bapitani, S.; Rilia, O.; Muswamba, P.-C.; Muyembe Mawete, F.; Lumembe, R.; Kabamba, G.; Kenye, M.; Citenga, A.; Cikaya, F.; Yungwe, Z.; Matondo, M.; Kasongo, F.; Tshiminyi, P.; Bulabula, J.; Nkawa, F.; Muhindo Milonde, E.; Kavira Kamaliro, A.; Paluku Kalimuli, Z.; Bodisa Matamu, T.; Mubalama Mufungizi, J.; Wiley, M. R.; Devos, E.; Bangwen, E.; Brosius, I.; Parker, E.; Pilarowski, G.; Liesenborghs, L.; Wawina Bokalanga, T.; Vercauteren, K.; Mukadi Bamuleka, D.; Subissi, L.; Muyembe, J.-J.; Kindrachuk, J.; Guichet, E.; Ayouba, A.; Rambaut, A.; Delaporte, E.; Tessema, S. K.; D'Ortenzio, E.; Rimoin, A. W.; Hensley, L. E.; Mbala Kingebeni, P.; Peeters, M.; Ahuka Mundeke, S."
PP_000ZRNZ,Ia,None,Democratic Republic of the Congo,"Tshopo,Yalimbongo",2022-09-23,196875,0.9481260997216152,2024-12-09,"Kinganda Lusamaki, E.; Amuri Aziza, A.; Luakanda Ndelemo, G.; Hasivirwe Vakaniaki, E.; Fernandez Nunez, N.; Pratt, C. B.; Akil Bandali, P.; Makangara Cigolo, J.-C.; Hoff, N. A.; Sabiti Nundu, S.; Mulopo Mukanya, N.; Ngimba, M.; Modrada Madakpa, B.; Diavita, R.; Paku Tshambu, P.; Pukuta Simbu, E.; Merritt, S.; O'Toole, A.; Low, N.; Nkuba Ndaye, A.; Kavunga Membo, H.; Shongo, R.; Malembi, E.; Kalonji, T.; Kacita, C.; Lokilo Lofiko, E.; Kavira Bapitani, S.; Rilia, O.; Muswamba, P.-C.; Muyembe Mawete, F.; Lumembe, R.; Kabamba, G.; Kenye, M.; Citenga, A.; Cikaya, F.; Yungwe, Z.; Matondo, M.; Kasongo, F.; Tshiminyi, P.; Bulabula, J.; Nkawa, F.; Muhindo Milonde, E.; Kavira Kamaliro, A.; Paluku Kalimuli, Z.; Bodisa Matamu, T.; Mubalama Mufungizi, J.; Wiley, M. R.; Devos, E.; Bangwen, E.; Brosius, I.; Parker, E.; Pilarowski, G.; Liesenborghs, L.; Wawina Bokalanga, T.; Vercauteren, K.; Mukadi Bamuleka, D.; Subissi, L.; Muyembe, J.-J.; Kindrachuk, J.; Guichet, E.; Ayouba, A.; Rambaut, A.; Delaporte, E.; Tessema, S. K.; D'Ortenzio, E.; Rimoin, A. W.; Hensley, L. E.; Mbala Kingebeni, P.; Peeters, M.; Ahuka Mundeke, S."
PP_000ZRPX,Ia,None,Democratic Republic of the Congo,"Haut-Uele,Isiro",2022-09-03,196627,0.969184976344893,2024-12-09,"Kinganda Lusamaki, E.; Amuri Aziza, A.; Luakanda Ndelemo, G.; Hasivirwe Vakaniaki, E.; Fernandez Nunez, N.; Pratt, C. B.; Akil Bandali, P.; Makangara Cigolo, J.-C.; Hoff, N. A.; Sabiti Nundu, S.; Mulopo Mukanya, N.; Ngimba, M.; Modrada Madakpa, B.; Diavita, R.; Paku Tshambu, P.; Pukuta Simbu, E.; Merritt, S.; O'Toole, A.; Low, N.; Nkuba Ndaye, A.; Kavunga Membo, H.; Shongo, R.; Malembi, E.; Kalonji, T.; Kacita, C.; Lokilo Lofiko, E.; Kavira Bapitani, S.; Rilia, O.; Muswamba, P.-C.; Muyembe Mawete, F.; Lumembe, R.; Kabamba, G.; Kenye, M.; Citenga, A.; Cikaya, F.; Yungwe, Z.; Matondo, M.; Kasongo, F.; Tshiminyi, P.; Bulabula, J.; Nkawa, F.; Muhindo Milonde, E.; Kavira Kamaliro, A.; Paluku Kalimuli, Z.; Bodisa Matamu, T.; Mubalama Mufungizi, J.; Wiley, M. R.; Devos, E.; Bangwen, E.; Brosius, I.; Parker, E.; Pilarowski, G.; Liesenborghs, L.; Wawina Bokalanga, T.; Vercauteren, K.; Mukadi Bamuleka, D.; Subissi, L.; Muyembe, J.-J.; Kindrachuk, J.; Guichet, E.; Ayouba, A.; Rambaut, A.; Delaporte, E.; Tessema, S. K.; D'Ortenzio, E.; Rimoin, A. W.; Hensley, L. E.; Mbala Kingebeni, P.; Peeters, M.; Ahuka Mundeke, S."
PP_000ZRYD,Ia,None,Democratic Republic of the Congo,"Kwilu,Bandundu",2022-10-06,184111,0.8455293622502016,2024-12-09,"Kinganda Lusamaki, E.; Amuri Aziza, A.; Luakanda Ndelemo, G.; Hasivirwe Vakaniaki, E.; Fernandez Nunez, N.; Pratt, C. B.; Akil Bandali, P.; Makangara Cigolo, J.-C.; Hoff, N. A.; Sabiti Nundu, S.; Mulopo Mukanya, N.; Ngimba, M.; Modrada Madakpa, B.; Diavita, R.; Paku Tshambu, P.; Pukuta Simbu, E.; Merritt, S.; O'Toole, A.; Low, N.; Nkuba Ndaye, A.; Kavunga Membo, H.; Shongo, R.; Malembi, E.; Kalonji, T.; Kacita, C.; Lokilo Lofiko, E.; Kavira Bapitani, S.; Rilia, O.; Muswamba, P.-C.; Muyembe Mawete, F.; Lumembe, R.; Kabamba, G.; Kenye, M.; Citenga, A.; Cikaya, F.; Yungwe, Z.; Matondo, M.; Kasongo, F.; Tshiminyi, P.; Bulabula, J.; Nkawa, F.; Muhindo Milonde, E.; Kavira Kamaliro, A.; Paluku Kalimuli, Z.; Bodisa Matamu, T.; Mubalama Mufungizi, J.; Wiley, M. R.; Devos, E.; Bangwen, E.; Brosius, I.; Parker, E.; Pilarowski, G.; Liesenborghs, L.; Wawina Bokalanga, T.; Vercauteren, K.; Mukadi Bamuleka, D.; Subissi, L.; Muyembe, J.-J.; Kindrachuk, J.; Guichet, E.; Ayouba, A.; Rambaut, A.; Delaporte, E.; Tessema, S. K.; D'Ortenzio, E.; Rimoin, A. W.; Hensley, L. E.; Mbala Kingebeni, P.; Peeters, M.; Ahuka Mundeke, S."
PP_000ZS7V,Ia,None,Democratic Republic of the Congo,"Equateur,Bolomba",2022-09-30,196672,0.9444092308160378,2024-12-09,"Kinganda Lusamaki, E.; Amuri Aziza, A.; Luakanda Ndelemo, G.; Hasivirwe Vakaniaki, E.; Fernandez Nunez, N.; Pratt, C. B.; Akil Bandali, P.; Makangara Cigolo, J.-C.; Hoff, N. A.; Sabiti Nundu, S.; Mulopo Mukanya, N.; Ngimba, M.; Modrada Madakpa, B.; Diavita, R.; Paku Tshambu, P.; Pukuta Simbu, E.; Merritt, S.; O'Toole, A.; Low, N.; Nkuba Ndaye, A.; Kavunga Membo, H.; Shongo, R.; Malembi, E.; Kalonji, T.; Kacita, C.; Lokilo Lofiko, E.; Kavira Bapitani, S.; Rilia, O.; Muswamba, P.-C.; Muyembe Mawete, F.; Lumembe, R.; Kabamba, G.; Kenye, M.; Citenga, A.; Cikaya, F.; Yungwe, Z.; Matondo, M.; Kasongo, F.; Tshiminyi, P.; Bulabula, J.; Nkawa, F.; Muhindo Milonde, E.; Kavira Kamaliro, A.; Paluku Kalimuli, Z.; Bodisa Matamu, T.; Mubalama Mufungizi, J.; Wiley, M. R.; Devos, E.; Bangwen, E.; Brosius, I.; Parker, E.; Pilarowski, G.; Liesenborghs, L.; Wawina Bokalanga, T.; Vercauteren, K.; Mukadi Bamuleka, D.; Subissi, L.; Muyembe, J.-J.; Kindrachuk, J.; Guichet, E.; Ayouba, A.; Rambaut, A.; Delaporte, E.; Tessema, S. K.; D'Ortenzio, E.; Rimoin, A. W.; Hensley, L. E.; Mbala Kingebeni, P.; Peeters, M.; Ahuka Mundeke, S."
PP_000ZS8T,Ia,None,Democratic Republic of the Congo,"Equateur,Bolomba",2022-09-30,196618,0.9370414129172604,2024-12-09,"Kinganda Lusamaki, E.; Amuri Aziza, A.; Luakanda Ndelemo, G.; Hasivirwe Vakaniaki, E.; Fernandez Nunez, N.; Pratt, C. B.; Akil Bandali, P.; Makangara Cigolo, J.-C.; Hoff, N. A.; Sabiti Nundu, S.; Mulopo Mukanya, N.; Ngimba, M.; Modrada Madakpa, B.; Diavita, R.; Paku Tshambu, P.; Pukuta Simbu, E.; Merritt, S.; O'Toole, A.; Low, N.; Nkuba Ndaye, A.; Kavunga Membo, H.; Shongo, R.; Malembi, E.; Kalonji, T.; Kacita, C.; Lokilo Lofiko, E.; Kavira Bapitani, S.; Rilia, O.; Muswamba, P.-C.; Muyembe Mawete, F.; Lumembe, R.; Kabamba, G.; Kenye, M.; Citenga, A.; Cikaya, F.; Yungwe, Z.; Matondo, M.; Kasongo, F.; Tshiminyi, P.; Bulabula, J.; Nkawa, F.; Muhindo Milonde, E.; Kavira Kamaliro, A.; Paluku Kalimuli, Z.; Bodisa Matamu, T.; Mubalama Mufungizi, J.; Wiley, M. R.; Devos, E.; Bangwen, E.; Brosius, I.; Parker, E.; Pilarowski, G.; Liesenborghs, L.; Wawina Bokalanga, T.; Vercauteren, K.; Mukadi Bamuleka, D.; Subissi, L.; Muyembe, J.-J.; Kindrachuk, J.; Guichet, E.; Ayouba, A.; Rambaut, A.; Delaporte, E.; Tessema, S. K.; D'Ortenzio, E.; Rimoin, A. W.; Hensley, L. E.; Mbala Kingebeni, P.; Peeters, M.; Ahuka Mundeke, S."
PP_000ZS9R,Ia,None,Democratic Republic of the Congo,"Equateur,Bolomba",2022-09-30,196632,0.9413008534093272,2024-12-09,"Kinganda Lusamaki, E.; Amuri Aziza, A.; Luakanda Ndelemo, G.; Hasivirwe Vakaniaki, E.; Fernandez Nunez, N.; Pratt, C. B.; Akil Bandali, P.; Makangara Cigolo, J.-C.; Hoff, N. A.; Sabiti Nundu, S.; Mulopo Mukanya, N.; Ngimba, M.; Modrada Madakpa, B.; Diavita, R.; Paku Tshambu, P.; Pukuta Simbu, E.; Merritt, S.; O'Toole, A.; Low, N.; Nkuba Ndaye, A.; Kavunga Membo, H.; Shongo, R.; Malembi, E.; Kalonji, T.; Kacita, C.; Lokilo Lofiko, E.; Kavira Bapitani, S.; Rilia, O.; Muswamba, P.-C.; Muyembe Mawete, F.; Lumembe, R.; Kabamba, G.; Kenye, M.; Citenga, A.; Cikaya, F.; Yungwe, Z.; Matondo, M.; Kasongo, F.; Tshiminyi, P.; Bulabula, J.; Nkawa, F.; Muhindo Milonde, E.; Kavira Kamaliro, A.; Paluku Kalimuli, Z.; Bodisa Matamu, T.; Mubalama Mufungizi, J.; Wiley, M. R.; Devos, E.; Bangwen, E.; Brosius, I.; Parker, E.; Pilarowski, G.; Liesenborghs, L.; Wawina Bokalanga, T.; Vercauteren, K.; Mukadi Bamuleka, D.; Subissi, L.; Muyembe, J.-J.; Kindrachuk, J.; Guichet, E.; Ayouba, A.; Rambaut, A.; Delaporte, E.; Tessema, S. K.; D'Ortenzio, E.; Rimoin, A. W.; Hensley, L. E.; Mbala Kingebeni, P.; Peeters, M.; Ahuka Mundeke, S."
PP_000ZSJ6,Ia,None,Democratic Republic of the Congo,"Equateur,Bolomba",2022-10-01,196775,0.9937629621366164,2024-12-09,"Kinganda Lusamaki, E.; Amuri Aziza, A.; Luakanda Ndelemo, G.; Hasivirwe Vakaniaki, E.; Fernandez Nunez, N.; Pratt, C. B.; Akil Bandali, P.; Makangara Cigolo, J.-C.; Hoff, N. A.; Sabiti Nundu, S.; Mulopo Mukanya, N.; Ngimba, M.; Modrada Madakpa, B.; Diavita, R.; Paku Tshambu, P.; Pukuta Simbu, E.; Merritt, S.; O'Toole, A.; Low, N.; Nkuba Ndaye, A.; Kavunga Membo, H.; Shongo, R.; Malembi, E.; Kalonji, T.; Kacita, C.; Lokilo Lofiko, E.; Kavira Bapitani, S.; Rilia, O.; Muswamba, P.-C.; Muyembe Mawete, F.; Lumembe, R.; Kabamba, G.; Kenye, M.; Citenga, A.; Cikaya, F.; Yungwe, Z.; Matondo, M.; Kasongo, F.; Tshiminyi, P.; Bulabula, J.; Nkawa, F.; Muhindo Milonde, E.; Kavira Kamaliro, A.; Paluku Kalimuli, Z.; Bodisa Matamu, T.; Mubalama Mufungizi, J.; Wiley, M. R.; Devos, E.; Bangwen, E.; Brosius, I.; Parker, E.; Pilarowski, G.; Liesenborghs, L.; Wawina Bokalanga, T.; Vercauteren, K.; Mukadi Bamuleka, D.; Subissi, L.; Muyembe, J.-J.; Kindrachuk, J.; Guichet, E.; Ayouba, A.; Rambaut, A.; Delaporte, E.; Tessema, S. K.; D'Ortenzio, E.; Rimoin, A. W.; Hensley, L. E.; Mbala Kingebeni, P.; Peeters, M.; Ahuka Mundeke, S."
PP_000ZSSQ,Ia,None,Democratic Republic of the Congo,"Equateur,Bolomba",2022-10-01,196866,0.999132899614115,2024-12-09,"Kinganda Lusamaki, E.; Amuri Aziza, A.; Luakanda Ndelemo, G.; Hasivirwe Vakaniaki, E.; Fernandez Nunez, N.; Pratt, C. B.; Akil Bandali, P.; Makangara Cigolo, J.-C.; Hoff, N. A.; Sabiti Nundu, S.; Mulopo Mukanya, N.; Ngimba, M.; Modrada Madakpa, B.; Diavita, R.; Paku Tshambu, P.; Pukuta Simbu, E.; Merritt, S.; O'Toole, A.; Low, N.; Nkuba Ndaye, A.; Kavunga Membo, H.; Shongo, R.; Malembi, E.; Kalonji, T.; Kacita, C.; Lokilo Lofiko, E.; Kavira Bapitani, S.; Rilia, O.; Muswamba, P.-C.; Muyembe Mawete, F.; Lumembe, R.; Kabamba, G.; Kenye, M.; Citenga, A.; Cikaya, F.; Yungwe, Z.; Matondo, M.; Kasongo, F.; Tshiminyi, P.; Bulabula, J.; Nkawa, F.; Muhindo Milonde, E.; Kavira Kamaliro, A.; Paluku Kalimuli, Z.; Bodisa Matamu, T.; Mubalama Mufungizi, J.; Wiley, M. R.; Devos, E.; Bangwen, E.; Brosius, I.; Parker, E.; Pilarowski, G.; Liesenborghs, L.; Wawina Bokalanga, T.; Vercauteren, K.; Mukadi Bamuleka, D.; Subissi, L.; Muyembe, J.-J.; Kindrachuk, J.; Guichet, E.; Ayouba, A.; Rambaut, A.; Delaporte, E.; Tessema, S. K.; D'Ortenzio, E.; Rimoin, A. W.; Hensley, L. E.; Mbala Kingebeni, P.; Peeters, M.; Ahuka Mundeke, S."
PP_000ZSTN,Ia,None,Democratic Republic of the Congo,"Equateur,Bolomba",2022-10-01,196796,0.9991836072390206,2024-12-09,"Kinganda Lusamaki, E.; Amuri Aziza, A.; Luakanda Ndelemo, G.; Hasivirwe Vakaniaki, E.; Fernandez Nunez, N.; Pratt, C. B.; Akil Bandali, P.; Makangara Cigolo, J.-C.; Hoff, N. A.; Sabiti Nundu, S.; Mulopo Mukanya, N.; Ngimba, M.; Modrada Madakpa, B.; Diavita, R.; Paku Tshambu, P.; Pukuta Simbu, E.; Merritt, S.; O'Toole, A.; Low, N.; Nkuba Ndaye, A.; Kavunga Membo, H.; Shongo, R.; Malembi, E.; Kalonji, T.; Kacita, C.; Lokilo Lofiko, E.; Kavira Bapitani, S.; Rilia, O.; Muswamba, P.-C.; Muyembe Mawete, F.; Lumembe, R.; Kabamba, G.; Kenye, M.; Citenga, A.; Cikaya, F.; Yungwe, Z.; Matondo, M.; Kasongo, F.; Tshiminyi, P.; Bulabula, J.; Nkawa, F.; Muhindo Milonde, E.; Kavira Kamaliro, A.; Paluku Kalimuli, Z.; Bodisa Matamu, T.; Mubalama Mufungizi, J.; Wiley, M. R.; Devos, E.; Bangwen, E.; Brosius, I.; Parker, E.; Pilarowski, G.; Liesenborghs, L.; Wawina Bokalanga, T.; Vercauteren, K.; Mukadi Bamuleka, D.; Subissi, L.; Muyembe, J.-J.; Kindrachuk, J.; Guichet, E.; Ayouba, A.; Rambaut, A.; Delaporte, E.; Tessema, S. K.; D'Ortenzio, E.; Rimoin, A. W.; Hensley, L. E.; Mbala Kingebeni, P.; Peeters, M.; Ahuka Mundeke, S."
PP_000ZT16,Ia,None,Democratic Republic of the Congo,"Equateur,Bolomba",2022-10-01,196834,0.98731802301112,2024-12-09,"Kinganda Lusamaki, E.; Amuri Aziza, A.; Luakanda Ndelemo, G.; Hasivirwe Vakaniaki, E.; Fernandez Nunez, N.; Pratt, C. B.; Akil Bandali, P.; Makangara Cigolo, J.-C.; Hoff, N. A.; Sabiti Nundu, S.; Mulopo Mukanya, N.; Ngimba, M.; Modrada Madakpa, B.; Diavita, R.; Paku Tshambu, P.; Pukuta Simbu, E.; Merritt, S.; O'Toole, A.; Low, N.; Nkuba Ndaye, A.; Kavunga Membo, H.; Shongo, R.; Malembi, E.; Kalonji, T.; Kacita, C.; Lokilo Lofiko, E.; Kavira Bapitani, S.; Rilia, O.; Muswamba, P.-C.; Muyembe Mawete, F.; Lumembe, R.; Kabamba, G.; Kenye, M.; Citenga, A.; Cikaya, F.; Yungwe, Z.; Matondo, M.; Kasongo, F.; Tshiminyi, P.; Bulabula, J.; Nkawa, F.; Muhindo Milonde, E.; Kavira Kamaliro, A.; Paluku Kalimuli, Z.; Bodisa Matamu, T.; Mubalama Mufungizi, J.; Wiley, M. R.; Devos, E.; Bangwen, E.; Brosius, I.; Parker, E.; Pilarowski, G.; Liesenborghs, L.; Wawina Bokalanga, T.; Vercauteren, K.; Mukadi Bamuleka, D.; Subissi, L.; Muyembe, J.-J.; Kindrachuk, J.; Guichet, E.; Ayouba, A.; Rambaut, A.; Delaporte, E.; Tessema, S. K.; D'Ortenzio, E.; Rimoin, A. W.; Hensley, L. E.; Mbala Kingebeni, P.; Peeters, M.; Ahuka Mundeke, S."
PP_000ZT24,Ia,None,Democratic Republic of the Congo,"Equateur,Bolomba",2022-10-01,196666,0.9446069905531694,2024-12-09,"Kinganda Lusamaki, E.; Amuri Aziza, A.; Luakanda Ndelemo, G.; Hasivirwe Vakaniaki, E.; Fernandez Nunez, N.; Pratt, C. B.; Akil Bandali, P.; Makangara Cigolo, J.-C.; Hoff, N. A.; Sabiti Nundu, S.; Mulopo Mukanya, N.; Ngimba, M.; Modrada Madakpa, B.; Diavita, R.; Paku Tshambu, P.; Pukuta Simbu, E.; Merritt, S.; O'Toole, A.; Low, N.; Nkuba Ndaye, A.; Kavunga Membo, H.; Shongo, R.; Malembi, E.; Kalonji, T.; Kacita, C.; Lokilo Lofiko, E.; Kavira Bapitani, S.; Rilia, O.; Muswamba, P.-C.; Muyembe Mawete, F.; Lumembe, R.; Kabamba, G.; Kenye, M.; Citenga, A.; Cikaya, F.; Yungwe, Z.; Matondo, M.; Kasongo, F.; Tshiminyi, P.; Bulabula, J.; Nkawa, F.; Muhindo Milonde, E.; Kavira Kamaliro, A.; Paluku Kalimuli, Z.; Bodisa Matamu, T.; Mubalama Mufungizi, J.; Wiley, M. R.; Devos, E.; Bangwen, E.; Brosius, I.; Parker, E.; Pilarowski, G.; Liesenborghs, L.; Wawina Bokalanga, T.; Vercauteren, K.; Mukadi Bamuleka, D.; Subissi, L.; Muyembe, J.-J.; Kindrachuk, J.; Guichet, E.; Ayouba, A.; Rambaut, A.; Delaporte, E.; Tessema, S. K.; D'Ortenzio, E.; Rimoin, A. W.; Hensley, L. E.; Mbala Kingebeni, P.; Peeters, M.; Ahuka Mundeke, S."
PP_000ZTAN,Ia,None,Democratic Republic of the Congo,"Equateur,Bolomba",2022-10-01,196738,0.970270119517872,2024-12-09,"Kinganda Lusamaki, E.; Amuri Aziza, A.; Luakanda Ndelemo, G.; Hasivirwe Vakaniaki, E.; Fernandez Nunez, N.; Pratt, C. B.; Akil Bandali, P.; Makangara Cigolo, J.-C.; Hoff, N. A.; Sabiti Nundu, S.; Mulopo Mukanya, N.; Ngimba, M.; Modrada Madakpa, B.; Diavita, R.; Paku Tshambu, P.; Pukuta Simbu, E.; Merritt, S.; O'Toole, A.; Low, N.; Nkuba Ndaye, A.; Kavunga Membo, H.; Shongo, R.; Malembi, E.; Kalonji, T.; Kacita, C.; Lokilo Lofiko, E.; Kavira Bapitani, S.; Rilia, O.; Muswamba, P.-C.; Muyembe Mawete, F.; Lumembe, R.; Kabamba, G.; Kenye, M.; Citenga, A.; Cikaya, F.; Yungwe, Z.; Matondo, M.; Kasongo, F.; Tshiminyi, P.; Bulabula, J.; Nkawa, F.; Muhindo Milonde, E.; Kavira Kamaliro, A.; Paluku Kalimuli, Z.; Bodisa Matamu, T.; Mubalama Mufungizi, J.; Wiley, M. R.; Devos, E.; Bangwen, E.; Brosius, I.; Parker, E.; Pilarowski, G.; Liesenborghs, L.; Wawina Bokalanga, T.; Vercauteren, K.; Mukadi Bamuleka, D.; Subissi, L.; Muyembe, J.-J.; Kindrachuk, J.; Guichet, E.; Ayouba, A.; Rambaut, A.; Delaporte, E.; Tessema, S. K.; D'Ortenzio, E.; Rimoin, A. W.; Hensley, L. E.; Mbala Kingebeni, P.; Peeters, M.; Ahuka Mundeke, S."
PP_000ZTBL,Ia,None,Democratic Republic of the Congo,"Equateur,Bolomba",2022-10-01,196813,0.9811925419225288,2024-12-09,"Kinganda Lusamaki, E.; Amuri Aziza, A.; Luakanda Ndelemo, G.; Hasivirwe Vakaniaki, E.; Fernandez Nunez, N.; Pratt, C. B.; Akil Bandali, P.; Makangara Cigolo, J.-C.; Hoff, N. A.; Sabiti Nundu, S.; Mulopo Mukanya, N.; Ngimba, M.; Modrada Madakpa, B.; Diavita, R.; Paku Tshambu, P.; Pukuta Simbu, E.; Merritt, S.; O'Toole, A.; Low, N.; Nkuba Ndaye, A.; Kavunga Membo, H.; Shongo, R.; Malembi, E.; Kalonji, T.; Kacita, C.; Lokilo Lofiko, E.; Kavira Bapitani, S.; Rilia, O.; Muswamba, P.-C.; Muyembe Mawete, F.; Lumembe, R.; Kabamba, G.; Kenye, M.; Citenga, A.; Cikaya, F.; Yungwe, Z.; Matondo, M.; Kasongo, F.; Tshiminyi, P.; Bulabula, J.; Nkawa, F.; Muhindo Milonde, E.; Kavira Kamaliro, A.; Paluku Kalimuli, Z.; Bodisa Matamu, T.; Mubalama Mufungizi, J.; Wiley, M. R.; Devos, E.; Bangwen, E.; Brosius, I.; Parker, E.; Pilarowski, G.; Liesenborghs, L.; Wawina Bokalanga, T.; Vercauteren, K.; Mukadi Bamuleka, D.; Subissi, L.; Muyembe, J.-J.; Kindrachuk, J.; Guichet, E.; Ayouba, A.; Rambaut, A.; Delaporte, E.; Tessema, S. K.; D'Ortenzio, E.; Rimoin, A. W.; Hensley, L. E.; Mbala Kingebeni, P.; Peeters, M.; Ahuka Mundeke, S."
PP_000ZWDD,Ia,None,Democratic Republic of the Congo,"Tshopo,Yakusu",2022-10-17,196672,0.9361236049064696,2024-12-09,"Kinganda Lusamaki, E.; Amuri Aziza, A.; Luakanda Ndelemo, G.; Hasivirwe Vakaniaki, E.; Fernandez Nunez, N.; Pratt, C. B.; Akil Bandali, P.; Makangara Cigolo, J.-C.; Hoff, N. A.; Sabiti Nundu, S.; Mulopo Mukanya, N.; Ngimba, M.; Modrada Madakpa, B.; Diavita, R.; Paku Tshambu, P.; Pukuta Simbu, E.; Merritt, S.; O'Toole, A.; Low, N.; Nkuba Ndaye, A.; Kavunga Membo, H.; Shongo, R.; Malembi, E.; Kalonji, T.; Kacita, C.; Lokilo Lofiko, E.; Kavira Bapitani, S.; Rilia, O.; Muswamba, P.-C.; Muyembe Mawete, F.; Lumembe, R.; Kabamba, G.; Kenye, M.; Citenga, A.; Cikaya, F.; Yungwe, Z.; Matondo, M.; Kasongo, F.; Tshiminyi, P.; Bulabula, J.; Nkawa, F.; Muhindo Milonde, E.; Kavira Kamaliro, A.; Paluku Kalimuli, Z.; Bodisa Matamu, T.; Mubalama Mufungizi, J.; Wiley, M. R.; Devos, E.; Bangwen, E.; Brosius, I.; Parker, E.; Pilarowski, G.; Liesenborghs, L.; Wawina Bokalanga, T.; Vercauteren, K.; Mukadi Bamuleka, D.; Subissi, L.; Muyembe, J.-J.; Kindrachuk, J.; Guichet, E.; Ayouba, A.; Rambaut, A.; Delaporte, E.; Tessema, S. K.; D'Ortenzio, E.; Rimoin, A. W.; Hensley, L. E.; Mbala Kingebeni, P.; Peeters, M.; Ahuka Mundeke, S."
PP_000ZWEB,Ia,None,Democratic Republic of the Congo,"Tshopo,Yakusu",2022-09-16,196711,0.949246738232028,2024-12-09,"Kinganda Lusamaki, E.; Amuri Aziza, A.; Luakanda Ndelemo, G.; Hasivirwe Vakaniaki, E.; Fernandez Nunez, N.; Pratt, C. B.; Akil Bandali, P.; Makangara Cigolo, J.-C.; Hoff, N. A.; Sabiti Nundu, S.; Mulopo Mukanya, N.; Ngimba, M.; Modrada Madakpa, B.; Diavita, R.; Paku Tshambu, P.; Pukuta Simbu, E.; Merritt, S.; O'Toole, A.; Low, N.; Nkuba Ndaye, A.; Kavunga Membo, H.; Shongo, R.; Malembi, E.; Kalonji, T.; Kacita, C.; Lokilo Lofiko, E.; Kavira Bapitani, S.; Rilia, O.; Muswamba, P.-C.; Muyembe Mawete, F.; Lumembe, R.; Kabamba, G.; Kenye, M.; Citenga, A.; Cikaya, F.; Yungwe, Z.; Matondo, M.; Kasongo, F.; Tshiminyi, P.; Bulabula, J.; Nkawa, F.; Muhindo Milonde, E.; Kavira Kamaliro, A.; Paluku Kalimuli, Z.; Bodisa Matamu, T.; Mubalama Mufungizi, J.; Wiley, M. R.; Devos, E.; Bangwen, E.; Brosius, I.; Parker, E.; Pilarowski, G.; Liesenborghs, L.; Wawina Bokalanga, T.; Vercauteren, K.; Mukadi Bamuleka, D.; Subissi, L.; Muyembe, J.-J.; Kindrachuk, J.; Guichet, E.; Ayouba, A.; Rambaut, A.; Delaporte, E.; Tessema, S. K.; D'Ortenzio, E.; Rimoin, A. W.; Hensley, L. E.; Mbala Kingebeni, P.; Peeters, M.; Ahuka Mundeke, S."
PP_000ZWF9,Ia,None,Democratic Republic of the Congo,"Tshopo,Yakusu",2022-09-19,196737,0.9696768403064768,2024-12-09,"Kinganda Lusamaki, E.; Amuri Aziza, A.; Luakanda Ndelemo, G.; Hasivirwe Vakaniaki, E.; Fernandez Nunez, N.; Pratt, C. B.; Akil Bandali, P.; Makangara Cigolo, J.-C.; Hoff, N. A.; Sabiti Nundu, S.; Mulopo Mukanya, N.; Ngimba, M.; Modrada Madakpa, B.; Diavita, R.; Paku Tshambu, P.; Pukuta Simbu, E.; Merritt, S.; O'Toole, A.; Low, N.; Nkuba Ndaye, A.; Kavunga Membo, H.; Shongo, R.; Malembi, E.; Kalonji, T.; Kacita, C.; Lokilo Lofiko, E.; Kavira Bapitani, S.; Rilia, O.; Muswamba, P.-C.; Muyembe Mawete, F.; Lumembe, R.; Kabamba, G.; Kenye, M.; Citenga, A.; Cikaya, F.; Yungwe, Z.; Matondo, M.; Kasongo, F.; Tshiminyi, P.; Bulabula, J.; Nkawa, F.; Muhindo Milonde, E.; Kavira Kamaliro, A.; Paluku Kalimuli, Z.; Bodisa Matamu, T.; Mubalama Mufungizi, J.; Wiley, M. R.; Devos, E.; Bangwen, E.; Brosius, I.; Parker, E.; Pilarowski, G.; Liesenborghs, L.; Wawina Bokalanga, T.; Vercauteren, K.; Mukadi Bamuleka, D.; Subissi, L.; Muyembe, J.-J.; Kindrachuk, J.; Guichet, E.; Ayouba, A.; Rambaut, A.; Delaporte, E.; Tessema, S. K.; D'Ortenzio, E.; Rimoin, A. W.; Hensley, L. E.; Mbala Kingebeni, P.; Peeters, M.; Ahuka Mundeke, S."
PP_000ZWG7,Ia,None,Democratic Republic of the Congo,"Tshopo,Yakusu",2022-10-03,196580,0.9360678265190736,2024-12-09,"Kinganda Lusamaki, E.; Amuri Aziza, A.; Luakanda Ndelemo, G.; Hasivirwe Vakaniaki, E.; Fernandez Nunez, N.; Pratt, C. B.; Akil Bandali, P.; Makangara Cigolo, J.-C.; Hoff, N. A.; Sabiti Nundu, S.; Mulopo Mukanya, N.; Ngimba, M.; Modrada Madakpa, B.; Diavita, R.; Paku Tshambu, P.; Pukuta Simbu, E.; Merritt, S.; O'Toole, A.; Low, N.; Nkuba Ndaye, A.; Kavunga Membo, H.; Shongo, R.; Malembi, E.; Kalonji, T.; Kacita, C.; Lokilo Lofiko, E.; Kavira Bapitani, S.; Rilia, O.; Muswamba, P.-C.; Muyembe Mawete, F.; Lumembe, R.; Kabamba, G.; Kenye, M.; Citenga, A.; Cikaya, F.; Yungwe, Z.; Matondo, M.; Kasongo, F.; Tshiminyi, P.; Bulabula, J.; Nkawa, F.; Muhindo Milonde, E.; Kavira Kamaliro, A.; Paluku Kalimuli, Z.; Bodisa Matamu, T.; Mubalama Mufungizi, J.; Wiley, M. R.; Devos, E.; Bangwen, E.; Brosius, I.; Parker, E.; Pilarowski, G.; Liesenborghs, L.; Wawina Bokalanga, T.; Vercauteren, K.; Mukadi Bamuleka, D.; Subissi, L.; Muyembe, J.-J.; Kindrachuk, J.; Guichet, E.; Ayouba, A.; Rambaut, A.; Delaporte, E.; Tessema, S. K.; D'Ortenzio, E.; Rimoin, A. W.; Hensley, L. E.; Mbala Kingebeni, P.; Peeters, M.; Ahuka Mundeke, S."
PP_000ZWH4,Ia,None,Democratic Republic of the Congo,"Tshopo,Yakusu",2022-10-03,196139,0.7875756177456404,2024-12-09,"Kinganda Lusamaki, E.; Amuri Aziza, A.; Luakanda Ndelemo, G.; Hasivirwe Vakaniaki, E.; Fernandez Nunez, N.; Pratt, C. B.; Akil Bandali, P.; Makangara Cigolo, J.-C.; Hoff, N. A.; Sabiti Nundu, S.; Mulopo Mukanya, N.; Ngimba, M.; Modrada Madakpa, B.; Diavita, R.; Paku Tshambu, P.; Pukuta Simbu, E.; Merritt, S.; O'Toole, A.; Low, N.; Nkuba Ndaye, A.; Kavunga Membo, H.; Shongo, R.; Malembi, E.; Kalonji, T.; Kacita, C.; Lokilo Lofiko, E.; Kavira Bapitani, S.; Rilia, O.; Muswamba, P.-C.; Muyembe Mawete, F.; Lumembe, R.; Kabamba, G.; Kenye, M.; Citenga, A.; Cikaya, F.; Yungwe, Z.; Matondo, M.; Kasongo, F.; Tshiminyi, P.; Bulabula, J.; Nkawa, F.; Muhindo Milonde, E.; Kavira Kamaliro, A.; Paluku Kalimuli, Z.; Bodisa Matamu, T.; Mubalama Mufungizi, J.; Wiley, M. R.; Devos, E.; Bangwen, E.; Brosius, I.; Parker, E.; Pilarowski, G.; Liesenborghs, L.; Wawina Bokalanga, T.; Vercauteren, K.; Mukadi Bamuleka, D.; Subissi, L.; Muyembe, J.-J.; Kindrachuk, J.; Guichet, E.; Ayouba, A.; Rambaut, A.; Delaporte, E.; Tessema, S. K.; D'Ortenzio, E.; Rimoin, A. W.; Hensley, L. E.; Mbala Kingebeni, P.; Peeters, M.; Ahuka Mundeke, S."
PP_000ZWJ2,Ia,None,Democratic Republic of the Congo,"Tshopo,Yakusu",2022-10-26,196816,0.9997008250130572,2024-12-09,"Kinganda Lusamaki, E.; Amuri Aziza, A.; Luakanda Ndelemo, G.; Hasivirwe Vakaniaki, E.; Fernandez Nunez, N.; Pratt, C. B.; Akil Bandali, P.; Makangara Cigolo, J.-C.; Hoff, N. A.; Sabiti Nundu, S.; Mulopo Mukanya, N.; Ngimba, M.; Modrada Madakpa, B.; Diavita, R.; Paku Tshambu, P.; Pukuta Simbu, E.; Merritt, S.; O'Toole, A.; Low, N.; Nkuba Ndaye, A.; Kavunga Membo, H.; Shongo, R.; Malembi, E.; Kalonji, T.; Kacita, C.; Lokilo Lofiko, E.; Kavira Bapitani, S.; Rilia, O.; Muswamba, P.-C.; Muyembe Mawete, F.; Lumembe, R.; Kabamba, G.; Kenye, M.; Citenga, A.; Cikaya, F.; Yungwe, Z.; Matondo, M.; Kasongo, F.; Tshiminyi, P.; Bulabula, J.; Nkawa, F.; Muhindo Milonde, E.; Kavira Kamaliro, A.; Paluku Kalimuli, Z.; Bodisa Matamu, T.; Mubalama Mufungizi, J.; Wiley, M. R.; Devos, E.; Bangwen, E.; Brosius, I.; Parker, E.; Pilarowski, G.; Liesenborghs, L.; Wawina Bokalanga, T.; Vercauteren, K.; Mukadi Bamuleka, D.; Subissi, L.; Muyembe, J.-J.; Kindrachuk, J.; Guichet, E.; Ayouba, A.; Rambaut, A.; Delaporte, E.; Tessema, S. K.; D'Ortenzio, E.; Rimoin, A. W.; Hensley, L. E.; Mbala Kingebeni, P.; Peeters, M.; Ahuka Mundeke, S."
PP_000ZWTJ,Ia,None,Democratic Republic of the Congo,"Tshopo,Yakusu",2022-10-26,196878,0.999396579263624,2024-12-09,"Kinganda Lusamaki, E.; Amuri Aziza, A.; Luakanda Ndelemo, G.; Hasivirwe Vakaniaki, E.; Fernandez Nunez, N.; Pratt, C. B.; Akil Bandali, P.; Makangara Cigolo, J.-C.; Hoff, N. A.; Sabiti Nundu, S.; Mulopo Mukanya, N.; Ngimba, M.; Modrada Madakpa, B.; Diavita, R.; Paku Tshambu, P.; Pukuta Simbu, E.; Merritt, S.; O'Toole, A.; Low, N.; Nkuba Ndaye, A.; Kavunga Membo, H.; Shongo, R.; Malembi, E.; Kalonji, T.; Kacita, C.; Lokilo Lofiko, E.; Kavira Bapitani, S.; Rilia, O.; Muswamba, P.-C.; Muyembe Mawete, F.; Lumembe, R.; Kabamba, G.; Kenye, M.; Citenga, A.; Cikaya, F.; Yungwe, Z.; Matondo, M.; Kasongo, F.; Tshiminyi, P.; Bulabula, J.; Nkawa, F.; Muhindo Milonde, E.; Kavira Kamaliro, A.; Paluku Kalimuli, Z.; Bodisa Matamu, T.; Mubalama Mufungizi, J.; Wiley, M. R.; Devos, E.; Bangwen, E.; Brosius, I.; Parker, E.; Pilarowski, G.; Liesenborghs, L.; Wawina Bokalanga, T.; Vercauteren, K.; Mukadi Bamuleka, D.; Subissi, L.; Muyembe, J.-J.; Kindrachuk, J.; Guichet, E.; Ayouba, A.; Rambaut, A.; Delaporte, E.; Tessema, S. K.; D'Ortenzio, E.; Rimoin, A. W.; Hensley, L. E.; Mbala Kingebeni, P.; Peeters, M.; Ahuka Mundeke, S."
PP_000ZWUG,Ia,None,Democratic Republic of the Congo,"Tshopo,Opala",2022-10-31,196800,0.9998022402628683,2024-12-09,"Kinganda Lusamaki, E.; Amuri Aziza, A.; Luakanda Ndelemo, G.; Hasivirwe Vakaniaki, E.; Fernandez Nunez, N.; Pratt, C. B.; Akil Bandali, P.; Makangara Cigolo, J.-C.; Hoff, N. A.; Sabiti Nundu, S.; Mulopo Mukanya, N.; Ngimba, M.; Modrada Madakpa, B.; Diavita, R.; Paku Tshambu, P.; Pukuta Simbu, E.; Merritt, S.; O'Toole, A.; Low, N.; Nkuba Ndaye, A.; Kavunga Membo, H.; Shongo, R.; Malembi, E.; Kalonji, T.; Kacita, C.; Lokilo Lofiko, E.; Kavira Bapitani, S.; Rilia, O.; Muswamba, P.-C.; Muyembe Mawete, F.; Lumembe, R.; Kabamba, G.; Kenye, M.; Citenga, A.; Cikaya, F.; Yungwe, Z.; Matondo, M.; Kasongo, F.; Tshiminyi, P.; Bulabula, J.; Nkawa, F.; Muhindo Milonde, E.; Kavira Kamaliro, A.; Paluku Kalimuli, Z.; Bodisa Matamu, T.; Mubalama Mufungizi, J.; Wiley, M. R.; Devos, E.; Bangwen, E.; Brosius, I.; Parker, E.; Pilarowski, G.; Liesenborghs, L.; Wawina Bokalanga, T.; Vercauteren, K.; Mukadi Bamuleka, D.; Subissi, L.; Muyembe, J.-J.; Kindrachuk, J.; Guichet, E.; Ayouba, A.; Rambaut, A.; Delaporte, E.; Tessema, S. K.; D'Ortenzio, E.; Rimoin, A. W.; Hensley, L. E.; Mbala Kingebeni, P.; Peeters, M.; Ahuka Mundeke, S."
PP_000ZX3Y,Ia,None,Democratic Republic of the Congo,"Tshopo,Opala",2022-10-31,196827,0.999781957212906,2024-12-09,"Kinganda Lusamaki, E.; Amuri Aziza, A.; Luakanda Ndelemo, G.; Hasivirwe Vakaniaki, E.; Fernandez Nunez, N.; Pratt, C. B.; Akil Bandali, P.; Makangara Cigolo, J.-C.; Hoff, N. A.; Sabiti Nundu, S.; Mulopo Mukanya, N.; Ngimba, M.; Modrada Madakpa, B.; Diavita, R.; Paku Tshambu, P.; Pukuta Simbu, E.; Merritt, S.; O'Toole, A.; Low, N.; Nkuba Ndaye, A.; Kavunga Membo, H.; Shongo, R.; Malembi, E.; Kalonji, T.; Kacita, C.; Lokilo Lofiko, E.; Kavira Bapitani, S.; Rilia, O.; Muswamba, P.-C.; Muyembe Mawete, F.; Lumembe, R.; Kabamba, G.; Kenye, M.; Citenga, A.; Cikaya, F.; Yungwe, Z.; Matondo, M.; Kasongo, F.; Tshiminyi, P.; Bulabula, J.; Nkawa, F.; Muhindo Milonde, E.; Kavira Kamaliro, A.; Paluku Kalimuli, Z.; Bodisa Matamu, T.; Mubalama Mufungizi, J.; Wiley, M. R.; Devos, E.; Bangwen, E.; Brosius, I.; Parker, E.; Pilarowski, G.; Liesenborghs, L.; Wawina Bokalanga, T.; Vercauteren, K.; Mukadi Bamuleka, D.; Subissi, L.; Muyembe, J.-J.; Kindrachuk, J.; Guichet, E.; Ayouba, A.; Rambaut, A.; Delaporte, E.; Tessema, S. K.; D'Ortenzio, E.; Rimoin, A. W.; Hensley, L. E.; Mbala Kingebeni, P.; Peeters, M.; Ahuka Mundeke, S."
PP_000ZX4W,Ia,None,Democratic Republic of the Congo,"Tshopo,Opala",2022-10-31,196828,0.9931493998752592,2024-12-09,"Kinganda Lusamaki, E.; Amuri Aziza, A.; Luakanda Ndelemo, G.; Hasivirwe Vakaniaki, E.; Fernandez Nunez, N.; Pratt, C. B.; Akil Bandali, P.; Makangara Cigolo, J.-C.; Hoff, N. A.; Sabiti Nundu, S.; Mulopo Mukanya, N.; Ngimba, M.; Modrada Madakpa, B.; Diavita, R.; Paku Tshambu, P.; Pukuta Simbu, E.; Merritt, S.; O'Toole, A.; Low, N.; Nkuba Ndaye, A.; Kavunga Membo, H.; Shongo, R.; Malembi, E.; Kalonji, T.; Kacita, C.; Lokilo Lofiko, E.; Kavira Bapitani, S.; Rilia, O.; Muswamba, P.-C.; Muyembe Mawete, F.; Lumembe, R.; Kabamba, G.; Kenye, M.; Citenga, A.; Cikaya, F.; Yungwe, Z.; Matondo, M.; Kasongo, F.; Tshiminyi, P.; Bulabula, J.; Nkawa, F.; Muhindo Milonde, E.; Kavira Kamaliro, A.; Paluku Kalimuli, Z.; Bodisa Matamu, T.; Mubalama Mufungizi, J.; Wiley, M. R.; Devos, E.; Bangwen, E.; Brosius, I.; Parker, E.; Pilarowski, G.; Liesenborghs, L.; Wawina Bokalanga, T.; Vercauteren, K.; Mukadi Bamuleka, D.; Subissi, L.; Muyembe, J.-J.; Kindrachuk, J.; Guichet, E.; Ayouba, A.; Rambaut, A.; Delaporte, E.; Tessema, S. K.; D'Ortenzio, E.; Rimoin, A. W.; Hensley, L. E.; Mbala Kingebeni, P.; Peeters, M.; Ahuka Mundeke, S."
PP_000ZX5U,Ia,None,Democratic Republic of the Congo,"Tshopo,Yakusu",2022-11-08,196819,0.9971857268177416,2024-12-09,"Kinganda Lusamaki, E.; Amuri Aziza, A.; Luakanda Ndelemo, G.; Hasivirwe Vakaniaki, E.; Fernandez Nunez, N.; Pratt, C. B.; Akil Bandali, P.; Makangara Cigolo, J.-C.; Hoff, N. A.; Sabiti Nundu, S.; Mulopo Mukanya, N.; Ngimba, M.; Modrada Madakpa, B.; Diavita, R.; Paku Tshambu, P.; Pukuta Simbu, E.; Merritt, S.; O'Toole, A.; Low, N.; Nkuba Ndaye, A.; Kavunga Membo, H.; Shongo, R.; Malembi, E.; Kalonji, T.; Kacita, C.; Lokilo Lofiko, E.; Kavira Bapitani, S.; Rilia, O.; Muswamba, P.-C.; Muyembe Mawete, F.; Lumembe, R.; Kabamba, G.; Kenye, M.; Citenga, A.; Cikaya, F.; Yungwe, Z.; Matondo, M.; Kasongo, F.; Tshiminyi, P.; Bulabula, J.; Nkawa, F.; Muhindo Milonde, E.; Kavira Kamaliro, A.; Paluku Kalimuli, Z.; Bodisa Matamu, T.; Mubalama Mufungizi, J.; Wiley, M. R.; Devos, E.; Bangwen, E.; Brosius, I.; Parker, E.; Pilarowski, G.; Liesenborghs, L.; Wawina Bokalanga, T.; Vercauteren, K.; Mukadi Bamuleka, D.; Subissi, L.; Muyembe, J.-J.; Kindrachuk, J.; Guichet, E.; Ayouba, A.; Rambaut, A.; Delaporte, E.; Tessema, S. K.; D'Ortenzio, E.; Rimoin, A. W.; Hensley, L. E.; Mbala Kingebeni, P.; Peeters, M.; Ahuka Mundeke, S."
PP_000ZX6S,Ia,None,Democratic Republic of the Congo,"Tshopo,Yakusu",2022-11-08,196718,0.990162720768322,2024-12-09,"Kinganda Lusamaki, E.; Amuri Aziza, A.; Luakanda Ndelemo, G.; Hasivirwe Vakaniaki, E.; Fernandez Nunez, N.; Pratt, C. B.; Akil Bandali, P.; Makangara Cigolo, J.-C.; Hoff, N. A.; Sabiti Nundu, S.; Mulopo Mukanya, N.; Ngimba, M.; Modrada Madakpa, B.; Diavita, R.; Paku Tshambu, P.; Pukuta Simbu, E.; Merritt, S.; O'Toole, A.; Low, N.; Nkuba Ndaye, A.; Kavunga Membo, H.; Shongo, R.; Malembi, E.; Kalonji, T.; Kacita, C.; Lokilo Lofiko, E.; Kavira Bapitani, S.; Rilia, O.; Muswamba, P.-C.; Muyembe Mawete, F.; Lumembe, R.; Kabamba, G.; Kenye, M.; Citenga, A.; Cikaya, F.; Yungwe, Z.; Matondo, M.; Kasongo, F.; Tshiminyi, P.; Bulabula, J.; Nkawa, F.; Muhindo Milonde, E.; Kavira Kamaliro, A.; Paluku Kalimuli, Z.; Bodisa Matamu, T.; Mubalama Mufungizi, J.; Wiley, M. R.; Devos, E.; Bangwen, E.; Brosius, I.; Parker, E.; Pilarowski, G.; Liesenborghs, L.; Wawina Bokalanga, T.; Vercauteren, K.; Mukadi Bamuleka, D.; Subissi, L.; Muyembe, J.-J.; Kindrachuk, J.; Guichet, E.; Ayouba, A.; Rambaut, A.; Delaporte, E.; Tessema, S. K.; D'Ortenzio, E.; Rimoin, A. W.; Hensley, L. E.; Mbala Kingebeni, P.; Peeters, M.; Ahuka Mundeke, S."
PP_000ZX7Q,Ia,None,Democratic Republic of the Congo,"Tshopo,Yakusu",2022-11-08,196788,0.9910703872541314,2024-12-09,"Kinganda Lusamaki, E.; Amuri Aziza, A.; Luakanda Ndelemo, G.; Hasivirwe Vakaniaki, E.; Fernandez Nunez, N.; Pratt, C. B.; Akil Bandali, P.; Makangara Cigolo, J.-C.; Hoff, N. A.; Sabiti Nundu, S.; Mulopo Mukanya, N.; Ngimba, M.; Modrada Madakpa, B.; Diavita, R.; Paku Tshambu, P.; Pukuta Simbu, E.; Merritt, S.; O'Toole, A.; Low, N.; Nkuba Ndaye, A.; Kavunga Membo, H.; Shongo, R.; Malembi, E.; Kalonji, T.; Kacita, C.; Lokilo Lofiko, E.; Kavira Bapitani, S.; Rilia, O.; Muswamba, P.-C.; Muyembe Mawete, F.; Lumembe, R.; Kabamba, G.; Kenye, M.; Citenga, A.; Cikaya, F.; Yungwe, Z.; Matondo, M.; Kasongo, F.; Tshiminyi, P.; Bulabula, J.; Nkawa, F.; Muhindo Milonde, E.; Kavira Kamaliro, A.; Paluku Kalimuli, Z.; Bodisa Matamu, T.; Mubalama Mufungizi, J.; Wiley, M. R.; Devos, E.; Bangwen, E.; Brosius, I.; Parker, E.; Pilarowski, G.; Liesenborghs, L.; Wawina Bokalanga, T.; Vercauteren, K.; Mukadi Bamuleka, D.; Subissi, L.; Muyembe, J.-J.; Kindrachuk, J.; Guichet, E.; Ayouba, A.; Rambaut, A.; Delaporte, E.; Tessema, S. K.; D'Ortenzio, E.; Rimoin, A. W.; Hensley, L. E.; Mbala Kingebeni, P.; Peeters, M.; Ahuka Mundeke, S."
PP_000ZX8N,Ia,None,Democratic Republic of the Congo,"Tshopo,Yakusu",2022-11-08,196720,0.9891384267452296,2024-12-09,"Kinganda Lusamaki, E.; Amuri Aziza, A.; Luakanda Ndelemo, G.; Hasivirwe Vakaniaki, E.; Fernandez Nunez, N.; Pratt, C. B.; Akil Bandali, P.; Makangara Cigolo, J.-C.; Hoff, N. A.; Sabiti Nundu, S.; Mulopo Mukanya, N.; Ngimba, M.; Modrada Madakpa, B.; Diavita, R.; Paku Tshambu, P.; Pukuta Simbu, E.; Merritt, S.; O'Toole, A.; Low, N.; Nkuba Ndaye, A.; Kavunga Membo, H.; Shongo, R.; Malembi, E.; Kalonji, T.; Kacita, C.; Lokilo Lofiko, E.; Kavira Bapitani, S.; Rilia, O.; Muswamba, P.-C.; Muyembe Mawete, F.; Lumembe, R.; Kabamba, G.; Kenye, M.; Citenga, A.; Cikaya, F.; Yungwe, Z.; Matondo, M.; Kasongo, F.; Tshiminyi, P.; Bulabula, J.; Nkawa, F.; Muhindo Milonde, E.; Kavira Kamaliro, A.; Paluku Kalimuli, Z.; Bodisa Matamu, T.; Mubalama Mufungizi, J.; Wiley, M. R.; Devos, E.; Bangwen, E.; Brosius, I.; Parker, E.; Pilarowski, G.; Liesenborghs, L.; Wawina Bokalanga, T.; Vercauteren, K.; Mukadi Bamuleka, D.; Subissi, L.; Muyembe, J.-J.; Kindrachuk, J.; Guichet, E.; Ayouba, A.; Rambaut, A.; Delaporte, E.; Tessema, S. K.; D'Ortenzio, E.; Rimoin, A. W.; Hensley, L. E.; Mbala Kingebeni, P.; Peeters, M.; Ahuka Mundeke, S."
PP_000ZXH3,Ia,None,Democratic Republic of the Congo,"Kasai,Ndjoko-punda",2022-12-17,196676,0.9936159100243904,2024-12-09,"Kinganda Lusamaki, E.; Amuri Aziza, A.; Luakanda Ndelemo, G.; Hasivirwe Vakaniaki, E.; Fernandez Nunez, N.; Pratt, C. B.; Akil Bandali, P.; Makangara Cigolo, J.-C.; Hoff, N. A.; Sabiti Nundu, S.; Mulopo Mukanya, N.; Ngimba, M.; Modrada Madakpa, B.; Diavita, R.; Paku Tshambu, P.; Pukuta Simbu, E.; Merritt, S.; O'Toole, A.; Low, N.; Nkuba Ndaye, A.; Kavunga Membo, H.; Shongo, R.; Malembi, E.; Kalonji, T.; Kacita, C.; Lokilo Lofiko, E.; Kavira Bapitani, S.; Rilia, O.; Muswamba, P.-C.; Muyembe Mawete, F.; Lumembe, R.; Kabamba, G.; Kenye, M.; Citenga, A.; Cikaya, F.; Yungwe, Z.; Matondo, M.; Kasongo, F.; Tshiminyi, P.; Bulabula, J.; Nkawa, F.; Muhindo Milonde, E.; Kavira Kamaliro, A.; Paluku Kalimuli, Z.; Bodisa Matamu, T.; Mubalama Mufungizi, J.; Wiley, M. R.; Devos, E.; Bangwen, E.; Brosius, I.; Parker, E.; Pilarowski, G.; Liesenborghs, L.; Wawina Bokalanga, T.; Vercauteren, K.; Mukadi Bamuleka, D.; Subissi, L.; Muyembe, J.-J.; Kindrachuk, J.; Guichet, E.; Ayouba, A.; Rambaut, A.; Delaporte, E.; Tessema, S. K.; D'Ortenzio, E.; Rimoin, A. W.; Hensley, L. E.; Mbala Kingebeni, P.; Peeters, M.; Ahuka Mundeke, S."
PP_000ZXJ1,Ia,None,Democratic Republic of the Congo,"Maniema,Obokote",2022-10-11,196660,0.9850868875152756,2024-12-09,"Kinganda Lusamaki, E.; Amuri Aziza, A.; Luakanda Ndelemo, G.; Hasivirwe Vakaniaki, E.; Fernandez Nunez, N.; Pratt, C. B.; Akil Bandali, P.; Makangara Cigolo, J.-C.; Hoff, N. A.; Sabiti Nundu, S.; Mulopo Mukanya, N.; Ngimba, M.; Modrada Madakpa, B.; Diavita, R.; Paku Tshambu, P.; Pukuta Simbu, E.; Merritt, S.; O'Toole, A.; Low, N.; Nkuba Ndaye, A.; Kavunga Membo, H.; Shongo, R.; Malembi, E.; Kalonji, T.; Kacita, C.; Lokilo Lofiko, E.; Kavira Bapitani, S.; Rilia, O.; Muswamba, P.-C.; Muyembe Mawete, F.; Lumembe, R.; Kabamba, G.; Kenye, M.; Citenga, A.; Cikaya, F.; Yungwe, Z.; Matondo, M.; Kasongo, F.; Tshiminyi, P.; Bulabula, J.; Nkawa, F.; Muhindo Milonde, E.; Kavira Kamaliro, A.; Paluku Kalimuli, Z.; Bodisa Matamu, T.; Mubalama Mufungizi, J.; Wiley, M. R.; Devos, E.; Bangwen, E.; Brosius, I.; Parker, E.; Pilarowski, G.; Liesenborghs, L.; Wawina Bokalanga, T.; Vercauteren, K.; Mukadi Bamuleka, D.; Subissi, L.; Muyembe, J.-J.; Kindrachuk, J.; Guichet, E.; Ayouba, A.; Rambaut, A.; Delaporte, E.; Tessema, S. K.; D'Ortenzio, E.; Rimoin, A. W.; Hensley, L. E.; Mbala Kingebeni, P.; Peeters, M.; Ahuka Mundeke, S."
PP_000ZXKZ,Ia,None,Democratic Republic of the Congo,"Sankuru,Lodja",2022-11-23,190421,0.8647931889518227,2024-12-09,"Kinganda Lusamaki, E.; Amuri Aziza, A.; Luakanda Ndelemo, G.; Hasivirwe Vakaniaki, E.; Fernandez Nunez, N.; Pratt, C. B.; Akil Bandali, P.; Makangara Cigolo, J.-C.; Hoff, N. A.; Sabiti Nundu, S.; Mulopo Mukanya, N.; Ngimba, M.; Modrada Madakpa, B.; Diavita, R.; Paku Tshambu, P.; Pukuta Simbu, E.; Merritt, S.; O'Toole, A.; Low, N.; Nkuba Ndaye, A.; Kavunga Membo, H.; Shongo, R.; Malembi, E.; Kalonji, T.; Kacita, C.; Lokilo Lofiko, E.; Kavira Bapitani, S.; Rilia, O.; Muswamba, P.-C.; Muyembe Mawete, F.; Lumembe, R.; Kabamba, G.; Kenye, M.; Citenga, A.; Cikaya, F.; Yungwe, Z.; Matondo, M.; Kasongo, F.; Tshiminyi, P.; Bulabula, J.; Nkawa, F.; Muhindo Milonde, E.; Kavira Kamaliro, A.; Paluku Kalimuli, Z.; Bodisa Matamu, T.; Mubalama Mufungizi, J.; Wiley, M. R.; Devos, E.; Bangwen, E.; Brosius, I.; Parker, E.; Pilarowski, G.; Liesenborghs, L.; Wawina Bokalanga, T.; Vercauteren, K.; Mukadi Bamuleka, D.; Subissi, L.; Muyembe, J.-J.; Kindrachuk, J.; Guichet, E.; Ayouba, A.; Rambaut, A.; Delaporte, E.; Tessema, S. K.; D'Ortenzio, E.; Rimoin, A. W.; Hensley, L. E.; Mbala Kingebeni, P.; Peeters, M.; Ahuka Mundeke, S."
PP_000ZXLX,Ia,None,Democratic Republic of the Congo,"Sankuru,Lodja",2022-11-23,196693,0.9886871288835702,2024-12-09,"Kinganda Lusamaki, E.; Amuri Aziza, A.; Luakanda Ndelemo, G.; Hasivirwe Vakaniaki, E.; Fernandez Nunez, N.; Pratt, C. B.; Akil Bandali, P.; Makangara Cigolo, J.-C.; Hoff, N. A.; Sabiti Nundu, S.; Mulopo Mukanya, N.; Ngimba, M.; Modrada Madakpa, B.; Diavita, R.; Paku Tshambu, P.; Pukuta Simbu, E.; Merritt, S.; O'Toole, A.; Low, N.; Nkuba Ndaye, A.; Kavunga Membo, H.; Shongo, R.; Malembi, E.; Kalonji, T.; Kacita, C.; Lokilo Lofiko, E.; Kavira Bapitani, S.; Rilia, O.; Muswamba, P.-C.; Muyembe Mawete, F.; Lumembe, R.; Kabamba, G.; Kenye, M.; Citenga, A.; Cikaya, F.; Yungwe, Z.; Matondo, M.; Kasongo, F.; Tshiminyi, P.; Bulabula, J.; Nkawa, F.; Muhindo Milonde, E.; Kavira Kamaliro, A.; Paluku Kalimuli, Z.; Bodisa Matamu, T.; Mubalama Mufungizi, J.; Wiley, M. R.; Devos, E.; Bangwen, E.; Brosius, I.; Parker, E.; Pilarowski, G.; Liesenborghs, L.; Wawina Bokalanga, T.; Vercauteren, K.; Mukadi Bamuleka, D.; Subissi, L.; Muyembe, J.-J.; Kindrachuk, J.; Guichet, E.; Ayouba, A.; Rambaut, A.; Delaporte, E.; Tessema, S. K.; D'Ortenzio, E.; Rimoin, A. W.; Hensley, L. E.; Mbala Kingebeni, P.; Peeters, M.; Ahuka Mundeke, S."
PP_000ZXMV,Ia,None,Democratic Republic of the Congo,"Sankuru,Lodja",2022-11-23,196517,0.9394601666252554,2024-12-09,"Kinganda Lusamaki, E.; Amuri Aziza, A.; Luakanda Ndelemo, G.; Hasivirwe Vakaniaki, E.; Fernandez Nunez, N.; Pratt, C. B.; Akil Bandali, P.; Makangara Cigolo, J.-C.; Hoff, N. A.; Sabiti Nundu, S.; Mulopo Mukanya, N.; Ngimba, M.; Modrada Madakpa, B.; Diavita, R.; Paku Tshambu, P.; Pukuta Simbu, E.; Merritt, S.; O'Toole, A.; Low, N.; Nkuba Ndaye, A.; Kavunga Membo, H.; Shongo, R.; Malembi, E.; Kalonji, T.; Kacita, C.; Lokilo Lofiko, E.; Kavira Bapitani, S.; Rilia, O.; Muswamba, P.-C.; Muyembe Mawete, F.; Lumembe, R.; Kabamba, G.; Kenye, M.; Citenga, A.; Cikaya, F.; Yungwe, Z.; Matondo, M.; Kasongo, F.; Tshiminyi, P.; Bulabula, J.; Nkawa, F.; Muhindo Milonde, E.; Kavira Kamaliro, A.; Paluku Kalimuli, Z.; Bodisa Matamu, T.; Mubalama Mufungizi, J.; Wiley, M. R.; Devos, E.; Bangwen, E.; Brosius, I.; Parker, E.; Pilarowski, G.; Liesenborghs, L.; Wawina Bokalanga, T.; Vercauteren, K.; Mukadi Bamuleka, D.; Subissi, L.; Muyembe, J.-J.; Kindrachuk, J.; Guichet, E.; Ayouba, A.; Rambaut, A.; Delaporte, E.; Tessema, S. K.; D'Ortenzio, E.; Rimoin, A. W.; Hensley, L. E.; Mbala Kingebeni, P.; Peeters, M.; Ahuka Mundeke, S."
PP_000ZXNT,Ia,None,Democratic Republic of the Congo,"Sankuru,Lomela",2022-10-02,196599,0.9201456322987288,2024-12-09,"Kinganda Lusamaki, E.; Amuri Aziza, A.; Luakanda Ndelemo, G.; Hasivirwe Vakaniaki, E.; Fernandez Nunez, N.; Pratt, C. B.; Akil Bandali, P.; Makangara Cigolo, J.-C.; Hoff, N. A.; Sabiti Nundu, S.; Mulopo Mukanya, N.; Ngimba, M.; Modrada Madakpa, B.; Diavita, R.; Paku Tshambu, P.; Pukuta Simbu, E.; Merritt, S.; O'Toole, A.; Low, N.; Nkuba Ndaye, A.; Kavunga Membo, H.; Shongo, R.; Malembi, E.; Kalonji, T.; Kacita, C.; Lokilo Lofiko, E.; Kavira Bapitani, S.; Rilia, O.; Muswamba, P.-C.; Muyembe Mawete, F.; Lumembe, R.; Kabamba, G.; Kenye, M.; Citenga, A.; Cikaya, F.; Yungwe, Z.; Matondo, M.; Kasongo, F.; Tshiminyi, P.; Bulabula, J.; Nkawa, F.; Muhindo Milonde, E.; Kavira Kamaliro, A.; Paluku Kalimuli, Z.; Bodisa Matamu, T.; Mubalama Mufungizi, J.; Wiley, M. R.; Devos, E.; Bangwen, E.; Brosius, I.; Parker, E.; Pilarowski, G.; Liesenborghs, L.; Wawina Bokalanga, T.; Vercauteren, K.; Mukadi Bamuleka, D.; Subissi, L.; Muyembe, J.-J.; Kindrachuk, J.; Guichet, E.; Ayouba, A.; Rambaut, A.; Delaporte, E.; Tessema, S. K.; D'Ortenzio, E.; Rimoin, A. W.; Hensley, L. E.; Mbala Kingebeni, P.; Peeters, M.; Ahuka Mundeke, S."
PP_000ZXX9,Ia,None,Democratic Republic of the Congo,"Sankuru,Lomela",2022-10-02,196692,0.940925616985026,2024-12-09,"Kinganda Lusamaki, E.; Amuri Aziza, A.; Luakanda Ndelemo, G.; Hasivirwe Vakaniaki, E.; Fernandez Nunez, N.; Pratt, C. B.; Akil Bandali, P.; Makangara Cigolo, J.-C.; Hoff, N. A.; Sabiti Nundu, S.; Mulopo Mukanya, N.; Ngimba, M.; Modrada Madakpa, B.; Diavita, R.; Paku Tshambu, P.; Pukuta Simbu, E.; Merritt, S.; O'Toole, A.; Low, N.; Nkuba Ndaye, A.; Kavunga Membo, H.; Shongo, R.; Malembi, E.; Kalonji, T.; Kacita, C.; Lokilo Lofiko, E.; Kavira Bapitani, S.; Rilia, O.; Muswamba, P.-C.; Muyembe Mawete, F.; Lumembe, R.; Kabamba, G.; Kenye, M.; Citenga, A.; Cikaya, F.; Yungwe, Z.; Matondo, M.; Kasongo, F.; Tshiminyi, P.; Bulabula, J.; Nkawa, F.; Muhindo Milonde, E.; Kavira Kamaliro, A.; Paluku Kalimuli, Z.; Bodisa Matamu, T.; Mubalama Mufungizi, J.; Wiley, M. R.; Devos, E.; Bangwen, E.; Brosius, I.; Parker, E.; Pilarowski, G.; Liesenborghs, L.; Wawina Bokalanga, T.; Vercauteren, K.; Mukadi Bamuleka, D.; Subissi, L.; Muyembe, J.-J.; Kindrachuk, J.; Guichet, E.; Ayouba, A.; Rambaut, A.; Delaporte, E.; Tessema, S. K.; D'Ortenzio, E.; Rimoin, A. W.; Hensley, L. E.; Mbala Kingebeni, P.; Peeters, M.; Ahuka Mundeke, S."
PP_000ZXY7,Ia,None,Democratic Republic of the Congo,"Sankuru,Lomela",2022-07-30,196736,0.9791794492137784,2024-12-09,"Kinganda Lusamaki, E.; Amuri Aziza, A.; Luakanda Ndelemo, G.; Hasivirwe Vakaniaki, E.; Fernandez Nunez, N.; Pratt, C. B.; Akil Bandali, P.; Makangara Cigolo, J.-C.; Hoff, N. A.; Sabiti Nundu, S.; Mulopo Mukanya, N.; Ngimba, M.; Modrada Madakpa, B.; Diavita, R.; Paku Tshambu, P.; Pukuta Simbu, E.; Merritt, S.; O'Toole, A.; Low, N.; Nkuba Ndaye, A.; Kavunga Membo, H.; Shongo, R.; Malembi, E.; Kalonji, T.; Kacita, C.; Lokilo Lofiko, E.; Kavira Bapitani, S.; Rilia, O.; Muswamba, P.-C.; Muyembe Mawete, F.; Lumembe, R.; Kabamba, G.; Kenye, M.; Citenga, A.; Cikaya, F.; Yungwe, Z.; Matondo, M.; Kasongo, F.; Tshiminyi, P.; Bulabula, J.; Nkawa, F.; Muhindo Milonde, E.; Kavira Kamaliro, A.; Paluku Kalimuli, Z.; Bodisa Matamu, T.; Mubalama Mufungizi, J.; Wiley, M. R.; Devos, E.; Bangwen, E.; Brosius, I.; Parker, E.; Pilarowski, G.; Liesenborghs, L.; Wawina Bokalanga, T.; Vercauteren, K.; Mukadi Bamuleka, D.; Subissi, L.; Muyembe, J.-J.; Kindrachuk, J.; Guichet, E.; Ayouba, A.; Rambaut, A.; Delaporte, E.; Tessema, S. K.; D'Ortenzio, E.; Rimoin, A. W.; Hensley, L. E.; Mbala Kingebeni, P.; Peeters, M.; Ahuka Mundeke, S."
PP_000ZXZ5,Ia,None,Democratic Republic of the Congo,"Tshopo,Yahuma",2022-12-18,196614,0.9401650026114426,2024-12-09,"Kinganda Lusamaki, E.; Amuri Aziza, A.; Luakanda Ndelemo, G.; Hasivirwe Vakaniaki, E.; Fernandez Nunez, N.; Pratt, C. B.; Akil Bandali, P.; Makangara Cigolo, J.-C.; Hoff, N. A.; Sabiti Nundu, S.; Mulopo Mukanya, N.; Ngimba, M.; Modrada Madakpa, B.; Diavita, R.; Paku Tshambu, P.; Pukuta Simbu, E.; Merritt, S.; O'Toole, A.; Low, N.; Nkuba Ndaye, A.; Kavunga Membo, H.; Shongo, R.; Malembi, E.; Kalonji, T.; Kacita, C.; Lokilo Lofiko, E.; Kavira Bapitani, S.; Rilia, O.; Muswamba, P.-C.; Muyembe Mawete, F.; Lumembe, R.; Kabamba, G.; Kenye, M.; Citenga, A.; Cikaya, F.; Yungwe, Z.; Matondo, M.; Kasongo, F.; Tshiminyi, P.; Bulabula, J.; Nkawa, F.; Muhindo Milonde, E.; Kavira Kamaliro, A.; Paluku Kalimuli, Z.; Bodisa Matamu, T.; Mubalama Mufungizi, J.; Wiley, M. R.; Devos, E.; Bangwen, E.; Brosius, I.; Parker, E.; Pilarowski, G.; Liesenborghs, L.; Wawina Bokalanga, T.; Vercauteren, K.; Mukadi Bamuleka, D.; Subissi, L.; Muyembe, J.-J.; Kindrachuk, J.; Guichet, E.; Ayouba, A.; Rambaut, A.; Delaporte, E.; Tessema, S. K.; D'Ortenzio, E.; Rimoin, A. W.; Hensley, L. E.; Mbala Kingebeni, P.; Peeters, M.; Ahuka Mundeke, S."
PP_000ZY03,Ia,None,Democratic Republic of the Congo,"Tshopo,Yahuma",2022-12-16,196739,0.9444497969159622,2024-12-09,"Kinganda Lusamaki, E.; Amuri Aziza, A.; Luakanda Ndelemo, G.; Hasivirwe Vakaniaki, E.; Fernandez Nunez, N.; Pratt, C. B.; Akil Bandali, P.; Makangara Cigolo, J.-C.; Hoff, N. A.; Sabiti Nundu, S.; Mulopo Mukanya, N.; Ngimba, M.; Modrada Madakpa, B.; Diavita, R.; Paku Tshambu, P.; Pukuta Simbu, E.; Merritt, S.; O'Toole, A.; Low, N.; Nkuba Ndaye, A.; Kavunga Membo, H.; Shongo, R.; Malembi, E.; Kalonji, T.; Kacita, C.; Lokilo Lofiko, E.; Kavira Bapitani, S.; Rilia, O.; Muswamba, P.-C.; Muyembe Mawete, F.; Lumembe, R.; Kabamba, G.; Kenye, M.; Citenga, A.; Cikaya, F.; Yungwe, Z.; Matondo, M.; Kasongo, F.; Tshiminyi, P.; Bulabula, J.; Nkawa, F.; Muhindo Milonde, E.; Kavira Kamaliro, A.; Paluku Kalimuli, Z.; Bodisa Matamu, T.; Mubalama Mufungizi, J.; Wiley, M. R.; Devos, E.; Bangwen, E.; Brosius, I.; Parker, E.; Pilarowski, G.; Liesenborghs, L.; Wawina Bokalanga, T.; Vercauteren, K.; Mukadi Bamuleka, D.; Subissi, L.; Muyembe, J.-J.; Kindrachuk, J.; Guichet, E.; Ayouba, A.; Rambaut, A.; Delaporte, E.; Tessema, S. K.; D'Ortenzio, E.; Rimoin, A. W.; Hensley, L. E.; Mbala Kingebeni, P.; Peeters, M.; Ahuka Mundeke, S."
PP_000ZY11,Ia,None,Democratic Republic of the Congo,"Tshopo,Yahuma",2022-12-16,196874,0.9993357301137372,2024-12-09,"Kinganda Lusamaki, E.; Amuri Aziza, A.; Luakanda Ndelemo, G.; Hasivirwe Vakaniaki, E.; Fernandez Nunez, N.; Pratt, C. B.; Akil Bandali, P.; Makangara Cigolo, J.-C.; Hoff, N. A.; Sabiti Nundu, S.; Mulopo Mukanya, N.; Ngimba, M.; Modrada Madakpa, B.; Diavita, R.; Paku Tshambu, P.; Pukuta Simbu, E.; Merritt, S.; O'Toole, A.; Low, N.; Nkuba Ndaye, A.; Kavunga Membo, H.; Shongo, R.; Malembi, E.; Kalonji, T.; Kacita, C.; Lokilo Lofiko, E.; Kavira Bapitani, S.; Rilia, O.; Muswamba, P.-C.; Muyembe Mawete, F.; Lumembe, R.; Kabamba, G.; Kenye, M.; Citenga, A.; Cikaya, F.; Yungwe, Z.; Matondo, M.; Kasongo, F.; Tshiminyi, P.; Bulabula, J.; Nkawa, F.; Muhindo Milonde, E.; Kavira Kamaliro, A.; Paluku Kalimuli, Z.; Bodisa Matamu, T.; Mubalama Mufungizi, J.; Wiley, M. R.; Devos, E.; Bangwen, E.; Brosius, I.; Parker, E.; Pilarowski, G.; Liesenborghs, L.; Wawina Bokalanga, T.; Vercauteren, K.; Mukadi Bamuleka, D.; Subissi, L.; Muyembe, J.-J.; Kindrachuk, J.; Guichet, E.; Ayouba, A.; Rambaut, A.; Delaporte, E.; Tessema, S. K.; D'Ortenzio, E.; Rimoin, A. W.; Hensley, L. E.; Mbala Kingebeni, P.; Peeters, M.; Ahuka Mundeke, S."
PP_000ZY2Z,Ia,None,Democratic Republic of the Congo,"Tshopo,Yahuma",2022-12-18,196740,0.977926970878611,2024-12-09,"Kinganda Lusamaki, E.; Amuri Aziza, A.; Luakanda Ndelemo, G.; Hasivirwe Vakaniaki, E.; Fernandez Nunez, N.; Pratt, C. B.; Akil Bandali, P.; Makangara Cigolo, J.-C.; Hoff, N. A.; Sabiti Nundu, S.; Mulopo Mukanya, N.; Ngimba, M.; Modrada Madakpa, B.; Diavita, R.; Paku Tshambu, P.; Pukuta Simbu, E.; Merritt, S.; O'Toole, A.; Low, N.; Nkuba Ndaye, A.; Kavunga Membo, H.; Shongo, R.; Malembi, E.; Kalonji, T.; Kacita, C.; Lokilo Lofiko, E.; Kavira Bapitani, S.; Rilia, O.; Muswamba, P.-C.; Muyembe Mawete, F.; Lumembe, R.; Kabamba, G.; Kenye, M.; Citenga, A.; Cikaya, F.; Yungwe, Z.; Matondo, M.; Kasongo, F.; Tshiminyi, P.; Bulabula, J.; Nkawa, F.; Muhindo Milonde, E.; Kavira Kamaliro, A.; Paluku Kalimuli, Z.; Bodisa Matamu, T.; Mubalama Mufungizi, J.; Wiley, M. R.; Devos, E.; Bangwen, E.; Brosius, I.; Parker, E.; Pilarowski, G.; Liesenborghs, L.; Wawina Bokalanga, T.; Vercauteren, K.; Mukadi Bamuleka, D.; Subissi, L.; Muyembe, J.-J.; Kindrachuk, J.; Guichet, E.; Ayouba, A.; Rambaut, A.; Delaporte, E.; Tessema, S. K.; D'Ortenzio, E.; Rimoin, A. W.; Hensley, L. E.; Mbala Kingebeni, P.; Peeters, M.; Ahuka Mundeke, S."
PP_000ZYBF,Ia,None,Democratic Republic of the Congo,"Tshopo,Yahuma",2022-12-18,196815,0.9989554229269456,2024-12-09,"Kinganda Lusamaki, E.; Amuri Aziza, A.; Luakanda Ndelemo, G.; Hasivirwe Vakaniaki, E.; Fernandez Nunez, N.; Pratt, C. B.; Akil Bandali, P.; Makangara Cigolo, J.-C.; Hoff, N. A.; Sabiti Nundu, S.; Mulopo Mukanya, N.; Ngimba, M.; Modrada Madakpa, B.; Diavita, R.; Paku Tshambu, P.; Pukuta Simbu, E.; Merritt, S.; O'Toole, A.; Low, N.; Nkuba Ndaye, A.; Kavunga Membo, H.; Shongo, R.; Malembi, E.; Kalonji, T.; Kacita, C.; Lokilo Lofiko, E.; Kavira Bapitani, S.; Rilia, O.; Muswamba, P.-C.; Muyembe Mawete, F.; Lumembe, R.; Kabamba, G.; Kenye, M.; Citenga, A.; Cikaya, F.; Yungwe, Z.; Matondo, M.; Kasongo, F.; Tshiminyi, P.; Bulabula, J.; Nkawa, F.; Muhindo Milonde, E.; Kavira Kamaliro, A.; Paluku Kalimuli, Z.; Bodisa Matamu, T.; Mubalama Mufungizi, J.; Wiley, M. R.; Devos, E.; Bangwen, E.; Brosius, I.; Parker, E.; Pilarowski, G.; Liesenborghs, L.; Wawina Bokalanga, T.; Vercauteren, K.; Mukadi Bamuleka, D.; Subissi, L.; Muyembe, J.-J.; Kindrachuk, J.; Guichet, E.; Ayouba, A.; Rambaut, A.; Delaporte, E.; Tessema, S. K.; D'Ortenzio, E.; Rimoin, A. W.; Hensley, L. E.; Mbala Kingebeni, P.; Peeters, M.; Ahuka Mundeke, S."
PP_000ZYCD,Ia,None,Democratic Republic of the Congo,"Tshopo,Yakusu",2022-11-28,196655,0.9385474293769556,2024-12-09,"Kinganda Lusamaki, E.; Amuri Aziza, A.; Luakanda Ndelemo, G.; Hasivirwe Vakaniaki, E.; Fernandez Nunez, N.; Pratt, C. B.; Akil Bandali, P.; Makangara Cigolo, J.-C.; Hoff, N. A.; Sabiti Nundu, S.; Mulopo Mukanya, N.; Ngimba, M.; Modrada Madakpa, B.; Diavita, R.; Paku Tshambu, P.; Pukuta Simbu, E.; Merritt, S.; O'Toole, A.; Low, N.; Nkuba Ndaye, A.; Kavunga Membo, H.; Shongo, R.; Malembi, E.; Kalonji, T.; Kacita, C.; Lokilo Lofiko, E.; Kavira Bapitani, S.; Rilia, O.; Muswamba, P.-C.; Muyembe Mawete, F.; Lumembe, R.; Kabamba, G.; Kenye, M.; Citenga, A.; Cikaya, F.; Yungwe, Z.; Matondo, M.; Kasongo, F.; Tshiminyi, P.; Bulabula, J.; Nkawa, F.; Muhindo Milonde, E.; Kavira Kamaliro, A.; Paluku Kalimuli, Z.; Bodisa Matamu, T.; Mubalama Mufungizi, J.; Wiley, M. R.; Devos, E.; Bangwen, E.; Brosius, I.; Parker, E.; Pilarowski, G.; Liesenborghs, L.; Wawina Bokalanga, T.; Vercauteren, K.; Mukadi Bamuleka, D.; Subissi, L.; Muyembe, J.-J.; Kindrachuk, J.; Guichet, E.; Ayouba, A.; Rambaut, A.; Delaporte, E.; Tessema, S. K.; D'Ortenzio, E.; Rimoin, A. W.; Hensley, L. E.; Mbala Kingebeni, P.; Peeters, M.; Ahuka Mundeke, S."
PP_000ZYDB,Ia,None,Democratic Republic of the Congo,"Tshopo,Yakusu",2022-11-27,196513,0.7134157163212632,2024-12-09,"Kinganda Lusamaki, E.; Amuri Aziza, A.; Luakanda Ndelemo, G.; Hasivirwe Vakaniaki, E.; Fernandez Nunez, N.; Pratt, C. B.; Akil Bandali, P.; Makangara Cigolo, J.-C.; Hoff, N. A.; Sabiti Nundu, S.; Mulopo Mukanya, N.; Ngimba, M.; Modrada Madakpa, B.; Diavita, R.; Paku Tshambu, P.; Pukuta Simbu, E.; Merritt, S.; O'Toole, A.; Low, N.; Nkuba Ndaye, A.; Kavunga Membo, H.; Shongo, R.; Malembi, E.; Kalonji, T.; Kacita, C.; Lokilo Lofiko, E.; Kavira Bapitani, S.; Rilia, O.; Muswamba, P.-C.; Muyembe Mawete, F.; Lumembe, R.; Kabamba, G.; Kenye, M.; Citenga, A.; Cikaya, F.; Yungwe, Z.; Matondo, M.; Kasongo, F.; Tshiminyi, P.; Bulabula, J.; Nkawa, F.; Muhindo Milonde, E.; Kavira Kamaliro, A.; Paluku Kalimuli, Z.; Bodisa Matamu, T.; Mubalama Mufungizi, J.; Wiley, M. R.; Devos, E.; Bangwen, E.; Brosius, I.; Parker, E.; Pilarowski, G.; Liesenborghs, L.; Wawina Bokalanga, T.; Vercauteren, K.; Mukadi Bamuleka, D.; Subissi, L.; Muyembe, J.-J.; Kindrachuk, J.; Guichet, E.; Ayouba, A.; Rambaut, A.; Delaporte, E.; Tessema, S. K.; D'Ortenzio, E.; Rimoin, A. W.; Hensley, L. E.; Mbala Kingebeni, P.; Peeters, M.; Ahuka Mundeke, S."
PP_000ZYE9,Ia,None,Democratic Republic of the Congo,"Tshopo,Yakusu",2022-11-28,196631,0.9381772637151448,2024-12-09,"Kinganda Lusamaki, E.; Amuri Aziza, A.; Luakanda Ndelemo, G.; Hasivirwe Vakaniaki, E.; Fernandez Nunez, N.; Pratt, C. B.; Akil Bandali, P.; Makangara Cigolo, J.-C.; Hoff, N. A.; Sabiti Nundu, S.; Mulopo Mukanya, N.; Ngimba, M.; Modrada Madakpa, B.; Diavita, R.; Paku Tshambu, P.; Pukuta Simbu, E.; Merritt, S.; O'Toole, A.; Low, N.; Nkuba Ndaye, A.; Kavunga Membo, H.; Shongo, R.; Malembi, E.; Kalonji, T.; Kacita, C.; Lokilo Lofiko, E.; Kavira Bapitani, S.; Rilia, O.; Muswamba, P.-C.; Muyembe Mawete, F.; Lumembe, R.; Kabamba, G.; Kenye, M.; Citenga, A.; Cikaya, F.; Yungwe, Z.; Matondo, M.; Kasongo, F.; Tshiminyi, P.; Bulabula, J.; Nkawa, F.; Muhindo Milonde, E.; Kavira Kamaliro, A.; Paluku Kalimuli, Z.; Bodisa Matamu, T.; Mubalama Mufungizi, J.; Wiley, M. R.; Devos, E.; Bangwen, E.; Brosius, I.; Parker, E.; Pilarowski, G.; Liesenborghs, L.; Wawina Bokalanga, T.; Vercauteren, K.; Mukadi Bamuleka, D.; Subissi, L.; Muyembe, J.-J.; Kindrachuk, J.; Guichet, E.; Ayouba, A.; Rambaut, A.; Delaporte, E.; Tessema, S. K.; D'Ortenzio, E.; Rimoin, A. W.; Hensley, L. E.; Mbala Kingebeni, P.; Peeters, M.; Ahuka Mundeke, S."
PP_000ZYF7,Ia,None,Democratic Republic of the Congo,"Tshopo,Yakusu",2022-12-16,196651,0.8252412415254882,2024-12-09,"Kinganda Lusamaki, E.; Amuri Aziza, A.; Luakanda Ndelemo, G.; Hasivirwe Vakaniaki, E.; Fernandez Nunez, N.; Pratt, C. B.; Akil Bandali, P.; Makangara Cigolo, J.-C.; Hoff, N. A.; Sabiti Nundu, S.; Mulopo Mukanya, N.; Ngimba, M.; Modrada Madakpa, B.; Diavita, R.; Paku Tshambu, P.; Pukuta Simbu, E.; Merritt, S.; O'Toole, A.; Low, N.; Nkuba Ndaye, A.; Kavunga Membo, H.; Shongo, R.; Malembi, E.; Kalonji, T.; Kacita, C.; Lokilo Lofiko, E.; Kavira Bapitani, S.; Rilia, O.; Muswamba, P.-C.; Muyembe Mawete, F.; Lumembe, R.; Kabamba, G.; Kenye, M.; Citenga, A.; Cikaya, F.; Yungwe, Z.; Matondo, M.; Kasongo, F.; Tshiminyi, P.; Bulabula, J.; Nkawa, F.; Muhindo Milonde, E.; Kavira Kamaliro, A.; Paluku Kalimuli, Z.; Bodisa Matamu, T.; Mubalama Mufungizi, J.; Wiley, M. R.; Devos, E.; Bangwen, E.; Brosius, I.; Parker, E.; Pilarowski, G.; Liesenborghs, L.; Wawina Bokalanga, T.; Vercauteren, K.; Mukadi Bamuleka, D.; Subissi, L.; Muyembe, J.-J.; Kindrachuk, J.; Guichet, E.; Ayouba, A.; Rambaut, A.; Delaporte, E.; Tessema, S. K.; D'Ortenzio, E.; Rimoin, A. W.; Hensley, L. E.; Mbala Kingebeni, P.; Peeters, M.; Ahuka Mundeke, S."
PP_000ZYG5,Ia,None,Democratic Republic of the Congo,"Tshopo,Yakusu",2022-12-16,196608,0.938187405240126,2024-12-09,"Kinganda Lusamaki, E.; Amuri Aziza, A.; Luakanda Ndelemo, G.; Hasivirwe Vakaniaki, E.; Fernandez Nunez, N.; Pratt, C. B.; Akil Bandali, P.; Makangara Cigolo, J.-C.; Hoff, N. A.; Sabiti Nundu, S.; Mulopo Mukanya, N.; Ngimba, M.; Modrada Madakpa, B.; Diavita, R.; Paku Tshambu, P.; Pukuta Simbu, E.; Merritt, S.; O'Toole, A.; Low, N.; Nkuba Ndaye, A.; Kavunga Membo, H.; Shongo, R.; Malembi, E.; Kalonji, T.; Kacita, C.; Lokilo Lofiko, E.; Kavira Bapitani, S.; Rilia, O.; Muswamba, P.-C.; Muyembe Mawete, F.; Lumembe, R.; Kabamba, G.; Kenye, M.; Citenga, A.; Cikaya, F.; Yungwe, Z.; Matondo, M.; Kasongo, F.; Tshiminyi, P.; Bulabula, J.; Nkawa, F.; Muhindo Milonde, E.; Kavira Kamaliro, A.; Paluku Kalimuli, Z.; Bodisa Matamu, T.; Mubalama Mufungizi, J.; Wiley, M. R.; Devos, E.; Bangwen, E.; Brosius, I.; Parker, E.; Pilarowski, G.; Liesenborghs, L.; Wawina Bokalanga, T.; Vercauteren, K.; Mukadi Bamuleka, D.; Subissi, L.; Muyembe, J.-J.; Kindrachuk, J.; Guichet, E.; Ayouba, A.; Rambaut, A.; Delaporte, E.; Tessema, S. K.; D'Ortenzio, E.; Rimoin, A. W.; Hensley, L. E.; Mbala Kingebeni, P.; Peeters, M.; Ahuka Mundeke, S."
PP_000ZYRL,Ia,None,Democratic Republic of the Congo,"Tshopo,Yahuma",2023-01-05,196670,0.9491605352696884,2024-12-09,"Kinganda Lusamaki, E.; Amuri Aziza, A.; Luakanda Ndelemo, G.; Hasivirwe Vakaniaki, E.; Fernandez Nunez, N.; Pratt, C. B.; Akil Bandali, P.; Makangara Cigolo, J.-C.; Hoff, N. A.; Sabiti Nundu, S.; Mulopo Mukanya, N.; Ngimba, M.; Modrada Madakpa, B.; Diavita, R.; Paku Tshambu, P.; Pukuta Simbu, E.; Merritt, S.; O'Toole, A.; Low, N.; Nkuba Ndaye, A.; Kavunga Membo, H.; Shongo, R.; Malembi, E.; Kalonji, T.; Kacita, C.; Lokilo Lofiko, E.; Kavira Bapitani, S.; Rilia, O.; Muswamba, P.-C.; Muyembe Mawete, F.; Lumembe, R.; Kabamba, G.; Kenye, M.; Citenga, A.; Cikaya, F.; Yungwe, Z.; Matondo, M.; Kasongo, F.; Tshiminyi, P.; Bulabula, J.; Nkawa, F.; Muhindo Milonde, E.; Kavira Kamaliro, A.; Paluku Kalimuli, Z.; Bodisa Matamu, T.; Mubalama Mufungizi, J.; Wiley, M. R.; Devos, E.; Bangwen, E.; Brosius, I.; Parker, E.; Pilarowski, G.; Liesenborghs, L.; Wawina Bokalanga, T.; Vercauteren, K.; Mukadi Bamuleka, D.; Subissi, L.; Muyembe, J.-J.; Kindrachuk, J.; Guichet, E.; Ayouba, A.; Rambaut, A.; Delaporte, E.; Tessema, S. K.; D'Ortenzio, E.; Rimoin, A. W.; Hensley, L. E.; Mbala Kingebeni, P.; Peeters, M.; Ahuka Mundeke, S."
PP_000ZYSJ,Ia,None,Democratic Republic of the Congo,"Tshopo,Opala",2022-12-30,196648,0.9402917716737066,2024-12-09,"Kinganda Lusamaki, E.; Amuri Aziza, A.; Luakanda Ndelemo, G.; Hasivirwe Vakaniaki, E.; Fernandez Nunez, N.; Pratt, C. B.; Akil Bandali, P.; Makangara Cigolo, J.-C.; Hoff, N. A.; Sabiti Nundu, S.; Mulopo Mukanya, N.; Ngimba, M.; Modrada Madakpa, B.; Diavita, R.; Paku Tshambu, P.; Pukuta Simbu, E.; Merritt, S.; O'Toole, A.; Low, N.; Nkuba Ndaye, A.; Kavunga Membo, H.; Shongo, R.; Malembi, E.; Kalonji, T.; Kacita, C.; Lokilo Lofiko, E.; Kavira Bapitani, S.; Rilia, O.; Muswamba, P.-C.; Muyembe Mawete, F.; Lumembe, R.; Kabamba, G.; Kenye, M.; Citenga, A.; Cikaya, F.; Yungwe, Z.; Matondo, M.; Kasongo, F.; Tshiminyi, P.; Bulabula, J.; Nkawa, F.; Muhindo Milonde, E.; Kavira Kamaliro, A.; Paluku Kalimuli, Z.; Bodisa Matamu, T.; Mubalama Mufungizi, J.; Wiley, M. R.; Devos, E.; Bangwen, E.; Brosius, I.; Parker, E.; Pilarowski, G.; Liesenborghs, L.; Wawina Bokalanga, T.; Vercauteren, K.; Mukadi Bamuleka, D.; Subissi, L.; Muyembe, J.-J.; Kindrachuk, J.; Guichet, E.; Ayouba, A.; Rambaut, A.; Delaporte, E.; Tessema, S. K.; D'Ortenzio, E.; Rimoin, A. W.; Hensley, L. E.; Mbala Kingebeni, P.; Peeters, M.; Ahuka Mundeke, S."
PP_000ZYTG,Ia,None,Democratic Republic of the Congo,"Tshopo,Opala",2022-12-30,196591,0.9401497903239712,2024-12-09,"Kinganda Lusamaki, E.; Amuri Aziza, A.; Luakanda Ndelemo, G.; Hasivirwe Vakaniaki, E.; Fernandez Nunez, N.; Pratt, C. B.; Akil Bandali, P.; Makangara Cigolo, J.-C.; Hoff, N. A.; Sabiti Nundu, S.; Mulopo Mukanya, N.; Ngimba, M.; Modrada Madakpa, B.; Diavita, R.; Paku Tshambu, P.; Pukuta Simbu, E.; Merritt, S.; O'Toole, A.; Low, N.; Nkuba Ndaye, A.; Kavunga Membo, H.; Shongo, R.; Malembi, E.; Kalonji, T.; Kacita, C.; Lokilo Lofiko, E.; Kavira Bapitani, S.; Rilia, O.; Muswamba, P.-C.; Muyembe Mawete, F.; Lumembe, R.; Kabamba, G.; Kenye, M.; Citenga, A.; Cikaya, F.; Yungwe, Z.; Matondo, M.; Kasongo, F.; Tshiminyi, P.; Bulabula, J.; Nkawa, F.; Muhindo Milonde, E.; Kavira Kamaliro, A.; Paluku Kalimuli, Z.; Bodisa Matamu, T.; Mubalama Mufungizi, J.; Wiley, M. R.; Devos, E.; Bangwen, E.; Brosius, I.; Parker, E.; Pilarowski, G.; Liesenborghs, L.; Wawina Bokalanga, T.; Vercauteren, K.; Mukadi Bamuleka, D.; Subissi, L.; Muyembe, J.-J.; Kindrachuk, J.; Guichet, E.; Ayouba, A.; Rambaut, A.; Delaporte, E.; Tessema, S. K.; D'Ortenzio, E.; Rimoin, A. W.; Hensley, L. E.; Mbala Kingebeni, P.; Peeters, M.; Ahuka Mundeke, S."
PP_000ZYUE,Ia,None,Democratic Republic of the Congo,"Tshopo,Opala",2022-12-30,196664,0.9399418890618584,2024-12-09,"Kinganda Lusamaki, E.; Amuri Aziza, A.; Luakanda Ndelemo, G.; Hasivirwe Vakaniaki, E.; Fernandez Nunez, N.; Pratt, C. B.; Akil Bandali, P.; Makangara Cigolo, J.-C.; Hoff, N. A.; Sabiti Nundu, S.; Mulopo Mukanya, N.; Ngimba, M.; Modrada Madakpa, B.; Diavita, R.; Paku Tshambu, P.; Pukuta Simbu, E.; Merritt, S.; O'Toole, A.; Low, N.; Nkuba Ndaye, A.; Kavunga Membo, H.; Shongo, R.; Malembi, E.; Kalonji, T.; Kacita, C.; Lokilo Lofiko, E.; Kavira Bapitani, S.; Rilia, O.; Muswamba, P.-C.; Muyembe Mawete, F.; Lumembe, R.; Kabamba, G.; Kenye, M.; Citenga, A.; Cikaya, F.; Yungwe, Z.; Matondo, M.; Kasongo, F.; Tshiminyi, P.; Bulabula, J.; Nkawa, F.; Muhindo Milonde, E.; Kavira Kamaliro, A.; Paluku Kalimuli, Z.; Bodisa Matamu, T.; Mubalama Mufungizi, J.; Wiley, M. R.; Devos, E.; Bangwen, E.; Brosius, I.; Parker, E.; Pilarowski, G.; Liesenborghs, L.; Wawina Bokalanga, T.; Vercauteren, K.; Mukadi Bamuleka, D.; Subissi, L.; Muyembe, J.-J.; Kindrachuk, J.; Guichet, E.; Ayouba, A.; Rambaut, A.; Delaporte, E.; Tessema, S. K.; D'Ortenzio, E.; Rimoin, A. W.; Hensley, L. E.; Mbala Kingebeni, P.; Peeters, M.; Ahuka Mundeke, S."
PP_000ZYVC,Ia,None,Democratic Republic of the Congo,"Tshopo,Yahuma",2023-01-07,196640,0.9398607568620092,2024-12-09,"Kinganda Lusamaki, E.; Amuri Aziza, A.; Luakanda Ndelemo, G.; Hasivirwe Vakaniaki, E.; Fernandez Nunez, N.; Pratt, C. B.; Akil Bandali, P.; Makangara Cigolo, J.-C.; Hoff, N. A.; Sabiti Nundu, S.; Mulopo Mukanya, N.; Ngimba, M.; Modrada Madakpa, B.; Diavita, R.; Paku Tshambu, P.; Pukuta Simbu, E.; Merritt, S.; O'Toole, A.; Low, N.; Nkuba Ndaye, A.; Kavunga Membo, H.; Shongo, R.; Malembi, E.; Kalonji, T.; Kacita, C.; Lokilo Lofiko, E.; Kavira Bapitani, S.; Rilia, O.; Muswamba, P.-C.; Muyembe Mawete, F.; Lumembe, R.; Kabamba, G.; Kenye, M.; Citenga, A.; Cikaya, F.; Yungwe, Z.; Matondo, M.; Kasongo, F.; Tshiminyi, P.; Bulabula, J.; Nkawa, F.; Muhindo Milonde, E.; Kavira Kamaliro, A.; Paluku Kalimuli, Z.; Bodisa Matamu, T.; Mubalama Mufungizi, J.; Wiley, M. R.; Devos, E.; Bangwen, E.; Brosius, I.; Parker, E.; Pilarowski, G.; Liesenborghs, L.; Wawina Bokalanga, T.; Vercauteren, K.; Mukadi Bamuleka, D.; Subissi, L.; Muyembe, J.-J.; Kindrachuk, J.; Guichet, E.; Ayouba, A.; Rambaut, A.; Delaporte, E.; Tessema, S. K.; D'Ortenzio, E.; Rimoin, A. W.; Hensley, L. E.; Mbala Kingebeni, P.; Peeters, M.; Ahuka Mundeke, S."
PP_000ZYWA,Ia,None,Democratic Republic of the Congo,"Tshopo,Yahuma",2023-01-05,196626,0.9444447261534716,2024-12-09,"Kinganda Lusamaki, E.; Amuri Aziza, A.; Luakanda Ndelemo, G.; Hasivirwe Vakaniaki, E.; Fernandez Nunez, N.; Pratt, C. B.; Akil Bandali, P.; Makangara Cigolo, J.-C.; Hoff, N. A.; Sabiti Nundu, S.; Mulopo Mukanya, N.; Ngimba, M.; Modrada Madakpa, B.; Diavita, R.; Paku Tshambu, P.; Pukuta Simbu, E.; Merritt, S.; O'Toole, A.; Low, N.; Nkuba Ndaye, A.; Kavunga Membo, H.; Shongo, R.; Malembi, E.; Kalonji, T.; Kacita, C.; Lokilo Lofiko, E.; Kavira Bapitani, S.; Rilia, O.; Muswamba, P.-C.; Muyembe Mawete, F.; Lumembe, R.; Kabamba, G.; Kenye, M.; Citenga, A.; Cikaya, F.; Yungwe, Z.; Matondo, M.; Kasongo, F.; Tshiminyi, P.; Bulabula, J.; Nkawa, F.; Muhindo Milonde, E.; Kavira Kamaliro, A.; Paluku Kalimuli, Z.; Bodisa Matamu, T.; Mubalama Mufungizi, J.; Wiley, M. R.; Devos, E.; Bangwen, E.; Brosius, I.; Parker, E.; Pilarowski, G.; Liesenborghs, L.; Wawina Bokalanga, T.; Vercauteren, K.; Mukadi Bamuleka, D.; Subissi, L.; Muyembe, J.-J.; Kindrachuk, J.; Guichet, E.; Ayouba, A.; Rambaut, A.; Delaporte, E.; Tessema, S. K.; D'Ortenzio, E.; Rimoin, A. W.; Hensley, L. E.; Mbala Kingebeni, P.; Peeters, M.; Ahuka Mundeke, S."
PP_000ZZ5S,Ia,None,Democratic Republic of the Congo,"Tshopo,Yahuma",2023-01-07,196682,0.94342550289287,2024-12-09,"Kinganda Lusamaki, E.; Amuri Aziza, A.; Luakanda Ndelemo, G.; Hasivirwe Vakaniaki, E.; Fernandez Nunez, N.; Pratt, C. B.; Akil Bandali, P.; Makangara Cigolo, J.-C.; Hoff, N. A.; Sabiti Nundu, S.; Mulopo Mukanya, N.; Ngimba, M.; Modrada Madakpa, B.; Diavita, R.; Paku Tshambu, P.; Pukuta Simbu, E.; Merritt, S.; O'Toole, A.; Low, N.; Nkuba Ndaye, A.; Kavunga Membo, H.; Shongo, R.; Malembi, E.; Kalonji, T.; Kacita, C.; Lokilo Lofiko, E.; Kavira Bapitani, S.; Rilia, O.; Muswamba, P.-C.; Muyembe Mawete, F.; Lumembe, R.; Kabamba, G.; Kenye, M.; Citenga, A.; Cikaya, F.; Yungwe, Z.; Matondo, M.; Kasongo, F.; Tshiminyi, P.; Bulabula, J.; Nkawa, F.; Muhindo Milonde, E.; Kavira Kamaliro, A.; Paluku Kalimuli, Z.; Bodisa Matamu, T.; Mubalama Mufungizi, J.; Wiley, M. R.; Devos, E.; Bangwen, E.; Brosius, I.; Parker, E.; Pilarowski, G.; Liesenborghs, L.; Wawina Bokalanga, T.; Vercauteren, K.; Mukadi Bamuleka, D.; Subissi, L.; Muyembe, J.-J.; Kindrachuk, J.; Guichet, E.; Ayouba, A.; Rambaut, A.; Delaporte, E.; Tessema, S. K.; D'Ortenzio, E.; Rimoin, A. W.; Hensley, L. E.; Mbala Kingebeni, P.; Peeters, M.; Ahuka Mundeke, S."
PP_000ZZ6Q,Ia,None,Democratic Republic of the Congo,"Tshopo,Yahuma",2023-01-06,196619,0.945925388800714,2024-12-09,"Kinganda Lusamaki, E.; Amuri Aziza, A.; Luakanda Ndelemo, G.; Hasivirwe Vakaniaki, E.; Fernandez Nunez, N.; Pratt, C. B.; Akil Bandali, P.; Makangara Cigolo, J.-C.; Hoff, N. A.; Sabiti Nundu, S.; Mulopo Mukanya, N.; Ngimba, M.; Modrada Madakpa, B.; Diavita, R.; Paku Tshambu, P.; Pukuta Simbu, E.; Merritt, S.; O'Toole, A.; Low, N.; Nkuba Ndaye, A.; Kavunga Membo, H.; Shongo, R.; Malembi, E.; Kalonji, T.; Kacita, C.; Lokilo Lofiko, E.; Kavira Bapitani, S.; Rilia, O.; Muswamba, P.-C.; Muyembe Mawete, F.; Lumembe, R.; Kabamba, G.; Kenye, M.; Citenga, A.; Cikaya, F.; Yungwe, Z.; Matondo, M.; Kasongo, F.; Tshiminyi, P.; Bulabula, J.; Nkawa, F.; Muhindo Milonde, E.; Kavira Kamaliro, A.; Paluku Kalimuli, Z.; Bodisa Matamu, T.; Mubalama Mufungizi, J.; Wiley, M. R.; Devos, E.; Bangwen, E.; Brosius, I.; Parker, E.; Pilarowski, G.; Liesenborghs, L.; Wawina Bokalanga, T.; Vercauteren, K.; Mukadi Bamuleka, D.; Subissi, L.; Muyembe, J.-J.; Kindrachuk, J.; Guichet, E.; Ayouba, A.; Rambaut, A.; Delaporte, E.; Tessema, S. K.; D'Ortenzio, E.; Rimoin, A. W.; Hensley, L. E.; Mbala Kingebeni, P.; Peeters, M.; Ahuka Mundeke, S."
PP_000ZZ7N,Ia,None,Democratic Republic of the Congo,"Tshopo,Yahuma",2023-01-06,196656,0.9491858890821412,2024-12-09,"Kinganda Lusamaki, E.; Amuri Aziza, A.; Luakanda Ndelemo, G.; Hasivirwe Vakaniaki, E.; Fernandez Nunez, N.; Pratt, C. B.; Akil Bandali, P.; Makangara Cigolo, J.-C.; Hoff, N. A.; Sabiti Nundu, S.; Mulopo Mukanya, N.; Ngimba, M.; Modrada Madakpa, B.; Diavita, R.; Paku Tshambu, P.; Pukuta Simbu, E.; Merritt, S.; O'Toole, A.; Low, N.; Nkuba Ndaye, A.; Kavunga Membo, H.; Shongo, R.; Malembi, E.; Kalonji, T.; Kacita, C.; Lokilo Lofiko, E.; Kavira Bapitani, S.; Rilia, O.; Muswamba, P.-C.; Muyembe Mawete, F.; Lumembe, R.; Kabamba, G.; Kenye, M.; Citenga, A.; Cikaya, F.; Yungwe, Z.; Matondo, M.; Kasongo, F.; Tshiminyi, P.; Bulabula, J.; Nkawa, F.; Muhindo Milonde, E.; Kavira Kamaliro, A.; Paluku Kalimuli, Z.; Bodisa Matamu, T.; Mubalama Mufungizi, J.; Wiley, M. R.; Devos, E.; Bangwen, E.; Brosius, I.; Parker, E.; Pilarowski, G.; Liesenborghs, L.; Wawina Bokalanga, T.; Vercauteren, K.; Mukadi Bamuleka, D.; Subissi, L.; Muyembe, J.-J.; Kindrachuk, J.; Guichet, E.; Ayouba, A.; Rambaut, A.; Delaporte, E.; Tessema, S. K.; D'Ortenzio, E.; Rimoin, A. W.; Hensley, L. E.; Mbala Kingebeni, P.; Peeters, M.; Ahuka Mundeke, S."
PP_000ZZ8L,Ia,None,Democratic Republic of the Congo,"Tshopo,Yahuma",2023-01-07,196689,0.9441759757414724,2024-12-09,"Kinganda Lusamaki, E.; Amuri Aziza, A.; Luakanda Ndelemo, G.; Hasivirwe Vakaniaki, E.; Fernandez Nunez, N.; Pratt, C. B.; Akil Bandali, P.; Makangara Cigolo, J.-C.; Hoff, N. A.; Sabiti Nundu, S.; Mulopo Mukanya, N.; Ngimba, M.; Modrada Madakpa, B.; Diavita, R.; Paku Tshambu, P.; Pukuta Simbu, E.; Merritt, S.; O'Toole, A.; Low, N.; Nkuba Ndaye, A.; Kavunga Membo, H.; Shongo, R.; Malembi, E.; Kalonji, T.; Kacita, C.; Lokilo Lofiko, E.; Kavira Bapitani, S.; Rilia, O.; Muswamba, P.-C.; Muyembe Mawete, F.; Lumembe, R.; Kabamba, G.; Kenye, M.; Citenga, A.; Cikaya, F.; Yungwe, Z.; Matondo, M.; Kasongo, F.; Tshiminyi, P.; Bulabula, J.; Nkawa, F.; Muhindo Milonde, E.; Kavira Kamaliro, A.; Paluku Kalimuli, Z.; Bodisa Matamu, T.; Mubalama Mufungizi, J.; Wiley, M. R.; Devos, E.; Bangwen, E.; Brosius, I.; Parker, E.; Pilarowski, G.; Liesenborghs, L.; Wawina Bokalanga, T.; Vercauteren, K.; Mukadi Bamuleka, D.; Subissi, L.; Muyembe, J.-J.; Kindrachuk, J.; Guichet, E.; Ayouba, A.; Rambaut, A.; Delaporte, E.; Tessema, S. K.; D'Ortenzio, E.; Rimoin, A. W.; Hensley, L. E.; Mbala Kingebeni, P.; Peeters, M.; Ahuka Mundeke, S."
PP_000ZZ9J,Ia,None,Democratic Republic of the Congo,"Tshopo,Yahuma",2023-01-06,196691,0.949850158968404,2024-12-09,"Kinganda Lusamaki, E.; Amuri Aziza, A.; Luakanda Ndelemo, G.; Hasivirwe Vakaniaki, E.; Fernandez Nunez, N.; Pratt, C. B.; Akil Bandali, P.; Makangara Cigolo, J.-C.; Hoff, N. A.; Sabiti Nundu, S.; Mulopo Mukanya, N.; Ngimba, M.; Modrada Madakpa, B.; Diavita, R.; Paku Tshambu, P.; Pukuta Simbu, E.; Merritt, S.; O'Toole, A.; Low, N.; Nkuba Ndaye, A.; Kavunga Membo, H.; Shongo, R.; Malembi, E.; Kalonji, T.; Kacita, C.; Lokilo Lofiko, E.; Kavira Bapitani, S.; Rilia, O.; Muswamba, P.-C.; Muyembe Mawete, F.; Lumembe, R.; Kabamba, G.; Kenye, M.; Citenga, A.; Cikaya, F.; Yungwe, Z.; Matondo, M.; Kasongo, F.; Tshiminyi, P.; Bulabula, J.; Nkawa, F.; Muhindo Milonde, E.; Kavira Kamaliro, A.; Paluku Kalimuli, Z.; Bodisa Matamu, T.; Mubalama Mufungizi, J.; Wiley, M. R.; Devos, E.; Bangwen, E.; Brosius, I.; Parker, E.; Pilarowski, G.; Liesenborghs, L.; Wawina Bokalanga, T.; Vercauteren, K.; Mukadi Bamuleka, D.; Subissi, L.; Muyembe, J.-J.; Kindrachuk, J.; Guichet, E.; Ayouba, A.; Rambaut, A.; Delaporte, E.; Tessema, S. K.; D'Ortenzio, E.; Rimoin, A. W.; Hensley, L. E.; Mbala Kingebeni, P.; Peeters, M.; Ahuka Mundeke, S."
PP_000ZZAG,Ia,None,Democratic Republic of the Congo,"Tshopo,Yahuma",2023-01-07,196699,0.9438514469420768,2024-12-09,"Kinganda Lusamaki, E.; Amuri Aziza, A.; Luakanda Ndelemo, G.; Hasivirwe Vakaniaki, E.; Fernandez Nunez, N.; Pratt, C. B.; Akil Bandali, P.; Makangara Cigolo, J.-C.; Hoff, N. A.; Sabiti Nundu, S.; Mulopo Mukanya, N.; Ngimba, M.; Modrada Madakpa, B.; Diavita, R.; Paku Tshambu, P.; Pukuta Simbu, E.; Merritt, S.; O'Toole, A.; Low, N.; Nkuba Ndaye, A.; Kavunga Membo, H.; Shongo, R.; Malembi, E.; Kalonji, T.; Kacita, C.; Lokilo Lofiko, E.; Kavira Bapitani, S.; Rilia, O.; Muswamba, P.-C.; Muyembe Mawete, F.; Lumembe, R.; Kabamba, G.; Kenye, M.; Citenga, A.; Cikaya, F.; Yungwe, Z.; Matondo, M.; Kasongo, F.; Tshiminyi, P.; Bulabula, J.; Nkawa, F.; Muhindo Milonde, E.; Kavira Kamaliro, A.; Paluku Kalimuli, Z.; Bodisa Matamu, T.; Mubalama Mufungizi, J.; Wiley, M. R.; Devos, E.; Bangwen, E.; Brosius, I.; Parker, E.; Pilarowski, G.; Liesenborghs, L.; Wawina Bokalanga, T.; Vercauteren, K.; Mukadi Bamuleka, D.; Subissi, L.; Muyembe, J.-J.; Kindrachuk, J.; Guichet, E.; Ayouba, A.; Rambaut, A.; Delaporte, E.; Tessema, S. K.; D'Ortenzio, E.; Rimoin, A. W.; Hensley, L. E.; Mbala Kingebeni, P.; Peeters, M.; Ahuka Mundeke, S."
PP_000ZZKX,Ia,None,Democratic Republic of the Congo,"Kasai,Kalonda-Ouest",2022-12-31,190018,0.7342869747323905,2024-12-09,"Kinganda Lusamaki, E.; Amuri Aziza, A.; Luakanda Ndelemo, G.; Hasivirwe Vakaniaki, E.; Fernandez Nunez, N.; Pratt, C. B.; Akil Bandali, P.; Makangara Cigolo, J.-C.; Hoff, N. A.; Sabiti Nundu, S.; Mulopo Mukanya, N.; Ngimba, M.; Modrada Madakpa, B.; Diavita, R.; Paku Tshambu, P.; Pukuta Simbu, E.; Merritt, S.; O'Toole, A.; Low, N.; Nkuba Ndaye, A.; Kavunga Membo, H.; Shongo, R.; Malembi, E.; Kalonji, T.; Kacita, C.; Lokilo Lofiko, E.; Kavira Bapitani, S.; Rilia, O.; Muswamba, P.-C.; Muyembe Mawete, F.; Lumembe, R.; Kabamba, G.; Kenye, M.; Citenga, A.; Cikaya, F.; Yungwe, Z.; Matondo, M.; Kasongo, F.; Tshiminyi, P.; Bulabula, J.; Nkawa, F.; Muhindo Milonde, E.; Kavira Kamaliro, A.; Paluku Kalimuli, Z.; Bodisa Matamu, T.; Mubalama Mufungizi, J.; Wiley, M. R.; Devos, E.; Bangwen, E.; Brosius, I.; Parker, E.; Pilarowski, G.; Liesenborghs, L.; Wawina Bokalanga, T.; Vercauteren, K.; Mukadi Bamuleka, D.; Subissi, L.; Muyembe, J.-J.; Kindrachuk, J.; Guichet, E.; Ayouba, A.; Rambaut, A.; Delaporte, E.; Tessema, S. K.; D'Ortenzio, E.; Rimoin, A. W.; Hensley, L. E.; Mbala Kingebeni, P.; Peeters, M.; Ahuka Mundeke, S."
PP_000ZZLV,Ia,None,Democratic Republic of the Congo,"Kasai,Kamuesha",2023-01-05,196283,0.9402664178612538,2024-12-09,"Kinganda Lusamaki, E.; Amuri Aziza, A.; Luakanda Ndelemo, G.; Hasivirwe Vakaniaki, E.; Fernandez Nunez, N.; Pratt, C. B.; Akil Bandali, P.; Makangara Cigolo, J.-C.; Hoff, N. A.; Sabiti Nundu, S.; Mulopo Mukanya, N.; Ngimba, M.; Modrada Madakpa, B.; Diavita, R.; Paku Tshambu, P.; Pukuta Simbu, E.; Merritt, S.; O'Toole, A.; Low, N.; Nkuba Ndaye, A.; Kavunga Membo, H.; Shongo, R.; Malembi, E.; Kalonji, T.; Kacita, C.; Lokilo Lofiko, E.; Kavira Bapitani, S.; Rilia, O.; Muswamba, P.-C.; Muyembe Mawete, F.; Lumembe, R.; Kabamba, G.; Kenye, M.; Citenga, A.; Cikaya, F.; Yungwe, Z.; Matondo, M.; Kasongo, F.; Tshiminyi, P.; Bulabula, J.; Nkawa, F.; Muhindo Milonde, E.; Kavira Kamaliro, A.; Paluku Kalimuli, Z.; Bodisa Matamu, T.; Mubalama Mufungizi, J.; Wiley, M. R.; Devos, E.; Bangwen, E.; Brosius, I.; Parker, E.; Pilarowski, G.; Liesenborghs, L.; Wawina Bokalanga, T.; Vercauteren, K.; Mukadi Bamuleka, D.; Subissi, L.; Muyembe, J.-J.; Kindrachuk, J.; Guichet, E.; Ayouba, A.; Rambaut, A.; Delaporte, E.; Tessema, S. K.; D'Ortenzio, E.; Rimoin, A. W.; Hensley, L. E.; Mbala Kingebeni, P.; Peeters, M.; Ahuka Mundeke, S."
PP_000ZZMT,Ia,None,Democratic Republic of the Congo,"Kasai,Kamuesha",2023-01-05,196631,0.9574867272791808,2024-12-09,"Kinganda Lusamaki, E.; Amuri Aziza, A.; Luakanda Ndelemo, G.; Hasivirwe Vakaniaki, E.; Fernandez Nunez, N.; Pratt, C. B.; Akil Bandali, P.; Makangara Cigolo, J.-C.; Hoff, N. A.; Sabiti Nundu, S.; Mulopo Mukanya, N.; Ngimba, M.; Modrada Madakpa, B.; Diavita, R.; Paku Tshambu, P.; Pukuta Simbu, E.; Merritt, S.; O'Toole, A.; Low, N.; Nkuba Ndaye, A.; Kavunga Membo, H.; Shongo, R.; Malembi, E.; Kalonji, T.; Kacita, C.; Lokilo Lofiko, E.; Kavira Bapitani, S.; Rilia, O.; Muswamba, P.-C.; Muyembe Mawete, F.; Lumembe, R.; Kabamba, G.; Kenye, M.; Citenga, A.; Cikaya, F.; Yungwe, Z.; Matondo, M.; Kasongo, F.; Tshiminyi, P.; Bulabula, J.; Nkawa, F.; Muhindo Milonde, E.; Kavira Kamaliro, A.; Paluku Kalimuli, Z.; Bodisa Matamu, T.; Mubalama Mufungizi, J.; Wiley, M. R.; Devos, E.; Bangwen, E.; Brosius, I.; Parker, E.; Pilarowski, G.; Liesenborghs, L.; Wawina Bokalanga, T.; Vercauteren, K.; Mukadi Bamuleka, D.; Subissi, L.; Muyembe, J.-J.; Kindrachuk, J.; Guichet, E.; Ayouba, A.; Rambaut, A.; Delaporte, E.; Tessema, S. K.; D'Ortenzio, E.; Rimoin, A. W.; Hensley, L. E.; Mbala Kingebeni, P.; Peeters, M.; Ahuka Mundeke, S."
PP_000ZZNR,Ia,None,Democratic Republic of the Congo,"Tshopo,Bafwasende",2023-01-10,196345,0.9440441359167178,2024-12-09,"Kinganda Lusamaki, E.; Amuri Aziza, A.; Luakanda Ndelemo, G.; Hasivirwe Vakaniaki, E.; Fernandez Nunez, N.; Pratt, C. B.; Akil Bandali, P.; Makangara Cigolo, J.-C.; Hoff, N. A.; Sabiti Nundu, S.; Mulopo Mukanya, N.; Ngimba, M.; Modrada Madakpa, B.; Diavita, R.; Paku Tshambu, P.; Pukuta Simbu, E.; Merritt, S.; O'Toole, A.; Low, N.; Nkuba Ndaye, A.; Kavunga Membo, H.; Shongo, R.; Malembi, E.; Kalonji, T.; Kacita, C.; Lokilo Lofiko, E.; Kavira Bapitani, S.; Rilia, O.; Muswamba, P.-C.; Muyembe Mawete, F.; Lumembe, R.; Kabamba, G.; Kenye, M.; Citenga, A.; Cikaya, F.; Yungwe, Z.; Matondo, M.; Kasongo, F.; Tshiminyi, P.; Bulabula, J.; Nkawa, F.; Muhindo Milonde, E.; Kavira Kamaliro, A.; Paluku Kalimuli, Z.; Bodisa Matamu, T.; Mubalama Mufungizi, J.; Wiley, M. R.; Devos, E.; Bangwen, E.; Brosius, I.; Parker, E.; Pilarowski, G.; Liesenborghs, L.; Wawina Bokalanga, T.; Vercauteren, K.; Mukadi Bamuleka, D.; Subissi, L.; Muyembe, J.-J.; Kindrachuk, J.; Guichet, E.; Ayouba, A.; Rambaut, A.; Delaporte, E.; Tessema, S. K.; D'Ortenzio, E.; Rimoin, A. W.; Hensley, L. E.; Mbala Kingebeni, P.; Peeters, M.; Ahuka Mundeke, S."
PP_000ZZPP,Ia,None,Democratic Republic of the Congo,"Tshopo,Tshopo",2023-01-13,190920,0.8740777550720302,2024-12-09,"Kinganda Lusamaki, E.; Amuri Aziza, A.; Luakanda Ndelemo, G.; Hasivirwe Vakaniaki, E.; Fernandez Nunez, N.; Pratt, C. B.; Akil Bandali, P.; Makangara Cigolo, J.-C.; Hoff, N. A.; Sabiti Nundu, S.; Mulopo Mukanya, N.; Ngimba, M.; Modrada Madakpa, B.; Diavita, R.; Paku Tshambu, P.; Pukuta Simbu, E.; Merritt, S.; O'Toole, A.; Low, N.; Nkuba Ndaye, A.; Kavunga Membo, H.; Shongo, R.; Malembi, E.; Kalonji, T.; Kacita, C.; Lokilo Lofiko, E.; Kavira Bapitani, S.; Rilia, O.; Muswamba, P.-C.; Muyembe Mawete, F.; Lumembe, R.; Kabamba, G.; Kenye, M.; Citenga, A.; Cikaya, F.; Yungwe, Z.; Matondo, M.; Kasongo, F.; Tshiminyi, P.; Bulabula, J.; Nkawa, F.; Muhindo Milonde, E.; Kavira Kamaliro, A.; Paluku Kalimuli, Z.; Bodisa Matamu, T.; Mubalama Mufungizi, J.; Wiley, M. R.; Devos, E.; Bangwen, E.; Brosius, I.; Parker, E.; Pilarowski, G.; Liesenborghs, L.; Wawina Bokalanga, T.; Vercauteren, K.; Mukadi Bamuleka, D.; Subissi, L.; Muyembe, J.-J.; Kindrachuk, J.; Guichet, E.; Ayouba, A.; Rambaut, A.; Delaporte, E.; Tessema, S. K.; D'Ortenzio, E.; Rimoin, A. W.; Hensley, L. E.; Mbala Kingebeni, P.; Peeters, M.; Ahuka Mundeke, S."
PP_000ZZQM,Ia,None,Democratic Republic of the Congo,"Tshopo,Yakusu",2023-11-23,196643,0.939784695424651,2024-12-09,"Kinganda Lusamaki, E.; Amuri Aziza, A.; Luakanda Ndelemo, G.; Hasivirwe Vakaniaki, E.; Fernandez Nunez, N.; Pratt, C. B.; Akil Bandali, P.; Makangara Cigolo, J.-C.; Hoff, N. A.; Sabiti Nundu, S.; Mulopo Mukanya, N.; Ngimba, M.; Modrada Madakpa, B.; Diavita, R.; Paku Tshambu, P.; Pukuta Simbu, E.; Merritt, S.; O'Toole, A.; Low, N.; Nkuba Ndaye, A.; Kavunga Membo, H.; Shongo, R.; Malembi, E.; Kalonji, T.; Kacita, C.; Lokilo Lofiko, E.; Kavira Bapitani, S.; Rilia, O.; Muswamba, P.-C.; Muyembe Mawete, F.; Lumembe, R.; Kabamba, G.; Kenye, M.; Citenga, A.; Cikaya, F.; Yungwe, Z.; Matondo, M.; Kasongo, F.; Tshiminyi, P.; Bulabula, J.; Nkawa, F.; Muhindo Milonde, E.; Kavira Kamaliro, A.; Paluku Kalimuli, Z.; Bodisa Matamu, T.; Mubalama Mufungizi, J.; Wiley, M. R.; Devos, E.; Bangwen, E.; Brosius, I.; Parker, E.; Pilarowski, G.; Liesenborghs, L.; Wawina Bokalanga, T.; Vercauteren, K.; Mukadi Bamuleka, D.; Subissi, L.; Muyembe, J.-J.; Kindrachuk, J.; Guichet, E.; Ayouba, A.; Rambaut, A.; Delaporte, E.; Tessema, S. K.; D'Ortenzio, E.; Rimoin, A. W.; Hensley, L. E.; Mbala Kingebeni, P.; Peeters, M.; Ahuka Mundeke, S."
PP_000ZZZ3,Ia,None,Democratic Republic of the Congo,"Tshopo,Yakusu",2022-11-24,196696,0.9428727897813994,2024-12-09,"Kinganda Lusamaki, E.; Amuri Aziza, A.; Luakanda Ndelemo, G.; Hasivirwe Vakaniaki, E.; Fernandez Nunez, N.; Pratt, C. B.; Akil Bandali, P.; Makangara Cigolo, J.-C.; Hoff, N. A.; Sabiti Nundu, S.; Mulopo Mukanya, N.; Ngimba, M.; Modrada Madakpa, B.; Diavita, R.; Paku Tshambu, P.; Pukuta Simbu, E.; Merritt, S.; O'Toole, A.; Low, N.; Nkuba Ndaye, A.; Kavunga Membo, H.; Shongo, R.; Malembi, E.; Kalonji, T.; Kacita, C.; Lokilo Lofiko, E.; Kavira Bapitani, S.; Rilia, O.; Muswamba, P.-C.; Muyembe Mawete, F.; Lumembe, R.; Kabamba, G.; Kenye, M.; Citenga, A.; Cikaya, F.; Yungwe, Z.; Matondo, M.; Kasongo, F.; Tshiminyi, P.; Bulabula, J.; Nkawa, F.; Muhindo Milonde, E.; Kavira Kamaliro, A.; Paluku Kalimuli, Z.; Bodisa Matamu, T.; Mubalama Mufungizi, J.; Wiley, M. R.; Devos, E.; Bangwen, E.; Brosius, I.; Parker, E.; Pilarowski, G.; Liesenborghs, L.; Wawina Bokalanga, T.; Vercauteren, K.; Mukadi Bamuleka, D.; Subissi, L.; Muyembe, J.-J.; Kindrachuk, J.; Guichet, E.; Ayouba, A.; Rambaut, A.; Delaporte, E.; Tessema, S. K.; D'Ortenzio, E.; Rimoin, A. W.; Hensley, L. E.; Mbala Kingebeni, P.; Peeters, M.; Ahuka Mundeke, S."
PP_001000Z,Ia,None,Democratic Republic of the Congo,"Tshopo,Yakusu",2022-12-29,196765,0.9993357301137372,2024-12-09,"Kinganda Lusamaki, E.; Amuri Aziza, A.; Luakanda Ndelemo, G.; Hasivirwe Vakaniaki, E.; Fernandez Nunez, N.; Pratt, C. B.; Akil Bandali, P.; Makangara Cigolo, J.-C.; Hoff, N. A.; Sabiti Nundu, S.; Mulopo Mukanya, N.; Ngimba, M.; Modrada Madakpa, B.; Diavita, R.; Paku Tshambu, P.; Pukuta Simbu, E.; Merritt, S.; O'Toole, A.; Low, N.; Nkuba Ndaye, A.; Kavunga Membo, H.; Shongo, R.; Malembi, E.; Kalonji, T.; Kacita, C.; Lokilo Lofiko, E.; Kavira Bapitani, S.; Rilia, O.; Muswamba, P.-C.; Muyembe Mawete, F.; Lumembe, R.; Kabamba, G.; Kenye, M.; Citenga, A.; Cikaya, F.; Yungwe, Z.; Matondo, M.; Kasongo, F.; Tshiminyi, P.; Bulabula, J.; Nkawa, F.; Muhindo Milonde, E.; Kavira Kamaliro, A.; Paluku Kalimuli, Z.; Bodisa Matamu, T.; Mubalama Mufungizi, J.; Wiley, M. R.; Devos, E.; Bangwen, E.; Brosius, I.; Parker, E.; Pilarowski, G.; Liesenborghs, L.; Wawina Bokalanga, T.; Vercauteren, K.; Mukadi Bamuleka, D.; Subissi, L.; Muyembe, J.-J.; Kindrachuk, J.; Guichet, E.; Ayouba, A.; Rambaut, A.; Delaporte, E.; Tessema, S. K.; D'Ortenzio, E.; Rimoin, A. W.; Hensley, L. E.; Mbala Kingebeni, P.; Peeters, M.; Ahuka Mundeke, S."
PP_001001X,Ia,None,Democratic Republic of the Congo,"Tshopo,Yakusu",2022-12-29,196746,0.9933775841873342,2024-12-09,"Kinganda Lusamaki, E.; Amuri Aziza, A.; Luakanda Ndelemo, G.; Hasivirwe Vakaniaki, E.; Fernandez Nunez, N.; Pratt, C. B.; Akil Bandali, P.; Makangara Cigolo, J.-C.; Hoff, N. A.; Sabiti Nundu, S.; Mulopo Mukanya, N.; Ngimba, M.; Modrada Madakpa, B.; Diavita, R.; Paku Tshambu, P.; Pukuta Simbu, E.; Merritt, S.; O'Toole, A.; Low, N.; Nkuba Ndaye, A.; Kavunga Membo, H.; Shongo, R.; Malembi, E.; Kalonji, T.; Kacita, C.; Lokilo Lofiko, E.; Kavira Bapitani, S.; Rilia, O.; Muswamba, P.-C.; Muyembe Mawete, F.; Lumembe, R.; Kabamba, G.; Kenye, M.; Citenga, A.; Cikaya, F.; Yungwe, Z.; Matondo, M.; Kasongo, F.; Tshiminyi, P.; Bulabula, J.; Nkawa, F.; Muhindo Milonde, E.; Kavira Kamaliro, A.; Paluku Kalimuli, Z.; Bodisa Matamu, T.; Mubalama Mufungizi, J.; Wiley, M. R.; Devos, E.; Bangwen, E.; Brosius, I.; Parker, E.; Pilarowski, G.; Liesenborghs, L.; Wawina Bokalanga, T.; Vercauteren, K.; Mukadi Bamuleka, D.; Subissi, L.; Muyembe, J.-J.; Kindrachuk, J.; Guichet, E.; Ayouba, A.; Rambaut, A.; Delaporte, E.; Tessema, S. K.; D'Ortenzio, E.; Rimoin, A. W.; Hensley, L. E.; Mbala Kingebeni, P.; Peeters, M.; Ahuka Mundeke, S."
PP_001002V,Ia,None,Democratic Republic of the Congo,"Tshopo,Yakusu",2022-12-10,196714,0.9323256038010436,2024-12-09,"Kinganda Lusamaki, E.; Amuri Aziza, A.; Luakanda Ndelemo, G.; Hasivirwe Vakaniaki, E.; Fernandez Nunez, N.; Pratt, C. B.; Akil Bandali, P.; Makangara Cigolo, J.-C.; Hoff, N. A.; Sabiti Nundu, S.; Mulopo Mukanya, N.; Ngimba, M.; Modrada Madakpa, B.; Diavita, R.; Paku Tshambu, P.; Pukuta Simbu, E.; Merritt, S.; O'Toole, A.; Low, N.; Nkuba Ndaye, A.; Kavunga Membo, H.; Shongo, R.; Malembi, E.; Kalonji, T.; Kacita, C.; Lokilo Lofiko, E.; Kavira Bapitani, S.; Rilia, O.; Muswamba, P.-C.; Muyembe Mawete, F.; Lumembe, R.; Kabamba, G.; Kenye, M.; Citenga, A.; Cikaya, F.; Yungwe, Z.; Matondo, M.; Kasongo, F.; Tshiminyi, P.; Bulabula, J.; Nkawa, F.; Muhindo Milonde, E.; Kavira Kamaliro, A.; Paluku Kalimuli, Z.; Bodisa Matamu, T.; Mubalama Mufungizi, J.; Wiley, M. R.; Devos, E.; Bangwen, E.; Brosius, I.; Parker, E.; Pilarowski, G.; Liesenborghs, L.; Wawina Bokalanga, T.; Vercauteren, K.; Mukadi Bamuleka, D.; Subissi, L.; Muyembe, J.-J.; Kindrachuk, J.; Guichet, E.; Ayouba, A.; Rambaut, A.; Delaporte, E.; Tessema, S. K.; D'Ortenzio, E.; Rimoin, A. W.; Hensley, L. E.; Mbala Kingebeni, P.; Peeters, M.; Ahuka Mundeke, S."
PP_001003T,Ia,None,Democratic Republic of the Congo,"Tshopo,Yakusu",2022-12-15,196562,0.8837984067664255,2024-12-09,"Kinganda Lusamaki, E.; Amuri Aziza, A.; Luakanda Ndelemo, G.; Hasivirwe Vakaniaki, E.; Fernandez Nunez, N.; Pratt, C. B.; Akil Bandali, P.; Makangara Cigolo, J.-C.; Hoff, N. A.; Sabiti Nundu, S.; Mulopo Mukanya, N.; Ngimba, M.; Modrada Madakpa, B.; Diavita, R.; Paku Tshambu, P.; Pukuta Simbu, E.; Merritt, S.; O'Toole, A.; Low, N.; Nkuba Ndaye, A.; Kavunga Membo, H.; Shongo, R.; Malembi, E.; Kalonji, T.; Kacita, C.; Lokilo Lofiko, E.; Kavira Bapitani, S.; Rilia, O.; Muswamba, P.-C.; Muyembe Mawete, F.; Lumembe, R.; Kabamba, G.; Kenye, M.; Citenga, A.; Cikaya, F.; Yungwe, Z.; Matondo, M.; Kasongo, F.; Tshiminyi, P.; Bulabula, J.; Nkawa, F.; Muhindo Milonde, E.; Kavira Kamaliro, A.; Paluku Kalimuli, Z.; Bodisa Matamu, T.; Mubalama Mufungizi, J.; Wiley, M. R.; Devos, E.; Bangwen, E.; Brosius, I.; Parker, E.; Pilarowski, G.; Liesenborghs, L.; Wawina Bokalanga, T.; Vercauteren, K.; Mukadi Bamuleka, D.; Subissi, L.; Muyembe, J.-J.; Kindrachuk, J.; Guichet, E.; Ayouba, A.; Rambaut, A.; Delaporte, E.; Tessema, S. K.; D'Ortenzio, E.; Rimoin, A. W.; Hensley, L. E.; Mbala Kingebeni, P.; Peeters, M.; Ahuka Mundeke, S."
PP_001004R,Ia,None,Democratic Republic of the Congo,"Tshopo,Yakusu",2022-12-29,196544,0.9390798594384636,2024-12-09,"Kinganda Lusamaki, E.; Amuri Aziza, A.; Luakanda Ndelemo, G.; Hasivirwe Vakaniaki, E.; Fernandez Nunez, N.; Pratt, C. B.; Akil Bandali, P.; Makangara Cigolo, J.-C.; Hoff, N. A.; Sabiti Nundu, S.; Mulopo Mukanya, N.; Ngimba, M.; Modrada Madakpa, B.; Diavita, R.; Paku Tshambu, P.; Pukuta Simbu, E.; Merritt, S.; O'Toole, A.; Low, N.; Nkuba Ndaye, A.; Kavunga Membo, H.; Shongo, R.; Malembi, E.; Kalonji, T.; Kacita, C.; Lokilo Lofiko, E.; Kavira Bapitani, S.; Rilia, O.; Muswamba, P.-C.; Muyembe Mawete, F.; Lumembe, R.; Kabamba, G.; Kenye, M.; Citenga, A.; Cikaya, F.; Yungwe, Z.; Matondo, M.; Kasongo, F.; Tshiminyi, P.; Bulabula, J.; Nkawa, F.; Muhindo Milonde, E.; Kavira Kamaliro, A.; Paluku Kalimuli, Z.; Bodisa Matamu, T.; Mubalama Mufungizi, J.; Wiley, M. R.; Devos, E.; Bangwen, E.; Brosius, I.; Parker, E.; Pilarowski, G.; Liesenborghs, L.; Wawina Bokalanga, T.; Vercauteren, K.; Mukadi Bamuleka, D.; Subissi, L.; Muyembe, J.-J.; Kindrachuk, J.; Guichet, E.; Ayouba, A.; Rambaut, A.; Delaporte, E.; Tessema, S. K.; D'Ortenzio, E.; Rimoin, A. W.; Hensley, L. E.; Mbala Kingebeni, P.; Peeters, M.; Ahuka Mundeke, S."
PP_00100D7,Ia,None,Democratic Republic of the Congo,"Tshopo,Yakusu",2022-12-31,196178,0.9347088621716048,2024-12-09,"Kinganda Lusamaki, E.; Amuri Aziza, A.; Luakanda Ndelemo, G.; Hasivirwe Vakaniaki, E.; Fernandez Nunez, N.; Pratt, C. B.; Akil Bandali, P.; Makangara Cigolo, J.-C.; Hoff, N. A.; Sabiti Nundu, S.; Mulopo Mukanya, N.; Ngimba, M.; Modrada Madakpa, B.; Diavita, R.; Paku Tshambu, P.; Pukuta Simbu, E.; Merritt, S.; O'Toole, A.; Low, N.; Nkuba Ndaye, A.; Kavunga Membo, H.; Shongo, R.; Malembi, E.; Kalonji, T.; Kacita, C.; Lokilo Lofiko, E.; Kavira Bapitani, S.; Rilia, O.; Muswamba, P.-C.; Muyembe Mawete, F.; Lumembe, R.; Kabamba, G.; Kenye, M.; Citenga, A.; Cikaya, F.; Yungwe, Z.; Matondo, M.; Kasongo, F.; Tshiminyi, P.; Bulabula, J.; Nkawa, F.; Muhindo Milonde, E.; Kavira Kamaliro, A.; Paluku Kalimuli, Z.; Bodisa Matamu, T.; Mubalama Mufungizi, J.; Wiley, M. R.; Devos, E.; Bangwen, E.; Brosius, I.; Parker, E.; Pilarowski, G.; Liesenborghs, L.; Wawina Bokalanga, T.; Vercauteren, K.; Mukadi Bamuleka, D.; Subissi, L.; Muyembe, J.-J.; Kindrachuk, J.; Guichet, E.; Ayouba, A.; Rambaut, A.; Delaporte, E.; Tessema, S. K.; D'Ortenzio, E.; Rimoin, A. W.; Hensley, L. E.; Mbala Kingebeni, P.; Peeters, M.; Ahuka Mundeke, S."
PP_00100E5,Ia,None,Democratic Republic of the Congo,"Tshopo,Yakusu",2022-12-31,196602,0.9887986856583624,2024-12-09,"Kinganda Lusamaki, E.; Amuri Aziza, A.; Luakanda Ndelemo, G.; Hasivirwe Vakaniaki, E.; Fernandez Nunez, N.; Pratt, C. B.; Akil Bandali, P.; Makangara Cigolo, J.-C.; Hoff, N. A.; Sabiti Nundu, S.; Mulopo Mukanya, N.; Ngimba, M.; Modrada Madakpa, B.; Diavita, R.; Paku Tshambu, P.; Pukuta Simbu, E.; Merritt, S.; O'Toole, A.; Low, N.; Nkuba Ndaye, A.; Kavunga Membo, H.; Shongo, R.; Malembi, E.; Kalonji, T.; Kacita, C.; Lokilo Lofiko, E.; Kavira Bapitani, S.; Rilia, O.; Muswamba, P.-C.; Muyembe Mawete, F.; Lumembe, R.; Kabamba, G.; Kenye, M.; Citenga, A.; Cikaya, F.; Yungwe, Z.; Matondo, M.; Kasongo, F.; Tshiminyi, P.; Bulabula, J.; Nkawa, F.; Muhindo Milonde, E.; Kavira Kamaliro, A.; Paluku Kalimuli, Z.; Bodisa Matamu, T.; Mubalama Mufungizi, J.; Wiley, M. R.; Devos, E.; Bangwen, E.; Brosius, I.; Parker, E.; Pilarowski, G.; Liesenborghs, L.; Wawina Bokalanga, T.; Vercauteren, K.; Mukadi Bamuleka, D.; Subissi, L.; Muyembe, J.-J.; Kindrachuk, J.; Guichet, E.; Ayouba, A.; Rambaut, A.; Delaporte, E.; Tessema, S. K.; D'Ortenzio, E.; Rimoin, A. W.; Hensley, L. E.; Mbala Kingebeni, P.; Peeters, M.; Ahuka Mundeke, S."
PP_00100F3,Ia,None,Democratic Republic of the Congo,"Tshopo,Yakusu",2022-12-28,196616,0.9200087217114836,2024-12-09,"Kinganda Lusamaki, E.; Amuri Aziza, A.; Luakanda Ndelemo, G.; Hasivirwe Vakaniaki, E.; Fernandez Nunez, N.; Pratt, C. B.; Akil Bandali, P.; Makangara Cigolo, J.-C.; Hoff, N. A.; Sabiti Nundu, S.; Mulopo Mukanya, N.; Ngimba, M.; Modrada Madakpa, B.; Diavita, R.; Paku Tshambu, P.; Pukuta Simbu, E.; Merritt, S.; O'Toole, A.; Low, N.; Nkuba Ndaye, A.; Kavunga Membo, H.; Shongo, R.; Malembi, E.; Kalonji, T.; Kacita, C.; Lokilo Lofiko, E.; Kavira Bapitani, S.; Rilia, O.; Muswamba, P.-C.; Muyembe Mawete, F.; Lumembe, R.; Kabamba, G.; Kenye, M.; Citenga, A.; Cikaya, F.; Yungwe, Z.; Matondo, M.; Kasongo, F.; Tshiminyi, P.; Bulabula, J.; Nkawa, F.; Muhindo Milonde, E.; Kavira Kamaliro, A.; Paluku Kalimuli, Z.; Bodisa Matamu, T.; Mubalama Mufungizi, J.; Wiley, M. R.; Devos, E.; Bangwen, E.; Brosius, I.; Parker, E.; Pilarowski, G.; Liesenborghs, L.; Wawina Bokalanga, T.; Vercauteren, K.; Mukadi Bamuleka, D.; Subissi, L.; Muyembe, J.-J.; Kindrachuk, J.; Guichet, E.; Ayouba, A.; Rambaut, A.; Delaporte, E.; Tessema, S. K.; D'Ortenzio, E.; Rimoin, A. W.; Hensley, L. E.; Mbala Kingebeni, P.; Peeters, M.; Ahuka Mundeke, S."
PP_00100G1,Ia,None,Democratic Republic of the Congo,"Tshopo,Yakusu",2023-01-02,196656,0.9334361007864752,2024-12-09,"Kinganda Lusamaki, E.; Amuri Aziza, A.; Luakanda Ndelemo, G.; Hasivirwe Vakaniaki, E.; Fernandez Nunez, N.; Pratt, C. B.; Akil Bandali, P.; Makangara Cigolo, J.-C.; Hoff, N. A.; Sabiti Nundu, S.; Mulopo Mukanya, N.; Ngimba, M.; Modrada Madakpa, B.; Diavita, R.; Paku Tshambu, P.; Pukuta Simbu, E.; Merritt, S.; O'Toole, A.; Low, N.; Nkuba Ndaye, A.; Kavunga Membo, H.; Shongo, R.; Malembi, E.; Kalonji, T.; Kacita, C.; Lokilo Lofiko, E.; Kavira Bapitani, S.; Rilia, O.; Muswamba, P.-C.; Muyembe Mawete, F.; Lumembe, R.; Kabamba, G.; Kenye, M.; Citenga, A.; Cikaya, F.; Yungwe, Z.; Matondo, M.; Kasongo, F.; Tshiminyi, P.; Bulabula, J.; Nkawa, F.; Muhindo Milonde, E.; Kavira Kamaliro, A.; Paluku Kalimuli, Z.; Bodisa Matamu, T.; Mubalama Mufungizi, J.; Wiley, M. R.; Devos, E.; Bangwen, E.; Brosius, I.; Parker, E.; Pilarowski, G.; Liesenborghs, L.; Wawina Bokalanga, T.; Vercauteren, K.; Mukadi Bamuleka, D.; Subissi, L.; Muyembe, J.-J.; Kindrachuk, J.; Guichet, E.; Ayouba, A.; Rambaut, A.; Delaporte, E.; Tessema, S. K.; D'Ortenzio, E.; Rimoin, A. W.; Hensley, L. E.; Mbala Kingebeni, P.; Peeters, M.; Ahuka Mundeke, S."
PP_00100HY,Ia,None,Democratic Republic of the Congo,"Tshopo,Yakusu",2022-12-20,196612,0.8404890243345892,2024-12-09,"Kinganda Lusamaki, E.; Amuri Aziza, A.; Luakanda Ndelemo, G.; Hasivirwe Vakaniaki, E.; Fernandez Nunez, N.; Pratt, C. B.; Akil Bandali, P.; Makangara Cigolo, J.-C.; Hoff, N. A.; Sabiti Nundu, S.; Mulopo Mukanya, N.; Ngimba, M.; Modrada Madakpa, B.; Diavita, R.; Paku Tshambu, P.; Pukuta Simbu, E.; Merritt, S.; O'Toole, A.; Low, N.; Nkuba Ndaye, A.; Kavunga Membo, H.; Shongo, R.; Malembi, E.; Kalonji, T.; Kacita, C.; Lokilo Lofiko, E.; Kavira Bapitani, S.; Rilia, O.; Muswamba, P.-C.; Muyembe Mawete, F.; Lumembe, R.; Kabamba, G.; Kenye, M.; Citenga, A.; Cikaya, F.; Yungwe, Z.; Matondo, M.; Kasongo, F.; Tshiminyi, P.; Bulabula, J.; Nkawa, F.; Muhindo Milonde, E.; Kavira Kamaliro, A.; Paluku Kalimuli, Z.; Bodisa Matamu, T.; Mubalama Mufungizi, J.; Wiley, M. R.; Devos, E.; Bangwen, E.; Brosius, I.; Parker, E.; Pilarowski, G.; Liesenborghs, L.; Wawina Bokalanga, T.; Vercauteren, K.; Mukadi Bamuleka, D.; Subissi, L.; Muyembe, J.-J.; Kindrachuk, J.; Guichet, E.; Ayouba, A.; Rambaut, A.; Delaporte, E.; Tessema, S. K.; D'Ortenzio, E.; Rimoin, A. W.; Hensley, L. E.; Mbala Kingebeni, P.; Peeters, M.; Ahuka Mundeke, S."
PP_00100JW,Ia,None,Democratic Republic of the Congo,"Tshopo,Yakusu",2023-01-02,196578,0.8422739327312648,2024-12-09,"Kinganda Lusamaki, E.; Amuri Aziza, A.; Luakanda Ndelemo, G.; Hasivirwe Vakaniaki, E.; Fernandez Nunez, N.; Pratt, C. B.; Akil Bandali, P.; Makangara Cigolo, J.-C.; Hoff, N. A.; Sabiti Nundu, S.; Mulopo Mukanya, N.; Ngimba, M.; Modrada Madakpa, B.; Diavita, R.; Paku Tshambu, P.; Pukuta Simbu, E.; Merritt, S.; O'Toole, A.; Low, N.; Nkuba Ndaye, A.; Kavunga Membo, H.; Shongo, R.; Malembi, E.; Kalonji, T.; Kacita, C.; Lokilo Lofiko, E.; Kavira Bapitani, S.; Rilia, O.; Muswamba, P.-C.; Muyembe Mawete, F.; Lumembe, R.; Kabamba, G.; Kenye, M.; Citenga, A.; Cikaya, F.; Yungwe, Z.; Matondo, M.; Kasongo, F.; Tshiminyi, P.; Bulabula, J.; Nkawa, F.; Muhindo Milonde, E.; Kavira Kamaliro, A.; Paluku Kalimuli, Z.; Bodisa Matamu, T.; Mubalama Mufungizi, J.; Wiley, M. R.; Devos, E.; Bangwen, E.; Brosius, I.; Parker, E.; Pilarowski, G.; Liesenborghs, L.; Wawina Bokalanga, T.; Vercauteren, K.; Mukadi Bamuleka, D.; Subissi, L.; Muyembe, J.-J.; Kindrachuk, J.; Guichet, E.; Ayouba, A.; Rambaut, A.; Delaporte, E.; Tessema, S. K.; D'Ortenzio, E.; Rimoin, A. W.; Hensley, L. E.; Mbala Kingebeni, P.; Peeters, M.; Ahuka Mundeke, S."
PP_00100TC,Ia,None,Democratic Republic of the Congo,"Tshopo,Yakusu",2023-02-01,196529,0.93968328017484,2024-12-09,"Kinganda Lusamaki, E.; Amuri Aziza, A.; Luakanda Ndelemo, G.; Hasivirwe Vakaniaki, E.; Fernandez Nunez, N.; Pratt, C. B.; Akil Bandali, P.; Makangara Cigolo, J.-C.; Hoff, N. A.; Sabiti Nundu, S.; Mulopo Mukanya, N.; Ngimba, M.; Modrada Madakpa, B.; Diavita, R.; Paku Tshambu, P.; Pukuta Simbu, E.; Merritt, S.; O'Toole, A.; Low, N.; Nkuba Ndaye, A.; Kavunga Membo, H.; Shongo, R.; Malembi, E.; Kalonji, T.; Kacita, C.; Lokilo Lofiko, E.; Kavira Bapitani, S.; Rilia, O.; Muswamba, P.-C.; Muyembe Mawete, F.; Lumembe, R.; Kabamba, G.; Kenye, M.; Citenga, A.; Cikaya, F.; Yungwe, Z.; Matondo, M.; Kasongo, F.; Tshiminyi, P.; Bulabula, J.; Nkawa, F.; Muhindo Milonde, E.; Kavira Kamaliro, A.; Paluku Kalimuli, Z.; Bodisa Matamu, T.; Mubalama Mufungizi, J.; Wiley, M. R.; Devos, E.; Bangwen, E.; Brosius, I.; Parker, E.; Pilarowski, G.; Liesenborghs, L.; Wawina Bokalanga, T.; Vercauteren, K.; Mukadi Bamuleka, D.; Subissi, L.; Muyembe, J.-J.; Kindrachuk, J.; Guichet, E.; Ayouba, A.; Rambaut, A.; Delaporte, E.; Tessema, S. K.; D'Ortenzio, E.; Rimoin, A. W.; Hensley, L. E.; Mbala Kingebeni, P.; Peeters, M.; Ahuka Mundeke, S."
PP_00100UA,Ia,None,Democratic Republic of the Congo,"Tshopo,Bafwasende",2023-01-23,189074,0.9216972856208387,2024-12-09,"Kinganda Lusamaki, E.; Amuri Aziza, A.; Luakanda Ndelemo, G.; Hasivirwe Vakaniaki, E.; Fernandez Nunez, N.; Pratt, C. B.; Akil Bandali, P.; Makangara Cigolo, J.-C.; Hoff, N. A.; Sabiti Nundu, S.; Mulopo Mukanya, N.; Ngimba, M.; Modrada Madakpa, B.; Diavita, R.; Paku Tshambu, P.; Pukuta Simbu, E.; Merritt, S.; O'Toole, A.; Low, N.; Nkuba Ndaye, A.; Kavunga Membo, H.; Shongo, R.; Malembi, E.; Kalonji, T.; Kacita, C.; Lokilo Lofiko, E.; Kavira Bapitani, S.; Rilia, O.; Muswamba, P.-C.; Muyembe Mawete, F.; Lumembe, R.; Kabamba, G.; Kenye, M.; Citenga, A.; Cikaya, F.; Yungwe, Z.; Matondo, M.; Kasongo, F.; Tshiminyi, P.; Bulabula, J.; Nkawa, F.; Muhindo Milonde, E.; Kavira Kamaliro, A.; Paluku Kalimuli, Z.; Bodisa Matamu, T.; Mubalama Mufungizi, J.; Wiley, M. R.; Devos, E.; Bangwen, E.; Brosius, I.; Parker, E.; Pilarowski, G.; Liesenborghs, L.; Wawina Bokalanga, T.; Vercauteren, K.; Mukadi Bamuleka, D.; Subissi, L.; Muyembe, J.-J.; Kindrachuk, J.; Guichet, E.; Ayouba, A.; Rambaut, A.; Delaporte, E.; Tessema, S. K.; D'Ortenzio, E.; Rimoin, A. W.; Hensley, L. E.; Mbala Kingebeni, P.; Peeters, M.; Ahuka Mundeke, S."
PP_00100V8,Ia,None,Democratic Republic of the Congo,"Tshopo,Wanie-Rukula",2023-01-24,196574,0.9482579395463696,2024-12-09,"Kinganda Lusamaki, E.; Amuri Aziza, A.; Luakanda Ndelemo, G.; Hasivirwe Vakaniaki, E.; Fernandez Nunez, N.; Pratt, C. B.; Akil Bandali, P.; Makangara Cigolo, J.-C.; Hoff, N. A.; Sabiti Nundu, S.; Mulopo Mukanya, N.; Ngimba, M.; Modrada Madakpa, B.; Diavita, R.; Paku Tshambu, P.; Pukuta Simbu, E.; Merritt, S.; O'Toole, A.; Low, N.; Nkuba Ndaye, A.; Kavunga Membo, H.; Shongo, R.; Malembi, E.; Kalonji, T.; Kacita, C.; Lokilo Lofiko, E.; Kavira Bapitani, S.; Rilia, O.; Muswamba, P.-C.; Muyembe Mawete, F.; Lumembe, R.; Kabamba, G.; Kenye, M.; Citenga, A.; Cikaya, F.; Yungwe, Z.; Matondo, M.; Kasongo, F.; Tshiminyi, P.; Bulabula, J.; Nkawa, F.; Muhindo Milonde, E.; Kavira Kamaliro, A.; Paluku Kalimuli, Z.; Bodisa Matamu, T.; Mubalama Mufungizi, J.; Wiley, M. R.; Devos, E.; Bangwen, E.; Brosius, I.; Parker, E.; Pilarowski, G.; Liesenborghs, L.; Wawina Bokalanga, T.; Vercauteren, K.; Mukadi Bamuleka, D.; Subissi, L.; Muyembe, J.-J.; Kindrachuk, J.; Guichet, E.; Ayouba, A.; Rambaut, A.; Delaporte, E.; Tessema, S. K.; D'Ortenzio, E.; Rimoin, A. W.; Hensley, L. E.; Mbala Kingebeni, P.; Peeters, M.; Ahuka Mundeke, S."
PP_00100W6,Ia,None,Democratic Republic of the Congo,"Sud-Ubangi,Mbaya",2023-01-24,195224,0.918406360764468,2024-12-09,"Kinganda Lusamaki, E.; Amuri Aziza, A.; Luakanda Ndelemo, G.; Hasivirwe Vakaniaki, E.; Fernandez Nunez, N.; Pratt, C. B.; Akil Bandali, P.; Makangara Cigolo, J.-C.; Hoff, N. A.; Sabiti Nundu, S.; Mulopo Mukanya, N.; Ngimba, M.; Modrada Madakpa, B.; Diavita, R.; Paku Tshambu, P.; Pukuta Simbu, E.; Merritt, S.; O'Toole, A.; Low, N.; Nkuba Ndaye, A.; Kavunga Membo, H.; Shongo, R.; Malembi, E.; Kalonji, T.; Kacita, C.; Lokilo Lofiko, E.; Kavira Bapitani, S.; Rilia, O.; Muswamba, P.-C.; Muyembe Mawete, F.; Lumembe, R.; Kabamba, G.; Kenye, M.; Citenga, A.; Cikaya, F.; Yungwe, Z.; Matondo, M.; Kasongo, F.; Tshiminyi, P.; Bulabula, J.; Nkawa, F.; Muhindo Milonde, E.; Kavira Kamaliro, A.; Paluku Kalimuli, Z.; Bodisa Matamu, T.; Mubalama Mufungizi, J.; Wiley, M. R.; Devos, E.; Bangwen, E.; Brosius, I.; Parker, E.; Pilarowski, G.; Liesenborghs, L.; Wawina Bokalanga, T.; Vercauteren, K.; Mukadi Bamuleka, D.; Subissi, L.; Muyembe, J.-J.; Kindrachuk, J.; Guichet, E.; Ayouba, A.; Rambaut, A.; Delaporte, E.; Tessema, S. K.; D'Ortenzio, E.; Rimoin, A. W.; Hensley, L. E.; Mbala Kingebeni, P.; Peeters, M.; Ahuka Mundeke, S."
PP_00100X4,Ia,None,Democratic Republic of the Congo,"Sud-Ubangi,Mbaya",2023-01-24,196576,0.9371326866420904,2024-12-09,"Kinganda Lusamaki, E.; Amuri Aziza, A.; Luakanda Ndelemo, G.; Hasivirwe Vakaniaki, E.; Fernandez Nunez, N.; Pratt, C. B.; Akil Bandali, P.; Makangara Cigolo, J.-C.; Hoff, N. A.; Sabiti Nundu, S.; Mulopo Mukanya, N.; Ngimba, M.; Modrada Madakpa, B.; Diavita, R.; Paku Tshambu, P.; Pukuta Simbu, E.; Merritt, S.; O'Toole, A.; Low, N.; Nkuba Ndaye, A.; Kavunga Membo, H.; Shongo, R.; Malembi, E.; Kalonji, T.; Kacita, C.; Lokilo Lofiko, E.; Kavira Bapitani, S.; Rilia, O.; Muswamba, P.-C.; Muyembe Mawete, F.; Lumembe, R.; Kabamba, G.; Kenye, M.; Citenga, A.; Cikaya, F.; Yungwe, Z.; Matondo, M.; Kasongo, F.; Tshiminyi, P.; Bulabula, J.; Nkawa, F.; Muhindo Milonde, E.; Kavira Kamaliro, A.; Paluku Kalimuli, Z.; Bodisa Matamu, T.; Mubalama Mufungizi, J.; Wiley, M. R.; Devos, E.; Bangwen, E.; Brosius, I.; Parker, E.; Pilarowski, G.; Liesenborghs, L.; Wawina Bokalanga, T.; Vercauteren, K.; Mukadi Bamuleka, D.; Subissi, L.; Muyembe, J.-J.; Kindrachuk, J.; Guichet, E.; Ayouba, A.; Rambaut, A.; Delaporte, E.; Tessema, S. K.; D'Ortenzio, E.; Rimoin, A. W.; Hensley, L. E.; Mbala Kingebeni, P.; Peeters, M.; Ahuka Mundeke, S."
PP_00100Y2,Ia,None,Democratic Republic of the Congo,"Sud-Ubangi,Mbaya",2023-01-24,196779,0.9597127920125348,2024-12-09,"Kinganda Lusamaki, E.; Amuri Aziza, A.; Luakanda Ndelemo, G.; Hasivirwe Vakaniaki, E.; Fernandez Nunez, N.; Pratt, C. B.; Akil Bandali, P.; Makangara Cigolo, J.-C.; Hoff, N. A.; Sabiti Nundu, S.; Mulopo Mukanya, N.; Ngimba, M.; Modrada Madakpa, B.; Diavita, R.; Paku Tshambu, P.; Pukuta Simbu, E.; Merritt, S.; O'Toole, A.; Low, N.; Nkuba Ndaye, A.; Kavunga Membo, H.; Shongo, R.; Malembi, E.; Kalonji, T.; Kacita, C.; Lokilo Lofiko, E.; Kavira Bapitani, S.; Rilia, O.; Muswamba, P.-C.; Muyembe Mawete, F.; Lumembe, R.; Kabamba, G.; Kenye, M.; Citenga, A.; Cikaya, F.; Yungwe, Z.; Matondo, M.; Kasongo, F.; Tshiminyi, P.; Bulabula, J.; Nkawa, F.; Muhindo Milonde, E.; Kavira Kamaliro, A.; Paluku Kalimuli, Z.; Bodisa Matamu, T.; Mubalama Mufungizi, J.; Wiley, M. R.; Devos, E.; Bangwen, E.; Brosius, I.; Parker, E.; Pilarowski, G.; Liesenborghs, L.; Wawina Bokalanga, T.; Vercauteren, K.; Mukadi Bamuleka, D.; Subissi, L.; Muyembe, J.-J.; Kindrachuk, J.; Guichet, E.; Ayouba, A.; Rambaut, A.; Delaporte, E.; Tessema, S. K.; D'Ortenzio, E.; Rimoin, A. W.; Hensley, L. E.; Mbala Kingebeni, P.; Peeters, M.; Ahuka Mundeke, S."
PP_001017J,Ia,None,Democratic Republic of the Congo,"Sankuru,Lomela",2022-12-26,196831,0.947968906084408,2024-12-09,"Kinganda Lusamaki, E.; Amuri Aziza, A.; Luakanda Ndelemo, G.; Hasivirwe Vakaniaki, E.; Fernandez Nunez, N.; Pratt, C. B.; Akil Bandali, P.; Makangara Cigolo, J.-C.; Hoff, N. A.; Sabiti Nundu, S.; Mulopo Mukanya, N.; Ngimba, M.; Modrada Madakpa, B.; Diavita, R.; Paku Tshambu, P.; Pukuta Simbu, E.; Merritt, S.; O'Toole, A.; Low, N.; Nkuba Ndaye, A.; Kavunga Membo, H.; Shongo, R.; Malembi, E.; Kalonji, T.; Kacita, C.; Lokilo Lofiko, E.; Kavira Bapitani, S.; Rilia, O.; Muswamba, P.-C.; Muyembe Mawete, F.; Lumembe, R.; Kabamba, G.; Kenye, M.; Citenga, A.; Cikaya, F.; Yungwe, Z.; Matondo, M.; Kasongo, F.; Tshiminyi, P.; Bulabula, J.; Nkawa, F.; Muhindo Milonde, E.; Kavira Kamaliro, A.; Paluku Kalimuli, Z.; Bodisa Matamu, T.; Mubalama Mufungizi, J.; Wiley, M. R.; Devos, E.; Bangwen, E.; Brosius, I.; Parker, E.; Pilarowski, G.; Liesenborghs, L.; Wawina Bokalanga, T.; Vercauteren, K.; Mukadi Bamuleka, D.; Subissi, L.; Muyembe, J.-J.; Kindrachuk, J.; Guichet, E.; Ayouba, A.; Rambaut, A.; Delaporte, E.; Tessema, S. K.; D'Ortenzio, E.; Rimoin, A. W.; Hensley, L. E.; Mbala Kingebeni, P.; Peeters, M.; Ahuka Mundeke, S."
PP_00101G0,Ia,None,Democratic Republic of the Congo,"Tshopo,Bafwasende",2023-02-01,192988,0.9393435390879726,2024-12-09,"Kinganda Lusamaki, E.; Amuri Aziza, A.; Luakanda Ndelemo, G.; Hasivirwe Vakaniaki, E.; Fernandez Nunez, N.; Pratt, C. B.; Akil Bandali, P.; Makangara Cigolo, J.-C.; Hoff, N. A.; Sabiti Nundu, S.; Mulopo Mukanya, N.; Ngimba, M.; Modrada Madakpa, B.; Diavita, R.; Paku Tshambu, P.; Pukuta Simbu, E.; Merritt, S.; O'Toole, A.; Low, N.; Nkuba Ndaye, A.; Kavunga Membo, H.; Shongo, R.; Malembi, E.; Kalonji, T.; Kacita, C.; Lokilo Lofiko, E.; Kavira Bapitani, S.; Rilia, O.; Muswamba, P.-C.; Muyembe Mawete, F.; Lumembe, R.; Kabamba, G.; Kenye, M.; Citenga, A.; Cikaya, F.; Yungwe, Z.; Matondo, M.; Kasongo, F.; Tshiminyi, P.; Bulabula, J.; Nkawa, F.; Muhindo Milonde, E.; Kavira Kamaliro, A.; Paluku Kalimuli, Z.; Bodisa Matamu, T.; Mubalama Mufungizi, J.; Wiley, M. R.; Devos, E.; Bangwen, E.; Brosius, I.; Parker, E.; Pilarowski, G.; Liesenborghs, L.; Wawina Bokalanga, T.; Vercauteren, K.; Mukadi Bamuleka, D.; Subissi, L.; Muyembe, J.-J.; Kindrachuk, J.; Guichet, E.; Ayouba, A.; Rambaut, A.; Delaporte, E.; Tessema, S. K.; D'Ortenzio, E.; Rimoin, A. W.; Hensley, L. E.; Mbala Kingebeni, P.; Peeters, M.; Ahuka Mundeke, S."
PP_00101HX,Ia,None,Democratic Republic of the Congo,"Tshopo,Bafwasende",2023-02-01,196585,0.968774244583158,2024-12-09,"Kinganda Lusamaki, E.; Amuri Aziza, A.; Luakanda Ndelemo, G.; Hasivirwe Vakaniaki, E.; Fernandez Nunez, N.; Pratt, C. B.; Akil Bandali, P.; Makangara Cigolo, J.-C.; Hoff, N. A.; Sabiti Nundu, S.; Mulopo Mukanya, N.; Ngimba, M.; Modrada Madakpa, B.; Diavita, R.; Paku Tshambu, P.; Pukuta Simbu, E.; Merritt, S.; O'Toole, A.; Low, N.; Nkuba Ndaye, A.; Kavunga Membo, H.; Shongo, R.; Malembi, E.; Kalonji, T.; Kacita, C.; Lokilo Lofiko, E.; Kavira Bapitani, S.; Rilia, O.; Muswamba, P.-C.; Muyembe Mawete, F.; Lumembe, R.; Kabamba, G.; Kenye, M.; Citenga, A.; Cikaya, F.; Yungwe, Z.; Matondo, M.; Kasongo, F.; Tshiminyi, P.; Bulabula, J.; Nkawa, F.; Muhindo Milonde, E.; Kavira Kamaliro, A.; Paluku Kalimuli, Z.; Bodisa Matamu, T.; Mubalama Mufungizi, J.; Wiley, M. R.; Devos, E.; Bangwen, E.; Brosius, I.; Parker, E.; Pilarowski, G.; Liesenborghs, L.; Wawina Bokalanga, T.; Vercauteren, K.; Mukadi Bamuleka, D.; Subissi, L.; Muyembe, J.-J.; Kindrachuk, J.; Guichet, E.; Ayouba, A.; Rambaut, A.; Delaporte, E.; Tessema, S. K.; D'Ortenzio, E.; Rimoin, A. W.; Hensley, L. E.; Mbala Kingebeni, P.; Peeters, M.; Ahuka Mundeke, S."
PP_00101SD,Ia,None,Democratic Republic of the Congo,"Tshopo,Basali",2023-02-08,190887,0.9379237255906172,2024-12-09,"Kinganda Lusamaki, E.; Amuri Aziza, A.; Luakanda Ndelemo, G.; Hasivirwe Vakaniaki, E.; Fernandez Nunez, N.; Pratt, C. B.; Akil Bandali, P.; Makangara Cigolo, J.-C.; Hoff, N. A.; Sabiti Nundu, S.; Mulopo Mukanya, N.; Ngimba, M.; Modrada Madakpa, B.; Diavita, R.; Paku Tshambu, P.; Pukuta Simbu, E.; Merritt, S.; O'Toole, A.; Low, N.; Nkuba Ndaye, A.; Kavunga Membo, H.; Shongo, R.; Malembi, E.; Kalonji, T.; Kacita, C.; Lokilo Lofiko, E.; Kavira Bapitani, S.; Rilia, O.; Muswamba, P.-C.; Muyembe Mawete, F.; Lumembe, R.; Kabamba, G.; Kenye, M.; Citenga, A.; Cikaya, F.; Yungwe, Z.; Matondo, M.; Kasongo, F.; Tshiminyi, P.; Bulabula, J.; Nkawa, F.; Muhindo Milonde, E.; Kavira Kamaliro, A.; Paluku Kalimuli, Z.; Bodisa Matamu, T.; Mubalama Mufungizi, J.; Wiley, M. R.; Devos, E.; Bangwen, E.; Brosius, I.; Parker, E.; Pilarowski, G.; Liesenborghs, L.; Wawina Bokalanga, T.; Vercauteren, K.; Mukadi Bamuleka, D.; Subissi, L.; Muyembe, J.-J.; Kindrachuk, J.; Guichet, E.; Ayouba, A.; Rambaut, A.; Delaporte, E.; Tessema, S. K.; D'Ortenzio, E.; Rimoin, A. W.; Hensley, L. E.; Mbala Kingebeni, P.; Peeters, M.; Ahuka Mundeke, S."
PP_00101TB,Ia,None,Democratic Republic of the Congo,"Tshopo,Bafwasende",2023-01-26,196245,0.9524717431760212,2024-12-09,"Kinganda Lusamaki, E.; Amuri Aziza, A.; Luakanda Ndelemo, G.; Hasivirwe Vakaniaki, E.; Fernandez Nunez, N.; Pratt, C. B.; Akil Bandali, P.; Makangara Cigolo, J.-C.; Hoff, N. A.; Sabiti Nundu, S.; Mulopo Mukanya, N.; Ngimba, M.; Modrada Madakpa, B.; Diavita, R.; Paku Tshambu, P.; Pukuta Simbu, E.; Merritt, S.; O'Toole, A.; Low, N.; Nkuba Ndaye, A.; Kavunga Membo, H.; Shongo, R.; Malembi, E.; Kalonji, T.; Kacita, C.; Lokilo Lofiko, E.; Kavira Bapitani, S.; Rilia, O.; Muswamba, P.-C.; Muyembe Mawete, F.; Lumembe, R.; Kabamba, G.; Kenye, M.; Citenga, A.; Cikaya, F.; Yungwe, Z.; Matondo, M.; Kasongo, F.; Tshiminyi, P.; Bulabula, J.; Nkawa, F.; Muhindo Milonde, E.; Kavira Kamaliro, A.; Paluku Kalimuli, Z.; Bodisa Matamu, T.; Mubalama Mufungizi, J.; Wiley, M. R.; Devos, E.; Bangwen, E.; Brosius, I.; Parker, E.; Pilarowski, G.; Liesenborghs, L.; Wawina Bokalanga, T.; Vercauteren, K.; Mukadi Bamuleka, D.; Subissi, L.; Muyembe, J.-J.; Kindrachuk, J.; Guichet, E.; Ayouba, A.; Rambaut, A.; Delaporte, E.; Tessema, S. K.; D'Ortenzio, E.; Rimoin, A. W.; Hensley, L. E.; Mbala Kingebeni, P.; Peeters, M.; Ahuka Mundeke, S."
PP_00101U9,Ia,None,Democratic Republic of the Congo,"Tshopo,Bafwasende",2023-02-07,188400,0.922767216506346,2024-12-09,"Kinganda Lusamaki, E.; Amuri Aziza, A.; Luakanda Ndelemo, G.; Hasivirwe Vakaniaki, E.; Fernandez Nunez, N.; Pratt, C. B.; Akil Bandali, P.; Makangara Cigolo, J.-C.; Hoff, N. A.; Sabiti Nundu, S.; Mulopo Mukanya, N.; Ngimba, M.; Modrada Madakpa, B.; Diavita, R.; Paku Tshambu, P.; Pukuta Simbu, E.; Merritt, S.; O'Toole, A.; Low, N.; Nkuba Ndaye, A.; Kavunga Membo, H.; Shongo, R.; Malembi, E.; Kalonji, T.; Kacita, C.; Lokilo Lofiko, E.; Kavira Bapitani, S.; Rilia, O.; Muswamba, P.-C.; Muyembe Mawete, F.; Lumembe, R.; Kabamba, G.; Kenye, M.; Citenga, A.; Cikaya, F.; Yungwe, Z.; Matondo, M.; Kasongo, F.; Tshiminyi, P.; Bulabula, J.; Nkawa, F.; Muhindo Milonde, E.; Kavira Kamaliro, A.; Paluku Kalimuli, Z.; Bodisa Matamu, T.; Mubalama Mufungizi, J.; Wiley, M. R.; Devos, E.; Bangwen, E.; Brosius, I.; Parker, E.; Pilarowski, G.; Liesenborghs, L.; Wawina Bokalanga, T.; Vercauteren, K.; Mukadi Bamuleka, D.; Subissi, L.; Muyembe, J.-J.; Kindrachuk, J.; Guichet, E.; Ayouba, A.; Rambaut, A.; Delaporte, E.; Tessema, S. K.; D'Ortenzio, E.; Rimoin, A. W.; Hensley, L. E.; Mbala Kingebeni, P.; Peeters, M.; Ahuka Mundeke, S."
PP_00101V7,Ia,None,Democratic Republic of the Congo,"Tshopo,Yakusu",2023-02-02,196701,0.9577808315036332,2024-12-09,"Kinganda Lusamaki, E.; Amuri Aziza, A.; Luakanda Ndelemo, G.; Hasivirwe Vakaniaki, E.; Fernandez Nunez, N.; Pratt, C. B.; Akil Bandali, P.; Makangara Cigolo, J.-C.; Hoff, N. A.; Sabiti Nundu, S.; Mulopo Mukanya, N.; Ngimba, M.; Modrada Madakpa, B.; Diavita, R.; Paku Tshambu, P.; Pukuta Simbu, E.; Merritt, S.; O'Toole, A.; Low, N.; Nkuba Ndaye, A.; Kavunga Membo, H.; Shongo, R.; Malembi, E.; Kalonji, T.; Kacita, C.; Lokilo Lofiko, E.; Kavira Bapitani, S.; Rilia, O.; Muswamba, P.-C.; Muyembe Mawete, F.; Lumembe, R.; Kabamba, G.; Kenye, M.; Citenga, A.; Cikaya, F.; Yungwe, Z.; Matondo, M.; Kasongo, F.; Tshiminyi, P.; Bulabula, J.; Nkawa, F.; Muhindo Milonde, E.; Kavira Kamaliro, A.; Paluku Kalimuli, Z.; Bodisa Matamu, T.; Mubalama Mufungizi, J.; Wiley, M. R.; Devos, E.; Bangwen, E.; Brosius, I.; Parker, E.; Pilarowski, G.; Liesenborghs, L.; Wawina Bokalanga, T.; Vercauteren, K.; Mukadi Bamuleka, D.; Subissi, L.; Muyembe, J.-J.; Kindrachuk, J.; Guichet, E.; Ayouba, A.; Rambaut, A.; Delaporte, E.; Tessema, S. K.; D'Ortenzio, E.; Rimoin, A. W.; Hensley, L. E.; Mbala Kingebeni, P.; Peeters, M.; Ahuka Mundeke, S."
PP_00101W5,Ia,None,Democratic Republic of the Congo,"Tshopo,Yakusu",2023-02-12,196701,0.9462296345501472,2024-12-09,"Kinganda Lusamaki, E.; Amuri Aziza, A.; Luakanda Ndelemo, G.; Hasivirwe Vakaniaki, E.; Fernandez Nunez, N.; Pratt, C. B.; Akil Bandali, P.; Makangara Cigolo, J.-C.; Hoff, N. A.; Sabiti Nundu, S.; Mulopo Mukanya, N.; Ngimba, M.; Modrada Madakpa, B.; Diavita, R.; Paku Tshambu, P.; Pukuta Simbu, E.; Merritt, S.; O'Toole, A.; Low, N.; Nkuba Ndaye, A.; Kavunga Membo, H.; Shongo, R.; Malembi, E.; Kalonji, T.; Kacita, C.; Lokilo Lofiko, E.; Kavira Bapitani, S.; Rilia, O.; Muswamba, P.-C.; Muyembe Mawete, F.; Lumembe, R.; Kabamba, G.; Kenye, M.; Citenga, A.; Cikaya, F.; Yungwe, Z.; Matondo, M.; Kasongo, F.; Tshiminyi, P.; Bulabula, J.; Nkawa, F.; Muhindo Milonde, E.; Kavira Kamaliro, A.; Paluku Kalimuli, Z.; Bodisa Matamu, T.; Mubalama Mufungizi, J.; Wiley, M. R.; Devos, E.; Bangwen, E.; Brosius, I.; Parker, E.; Pilarowski, G.; Liesenborghs, L.; Wawina Bokalanga, T.; Vercauteren, K.; Mukadi Bamuleka, D.; Subissi, L.; Muyembe, J.-J.; Kindrachuk, J.; Guichet, E.; Ayouba, A.; Rambaut, A.; Delaporte, E.; Tessema, S. K.; D'Ortenzio, E.; Rimoin, A. W.; Hensley, L. E.; Mbala Kingebeni, P.; Peeters, M.; Ahuka Mundeke, S."
PP_001025M,Ia,None,Democratic Republic of the Congo,"Tshopo,Yakusu",2023-02-07,196748,0.9961259374572154,2024-12-09,"Kinganda Lusamaki, E.; Amuri Aziza, A.; Luakanda Ndelemo, G.; Hasivirwe Vakaniaki, E.; Fernandez Nunez, N.; Pratt, C. B.; Akil Bandali, P.; Makangara Cigolo, J.-C.; Hoff, N. A.; Sabiti Nundu, S.; Mulopo Mukanya, N.; Ngimba, M.; Modrada Madakpa, B.; Diavita, R.; Paku Tshambu, P.; Pukuta Simbu, E.; Merritt, S.; O'Toole, A.; Low, N.; Nkuba Ndaye, A.; Kavunga Membo, H.; Shongo, R.; Malembi, E.; Kalonji, T.; Kacita, C.; Lokilo Lofiko, E.; Kavira Bapitani, S.; Rilia, O.; Muswamba, P.-C.; Muyembe Mawete, F.; Lumembe, R.; Kabamba, G.; Kenye, M.; Citenga, A.; Cikaya, F.; Yungwe, Z.; Matondo, M.; Kasongo, F.; Tshiminyi, P.; Bulabula, J.; Nkawa, F.; Muhindo Milonde, E.; Kavira Kamaliro, A.; Paluku Kalimuli, Z.; Bodisa Matamu, T.; Mubalama Mufungizi, J.; Wiley, M. R.; Devos, E.; Bangwen, E.; Brosius, I.; Parker, E.; Pilarowski, G.; Liesenborghs, L.; Wawina Bokalanga, T.; Vercauteren, K.; Mukadi Bamuleka, D.; Subissi, L.; Muyembe, J.-J.; Kindrachuk, J.; Guichet, E.; Ayouba, A.; Rambaut, A.; Delaporte, E.; Tessema, S. K.; D'Ortenzio, E.; Rimoin, A. W.; Hensley, L. E.; Mbala Kingebeni, P.; Peeters, M.; Ahuka Mundeke, S."
PP_001026K,Ia,None,Democratic Republic of the Congo,"Tshopo,Bafwasende",2023-02-28,196530,0.9485976806332368,2024-12-09,"Kinganda Lusamaki, E.; Amuri Aziza, A.; Luakanda Ndelemo, G.; Hasivirwe Vakaniaki, E.; Fernandez Nunez, N.; Pratt, C. B.; Akil Bandali, P.; Makangara Cigolo, J.-C.; Hoff, N. A.; Sabiti Nundu, S.; Mulopo Mukanya, N.; Ngimba, M.; Modrada Madakpa, B.; Diavita, R.; Paku Tshambu, P.; Pukuta Simbu, E.; Merritt, S.; O'Toole, A.; Low, N.; Nkuba Ndaye, A.; Kavunga Membo, H.; Shongo, R.; Malembi, E.; Kalonji, T.; Kacita, C.; Lokilo Lofiko, E.; Kavira Bapitani, S.; Rilia, O.; Muswamba, P.-C.; Muyembe Mawete, F.; Lumembe, R.; Kabamba, G.; Kenye, M.; Citenga, A.; Cikaya, F.; Yungwe, Z.; Matondo, M.; Kasongo, F.; Tshiminyi, P.; Bulabula, J.; Nkawa, F.; Muhindo Milonde, E.; Kavira Kamaliro, A.; Paluku Kalimuli, Z.; Bodisa Matamu, T.; Mubalama Mufungizi, J.; Wiley, M. R.; Devos, E.; Bangwen, E.; Brosius, I.; Parker, E.; Pilarowski, G.; Liesenborghs, L.; Wawina Bokalanga, T.; Vercauteren, K.; Mukadi Bamuleka, D.; Subissi, L.; Muyembe, J.-J.; Kindrachuk, J.; Guichet, E.; Ayouba, A.; Rambaut, A.; Delaporte, E.; Tessema, S. K.; D'Ortenzio, E.; Rimoin, A. W.; Hensley, L. E.; Mbala Kingebeni, P.; Peeters, M.; Ahuka Mundeke, S."
PP_001027H,Ia,None,Democratic Republic of the Congo,"Tshopo,Yakusu",2023-01-15,191738,0.9366611057304688,2024-12-09,"Kinganda Lusamaki, E.; Amuri Aziza, A.; Luakanda Ndelemo, G.; Hasivirwe Vakaniaki, E.; Fernandez Nunez, N.; Pratt, C. B.; Akil Bandali, P.; Makangara Cigolo, J.-C.; Hoff, N. A.; Sabiti Nundu, S.; Mulopo Mukanya, N.; Ngimba, M.; Modrada Madakpa, B.; Diavita, R.; Paku Tshambu, P.; Pukuta Simbu, E.; Merritt, S.; O'Toole, A.; Low, N.; Nkuba Ndaye, A.; Kavunga Membo, H.; Shongo, R.; Malembi, E.; Kalonji, T.; Kacita, C.; Lokilo Lofiko, E.; Kavira Bapitani, S.; Rilia, O.; Muswamba, P.-C.; Muyembe Mawete, F.; Lumembe, R.; Kabamba, G.; Kenye, M.; Citenga, A.; Cikaya, F.; Yungwe, Z.; Matondo, M.; Kasongo, F.; Tshiminyi, P.; Bulabula, J.; Nkawa, F.; Muhindo Milonde, E.; Kavira Kamaliro, A.; Paluku Kalimuli, Z.; Bodisa Matamu, T.; Mubalama Mufungizi, J.; Wiley, M. R.; Devos, E.; Bangwen, E.; Brosius, I.; Parker, E.; Pilarowski, G.; Liesenborghs, L.; Wawina Bokalanga, T.; Vercauteren, K.; Mukadi Bamuleka, D.; Subissi, L.; Muyembe, J.-J.; Kindrachuk, J.; Guichet, E.; Ayouba, A.; Rambaut, A.; Delaporte, E.; Tessema, S. K.; D'Ortenzio, E.; Rimoin, A. W.; Hensley, L. E.; Mbala Kingebeni, P.; Peeters, M.; Ahuka Mundeke, S."
PP_001028F,Ia,None,Democratic Republic of the Congo,"Tshopo,Yalimbongo",2023-02-28,196886,0.9966634382812144,2024-12-09,"Kinganda Lusamaki, E.; Amuri Aziza, A.; Luakanda Ndelemo, G.; Hasivirwe Vakaniaki, E.; Fernandez Nunez, N.; Pratt, C. B.; Akil Bandali, P.; Makangara Cigolo, J.-C.; Hoff, N. A.; Sabiti Nundu, S.; Mulopo Mukanya, N.; Ngimba, M.; Modrada Madakpa, B.; Diavita, R.; Paku Tshambu, P.; Pukuta Simbu, E.; Merritt, S.; O'Toole, A.; Low, N.; Nkuba Ndaye, A.; Kavunga Membo, H.; Shongo, R.; Malembi, E.; Kalonji, T.; Kacita, C.; Lokilo Lofiko, E.; Kavira Bapitani, S.; Rilia, O.; Muswamba, P.-C.; Muyembe Mawete, F.; Lumembe, R.; Kabamba, G.; Kenye, M.; Citenga, A.; Cikaya, F.; Yungwe, Z.; Matondo, M.; Kasongo, F.; Tshiminyi, P.; Bulabula, J.; Nkawa, F.; Muhindo Milonde, E.; Kavira Kamaliro, A.; Paluku Kalimuli, Z.; Bodisa Matamu, T.; Mubalama Mufungizi, J.; Wiley, M. R.; Devos, E.; Bangwen, E.; Brosius, I.; Parker, E.; Pilarowski, G.; Liesenborghs, L.; Wawina Bokalanga, T.; Vercauteren, K.; Mukadi Bamuleka, D.; Subissi, L.; Muyembe, J.-J.; Kindrachuk, J.; Guichet, E.; Ayouba, A.; Rambaut, A.; Delaporte, E.; Tessema, S. K.; D'Ortenzio, E.; Rimoin, A. W.; Hensley, L. E.; Mbala Kingebeni, P.; Peeters, M.; Ahuka Mundeke, S."
PP_001029D,Ia,None,Democratic Republic of the Congo,"Tshopo,Yalimbongo",2023-02-28,196888,0.99698796708061,2024-12-09,"Kinganda Lusamaki, E.; Amuri Aziza, A.; Luakanda Ndelemo, G.; Hasivirwe Vakaniaki, E.; Fernandez Nunez, N.; Pratt, C. B.; Akil Bandali, P.; Makangara Cigolo, J.-C.; Hoff, N. A.; Sabiti Nundu, S.; Mulopo Mukanya, N.; Ngimba, M.; Modrada Madakpa, B.; Diavita, R.; Paku Tshambu, P.; Pukuta Simbu, E.; Merritt, S.; O'Toole, A.; Low, N.; Nkuba Ndaye, A.; Kavunga Membo, H.; Shongo, R.; Malembi, E.; Kalonji, T.; Kacita, C.; Lokilo Lofiko, E.; Kavira Bapitani, S.; Rilia, O.; Muswamba, P.-C.; Muyembe Mawete, F.; Lumembe, R.; Kabamba, G.; Kenye, M.; Citenga, A.; Cikaya, F.; Yungwe, Z.; Matondo, M.; Kasongo, F.; Tshiminyi, P.; Bulabula, J.; Nkawa, F.; Muhindo Milonde, E.; Kavira Kamaliro, A.; Paluku Kalimuli, Z.; Bodisa Matamu, T.; Mubalama Mufungizi, J.; Wiley, M. R.; Devos, E.; Bangwen, E.; Brosius, I.; Parker, E.; Pilarowski, G.; Liesenborghs, L.; Wawina Bokalanga, T.; Vercauteren, K.; Mukadi Bamuleka, D.; Subissi, L.; Muyembe, J.-J.; Kindrachuk, J.; Guichet, E.; Ayouba, A.; Rambaut, A.; Delaporte, E.; Tessema, S. K.; D'Ortenzio, E.; Rimoin, A. W.; Hensley, L. E.; Mbala Kingebeni, P.; Peeters, M.; Ahuka Mundeke, S."
PP_00102JU,Ia,None,Democratic Republic of the Congo,"Tshopo,Yalimbongo",2023-02-28,196875,0.9985446911652104,2024-12-09,"Kinganda Lusamaki, E.; Amuri Aziza, A.; Luakanda Ndelemo, G.; Hasivirwe Vakaniaki, E.; Fernandez Nunez, N.; Pratt, C. B.; Akil Bandali, P.; Makangara Cigolo, J.-C.; Hoff, N. A.; Sabiti Nundu, S.; Mulopo Mukanya, N.; Ngimba, M.; Modrada Madakpa, B.; Diavita, R.; Paku Tshambu, P.; Pukuta Simbu, E.; Merritt, S.; O'Toole, A.; Low, N.; Nkuba Ndaye, A.; Kavunga Membo, H.; Shongo, R.; Malembi, E.; Kalonji, T.; Kacita, C.; Lokilo Lofiko, E.; Kavira Bapitani, S.; Rilia, O.; Muswamba, P.-C.; Muyembe Mawete, F.; Lumembe, R.; Kabamba, G.; Kenye, M.; Citenga, A.; Cikaya, F.; Yungwe, Z.; Matondo, M.; Kasongo, F.; Tshiminyi, P.; Bulabula, J.; Nkawa, F.; Muhindo Milonde, E.; Kavira Kamaliro, A.; Paluku Kalimuli, Z.; Bodisa Matamu, T.; Mubalama Mufungizi, J.; Wiley, M. R.; Devos, E.; Bangwen, E.; Brosius, I.; Parker, E.; Pilarowski, G.; Liesenborghs, L.; Wawina Bokalanga, T.; Vercauteren, K.; Mukadi Bamuleka, D.; Subissi, L.; Muyembe, J.-J.; Kindrachuk, J.; Guichet, E.; Ayouba, A.; Rambaut, A.; Delaporte, E.; Tessema, S. K.; D'Ortenzio, E.; Rimoin, A. W.; Hensley, L. E.; Mbala Kingebeni, P.; Peeters, M.; Ahuka Mundeke, S."
PP_00102KS,Ia,None,Democratic Republic of the Congo,"Equateur,Ingende",2023-03-06,196720,0.9499312911682528,2024-12-09,"Kinganda Lusamaki, E.; Amuri Aziza, A.; Luakanda Ndelemo, G.; Hasivirwe Vakaniaki, E.; Fernandez Nunez, N.; Pratt, C. B.; Akil Bandali, P.; Makangara Cigolo, J.-C.; Hoff, N. A.; Sabiti Nundu, S.; Mulopo Mukanya, N.; Ngimba, M.; Modrada Madakpa, B.; Diavita, R.; Paku Tshambu, P.; Pukuta Simbu, E.; Merritt, S.; O'Toole, A.; Low, N.; Nkuba Ndaye, A.; Kavunga Membo, H.; Shongo, R.; Malembi, E.; Kalonji, T.; Kacita, C.; Lokilo Lofiko, E.; Kavira Bapitani, S.; Rilia, O.; Muswamba, P.-C.; Muyembe Mawete, F.; Lumembe, R.; Kabamba, G.; Kenye, M.; Citenga, A.; Cikaya, F.; Yungwe, Z.; Matondo, M.; Kasongo, F.; Tshiminyi, P.; Bulabula, J.; Nkawa, F.; Muhindo Milonde, E.; Kavira Kamaliro, A.; Paluku Kalimuli, Z.; Bodisa Matamu, T.; Mubalama Mufungizi, J.; Wiley, M. R.; Devos, E.; Bangwen, E.; Brosius, I.; Parker, E.; Pilarowski, G.; Liesenborghs, L.; Wawina Bokalanga, T.; Vercauteren, K.; Mukadi Bamuleka, D.; Subissi, L.; Muyembe, J.-J.; Kindrachuk, J.; Guichet, E.; Ayouba, A.; Rambaut, A.; Delaporte, E.; Tessema, S. K.; D'Ortenzio, E.; Rimoin, A. W.; Hensley, L. E.; Mbala Kingebeni, P.; Peeters, M.; Ahuka Mundeke, S."
PP_00102LQ,Ia,None,Democratic Republic of the Congo,"Maindombe,Inongo",2023-02-20,196655,0.9413921271341572,2024-12-09,"Kinganda Lusamaki, E.; Amuri Aziza, A.; Luakanda Ndelemo, G.; Hasivirwe Vakaniaki, E.; Fernandez Nunez, N.; Pratt, C. B.; Akil Bandali, P.; Makangara Cigolo, J.-C.; Hoff, N. A.; Sabiti Nundu, S.; Mulopo Mukanya, N.; Ngimba, M.; Modrada Madakpa, B.; Diavita, R.; Paku Tshambu, P.; Pukuta Simbu, E.; Merritt, S.; O'Toole, A.; Low, N.; Nkuba Ndaye, A.; Kavunga Membo, H.; Shongo, R.; Malembi, E.; Kalonji, T.; Kacita, C.; Lokilo Lofiko, E.; Kavira Bapitani, S.; Rilia, O.; Muswamba, P.-C.; Muyembe Mawete, F.; Lumembe, R.; Kabamba, G.; Kenye, M.; Citenga, A.; Cikaya, F.; Yungwe, Z.; Matondo, M.; Kasongo, F.; Tshiminyi, P.; Bulabula, J.; Nkawa, F.; Muhindo Milonde, E.; Kavira Kamaliro, A.; Paluku Kalimuli, Z.; Bodisa Matamu, T.; Mubalama Mufungizi, J.; Wiley, M. R.; Devos, E.; Bangwen, E.; Brosius, I.; Parker, E.; Pilarowski, G.; Liesenborghs, L.; Wawina Bokalanga, T.; Vercauteren, K.; Mukadi Bamuleka, D.; Subissi, L.; Muyembe, J.-J.; Kindrachuk, J.; Guichet, E.; Ayouba, A.; Rambaut, A.; Delaporte, E.; Tessema, S. K.; D'Ortenzio, E.; Rimoin, A. W.; Hensley, L. E.; Mbala Kingebeni, P.; Peeters, M.; Ahuka Mundeke, S."
PP_00102MN,Ia,None,Democratic Republic of the Congo,"Kwango,Kenge",2023-03-22,196253,0.9312455313905552,2024-12-09,"Kinganda Lusamaki, E.; Amuri Aziza, A.; Luakanda Ndelemo, G.; Hasivirwe Vakaniaki, E.; Fernandez Nunez, N.; Pratt, C. B.; Akil Bandali, P.; Makangara Cigolo, J.-C.; Hoff, N. A.; Sabiti Nundu, S.; Mulopo Mukanya, N.; Ngimba, M.; Modrada Madakpa, B.; Diavita, R.; Paku Tshambu, P.; Pukuta Simbu, E.; Merritt, S.; O'Toole, A.; Low, N.; Nkuba Ndaye, A.; Kavunga Membo, H.; Shongo, R.; Malembi, E.; Kalonji, T.; Kacita, C.; Lokilo Lofiko, E.; Kavira Bapitani, S.; Rilia, O.; Muswamba, P.-C.; Muyembe Mawete, F.; Lumembe, R.; Kabamba, G.; Kenye, M.; Citenga, A.; Cikaya, F.; Yungwe, Z.; Matondo, M.; Kasongo, F.; Tshiminyi, P.; Bulabula, J.; Nkawa, F.; Muhindo Milonde, E.; Kavira Kamaliro, A.; Paluku Kalimuli, Z.; Bodisa Matamu, T.; Mubalama Mufungizi, J.; Wiley, M. R.; Devos, E.; Bangwen, E.; Brosius, I.; Parker, E.; Pilarowski, G.; Liesenborghs, L.; Wawina Bokalanga, T.; Vercauteren, K.; Mukadi Bamuleka, D.; Subissi, L.; Muyembe, J.-J.; Kindrachuk, J.; Guichet, E.; Ayouba, A.; Rambaut, A.; Delaporte, E.; Tessema, S. K.; D'Ortenzio, E.; Rimoin, A. W.; Hensley, L. E.; Mbala Kingebeni, P.; Peeters, M.; Ahuka Mundeke, S."
PP_00102NL,Ia,None,Democratic Republic of the Congo,"Kwango,Kenge",2023-03-22,196589,0.9396427140749154,2024-12-09,"Kinganda Lusamaki, E.; Amuri Aziza, A.; Luakanda Ndelemo, G.; Hasivirwe Vakaniaki, E.; Fernandez Nunez, N.; Pratt, C. B.; Akil Bandali, P.; Makangara Cigolo, J.-C.; Hoff, N. A.; Sabiti Nundu, S.; Mulopo Mukanya, N.; Ngimba, M.; Modrada Madakpa, B.; Diavita, R.; Paku Tshambu, P.; Pukuta Simbu, E.; Merritt, S.; O'Toole, A.; Low, N.; Nkuba Ndaye, A.; Kavunga Membo, H.; Shongo, R.; Malembi, E.; Kalonji, T.; Kacita, C.; Lokilo Lofiko, E.; Kavira Bapitani, S.; Rilia, O.; Muswamba, P.-C.; Muyembe Mawete, F.; Lumembe, R.; Kabamba, G.; Kenye, M.; Citenga, A.; Cikaya, F.; Yungwe, Z.; Matondo, M.; Kasongo, F.; Tshiminyi, P.; Bulabula, J.; Nkawa, F.; Muhindo Milonde, E.; Kavira Kamaliro, A.; Paluku Kalimuli, Z.; Bodisa Matamu, T.; Mubalama Mufungizi, J.; Wiley, M. R.; Devos, E.; Bangwen, E.; Brosius, I.; Parker, E.; Pilarowski, G.; Liesenborghs, L.; Wawina Bokalanga, T.; Vercauteren, K.; Mukadi Bamuleka, D.; Subissi, L.; Muyembe, J.-J.; Kindrachuk, J.; Guichet, E.; Ayouba, A.; Rambaut, A.; Delaporte, E.; Tessema, S. K.; D'Ortenzio, E.; Rimoin, A. W.; Hensley, L. E.; Mbala Kingebeni, P.; Peeters, M.; Ahuka Mundeke, S."
PP_001034N,Ia,None,Democratic Republic of the Congo,"Maindombe,Inongo",2023-03-23,196243,0.902190062319671,2024-12-09,"Kinganda Lusamaki, E.; Amuri Aziza, A.; Luakanda Ndelemo, G.; Hasivirwe Vakaniaki, E.; Fernandez Nunez, N.; Pratt, C. B.; Akil Bandali, P.; Makangara Cigolo, J.-C.; Hoff, N. A.; Sabiti Nundu, S.; Mulopo Mukanya, N.; Ngimba, M.; Modrada Madakpa, B.; Diavita, R.; Paku Tshambu, P.; Pukuta Simbu, E.; Merritt, S.; O'Toole, A.; Low, N.; Nkuba Ndaye, A.; Kavunga Membo, H.; Shongo, R.; Malembi, E.; Kalonji, T.; Kacita, C.; Lokilo Lofiko, E.; Kavira Bapitani, S.; Rilia, O.; Muswamba, P.-C.; Muyembe Mawete, F.; Lumembe, R.; Kabamba, G.; Kenye, M.; Citenga, A.; Cikaya, F.; Yungwe, Z.; Matondo, M.; Kasongo, F.; Tshiminyi, P.; Bulabula, J.; Nkawa, F.; Muhindo Milonde, E.; Kavira Kamaliro, A.; Paluku Kalimuli, Z.; Bodisa Matamu, T.; Mubalama Mufungizi, J.; Wiley, M. R.; Devos, E.; Bangwen, E.; Brosius, I.; Parker, E.; Pilarowski, G.; Liesenborghs, L.; Wawina Bokalanga, T.; Vercauteren, K.; Mukadi Bamuleka, D.; Subissi, L.; Muyembe, J.-J.; Kindrachuk, J.; Guichet, E.; Ayouba, A.; Rambaut, A.; Delaporte, E.; Tessema, S. K.; D'Ortenzio, E.; Rimoin, A. W.; Hensley, L. E.; Mbala Kingebeni, P.; Peeters, M.; Ahuka Mundeke, S."
PP_001035L,Ia,None,Democratic Republic of the Congo,"Equateur,Bolomba",2023-03-23,196676,0.950377518267422,2024-12-09,"Kinganda Lusamaki, E.; Amuri Aziza, A.; Luakanda Ndelemo, G.; Hasivirwe Vakaniaki, E.; Fernandez Nunez, N.; Pratt, C. B.; Akil Bandali, P.; Makangara Cigolo, J.-C.; Hoff, N. A.; Sabiti Nundu, S.; Mulopo Mukanya, N.; Ngimba, M.; Modrada Madakpa, B.; Diavita, R.; Paku Tshambu, P.; Pukuta Simbu, E.; Merritt, S.; O'Toole, A.; Low, N.; Nkuba Ndaye, A.; Kavunga Membo, H.; Shongo, R.; Malembi, E.; Kalonji, T.; Kacita, C.; Lokilo Lofiko, E.; Kavira Bapitani, S.; Rilia, O.; Muswamba, P.-C.; Muyembe Mawete, F.; Lumembe, R.; Kabamba, G.; Kenye, M.; Citenga, A.; Cikaya, F.; Yungwe, Z.; Matondo, M.; Kasongo, F.; Tshiminyi, P.; Bulabula, J.; Nkawa, F.; Muhindo Milonde, E.; Kavira Kamaliro, A.; Paluku Kalimuli, Z.; Bodisa Matamu, T.; Mubalama Mufungizi, J.; Wiley, M. R.; Devos, E.; Bangwen, E.; Brosius, I.; Parker, E.; Pilarowski, G.; Liesenborghs, L.; Wawina Bokalanga, T.; Vercauteren, K.; Mukadi Bamuleka, D.; Subissi, L.; Muyembe, J.-J.; Kindrachuk, J.; Guichet, E.; Ayouba, A.; Rambaut, A.; Delaporte, E.; Tessema, S. K.; D'Ortenzio, E.; Rimoin, A. W.; Hensley, L. E.; Mbala Kingebeni, P.; Peeters, M.; Ahuka Mundeke, S."
PP_001036J,Ia,None,Democratic Republic of the Congo,"Equateur,Bolomba",2023-03-23,196789,0.9980629687286076,2024-12-09,"Kinganda Lusamaki, E.; Amuri Aziza, A.; Luakanda Ndelemo, G.; Hasivirwe Vakaniaki, E.; Fernandez Nunez, N.; Pratt, C. B.; Akil Bandali, P.; Makangara Cigolo, J.-C.; Hoff, N. A.; Sabiti Nundu, S.; Mulopo Mukanya, N.; Ngimba, M.; Modrada Madakpa, B.; Diavita, R.; Paku Tshambu, P.; Pukuta Simbu, E.; Merritt, S.; O'Toole, A.; Low, N.; Nkuba Ndaye, A.; Kavunga Membo, H.; Shongo, R.; Malembi, E.; Kalonji, T.; Kacita, C.; Lokilo Lofiko, E.; Kavira Bapitani, S.; Rilia, O.; Muswamba, P.-C.; Muyembe Mawete, F.; Lumembe, R.; Kabamba, G.; Kenye, M.; Citenga, A.; Cikaya, F.; Yungwe, Z.; Matondo, M.; Kasongo, F.; Tshiminyi, P.; Bulabula, J.; Nkawa, F.; Muhindo Milonde, E.; Kavira Kamaliro, A.; Paluku Kalimuli, Z.; Bodisa Matamu, T.; Mubalama Mufungizi, J.; Wiley, M. R.; Devos, E.; Bangwen, E.; Brosius, I.; Parker, E.; Pilarowski, G.; Liesenborghs, L.; Wawina Bokalanga, T.; Vercauteren, K.; Mukadi Bamuleka, D.; Subissi, L.; Muyembe, J.-J.; Kindrachuk, J.; Guichet, E.; Ayouba, A.; Rambaut, A.; Delaporte, E.; Tessema, S. K.; D'Ortenzio, E.; Rimoin, A. W.; Hensley, L. E.; Mbala Kingebeni, P.; Peeters, M.; Ahuka Mundeke, S."
PP_001037G,Ia,None,Democratic Republic of the Congo,"Equateur,Bolomba",2023-03-25,196659,0.9973986988423448,2024-12-09,"Kinganda Lusamaki, E.; Amuri Aziza, A.; Luakanda Ndelemo, G.; Hasivirwe Vakaniaki, E.; Fernandez Nunez, N.; Pratt, C. B.; Akil Bandali, P.; Makangara Cigolo, J.-C.; Hoff, N. A.; Sabiti Nundu, S.; Mulopo Mukanya, N.; Ngimba, M.; Modrada Madakpa, B.; Diavita, R.; Paku Tshambu, P.; Pukuta Simbu, E.; Merritt, S.; O'Toole, A.; Low, N.; Nkuba Ndaye, A.; Kavunga Membo, H.; Shongo, R.; Malembi, E.; Kalonji, T.; Kacita, C.; Lokilo Lofiko, E.; Kavira Bapitani, S.; Rilia, O.; Muswamba, P.-C.; Muyembe Mawete, F.; Lumembe, R.; Kabamba, G.; Kenye, M.; Citenga, A.; Cikaya, F.; Yungwe, Z.; Matondo, M.; Kasongo, F.; Tshiminyi, P.; Bulabula, J.; Nkawa, F.; Muhindo Milonde, E.; Kavira Kamaliro, A.; Paluku Kalimuli, Z.; Bodisa Matamu, T.; Mubalama Mufungizi, J.; Wiley, M. R.; Devos, E.; Bangwen, E.; Brosius, I.; Parker, E.; Pilarowski, G.; Liesenborghs, L.; Wawina Bokalanga, T.; Vercauteren, K.; Mukadi Bamuleka, D.; Subissi, L.; Muyembe, J.-J.; Kindrachuk, J.; Guichet, E.; Ayouba, A.; Rambaut, A.; Delaporte, E.; Tessema, S. K.; D'Ortenzio, E.; Rimoin, A. W.; Hensley, L. E.; Mbala Kingebeni, P.; Peeters, M.; Ahuka Mundeke, S."
PP_001038E,Ia,None,Democratic Republic of the Congo,"Equateur,Bolomba",2023-03-25,196546,0.8923375708005212,2024-12-09,"Kinganda Lusamaki, E.; Amuri Aziza, A.; Luakanda Ndelemo, G.; Hasivirwe Vakaniaki, E.; Fernandez Nunez, N.; Pratt, C. B.; Akil Bandali, P.; Makangara Cigolo, J.-C.; Hoff, N. A.; Sabiti Nundu, S.; Mulopo Mukanya, N.; Ngimba, M.; Modrada Madakpa, B.; Diavita, R.; Paku Tshambu, P.; Pukuta Simbu, E.; Merritt, S.; O'Toole, A.; Low, N.; Nkuba Ndaye, A.; Kavunga Membo, H.; Shongo, R.; Malembi, E.; Kalonji, T.; Kacita, C.; Lokilo Lofiko, E.; Kavira Bapitani, S.; Rilia, O.; Muswamba, P.-C.; Muyembe Mawete, F.; Lumembe, R.; Kabamba, G.; Kenye, M.; Citenga, A.; Cikaya, F.; Yungwe, Z.; Matondo, M.; Kasongo, F.; Tshiminyi, P.; Bulabula, J.; Nkawa, F.; Muhindo Milonde, E.; Kavira Kamaliro, A.; Paluku Kalimuli, Z.; Bodisa Matamu, T.; Mubalama Mufungizi, J.; Wiley, M. R.; Devos, E.; Bangwen, E.; Brosius, I.; Parker, E.; Pilarowski, G.; Liesenborghs, L.; Wawina Bokalanga, T.; Vercauteren, K.; Mukadi Bamuleka, D.; Subissi, L.; Muyembe, J.-J.; Kindrachuk, J.; Guichet, E.; Ayouba, A.; Rambaut, A.; Delaporte, E.; Tessema, S. K.; D'Ortenzio, E.; Rimoin, A. W.; Hensley, L. E.; Mbala Kingebeni, P.; Peeters, M.; Ahuka Mundeke, S."
PP_00103HV,Ia,None,Democratic Republic of the Congo,"Equateur,Bolomba",2023-03-25,196801,0.9979361996663438,2024-12-09,"Kinganda Lusamaki, E.; Amuri Aziza, A.; Luakanda Ndelemo, G.; Hasivirwe Vakaniaki, E.; Fernandez Nunez, N.; Pratt, C. B.; Akil Bandali, P.; Makangara Cigolo, J.-C.; Hoff, N. A.; Sabiti Nundu, S.; Mulopo Mukanya, N.; Ngimba, M.; Modrada Madakpa, B.; Diavita, R.; Paku Tshambu, P.; Pukuta Simbu, E.; Merritt, S.; O'Toole, A.; Low, N.; Nkuba Ndaye, A.; Kavunga Membo, H.; Shongo, R.; Malembi, E.; Kalonji, T.; Kacita, C.; Lokilo Lofiko, E.; Kavira Bapitani, S.; Rilia, O.; Muswamba, P.-C.; Muyembe Mawete, F.; Lumembe, R.; Kabamba, G.; Kenye, M.; Citenga, A.; Cikaya, F.; Yungwe, Z.; Matondo, M.; Kasongo, F.; Tshiminyi, P.; Bulabula, J.; Nkawa, F.; Muhindo Milonde, E.; Kavira Kamaliro, A.; Paluku Kalimuli, Z.; Bodisa Matamu, T.; Mubalama Mufungizi, J.; Wiley, M. R.; Devos, E.; Bangwen, E.; Brosius, I.; Parker, E.; Pilarowski, G.; Liesenborghs, L.; Wawina Bokalanga, T.; Vercauteren, K.; Mukadi Bamuleka, D.; Subissi, L.; Muyembe, J.-J.; Kindrachuk, J.; Guichet, E.; Ayouba, A.; Rambaut, A.; Delaporte, E.; Tessema, S. K.; D'Ortenzio, E.; Rimoin, A. W.; Hensley, L. E.; Mbala Kingebeni, P.; Peeters, M.; Ahuka Mundeke, S."
PP_00103JT,Ia,None,Democratic Republic of the Congo,"Equateur,Ingende",2023-03-23,196493,0.8947411122210447,2024-12-09,"Kinganda Lusamaki, E.; Amuri Aziza, A.; Luakanda Ndelemo, G.; Hasivirwe Vakaniaki, E.; Fernandez Nunez, N.; Pratt, C. B.; Akil Bandali, P.; Makangara Cigolo, J.-C.; Hoff, N. A.; Sabiti Nundu, S.; Mulopo Mukanya, N.; Ngimba, M.; Modrada Madakpa, B.; Diavita, R.; Paku Tshambu, P.; Pukuta Simbu, E.; Merritt, S.; O'Toole, A.; Low, N.; Nkuba Ndaye, A.; Kavunga Membo, H.; Shongo, R.; Malembi, E.; Kalonji, T.; Kacita, C.; Lokilo Lofiko, E.; Kavira Bapitani, S.; Rilia, O.; Muswamba, P.-C.; Muyembe Mawete, F.; Lumembe, R.; Kabamba, G.; Kenye, M.; Citenga, A.; Cikaya, F.; Yungwe, Z.; Matondo, M.; Kasongo, F.; Tshiminyi, P.; Bulabula, J.; Nkawa, F.; Muhindo Milonde, E.; Kavira Kamaliro, A.; Paluku Kalimuli, Z.; Bodisa Matamu, T.; Mubalama Mufungizi, J.; Wiley, M. R.; Devos, E.; Bangwen, E.; Brosius, I.; Parker, E.; Pilarowski, G.; Liesenborghs, L.; Wawina Bokalanga, T.; Vercauteren, K.; Mukadi Bamuleka, D.; Subissi, L.; Muyembe, J.-J.; Kindrachuk, J.; Guichet, E.; Ayouba, A.; Rambaut, A.; Delaporte, E.; Tessema, S. K.; D'Ortenzio, E.; Rimoin, A. W.; Hensley, L. E.; Mbala Kingebeni, P.; Peeters, M.; Ahuka Mundeke, S."
PP_00103KR,Ia,None,Democratic Republic of the Congo,"Equateur,Bolomba",2023-03-24,196547,0.9275337332474684,2024-12-09,"Kinganda Lusamaki, E.; Amuri Aziza, A.; Luakanda Ndelemo, G.; Hasivirwe Vakaniaki, E.; Fernandez Nunez, N.; Pratt, C. B.; Akil Bandali, P.; Makangara Cigolo, J.-C.; Hoff, N. A.; Sabiti Nundu, S.; Mulopo Mukanya, N.; Ngimba, M.; Modrada Madakpa, B.; Diavita, R.; Paku Tshambu, P.; Pukuta Simbu, E.; Merritt, S.; O'Toole, A.; Low, N.; Nkuba Ndaye, A.; Kavunga Membo, H.; Shongo, R.; Malembi, E.; Kalonji, T.; Kacita, C.; Lokilo Lofiko, E.; Kavira Bapitani, S.; Rilia, O.; Muswamba, P.-C.; Muyembe Mawete, F.; Lumembe, R.; Kabamba, G.; Kenye, M.; Citenga, A.; Cikaya, F.; Yungwe, Z.; Matondo, M.; Kasongo, F.; Tshiminyi, P.; Bulabula, J.; Nkawa, F.; Muhindo Milonde, E.; Kavira Kamaliro, A.; Paluku Kalimuli, Z.; Bodisa Matamu, T.; Mubalama Mufungizi, J.; Wiley, M. R.; Devos, E.; Bangwen, E.; Brosius, I.; Parker, E.; Pilarowski, G.; Liesenborghs, L.; Wawina Bokalanga, T.; Vercauteren, K.; Mukadi Bamuleka, D.; Subissi, L.; Muyembe, J.-J.; Kindrachuk, J.; Guichet, E.; Ayouba, A.; Rambaut, A.; Delaporte, E.; Tessema, S. K.; D'Ortenzio, E.; Rimoin, A. W.; Hensley, L. E.; Mbala Kingebeni, P.; Peeters, M.; Ahuka Mundeke, S."
PP_00103LP,Ia,None,Democratic Republic of the Congo,"Mongala,Bongandanga",2023-03-10,196165,0.9409560415599694,2024-12-09,"Kinganda Lusamaki, E.; Amuri Aziza, A.; Luakanda Ndelemo, G.; Hasivirwe Vakaniaki, E.; Fernandez Nunez, N.; Pratt, C. B.; Akil Bandali, P.; Makangara Cigolo, J.-C.; Hoff, N. A.; Sabiti Nundu, S.; Mulopo Mukanya, N.; Ngimba, M.; Modrada Madakpa, B.; Diavita, R.; Paku Tshambu, P.; Pukuta Simbu, E.; Merritt, S.; O'Toole, A.; Low, N.; Nkuba Ndaye, A.; Kavunga Membo, H.; Shongo, R.; Malembi, E.; Kalonji, T.; Kacita, C.; Lokilo Lofiko, E.; Kavira Bapitani, S.; Rilia, O.; Muswamba, P.-C.; Muyembe Mawete, F.; Lumembe, R.; Kabamba, G.; Kenye, M.; Citenga, A.; Cikaya, F.; Yungwe, Z.; Matondo, M.; Kasongo, F.; Tshiminyi, P.; Bulabula, J.; Nkawa, F.; Muhindo Milonde, E.; Kavira Kamaliro, A.; Paluku Kalimuli, Z.; Bodisa Matamu, T.; Mubalama Mufungizi, J.; Wiley, M. R.; Devos, E.; Bangwen, E.; Brosius, I.; Parker, E.; Pilarowski, G.; Liesenborghs, L.; Wawina Bokalanga, T.; Vercauteren, K.; Mukadi Bamuleka, D.; Subissi, L.; Muyembe, J.-J.; Kindrachuk, J.; Guichet, E.; Ayouba, A.; Rambaut, A.; Delaporte, E.; Tessema, S. K.; D'Ortenzio, E.; Rimoin, A. W.; Hensley, L. E.; Mbala Kingebeni, P.; Peeters, M.; Ahuka Mundeke, S."
PP_00103MM,Ia,None,Democratic Republic of the Congo,"Maindombe,Banjow-Moke",2023-03-29,196578,0.925850240100604,2024-12-09,"Kinganda Lusamaki, E.; Amuri Aziza, A.; Luakanda Ndelemo, G.; Hasivirwe Vakaniaki, E.; Fernandez Nunez, N.; Pratt, C. B.; Akil Bandali, P.; Makangara Cigolo, J.-C.; Hoff, N. A.; Sabiti Nundu, S.; Mulopo Mukanya, N.; Ngimba, M.; Modrada Madakpa, B.; Diavita, R.; Paku Tshambu, P.; Pukuta Simbu, E.; Merritt, S.; O'Toole, A.; Low, N.; Nkuba Ndaye, A.; Kavunga Membo, H.; Shongo, R.; Malembi, E.; Kalonji, T.; Kacita, C.; Lokilo Lofiko, E.; Kavira Bapitani, S.; Rilia, O.; Muswamba, P.-C.; Muyembe Mawete, F.; Lumembe, R.; Kabamba, G.; Kenye, M.; Citenga, A.; Cikaya, F.; Yungwe, Z.; Matondo, M.; Kasongo, F.; Tshiminyi, P.; Bulabula, J.; Nkawa, F.; Muhindo Milonde, E.; Kavira Kamaliro, A.; Paluku Kalimuli, Z.; Bodisa Matamu, T.; Mubalama Mufungizi, J.; Wiley, M. R.; Devos, E.; Bangwen, E.; Brosius, I.; Parker, E.; Pilarowski, G.; Liesenborghs, L.; Wawina Bokalanga, T.; Vercauteren, K.; Mukadi Bamuleka, D.; Subissi, L.; Muyembe, J.-J.; Kindrachuk, J.; Guichet, E.; Ayouba, A.; Rambaut, A.; Delaporte, E.; Tessema, S. K.; D'Ortenzio, E.; Rimoin, A. W.; Hensley, L. E.; Mbala Kingebeni, P.; Peeters, M.; Ahuka Mundeke, S."
PP_00103W3,Ia,None,Democratic Republic of the Congo,"Maindombe,Banjow-Moke",2023-03-29,196782,0.9975051848546466,2024-12-09,"Kinganda Lusamaki, E.; Amuri Aziza, A.; Luakanda Ndelemo, G.; Hasivirwe Vakaniaki, E.; Fernandez Nunez, N.; Pratt, C. B.; Akil Bandali, P.; Makangara Cigolo, J.-C.; Hoff, N. A.; Sabiti Nundu, S.; Mulopo Mukanya, N.; Ngimba, M.; Modrada Madakpa, B.; Diavita, R.; Paku Tshambu, P.; Pukuta Simbu, E.; Merritt, S.; O'Toole, A.; Low, N.; Nkuba Ndaye, A.; Kavunga Membo, H.; Shongo, R.; Malembi, E.; Kalonji, T.; Kacita, C.; Lokilo Lofiko, E.; Kavira Bapitani, S.; Rilia, O.; Muswamba, P.-C.; Muyembe Mawete, F.; Lumembe, R.; Kabamba, G.; Kenye, M.; Citenga, A.; Cikaya, F.; Yungwe, Z.; Matondo, M.; Kasongo, F.; Tshiminyi, P.; Bulabula, J.; Nkawa, F.; Muhindo Milonde, E.; Kavira Kamaliro, A.; Paluku Kalimuli, Z.; Bodisa Matamu, T.; Mubalama Mufungizi, J.; Wiley, M. R.; Devos, E.; Bangwen, E.; Brosius, I.; Parker, E.; Pilarowski, G.; Liesenborghs, L.; Wawina Bokalanga, T.; Vercauteren, K.; Mukadi Bamuleka, D.; Subissi, L.; Muyembe, J.-J.; Kindrachuk, J.; Guichet, E.; Ayouba, A.; Rambaut, A.; Delaporte, E.; Tessema, S. K.; D'Ortenzio, E.; Rimoin, A. W.; Hensley, L. E.; Mbala Kingebeni, P.; Peeters, M.; Ahuka Mundeke, S."
PP_00103X1,Ia,None,Democratic Republic of the Congo,"Tshopo,Opala",2023-03-21,196227,0.924663681677814,2024-12-09,"Kinganda Lusamaki, E.; Amuri Aziza, A.; Luakanda Ndelemo, G.; Hasivirwe Vakaniaki, E.; Fernandez Nunez, N.; Pratt, C. B.; Akil Bandali, P.; Makangara Cigolo, J.-C.; Hoff, N. A.; Sabiti Nundu, S.; Mulopo Mukanya, N.; Ngimba, M.; Modrada Madakpa, B.; Diavita, R.; Paku Tshambu, P.; Pukuta Simbu, E.; Merritt, S.; O'Toole, A.; Low, N.; Nkuba Ndaye, A.; Kavunga Membo, H.; Shongo, R.; Malembi, E.; Kalonji, T.; Kacita, C.; Lokilo Lofiko, E.; Kavira Bapitani, S.; Rilia, O.; Muswamba, P.-C.; Muyembe Mawete, F.; Lumembe, R.; Kabamba, G.; Kenye, M.; Citenga, A.; Cikaya, F.; Yungwe, Z.; Matondo, M.; Kasongo, F.; Tshiminyi, P.; Bulabula, J.; Nkawa, F.; Muhindo Milonde, E.; Kavira Kamaliro, A.; Paluku Kalimuli, Z.; Bodisa Matamu, T.; Mubalama Mufungizi, J.; Wiley, M. R.; Devos, E.; Bangwen, E.; Brosius, I.; Parker, E.; Pilarowski, G.; Liesenborghs, L.; Wawina Bokalanga, T.; Vercauteren, K.; Mukadi Bamuleka, D.; Subissi, L.; Muyembe, J.-J.; Kindrachuk, J.; Guichet, E.; Ayouba, A.; Rambaut, A.; Delaporte, E.; Tessema, S. K.; D'Ortenzio, E.; Rimoin, A. W.; Hensley, L. E.; Mbala Kingebeni, P.; Peeters, M.; Ahuka Mundeke, S."
PP_00103YZ,Ia,None,Democratic Republic of the Congo,"Tshopo,Opala",2023-02-22,196648,0.9541248117479424,2024-12-09,"Kinganda Lusamaki, E.; Amuri Aziza, A.; Luakanda Ndelemo, G.; Hasivirwe Vakaniaki, E.; Fernandez Nunez, N.; Pratt, C. B.; Akil Bandali, P.; Makangara Cigolo, J.-C.; Hoff, N. A.; Sabiti Nundu, S.; Mulopo Mukanya, N.; Ngimba, M.; Modrada Madakpa, B.; Diavita, R.; Paku Tshambu, P.; Pukuta Simbu, E.; Merritt, S.; O'Toole, A.; Low, N.; Nkuba Ndaye, A.; Kavunga Membo, H.; Shongo, R.; Malembi, E.; Kalonji, T.; Kacita, C.; Lokilo Lofiko, E.; Kavira Bapitani, S.; Rilia, O.; Muswamba, P.-C.; Muyembe Mawete, F.; Lumembe, R.; Kabamba, G.; Kenye, M.; Citenga, A.; Cikaya, F.; Yungwe, Z.; Matondo, M.; Kasongo, F.; Tshiminyi, P.; Bulabula, J.; Nkawa, F.; Muhindo Milonde, E.; Kavira Kamaliro, A.; Paluku Kalimuli, Z.; Bodisa Matamu, T.; Mubalama Mufungizi, J.; Wiley, M. R.; Devos, E.; Bangwen, E.; Brosius, I.; Parker, E.; Pilarowski, G.; Liesenborghs, L.; Wawina Bokalanga, T.; Vercauteren, K.; Mukadi Bamuleka, D.; Subissi, L.; Muyembe, J.-J.; Kindrachuk, J.; Guichet, E.; Ayouba, A.; Rambaut, A.; Delaporte, E.; Tessema, S. K.; D'Ortenzio, E.; Rimoin, A. W.; Hensley, L. E.; Mbala Kingebeni, P.; Peeters, M.; Ahuka Mundeke, S."
PP_00103ZX,Ia,None,Democratic Republic of the Congo,"Tshopo,Opala",2023-02-25,196622,0.9406568665730266,2024-12-09,"Kinganda Lusamaki, E.; Amuri Aziza, A.; Luakanda Ndelemo, G.; Hasivirwe Vakaniaki, E.; Fernandez Nunez, N.; Pratt, C. B.; Akil Bandali, P.; Makangara Cigolo, J.-C.; Hoff, N. A.; Sabiti Nundu, S.; Mulopo Mukanya, N.; Ngimba, M.; Modrada Madakpa, B.; Diavita, R.; Paku Tshambu, P.; Pukuta Simbu, E.; Merritt, S.; O'Toole, A.; Low, N.; Nkuba Ndaye, A.; Kavunga Membo, H.; Shongo, R.; Malembi, E.; Kalonji, T.; Kacita, C.; Lokilo Lofiko, E.; Kavira Bapitani, S.; Rilia, O.; Muswamba, P.-C.; Muyembe Mawete, F.; Lumembe, R.; Kabamba, G.; Kenye, M.; Citenga, A.; Cikaya, F.; Yungwe, Z.; Matondo, M.; Kasongo, F.; Tshiminyi, P.; Bulabula, J.; Nkawa, F.; Muhindo Milonde, E.; Kavira Kamaliro, A.; Paluku Kalimuli, Z.; Bodisa Matamu, T.; Mubalama Mufungizi, J.; Wiley, M. R.; Devos, E.; Bangwen, E.; Brosius, I.; Parker, E.; Pilarowski, G.; Liesenborghs, L.; Wawina Bokalanga, T.; Vercauteren, K.; Mukadi Bamuleka, D.; Subissi, L.; Muyembe, J.-J.; Kindrachuk, J.; Guichet, E.; Ayouba, A.; Rambaut, A.; Delaporte, E.; Tessema, S. K.; D'Ortenzio, E.; Rimoin, A. W.; Hensley, L. E.; Mbala Kingebeni, P.; Peeters, M.; Ahuka Mundeke, S."
PP_001040V,Ia,None,Democratic Republic of the Congo,"Tshopo,Ubundu",2023-03-29,196113,0.7910338777641994,2024-12-09,"Kinganda Lusamaki, E.; Amuri Aziza, A.; Luakanda Ndelemo, G.; Hasivirwe Vakaniaki, E.; Fernandez Nunez, N.; Pratt, C. B.; Akil Bandali, P.; Makangara Cigolo, J.-C.; Hoff, N. A.; Sabiti Nundu, S.; Mulopo Mukanya, N.; Ngimba, M.; Modrada Madakpa, B.; Diavita, R.; Paku Tshambu, P.; Pukuta Simbu, E.; Merritt, S.; O'Toole, A.; Low, N.; Nkuba Ndaye, A.; Kavunga Membo, H.; Shongo, R.; Malembi, E.; Kalonji, T.; Kacita, C.; Lokilo Lofiko, E.; Kavira Bapitani, S.; Rilia, O.; Muswamba, P.-C.; Muyembe Mawete, F.; Lumembe, R.; Kabamba, G.; Kenye, M.; Citenga, A.; Cikaya, F.; Yungwe, Z.; Matondo, M.; Kasongo, F.; Tshiminyi, P.; Bulabula, J.; Nkawa, F.; Muhindo Milonde, E.; Kavira Kamaliro, A.; Paluku Kalimuli, Z.; Bodisa Matamu, T.; Mubalama Mufungizi, J.; Wiley, M. R.; Devos, E.; Bangwen, E.; Brosius, I.; Parker, E.; Pilarowski, G.; Liesenborghs, L.; Wawina Bokalanga, T.; Vercauteren, K.; Mukadi Bamuleka, D.; Subissi, L.; Muyembe, J.-J.; Kindrachuk, J.; Guichet, E.; Ayouba, A.; Rambaut, A.; Delaporte, E.; Tessema, S. K.; D'Ortenzio, E.; Rimoin, A. W.; Hensley, L. E.; Mbala Kingebeni, P.; Peeters, M.; Ahuka Mundeke, S."
PP_001049B,Ia,None,Democratic Republic of the Congo,"Tshopo,Yahuma",2023-03-21,196632,0.9425229071695512,2024-12-09,"Kinganda Lusamaki, E.; Amuri Aziza, A.; Luakanda Ndelemo, G.; Hasivirwe Vakaniaki, E.; Fernandez Nunez, N.; Pratt, C. B.; Akil Bandali, P.; Makangara Cigolo, J.-C.; Hoff, N. A.; Sabiti Nundu, S.; Mulopo Mukanya, N.; Ngimba, M.; Modrada Madakpa, B.; Diavita, R.; Paku Tshambu, P.; Pukuta Simbu, E.; Merritt, S.; O'Toole, A.; Low, N.; Nkuba Ndaye, A.; Kavunga Membo, H.; Shongo, R.; Malembi, E.; Kalonji, T.; Kacita, C.; Lokilo Lofiko, E.; Kavira Bapitani, S.; Rilia, O.; Muswamba, P.-C.; Muyembe Mawete, F.; Lumembe, R.; Kabamba, G.; Kenye, M.; Citenga, A.; Cikaya, F.; Yungwe, Z.; Matondo, M.; Kasongo, F.; Tshiminyi, P.; Bulabula, J.; Nkawa, F.; Muhindo Milonde, E.; Kavira Kamaliro, A.; Paluku Kalimuli, Z.; Bodisa Matamu, T.; Mubalama Mufungizi, J.; Wiley, M. R.; Devos, E.; Bangwen, E.; Brosius, I.; Parker, E.; Pilarowski, G.; Liesenborghs, L.; Wawina Bokalanga, T.; Vercauteren, K.; Mukadi Bamuleka, D.; Subissi, L.; Muyembe, J.-J.; Kindrachuk, J.; Guichet, E.; Ayouba, A.; Rambaut, A.; Delaporte, E.; Tessema, S. K.; D'Ortenzio, E.; Rimoin, A. W.; Hensley, L. E.; Mbala Kingebeni, P.; Peeters, M.; Ahuka Mundeke, S."
PP_00104A9,Ia,None,Democratic Republic of the Congo,"Tshopo,Yahuma",2023-03-21,196736,0.945971025663129,2024-12-09,"Kinganda Lusamaki, E.; Amuri Aziza, A.; Luakanda Ndelemo, G.; Hasivirwe Vakaniaki, E.; Fernandez Nunez, N.; Pratt, C. B.; Akil Bandali, P.; Makangara Cigolo, J.-C.; Hoff, N. A.; Sabiti Nundu, S.; Mulopo Mukanya, N.; Ngimba, M.; Modrada Madakpa, B.; Diavita, R.; Paku Tshambu, P.; Pukuta Simbu, E.; Merritt, S.; O'Toole, A.; Low, N.; Nkuba Ndaye, A.; Kavunga Membo, H.; Shongo, R.; Malembi, E.; Kalonji, T.; Kacita, C.; Lokilo Lofiko, E.; Kavira Bapitani, S.; Rilia, O.; Muswamba, P.-C.; Muyembe Mawete, F.; Lumembe, R.; Kabamba, G.; Kenye, M.; Citenga, A.; Cikaya, F.; Yungwe, Z.; Matondo, M.; Kasongo, F.; Tshiminyi, P.; Bulabula, J.; Nkawa, F.; Muhindo Milonde, E.; Kavira Kamaliro, A.; Paluku Kalimuli, Z.; Bodisa Matamu, T.; Mubalama Mufungizi, J.; Wiley, M. R.; Devos, E.; Bangwen, E.; Brosius, I.; Parker, E.; Pilarowski, G.; Liesenborghs, L.; Wawina Bokalanga, T.; Vercauteren, K.; Mukadi Bamuleka, D.; Subissi, L.; Muyembe, J.-J.; Kindrachuk, J.; Guichet, E.; Ayouba, A.; Rambaut, A.; Delaporte, E.; Tessema, S. K.; D'Ortenzio, E.; Rimoin, A. W.; Hensley, L. E.; Mbala Kingebeni, P.; Peeters, M.; Ahuka Mundeke, S."
PP_00104B7,Ia,None,Democratic Republic of the Congo,"Tshopo,Yahuma",2023-03-21,196656,0.9425229071695512,2024-12-09,"Kinganda Lusamaki, E.; Amuri Aziza, A.; Luakanda Ndelemo, G.; Hasivirwe Vakaniaki, E.; Fernandez Nunez, N.; Pratt, C. B.; Akil Bandali, P.; Makangara Cigolo, J.-C.; Hoff, N. A.; Sabiti Nundu, S.; Mulopo Mukanya, N.; Ngimba, M.; Modrada Madakpa, B.; Diavita, R.; Paku Tshambu, P.; Pukuta Simbu, E.; Merritt, S.; O'Toole, A.; Low, N.; Nkuba Ndaye, A.; Kavunga Membo, H.; Shongo, R.; Malembi, E.; Kalonji, T.; Kacita, C.; Lokilo Lofiko, E.; Kavira Bapitani, S.; Rilia, O.; Muswamba, P.-C.; Muyembe Mawete, F.; Lumembe, R.; Kabamba, G.; Kenye, M.; Citenga, A.; Cikaya, F.; Yungwe, Z.; Matondo, M.; Kasongo, F.; Tshiminyi, P.; Bulabula, J.; Nkawa, F.; Muhindo Milonde, E.; Kavira Kamaliro, A.; Paluku Kalimuli, Z.; Bodisa Matamu, T.; Mubalama Mufungizi, J.; Wiley, M. R.; Devos, E.; Bangwen, E.; Brosius, I.; Parker, E.; Pilarowski, G.; Liesenborghs, L.; Wawina Bokalanga, T.; Vercauteren, K.; Mukadi Bamuleka, D.; Subissi, L.; Muyembe, J.-J.; Kindrachuk, J.; Guichet, E.; Ayouba, A.; Rambaut, A.; Delaporte, E.; Tessema, S. K.; D'Ortenzio, E.; Rimoin, A. W.; Hensley, L. E.; Mbala Kingebeni, P.; Peeters, M.; Ahuka Mundeke, S."
PP_00104C5,Ia,None,Democratic Republic of the Congo,"Tshopo,Wanie-Rukula",2023-04-05,196251,0.9296888073059546,2024-12-09,"Kinganda Lusamaki, E.; Amuri Aziza, A.; Luakanda Ndelemo, G.; Hasivirwe Vakaniaki, E.; Fernandez Nunez, N.; Pratt, C. B.; Akil Bandali, P.; Makangara Cigolo, J.-C.; Hoff, N. A.; Sabiti Nundu, S.; Mulopo Mukanya, N.; Ngimba, M.; Modrada Madakpa, B.; Diavita, R.; Paku Tshambu, P.; Pukuta Simbu, E.; Merritt, S.; O'Toole, A.; Low, N.; Nkuba Ndaye, A.; Kavunga Membo, H.; Shongo, R.; Malembi, E.; Kalonji, T.; Kacita, C.; Lokilo Lofiko, E.; Kavira Bapitani, S.; Rilia, O.; Muswamba, P.-C.; Muyembe Mawete, F.; Lumembe, R.; Kabamba, G.; Kenye, M.; Citenga, A.; Cikaya, F.; Yungwe, Z.; Matondo, M.; Kasongo, F.; Tshiminyi, P.; Bulabula, J.; Nkawa, F.; Muhindo Milonde, E.; Kavira Kamaliro, A.; Paluku Kalimuli, Z.; Bodisa Matamu, T.; Mubalama Mufungizi, J.; Wiley, M. R.; Devos, E.; Bangwen, E.; Brosius, I.; Parker, E.; Pilarowski, G.; Liesenborghs, L.; Wawina Bokalanga, T.; Vercauteren, K.; Mukadi Bamuleka, D.; Subissi, L.; Muyembe, J.-J.; Kindrachuk, J.; Guichet, E.; Ayouba, A.; Rambaut, A.; Delaporte, E.; Tessema, S. K.; D'Ortenzio, E.; Rimoin, A. W.; Hensley, L. E.; Mbala Kingebeni, P.; Peeters, M.; Ahuka Mundeke, S."
PP_00104D3,Ia,None,Democratic Republic of the Congo,"Tshopo,Wanie-Rukula",2023-04-05,196321,0.9324726559132696,2024-12-09,"Kinganda Lusamaki, E.; Amuri Aziza, A.; Luakanda Ndelemo, G.; Hasivirwe Vakaniaki, E.; Fernandez Nunez, N.; Pratt, C. B.; Akil Bandali, P.; Makangara Cigolo, J.-C.; Hoff, N. A.; Sabiti Nundu, S.; Mulopo Mukanya, N.; Ngimba, M.; Modrada Madakpa, B.; Diavita, R.; Paku Tshambu, P.; Pukuta Simbu, E.; Merritt, S.; O'Toole, A.; Low, N.; Nkuba Ndaye, A.; Kavunga Membo, H.; Shongo, R.; Malembi, E.; Kalonji, T.; Kacita, C.; Lokilo Lofiko, E.; Kavira Bapitani, S.; Rilia, O.; Muswamba, P.-C.; Muyembe Mawete, F.; Lumembe, R.; Kabamba, G.; Kenye, M.; Citenga, A.; Cikaya, F.; Yungwe, Z.; Matondo, M.; Kasongo, F.; Tshiminyi, P.; Bulabula, J.; Nkawa, F.; Muhindo Milonde, E.; Kavira Kamaliro, A.; Paluku Kalimuli, Z.; Bodisa Matamu, T.; Mubalama Mufungizi, J.; Wiley, M. R.; Devos, E.; Bangwen, E.; Brosius, I.; Parker, E.; Pilarowski, G.; Liesenborghs, L.; Wawina Bokalanga, T.; Vercauteren, K.; Mukadi Bamuleka, D.; Subissi, L.; Muyembe, J.-J.; Kindrachuk, J.; Guichet, E.; Ayouba, A.; Rambaut, A.; Delaporte, E.; Tessema, S. K.; D'Ortenzio, E.; Rimoin, A. W.; Hensley, L. E.; Mbala Kingebeni, P.; Peeters, M.; Ahuka Mundeke, S."
PP_00104NJ,Ia,None,Democratic Republic of the Congo,"Tshopo,Wanie-Rukula",2023-04-05,196280,0.9285580272705608,2024-12-09,"Kinganda Lusamaki, E.; Amuri Aziza, A.; Luakanda Ndelemo, G.; Hasivirwe Vakaniaki, E.; Fernandez Nunez, N.; Pratt, C. B.; Akil Bandali, P.; Makangara Cigolo, J.-C.; Hoff, N. A.; Sabiti Nundu, S.; Mulopo Mukanya, N.; Ngimba, M.; Modrada Madakpa, B.; Diavita, R.; Paku Tshambu, P.; Pukuta Simbu, E.; Merritt, S.; O'Toole, A.; Low, N.; Nkuba Ndaye, A.; Kavunga Membo, H.; Shongo, R.; Malembi, E.; Kalonji, T.; Kacita, C.; Lokilo Lofiko, E.; Kavira Bapitani, S.; Rilia, O.; Muswamba, P.-C.; Muyembe Mawete, F.; Lumembe, R.; Kabamba, G.; Kenye, M.; Citenga, A.; Cikaya, F.; Yungwe, Z.; Matondo, M.; Kasongo, F.; Tshiminyi, P.; Bulabula, J.; Nkawa, F.; Muhindo Milonde, E.; Kavira Kamaliro, A.; Paluku Kalimuli, Z.; Bodisa Matamu, T.; Mubalama Mufungizi, J.; Wiley, M. R.; Devos, E.; Bangwen, E.; Brosius, I.; Parker, E.; Pilarowski, G.; Liesenborghs, L.; Wawina Bokalanga, T.; Vercauteren, K.; Mukadi Bamuleka, D.; Subissi, L.; Muyembe, J.-J.; Kindrachuk, J.; Guichet, E.; Ayouba, A.; Rambaut, A.; Delaporte, E.; Tessema, S. K.; D'Ortenzio, E.; Rimoin, A. W.; Hensley, L. E.; Mbala Kingebeni, P.; Peeters, M.; Ahuka Mundeke, S."
PP_00104PG,Ia,None,Democratic Republic of the Congo,"Mongala,Bosomanzi",2023-03-25,196648,0.8938993656476124,2024-12-09,"Kinganda Lusamaki, E.; Amuri Aziza, A.; Luakanda Ndelemo, G.; Hasivirwe Vakaniaki, E.; Fernandez Nunez, N.; Pratt, C. B.; Akil Bandali, P.; Makangara Cigolo, J.-C.; Hoff, N. A.; Sabiti Nundu, S.; Mulopo Mukanya, N.; Ngimba, M.; Modrada Madakpa, B.; Diavita, R.; Paku Tshambu, P.; Pukuta Simbu, E.; Merritt, S.; O'Toole, A.; Low, N.; Nkuba Ndaye, A.; Kavunga Membo, H.; Shongo, R.; Malembi, E.; Kalonji, T.; Kacita, C.; Lokilo Lofiko, E.; Kavira Bapitani, S.; Rilia, O.; Muswamba, P.-C.; Muyembe Mawete, F.; Lumembe, R.; Kabamba, G.; Kenye, M.; Citenga, A.; Cikaya, F.; Yungwe, Z.; Matondo, M.; Kasongo, F.; Tshiminyi, P.; Bulabula, J.; Nkawa, F.; Muhindo Milonde, E.; Kavira Kamaliro, A.; Paluku Kalimuli, Z.; Bodisa Matamu, T.; Mubalama Mufungizi, J.; Wiley, M. R.; Devos, E.; Bangwen, E.; Brosius, I.; Parker, E.; Pilarowski, G.; Liesenborghs, L.; Wawina Bokalanga, T.; Vercauteren, K.; Mukadi Bamuleka, D.; Subissi, L.; Muyembe, J.-J.; Kindrachuk, J.; Guichet, E.; Ayouba, A.; Rambaut, A.; Delaporte, E.; Tessema, S. K.; D'Ortenzio, E.; Rimoin, A. W.; Hensley, L. E.; Mbala Kingebeni, P.; Peeters, M.; Ahuka Mundeke, S."
PP_00104QE,Ia,None,Democratic Republic of the Congo,"Mongala,Bosomanzi",2023-04-05,196614,0.9376752582285798,2024-12-09,"Kinganda Lusamaki, E.; Amuri Aziza, A.; Luakanda Ndelemo, G.; Hasivirwe Vakaniaki, E.; Fernandez Nunez, N.; Pratt, C. B.; Akil Bandali, P.; Makangara Cigolo, J.-C.; Hoff, N. A.; Sabiti Nundu, S.; Mulopo Mukanya, N.; Ngimba, M.; Modrada Madakpa, B.; Diavita, R.; Paku Tshambu, P.; Pukuta Simbu, E.; Merritt, S.; O'Toole, A.; Low, N.; Nkuba Ndaye, A.; Kavunga Membo, H.; Shongo, R.; Malembi, E.; Kalonji, T.; Kacita, C.; Lokilo Lofiko, E.; Kavira Bapitani, S.; Rilia, O.; Muswamba, P.-C.; Muyembe Mawete, F.; Lumembe, R.; Kabamba, G.; Kenye, M.; Citenga, A.; Cikaya, F.; Yungwe, Z.; Matondo, M.; Kasongo, F.; Tshiminyi, P.; Bulabula, J.; Nkawa, F.; Muhindo Milonde, E.; Kavira Kamaliro, A.; Paluku Kalimuli, Z.; Bodisa Matamu, T.; Mubalama Mufungizi, J.; Wiley, M. R.; Devos, E.; Bangwen, E.; Brosius, I.; Parker, E.; Pilarowski, G.; Liesenborghs, L.; Wawina Bokalanga, T.; Vercauteren, K.; Mukadi Bamuleka, D.; Subissi, L.; Muyembe, J.-J.; Kindrachuk, J.; Guichet, E.; Ayouba, A.; Rambaut, A.; Delaporte, E.; Tessema, S. K.; D'Ortenzio, E.; Rimoin, A. W.; Hensley, L. E.; Mbala Kingebeni, P.; Peeters, M.; Ahuka Mundeke, S."
PP_00104RC,Ia,None,Democratic Republic of the Congo,"Mongala,Bosomanzi",2023-04-05,196603,0.9373811540041276,2024-12-09,"Kinganda Lusamaki, E.; Amuri Aziza, A.; Luakanda Ndelemo, G.; Hasivirwe Vakaniaki, E.; Fernandez Nunez, N.; Pratt, C. B.; Akil Bandali, P.; Makangara Cigolo, J.-C.; Hoff, N. A.; Sabiti Nundu, S.; Mulopo Mukanya, N.; Ngimba, M.; Modrada Madakpa, B.; Diavita, R.; Paku Tshambu, P.; Pukuta Simbu, E.; Merritt, S.; O'Toole, A.; Low, N.; Nkuba Ndaye, A.; Kavunga Membo, H.; Shongo, R.; Malembi, E.; Kalonji, T.; Kacita, C.; Lokilo Lofiko, E.; Kavira Bapitani, S.; Rilia, O.; Muswamba, P.-C.; Muyembe Mawete, F.; Lumembe, R.; Kabamba, G.; Kenye, M.; Citenga, A.; Cikaya, F.; Yungwe, Z.; Matondo, M.; Kasongo, F.; Tshiminyi, P.; Bulabula, J.; Nkawa, F.; Muhindo Milonde, E.; Kavira Kamaliro, A.; Paluku Kalimuli, Z.; Bodisa Matamu, T.; Mubalama Mufungizi, J.; Wiley, M. R.; Devos, E.; Bangwen, E.; Brosius, I.; Parker, E.; Pilarowski, G.; Liesenborghs, L.; Wawina Bokalanga, T.; Vercauteren, K.; Mukadi Bamuleka, D.; Subissi, L.; Muyembe, J.-J.; Kindrachuk, J.; Guichet, E.; Ayouba, A.; Rambaut, A.; Delaporte, E.; Tessema, S. K.; D'Ortenzio, E.; Rimoin, A. W.; Hensley, L. E.; Mbala Kingebeni, P.; Peeters, M.; Ahuka Mundeke, S."
PP_00104SA,Ia,None,Democratic Republic of the Congo,"Mongala,Bosomanzi",2023-04-05,196654,0.9386184200518232,2024-12-09,"Kinganda Lusamaki, E.; Amuri Aziza, A.; Luakanda Ndelemo, G.; Hasivirwe Vakaniaki, E.; Fernandez Nunez, N.; Pratt, C. B.; Akil Bandali, P.; Makangara Cigolo, J.-C.; Hoff, N. A.; Sabiti Nundu, S.; Mulopo Mukanya, N.; Ngimba, M.; Modrada Madakpa, B.; Diavita, R.; Paku Tshambu, P.; Pukuta Simbu, E.; Merritt, S.; O'Toole, A.; Low, N.; Nkuba Ndaye, A.; Kavunga Membo, H.; Shongo, R.; Malembi, E.; Kalonji, T.; Kacita, C.; Lokilo Lofiko, E.; Kavira Bapitani, S.; Rilia, O.; Muswamba, P.-C.; Muyembe Mawete, F.; Lumembe, R.; Kabamba, G.; Kenye, M.; Citenga, A.; Cikaya, F.; Yungwe, Z.; Matondo, M.; Kasongo, F.; Tshiminyi, P.; Bulabula, J.; Nkawa, F.; Muhindo Milonde, E.; Kavira Kamaliro, A.; Paluku Kalimuli, Z.; Bodisa Matamu, T.; Mubalama Mufungizi, J.; Wiley, M. R.; Devos, E.; Bangwen, E.; Brosius, I.; Parker, E.; Pilarowski, G.; Liesenborghs, L.; Wawina Bokalanga, T.; Vercauteren, K.; Mukadi Bamuleka, D.; Subissi, L.; Muyembe, J.-J.; Kindrachuk, J.; Guichet, E.; Ayouba, A.; Rambaut, A.; Delaporte, E.; Tessema, S. K.; D'Ortenzio, E.; Rimoin, A. W.; Hensley, L. E.; Mbala Kingebeni, P.; Peeters, M.; Ahuka Mundeke, S."
PP_001051S,Ia,None,Democratic Republic of the Congo,"Mongala,Bosomanzi",2023-04-05,196640,0.941711585171062,2024-12-09,"Kinganda Lusamaki, E.; Amuri Aziza, A.; Luakanda Ndelemo, G.; Hasivirwe Vakaniaki, E.; Fernandez Nunez, N.; Pratt, C. B.; Akil Bandali, P.; Makangara Cigolo, J.-C.; Hoff, N. A.; Sabiti Nundu, S.; Mulopo Mukanya, N.; Ngimba, M.; Modrada Madakpa, B.; Diavita, R.; Paku Tshambu, P.; Pukuta Simbu, E.; Merritt, S.; O'Toole, A.; Low, N.; Nkuba Ndaye, A.; Kavunga Membo, H.; Shongo, R.; Malembi, E.; Kalonji, T.; Kacita, C.; Lokilo Lofiko, E.; Kavira Bapitani, S.; Rilia, O.; Muswamba, P.-C.; Muyembe Mawete, F.; Lumembe, R.; Kabamba, G.; Kenye, M.; Citenga, A.; Cikaya, F.; Yungwe, Z.; Matondo, M.; Kasongo, F.; Tshiminyi, P.; Bulabula, J.; Nkawa, F.; Muhindo Milonde, E.; Kavira Kamaliro, A.; Paluku Kalimuli, Z.; Bodisa Matamu, T.; Mubalama Mufungizi, J.; Wiley, M. R.; Devos, E.; Bangwen, E.; Brosius, I.; Parker, E.; Pilarowski, G.; Liesenborghs, L.; Wawina Bokalanga, T.; Vercauteren, K.; Mukadi Bamuleka, D.; Subissi, L.; Muyembe, J.-J.; Kindrachuk, J.; Guichet, E.; Ayouba, A.; Rambaut, A.; Delaporte, E.; Tessema, S. K.; D'Ortenzio, E.; Rimoin, A. W.; Hensley, L. E.; Mbala Kingebeni, P.; Peeters, M.; Ahuka Mundeke, S."
PP_001052Q,Ia,None,Democratic Republic of the Congo,"Mongala,Bosomanzi",2023-03-27,196625,0.7157330547794472,2024-12-09,"Kinganda Lusamaki, E.; Amuri Aziza, A.; Luakanda Ndelemo, G.; Hasivirwe Vakaniaki, E.; Fernandez Nunez, N.; Pratt, C. B.; Akil Bandali, P.; Makangara Cigolo, J.-C.; Hoff, N. A.; Sabiti Nundu, S.; Mulopo Mukanya, N.; Ngimba, M.; Modrada Madakpa, B.; Diavita, R.; Paku Tshambu, P.; Pukuta Simbu, E.; Merritt, S.; O'Toole, A.; Low, N.; Nkuba Ndaye, A.; Kavunga Membo, H.; Shongo, R.; Malembi, E.; Kalonji, T.; Kacita, C.; Lokilo Lofiko, E.; Kavira Bapitani, S.; Rilia, O.; Muswamba, P.-C.; Muyembe Mawete, F.; Lumembe, R.; Kabamba, G.; Kenye, M.; Citenga, A.; Cikaya, F.; Yungwe, Z.; Matondo, M.; Kasongo, F.; Tshiminyi, P.; Bulabula, J.; Nkawa, F.; Muhindo Milonde, E.; Kavira Kamaliro, A.; Paluku Kalimuli, Z.; Bodisa Matamu, T.; Mubalama Mufungizi, J.; Wiley, M. R.; Devos, E.; Bangwen, E.; Brosius, I.; Parker, E.; Pilarowski, G.; Liesenborghs, L.; Wawina Bokalanga, T.; Vercauteren, K.; Mukadi Bamuleka, D.; Subissi, L.; Muyembe, J.-J.; Kindrachuk, J.; Guichet, E.; Ayouba, A.; Rambaut, A.; Delaporte, E.; Tessema, S. K.; D'Ortenzio, E.; Rimoin, A. W.; Hensley, L. E.; Mbala Kingebeni, P.; Peeters, M.; Ahuka Mundeke, S."
PP_001053N,Ia,None,Democratic Republic of the Congo,"Mongala,Bosomanzi",2023-04-05,196553,0.9300437606802936,2024-12-09,"Kinganda Lusamaki, E.; Amuri Aziza, A.; Luakanda Ndelemo, G.; Hasivirwe Vakaniaki, E.; Fernandez Nunez, N.; Pratt, C. B.; Akil Bandali, P.; Makangara Cigolo, J.-C.; Hoff, N. A.; Sabiti Nundu, S.; Mulopo Mukanya, N.; Ngimba, M.; Modrada Madakpa, B.; Diavita, R.; Paku Tshambu, P.; Pukuta Simbu, E.; Merritt, S.; O'Toole, A.; Low, N.; Nkuba Ndaye, A.; Kavunga Membo, H.; Shongo, R.; Malembi, E.; Kalonji, T.; Kacita, C.; Lokilo Lofiko, E.; Kavira Bapitani, S.; Rilia, O.; Muswamba, P.-C.; Muyembe Mawete, F.; Lumembe, R.; Kabamba, G.; Kenye, M.; Citenga, A.; Cikaya, F.; Yungwe, Z.; Matondo, M.; Kasongo, F.; Tshiminyi, P.; Bulabula, J.; Nkawa, F.; Muhindo Milonde, E.; Kavira Kamaliro, A.; Paluku Kalimuli, Z.; Bodisa Matamu, T.; Mubalama Mufungizi, J.; Wiley, M. R.; Devos, E.; Bangwen, E.; Brosius, I.; Parker, E.; Pilarowski, G.; Liesenborghs, L.; Wawina Bokalanga, T.; Vercauteren, K.; Mukadi Bamuleka, D.; Subissi, L.; Muyembe, J.-J.; Kindrachuk, J.; Guichet, E.; Ayouba, A.; Rambaut, A.; Delaporte, E.; Tessema, S. K.; D'Ortenzio, E.; Rimoin, A. W.; Hensley, L. E.; Mbala Kingebeni, P.; Peeters, M.; Ahuka Mundeke, S."
PP_001054L,Ia,None,Democratic Republic of the Congo,"Mongala,Bosomanzi",2023-04-05,196251,0.9375282061163536,2024-12-09,"Kinganda Lusamaki, E.; Amuri Aziza, A.; Luakanda Ndelemo, G.; Hasivirwe Vakaniaki, E.; Fernandez Nunez, N.; Pratt, C. B.; Akil Bandali, P.; Makangara Cigolo, J.-C.; Hoff, N. A.; Sabiti Nundu, S.; Mulopo Mukanya, N.; Ngimba, M.; Modrada Madakpa, B.; Diavita, R.; Paku Tshambu, P.; Pukuta Simbu, E.; Merritt, S.; O'Toole, A.; Low, N.; Nkuba Ndaye, A.; Kavunga Membo, H.; Shongo, R.; Malembi, E.; Kalonji, T.; Kacita, C.; Lokilo Lofiko, E.; Kavira Bapitani, S.; Rilia, O.; Muswamba, P.-C.; Muyembe Mawete, F.; Lumembe, R.; Kabamba, G.; Kenye, M.; Citenga, A.; Cikaya, F.; Yungwe, Z.; Matondo, M.; Kasongo, F.; Tshiminyi, P.; Bulabula, J.; Nkawa, F.; Muhindo Milonde, E.; Kavira Kamaliro, A.; Paluku Kalimuli, Z.; Bodisa Matamu, T.; Mubalama Mufungizi, J.; Wiley, M. R.; Devos, E.; Bangwen, E.; Brosius, I.; Parker, E.; Pilarowski, G.; Liesenborghs, L.; Wawina Bokalanga, T.; Vercauteren, K.; Mukadi Bamuleka, D.; Subissi, L.; Muyembe, J.-J.; Kindrachuk, J.; Guichet, E.; Ayouba, A.; Rambaut, A.; Delaporte, E.; Tessema, S. K.; D'Ortenzio, E.; Rimoin, A. W.; Hensley, L. E.; Mbala Kingebeni, P.; Peeters, M.; Ahuka Mundeke, S."
PP_001055J,Ia,None,Democratic Republic of the Congo,"Tshopo,Yahuma",2023-04-05,196674,0.9794076335258532,2024-12-09,"Kinganda Lusamaki, E.; Amuri Aziza, A.; Luakanda Ndelemo, G.; Hasivirwe Vakaniaki, E.; Fernandez Nunez, N.; Pratt, C. B.; Akil Bandali, P.; Makangara Cigolo, J.-C.; Hoff, N. A.; Sabiti Nundu, S.; Mulopo Mukanya, N.; Ngimba, M.; Modrada Madakpa, B.; Diavita, R.; Paku Tshambu, P.; Pukuta Simbu, E.; Merritt, S.; O'Toole, A.; Low, N.; Nkuba Ndaye, A.; Kavunga Membo, H.; Shongo, R.; Malembi, E.; Kalonji, T.; Kacita, C.; Lokilo Lofiko, E.; Kavira Bapitani, S.; Rilia, O.; Muswamba, P.-C.; Muyembe Mawete, F.; Lumembe, R.; Kabamba, G.; Kenye, M.; Citenga, A.; Cikaya, F.; Yungwe, Z.; Matondo, M.; Kasongo, F.; Tshiminyi, P.; Bulabula, J.; Nkawa, F.; Muhindo Milonde, E.; Kavira Kamaliro, A.; Paluku Kalimuli, Z.; Bodisa Matamu, T.; Mubalama Mufungizi, J.; Wiley, M. R.; Devos, E.; Bangwen, E.; Brosius, I.; Parker, E.; Pilarowski, G.; Liesenborghs, L.; Wawina Bokalanga, T.; Vercauteren, K.; Mukadi Bamuleka, D.; Subissi, L.; Muyembe, J.-J.; Kindrachuk, J.; Guichet, E.; Ayouba, A.; Rambaut, A.; Delaporte, E.; Tessema, S. K.; D'Ortenzio, E.; Rimoin, A. W.; Hensley, L. E.; Mbala Kingebeni, P.; Peeters, M.; Ahuka Mundeke, S."
PP_00105E0,Ia,None,Democratic Republic of the Congo,"Tshopo,Yahuma",2023-04-05,196698,0.9418535665207978,2024-12-09,"Kinganda Lusamaki, E.; Amuri Aziza, A.; Luakanda Ndelemo, G.; Hasivirwe Vakaniaki, E.; Fernandez Nunez, N.; Pratt, C. B.; Akil Bandali, P.; Makangara Cigolo, J.-C.; Hoff, N. A.; Sabiti Nundu, S.; Mulopo Mukanya, N.; Ngimba, M.; Modrada Madakpa, B.; Diavita, R.; Paku Tshambu, P.; Pukuta Simbu, E.; Merritt, S.; O'Toole, A.; Low, N.; Nkuba Ndaye, A.; Kavunga Membo, H.; Shongo, R.; Malembi, E.; Kalonji, T.; Kacita, C.; Lokilo Lofiko, E.; Kavira Bapitani, S.; Rilia, O.; Muswamba, P.-C.; Muyembe Mawete, F.; Lumembe, R.; Kabamba, G.; Kenye, M.; Citenga, A.; Cikaya, F.; Yungwe, Z.; Matondo, M.; Kasongo, F.; Tshiminyi, P.; Bulabula, J.; Nkawa, F.; Muhindo Milonde, E.; Kavira Kamaliro, A.; Paluku Kalimuli, Z.; Bodisa Matamu, T.; Mubalama Mufungizi, J.; Wiley, M. R.; Devos, E.; Bangwen, E.; Brosius, I.; Parker, E.; Pilarowski, G.; Liesenborghs, L.; Wawina Bokalanga, T.; Vercauteren, K.; Mukadi Bamuleka, D.; Subissi, L.; Muyembe, J.-J.; Kindrachuk, J.; Guichet, E.; Ayouba, A.; Rambaut, A.; Delaporte, E.; Tessema, S. K.; D'Ortenzio, E.; Rimoin, A. W.; Hensley, L. E.; Mbala Kingebeni, P.; Peeters, M.; Ahuka Mundeke, S."
PP_00105FY,Ia,None,Democratic Republic of the Congo,"Tshopo,Yahuma",2023-04-05,196718,0.9449518024025272,2024-12-09,"Kinganda Lusamaki, E.; Amuri Aziza, A.; Luakanda Ndelemo, G.; Hasivirwe Vakaniaki, E.; Fernandez Nunez, N.; Pratt, C. B.; Akil Bandali, P.; Makangara Cigolo, J.-C.; Hoff, N. A.; Sabiti Nundu, S.; Mulopo Mukanya, N.; Ngimba, M.; Modrada Madakpa, B.; Diavita, R.; Paku Tshambu, P.; Pukuta Simbu, E.; Merritt, S.; O'Toole, A.; Low, N.; Nkuba Ndaye, A.; Kavunga Membo, H.; Shongo, R.; Malembi, E.; Kalonji, T.; Kacita, C.; Lokilo Lofiko, E.; Kavira Bapitani, S.; Rilia, O.; Muswamba, P.-C.; Muyembe Mawete, F.; Lumembe, R.; Kabamba, G.; Kenye, M.; Citenga, A.; Cikaya, F.; Yungwe, Z.; Matondo, M.; Kasongo, F.; Tshiminyi, P.; Bulabula, J.; Nkawa, F.; Muhindo Milonde, E.; Kavira Kamaliro, A.; Paluku Kalimuli, Z.; Bodisa Matamu, T.; Mubalama Mufungizi, J.; Wiley, M. R.; Devos, E.; Bangwen, E.; Brosius, I.; Parker, E.; Pilarowski, G.; Liesenborghs, L.; Wawina Bokalanga, T.; Vercauteren, K.; Mukadi Bamuleka, D.; Subissi, L.; Muyembe, J.-J.; Kindrachuk, J.; Guichet, E.; Ayouba, A.; Rambaut, A.; Delaporte, E.; Tessema, S. K.; D'Ortenzio, E.; Rimoin, A. W.; Hensley, L. E.; Mbala Kingebeni, P.; Peeters, M.; Ahuka Mundeke, S."
PP_00105GW,Ia,None,Democratic Republic of the Congo,"Tshopo,Yabaondo",2023-04-05,196692,0.952339903351267,2024-12-09,"Kinganda Lusamaki, E.; Amuri Aziza, A.; Luakanda Ndelemo, G.; Hasivirwe Vakaniaki, E.; Fernandez Nunez, N.; Pratt, C. B.; Akil Bandali, P.; Makangara Cigolo, J.-C.; Hoff, N. A.; Sabiti Nundu, S.; Mulopo Mukanya, N.; Ngimba, M.; Modrada Madakpa, B.; Diavita, R.; Paku Tshambu, P.; Pukuta Simbu, E.; Merritt, S.; O'Toole, A.; Low, N.; Nkuba Ndaye, A.; Kavunga Membo, H.; Shongo, R.; Malembi, E.; Kalonji, T.; Kacita, C.; Lokilo Lofiko, E.; Kavira Bapitani, S.; Rilia, O.; Muswamba, P.-C.; Muyembe Mawete, F.; Lumembe, R.; Kabamba, G.; Kenye, M.; Citenga, A.; Cikaya, F.; Yungwe, Z.; Matondo, M.; Kasongo, F.; Tshiminyi, P.; Bulabula, J.; Nkawa, F.; Muhindo Milonde, E.; Kavira Kamaliro, A.; Paluku Kalimuli, Z.; Bodisa Matamu, T.; Mubalama Mufungizi, J.; Wiley, M. R.; Devos, E.; Bangwen, E.; Brosius, I.; Parker, E.; Pilarowski, G.; Liesenborghs, L.; Wawina Bokalanga, T.; Vercauteren, K.; Mukadi Bamuleka, D.; Subissi, L.; Muyembe, J.-J.; Kindrachuk, J.; Guichet, E.; Ayouba, A.; Rambaut, A.; Delaporte, E.; Tessema, S. K.; D'Ortenzio, E.; Rimoin, A. W.; Hensley, L. E.; Mbala Kingebeni, P.; Peeters, M.; Ahuka Mundeke, S."
PP_00105HT,Ia,None,Democratic Republic of the Congo,"Tshopo,Yabaondo",2023-04-05,196698,0.9531309422997936,2024-12-09,"Kinganda Lusamaki, E.; Amuri Aziza, A.; Luakanda Ndelemo, G.; Hasivirwe Vakaniaki, E.; Fernandez Nunez, N.; Pratt, C. B.; Akil Bandali, P.; Makangara Cigolo, J.-C.; Hoff, N. A.; Sabiti Nundu, S.; Mulopo Mukanya, N.; Ngimba, M.; Modrada Madakpa, B.; Diavita, R.; Paku Tshambu, P.; Pukuta Simbu, E.; Merritt, S.; O'Toole, A.; Low, N.; Nkuba Ndaye, A.; Kavunga Membo, H.; Shongo, R.; Malembi, E.; Kalonji, T.; Kacita, C.; Lokilo Lofiko, E.; Kavira Bapitani, S.; Rilia, O.; Muswamba, P.-C.; Muyembe Mawete, F.; Lumembe, R.; Kabamba, G.; Kenye, M.; Citenga, A.; Cikaya, F.; Yungwe, Z.; Matondo, M.; Kasongo, F.; Tshiminyi, P.; Bulabula, J.; Nkawa, F.; Muhindo Milonde, E.; Kavira Kamaliro, A.; Paluku Kalimuli, Z.; Bodisa Matamu, T.; Mubalama Mufungizi, J.; Wiley, M. R.; Devos, E.; Bangwen, E.; Brosius, I.; Parker, E.; Pilarowski, G.; Liesenborghs, L.; Wawina Bokalanga, T.; Vercauteren, K.; Mukadi Bamuleka, D.; Subissi, L.; Muyembe, J.-J.; Kindrachuk, J.; Guichet, E.; Ayouba, A.; Rambaut, A.; Delaporte, E.; Tessema, S. K.; D'Ortenzio, E.; Rimoin, A. W.; Hensley, L. E.; Mbala Kingebeni, P.; Peeters, M.; Ahuka Mundeke, S."
PP_00105JR,Ia,None,Democratic Republic of the Congo,"Kwango,Kenge",2023-04-04,196678,0.9405503805607248,2024-12-09,"Kinganda Lusamaki, E.; Amuri Aziza, A.; Luakanda Ndelemo, G.; Hasivirwe Vakaniaki, E.; Fernandez Nunez, N.; Pratt, C. B.; Akil Bandali, P.; Makangara Cigolo, J.-C.; Hoff, N. A.; Sabiti Nundu, S.; Mulopo Mukanya, N.; Ngimba, M.; Modrada Madakpa, B.; Diavita, R.; Paku Tshambu, P.; Pukuta Simbu, E.; Merritt, S.; O'Toole, A.; Low, N.; Nkuba Ndaye, A.; Kavunga Membo, H.; Shongo, R.; Malembi, E.; Kalonji, T.; Kacita, C.; Lokilo Lofiko, E.; Kavira Bapitani, S.; Rilia, O.; Muswamba, P.-C.; Muyembe Mawete, F.; Lumembe, R.; Kabamba, G.; Kenye, M.; Citenga, A.; Cikaya, F.; Yungwe, Z.; Matondo, M.; Kasongo, F.; Tshiminyi, P.; Bulabula, J.; Nkawa, F.; Muhindo Milonde, E.; Kavira Kamaliro, A.; Paluku Kalimuli, Z.; Bodisa Matamu, T.; Mubalama Mufungizi, J.; Wiley, M. R.; Devos, E.; Bangwen, E.; Brosius, I.; Parker, E.; Pilarowski, G.; Liesenborghs, L.; Wawina Bokalanga, T.; Vercauteren, K.; Mukadi Bamuleka, D.; Subissi, L.; Muyembe, J.-J.; Kindrachuk, J.; Guichet, E.; Ayouba, A.; Rambaut, A.; Delaporte, E.; Tessema, S. K.; D'Ortenzio, E.; Rimoin, A. W.; Hensley, L. E.; Mbala Kingebeni, P.; Peeters, M.; Ahuka Mundeke, S."
PP_00105T7,Ia,None,Democratic Republic of the Congo,"Sankuru,Bena-Dibele",2023-03-30,196663,0.949028695444934,2024-12-09,"Kinganda Lusamaki, E.; Amuri Aziza, A.; Luakanda Ndelemo, G.; Hasivirwe Vakaniaki, E.; Fernandez Nunez, N.; Pratt, C. B.; Akil Bandali, P.; Makangara Cigolo, J.-C.; Hoff, N. A.; Sabiti Nundu, S.; Mulopo Mukanya, N.; Ngimba, M.; Modrada Madakpa, B.; Diavita, R.; Paku Tshambu, P.; Pukuta Simbu, E.; Merritt, S.; O'Toole, A.; Low, N.; Nkuba Ndaye, A.; Kavunga Membo, H.; Shongo, R.; Malembi, E.; Kalonji, T.; Kacita, C.; Lokilo Lofiko, E.; Kavira Bapitani, S.; Rilia, O.; Muswamba, P.-C.; Muyembe Mawete, F.; Lumembe, R.; Kabamba, G.; Kenye, M.; Citenga, A.; Cikaya, F.; Yungwe, Z.; Matondo, M.; Kasongo, F.; Tshiminyi, P.; Bulabula, J.; Nkawa, F.; Muhindo Milonde, E.; Kavira Kamaliro, A.; Paluku Kalimuli, Z.; Bodisa Matamu, T.; Mubalama Mufungizi, J.; Wiley, M. R.; Devos, E.; Bangwen, E.; Brosius, I.; Parker, E.; Pilarowski, G.; Liesenborghs, L.; Wawina Bokalanga, T.; Vercauteren, K.; Mukadi Bamuleka, D.; Subissi, L.; Muyembe, J.-J.; Kindrachuk, J.; Guichet, E.; Ayouba, A.; Rambaut, A.; Delaporte, E.; Tessema, S. K.; D'Ortenzio, E.; Rimoin, A. W.; Hensley, L. E.; Mbala Kingebeni, P.; Peeters, M.; Ahuka Mundeke, S."
PP_00105U5,Ia,None,Democratic Republic of the Congo,"Sankuru,Bena-Dibele",2023-03-30,196634,0.9245166295655878,2024-12-09,"Kinganda Lusamaki, E.; Amuri Aziza, A.; Luakanda Ndelemo, G.; Hasivirwe Vakaniaki, E.; Fernandez Nunez, N.; Pratt, C. B.; Akil Bandali, P.; Makangara Cigolo, J.-C.; Hoff, N. A.; Sabiti Nundu, S.; Mulopo Mukanya, N.; Ngimba, M.; Modrada Madakpa, B.; Diavita, R.; Paku Tshambu, P.; Pukuta Simbu, E.; Merritt, S.; O'Toole, A.; Low, N.; Nkuba Ndaye, A.; Kavunga Membo, H.; Shongo, R.; Malembi, E.; Kalonji, T.; Kacita, C.; Lokilo Lofiko, E.; Kavira Bapitani, S.; Rilia, O.; Muswamba, P.-C.; Muyembe Mawete, F.; Lumembe, R.; Kabamba, G.; Kenye, M.; Citenga, A.; Cikaya, F.; Yungwe, Z.; Matondo, M.; Kasongo, F.; Tshiminyi, P.; Bulabula, J.; Nkawa, F.; Muhindo Milonde, E.; Kavira Kamaliro, A.; Paluku Kalimuli, Z.; Bodisa Matamu, T.; Mubalama Mufungizi, J.; Wiley, M. R.; Devos, E.; Bangwen, E.; Brosius, I.; Parker, E.; Pilarowski, G.; Liesenborghs, L.; Wawina Bokalanga, T.; Vercauteren, K.; Mukadi Bamuleka, D.; Subissi, L.; Muyembe, J.-J.; Kindrachuk, J.; Guichet, E.; Ayouba, A.; Rambaut, A.; Delaporte, E.; Tessema, S. K.; D'Ortenzio, E.; Rimoin, A. W.; Hensley, L. E.; Mbala Kingebeni, P.; Peeters, M.; Ahuka Mundeke, S."
PP_00105V3,Ia,None,Democratic Republic of the Congo,"Sankuru,Bena-Dibele",2023-03-30,196671,0.9832157761562608,2024-12-09,"Kinganda Lusamaki, E.; Amuri Aziza, A.; Luakanda Ndelemo, G.; Hasivirwe Vakaniaki, E.; Fernandez Nunez, N.; Pratt, C. B.; Akil Bandali, P.; Makangara Cigolo, J.-C.; Hoff, N. A.; Sabiti Nundu, S.; Mulopo Mukanya, N.; Ngimba, M.; Modrada Madakpa, B.; Diavita, R.; Paku Tshambu, P.; Pukuta Simbu, E.; Merritt, S.; O'Toole, A.; Low, N.; Nkuba Ndaye, A.; Kavunga Membo, H.; Shongo, R.; Malembi, E.; Kalonji, T.; Kacita, C.; Lokilo Lofiko, E.; Kavira Bapitani, S.; Rilia, O.; Muswamba, P.-C.; Muyembe Mawete, F.; Lumembe, R.; Kabamba, G.; Kenye, M.; Citenga, A.; Cikaya, F.; Yungwe, Z.; Matondo, M.; Kasongo, F.; Tshiminyi, P.; Bulabula, J.; Nkawa, F.; Muhindo Milonde, E.; Kavira Kamaliro, A.; Paluku Kalimuli, Z.; Bodisa Matamu, T.; Mubalama Mufungizi, J.; Wiley, M. R.; Devos, E.; Bangwen, E.; Brosius, I.; Parker, E.; Pilarowski, G.; Liesenborghs, L.; Wawina Bokalanga, T.; Vercauteren, K.; Mukadi Bamuleka, D.; Subissi, L.; Muyembe, J.-J.; Kindrachuk, J.; Guichet, E.; Ayouba, A.; Rambaut, A.; Delaporte, E.; Tessema, S. K.; D'Ortenzio, E.; Rimoin, A. W.; Hensley, L. E.; Mbala Kingebeni, P.; Peeters, M.; Ahuka Mundeke, S."
PP_00105W1,Ia,None,Democratic Republic of the Congo,"Sankuru,Bena-Dibele",2023-03-30,196646,0.9427206669066828,2024-12-09,"Kinganda Lusamaki, E.; Amuri Aziza, A.; Luakanda Ndelemo, G.; Hasivirwe Vakaniaki, E.; Fernandez Nunez, N.; Pratt, C. B.; Akil Bandali, P.; Makangara Cigolo, J.-C.; Hoff, N. A.; Sabiti Nundu, S.; Mulopo Mukanya, N.; Ngimba, M.; Modrada Madakpa, B.; Diavita, R.; Paku Tshambu, P.; Pukuta Simbu, E.; Merritt, S.; O'Toole, A.; Low, N.; Nkuba Ndaye, A.; Kavunga Membo, H.; Shongo, R.; Malembi, E.; Kalonji, T.; Kacita, C.; Lokilo Lofiko, E.; Kavira Bapitani, S.; Rilia, O.; Muswamba, P.-C.; Muyembe Mawete, F.; Lumembe, R.; Kabamba, G.; Kenye, M.; Citenga, A.; Cikaya, F.; Yungwe, Z.; Matondo, M.; Kasongo, F.; Tshiminyi, P.; Bulabula, J.; Nkawa, F.; Muhindo Milonde, E.; Kavira Kamaliro, A.; Paluku Kalimuli, Z.; Bodisa Matamu, T.; Mubalama Mufungizi, J.; Wiley, M. R.; Devos, E.; Bangwen, E.; Brosius, I.; Parker, E.; Pilarowski, G.; Liesenborghs, L.; Wawina Bokalanga, T.; Vercauteren, K.; Mukadi Bamuleka, D.; Subissi, L.; Muyembe, J.-J.; Kindrachuk, J.; Guichet, E.; Ayouba, A.; Rambaut, A.; Delaporte, E.; Tessema, S. K.; D'Ortenzio, E.; Rimoin, A. W.; Hensley, L. E.; Mbala Kingebeni, P.; Peeters, M.; Ahuka Mundeke, S."
PP_00105XZ,Ia,None,Democratic Republic of the Congo,"Sankuru,Bena-Dibele",2023-03-30,196701,0.942340359719891,2024-12-09,"Kinganda Lusamaki, E.; Amuri Aziza, A.; Luakanda Ndelemo, G.; Hasivirwe Vakaniaki, E.; Fernandez Nunez, N.; Pratt, C. B.; Akil Bandali, P.; Makangara Cigolo, J.-C.; Hoff, N. A.; Sabiti Nundu, S.; Mulopo Mukanya, N.; Ngimba, M.; Modrada Madakpa, B.; Diavita, R.; Paku Tshambu, P.; Pukuta Simbu, E.; Merritt, S.; O'Toole, A.; Low, N.; Nkuba Ndaye, A.; Kavunga Membo, H.; Shongo, R.; Malembi, E.; Kalonji, T.; Kacita, C.; Lokilo Lofiko, E.; Kavira Bapitani, S.; Rilia, O.; Muswamba, P.-C.; Muyembe Mawete, F.; Lumembe, R.; Kabamba, G.; Kenye, M.; Citenga, A.; Cikaya, F.; Yungwe, Z.; Matondo, M.; Kasongo, F.; Tshiminyi, P.; Bulabula, J.; Nkawa, F.; Muhindo Milonde, E.; Kavira Kamaliro, A.; Paluku Kalimuli, Z.; Bodisa Matamu, T.; Mubalama Mufungizi, J.; Wiley, M. R.; Devos, E.; Bangwen, E.; Brosius, I.; Parker, E.; Pilarowski, G.; Liesenborghs, L.; Wawina Bokalanga, T.; Vercauteren, K.; Mukadi Bamuleka, D.; Subissi, L.; Muyembe, J.-J.; Kindrachuk, J.; Guichet, E.; Ayouba, A.; Rambaut, A.; Delaporte, E.; Tessema, S. K.; D'Ortenzio, E.; Rimoin, A. W.; Hensley, L. E.; Mbala Kingebeni, P.; Peeters, M.; Ahuka Mundeke, S."
PP_001065H,Ia,None,Democratic Republic of the Congo,"Sankuru,Bena-Dibele",2023-03-30,196619,0.9165453909304342,2024-12-09,"Kinganda Lusamaki, E.; Amuri Aziza, A.; Luakanda Ndelemo, G.; Hasivirwe Vakaniaki, E.; Fernandez Nunez, N.; Pratt, C. B.; Akil Bandali, P.; Makangara Cigolo, J.-C.; Hoff, N. A.; Sabiti Nundu, S.; Mulopo Mukanya, N.; Ngimba, M.; Modrada Madakpa, B.; Diavita, R.; Paku Tshambu, P.; Pukuta Simbu, E.; Merritt, S.; O'Toole, A.; Low, N.; Nkuba Ndaye, A.; Kavunga Membo, H.; Shongo, R.; Malembi, E.; Kalonji, T.; Kacita, C.; Lokilo Lofiko, E.; Kavira Bapitani, S.; Rilia, O.; Muswamba, P.-C.; Muyembe Mawete, F.; Lumembe, R.; Kabamba, G.; Kenye, M.; Citenga, A.; Cikaya, F.; Yungwe, Z.; Matondo, M.; Kasongo, F.; Tshiminyi, P.; Bulabula, J.; Nkawa, F.; Muhindo Milonde, E.; Kavira Kamaliro, A.; Paluku Kalimuli, Z.; Bodisa Matamu, T.; Mubalama Mufungizi, J.; Wiley, M. R.; Devos, E.; Bangwen, E.; Brosius, I.; Parker, E.; Pilarowski, G.; Liesenborghs, L.; Wawina Bokalanga, T.; Vercauteren, K.; Mukadi Bamuleka, D.; Subissi, L.; Muyembe, J.-J.; Kindrachuk, J.; Guichet, E.; Ayouba, A.; Rambaut, A.; Delaporte, E.; Tessema, S. K.; D'Ortenzio, E.; Rimoin, A. W.; Hensley, L. E.; Mbala Kingebeni, P.; Peeters, M.; Ahuka Mundeke, S."
PP_001066F,Ia,None,Democratic Republic of the Congo,"Sankuru,Bena-Dibele",2023-03-30,196651,0.8336840610722634,2024-12-09,"Kinganda Lusamaki, E.; Amuri Aziza, A.; Luakanda Ndelemo, G.; Hasivirwe Vakaniaki, E.; Fernandez Nunez, N.; Pratt, C. B.; Akil Bandali, P.; Makangara Cigolo, J.-C.; Hoff, N. A.; Sabiti Nundu, S.; Mulopo Mukanya, N.; Ngimba, M.; Modrada Madakpa, B.; Diavita, R.; Paku Tshambu, P.; Pukuta Simbu, E.; Merritt, S.; O'Toole, A.; Low, N.; Nkuba Ndaye, A.; Kavunga Membo, H.; Shongo, R.; Malembi, E.; Kalonji, T.; Kacita, C.; Lokilo Lofiko, E.; Kavira Bapitani, S.; Rilia, O.; Muswamba, P.-C.; Muyembe Mawete, F.; Lumembe, R.; Kabamba, G.; Kenye, M.; Citenga, A.; Cikaya, F.; Yungwe, Z.; Matondo, M.; Kasongo, F.; Tshiminyi, P.; Bulabula, J.; Nkawa, F.; Muhindo Milonde, E.; Kavira Kamaliro, A.; Paluku Kalimuli, Z.; Bodisa Matamu, T.; Mubalama Mufungizi, J.; Wiley, M. R.; Devos, E.; Bangwen, E.; Brosius, I.; Parker, E.; Pilarowski, G.; Liesenborghs, L.; Wawina Bokalanga, T.; Vercauteren, K.; Mukadi Bamuleka, D.; Subissi, L.; Muyembe, J.-J.; Kindrachuk, J.; Guichet, E.; Ayouba, A.; Rambaut, A.; Delaporte, E.; Tessema, S. K.; D'Ortenzio, E.; Rimoin, A. W.; Hensley, L. E.; Mbala Kingebeni, P.; Peeters, M.; Ahuka Mundeke, S."
PP_001067D,Ia,None,Democratic Republic of the Congo,"Sankuru,Bena-Dibele",2023-03-30,196644,0.9328732461500236,2024-12-09,"Kinganda Lusamaki, E.; Amuri Aziza, A.; Luakanda Ndelemo, G.; Hasivirwe Vakaniaki, E.; Fernandez Nunez, N.; Pratt, C. B.; Akil Bandali, P.; Makangara Cigolo, J.-C.; Hoff, N. A.; Sabiti Nundu, S.; Mulopo Mukanya, N.; Ngimba, M.; Modrada Madakpa, B.; Diavita, R.; Paku Tshambu, P.; Pukuta Simbu, E.; Merritt, S.; O'Toole, A.; Low, N.; Nkuba Ndaye, A.; Kavunga Membo, H.; Shongo, R.; Malembi, E.; Kalonji, T.; Kacita, C.; Lokilo Lofiko, E.; Kavira Bapitani, S.; Rilia, O.; Muswamba, P.-C.; Muyembe Mawete, F.; Lumembe, R.; Kabamba, G.; Kenye, M.; Citenga, A.; Cikaya, F.; Yungwe, Z.; Matondo, M.; Kasongo, F.; Tshiminyi, P.; Bulabula, J.; Nkawa, F.; Muhindo Milonde, E.; Kavira Kamaliro, A.; Paluku Kalimuli, Z.; Bodisa Matamu, T.; Mubalama Mufungizi, J.; Wiley, M. R.; Devos, E.; Bangwen, E.; Brosius, I.; Parker, E.; Pilarowski, G.; Liesenborghs, L.; Wawina Bokalanga, T.; Vercauteren, K.; Mukadi Bamuleka, D.; Subissi, L.; Muyembe, J.-J.; Kindrachuk, J.; Guichet, E.; Ayouba, A.; Rambaut, A.; Delaporte, E.; Tessema, S. K.; D'Ortenzio, E.; Rimoin, A. W.; Hensley, L. E.; Mbala Kingebeni, P.; Peeters, M.; Ahuka Mundeke, S."
PP_001068B,Ia,None,Democratic Republic of the Congo,"Sankuru,Bena-Dibele",2023-03-30,196645,0.9306421106541792,2024-12-09,"Kinganda Lusamaki, E.; Amuri Aziza, A.; Luakanda Ndelemo, G.; Hasivirwe Vakaniaki, E.; Fernandez Nunez, N.; Pratt, C. B.; Akil Bandali, P.; Makangara Cigolo, J.-C.; Hoff, N. A.; Sabiti Nundu, S.; Mulopo Mukanya, N.; Ngimba, M.; Modrada Madakpa, B.; Diavita, R.; Paku Tshambu, P.; Pukuta Simbu, E.; Merritt, S.; O'Toole, A.; Low, N.; Nkuba Ndaye, A.; Kavunga Membo, H.; Shongo, R.; Malembi, E.; Kalonji, T.; Kacita, C.; Lokilo Lofiko, E.; Kavira Bapitani, S.; Rilia, O.; Muswamba, P.-C.; Muyembe Mawete, F.; Lumembe, R.; Kabamba, G.; Kenye, M.; Citenga, A.; Cikaya, F.; Yungwe, Z.; Matondo, M.; Kasongo, F.; Tshiminyi, P.; Bulabula, J.; Nkawa, F.; Muhindo Milonde, E.; Kavira Kamaliro, A.; Paluku Kalimuli, Z.; Bodisa Matamu, T.; Mubalama Mufungizi, J.; Wiley, M. R.; Devos, E.; Bangwen, E.; Brosius, I.; Parker, E.; Pilarowski, G.; Liesenborghs, L.; Wawina Bokalanga, T.; Vercauteren, K.; Mukadi Bamuleka, D.; Subissi, L.; Muyembe, J.-J.; Kindrachuk, J.; Guichet, E.; Ayouba, A.; Rambaut, A.; Delaporte, E.; Tessema, S. K.; D'Ortenzio, E.; Rimoin, A. W.; Hensley, L. E.; Mbala Kingebeni, P.; Peeters, M.; Ahuka Mundeke, S."
PP_0010699,Ia,None,Democratic Republic of the Congo,"Tshopo,Wanie-Rukula",2023-04-13,196305,0.9495814085564046,2024-12-09,"Kinganda Lusamaki, E.; Amuri Aziza, A.; Luakanda Ndelemo, G.; Hasivirwe Vakaniaki, E.; Fernandez Nunez, N.; Pratt, C. B.; Akil Bandali, P.; Makangara Cigolo, J.-C.; Hoff, N. A.; Sabiti Nundu, S.; Mulopo Mukanya, N.; Ngimba, M.; Modrada Madakpa, B.; Diavita, R.; Paku Tshambu, P.; Pukuta Simbu, E.; Merritt, S.; O'Toole, A.; Low, N.; Nkuba Ndaye, A.; Kavunga Membo, H.; Shongo, R.; Malembi, E.; Kalonji, T.; Kacita, C.; Lokilo Lofiko, E.; Kavira Bapitani, S.; Rilia, O.; Muswamba, P.-C.; Muyembe Mawete, F.; Lumembe, R.; Kabamba, G.; Kenye, M.; Citenga, A.; Cikaya, F.; Yungwe, Z.; Matondo, M.; Kasongo, F.; Tshiminyi, P.; Bulabula, J.; Nkawa, F.; Muhindo Milonde, E.; Kavira Kamaliro, A.; Paluku Kalimuli, Z.; Bodisa Matamu, T.; Mubalama Mufungizi, J.; Wiley, M. R.; Devos, E.; Bangwen, E.; Brosius, I.; Parker, E.; Pilarowski, G.; Liesenborghs, L.; Wawina Bokalanga, T.; Vercauteren, K.; Mukadi Bamuleka, D.; Subissi, L.; Muyembe, J.-J.; Kindrachuk, J.; Guichet, E.; Ayouba, A.; Rambaut, A.; Delaporte, E.; Tessema, S. K.; D'Ortenzio, E.; Rimoin, A. W.; Hensley, L. E.; Mbala Kingebeni, P.; Peeters, M.; Ahuka Mundeke, S."
PP_00106A7,Ia,None,Democratic Republic of the Congo,"Tshopo,Wanie-Rukula",2023-04-13,196582,0.9536532308363208,2024-12-09,"Kinganda Lusamaki, E.; Amuri Aziza, A.; Luakanda Ndelemo, G.; Hasivirwe Vakaniaki, E.; Fernandez Nunez, N.; Pratt, C. B.; Akil Bandali, P.; Makangara Cigolo, J.-C.; Hoff, N. A.; Sabiti Nundu, S.; Mulopo Mukanya, N.; Ngimba, M.; Modrada Madakpa, B.; Diavita, R.; Paku Tshambu, P.; Pukuta Simbu, E.; Merritt, S.; O'Toole, A.; Low, N.; Nkuba Ndaye, A.; Kavunga Membo, H.; Shongo, R.; Malembi, E.; Kalonji, T.; Kacita, C.; Lokilo Lofiko, E.; Kavira Bapitani, S.; Rilia, O.; Muswamba, P.-C.; Muyembe Mawete, F.; Lumembe, R.; Kabamba, G.; Kenye, M.; Citenga, A.; Cikaya, F.; Yungwe, Z.; Matondo, M.; Kasongo, F.; Tshiminyi, P.; Bulabula, J.; Nkawa, F.; Muhindo Milonde, E.; Kavira Kamaliro, A.; Paluku Kalimuli, Z.; Bodisa Matamu, T.; Mubalama Mufungizi, J.; Wiley, M. R.; Devos, E.; Bangwen, E.; Brosius, I.; Parker, E.; Pilarowski, G.; Liesenborghs, L.; Wawina Bokalanga, T.; Vercauteren, K.; Mukadi Bamuleka, D.; Subissi, L.; Muyembe, J.-J.; Kindrachuk, J.; Guichet, E.; Ayouba, A.; Rambaut, A.; Delaporte, E.; Tessema, S. K.; D'Ortenzio, E.; Rimoin, A. W.; Hensley, L. E.; Mbala Kingebeni, P.; Peeters, M.; Ahuka Mundeke, S."
PP_00106B5,Ia,None,Democratic Republic of the Congo,"Tshopo,Yahuma",2023-04-13,196609,0.9388719581763508,2024-12-09,"Kinganda Lusamaki, E.; Amuri Aziza, A.; Luakanda Ndelemo, G.; Hasivirwe Vakaniaki, E.; Fernandez Nunez, N.; Pratt, C. B.; Akil Bandali, P.; Makangara Cigolo, J.-C.; Hoff, N. A.; Sabiti Nundu, S.; Mulopo Mukanya, N.; Ngimba, M.; Modrada Madakpa, B.; Diavita, R.; Paku Tshambu, P.; Pukuta Simbu, E.; Merritt, S.; O'Toole, A.; Low, N.; Nkuba Ndaye, A.; Kavunga Membo, H.; Shongo, R.; Malembi, E.; Kalonji, T.; Kacita, C.; Lokilo Lofiko, E.; Kavira Bapitani, S.; Rilia, O.; Muswamba, P.-C.; Muyembe Mawete, F.; Lumembe, R.; Kabamba, G.; Kenye, M.; Citenga, A.; Cikaya, F.; Yungwe, Z.; Matondo, M.; Kasongo, F.; Tshiminyi, P.; Bulabula, J.; Nkawa, F.; Muhindo Milonde, E.; Kavira Kamaliro, A.; Paluku Kalimuli, Z.; Bodisa Matamu, T.; Mubalama Mufungizi, J.; Wiley, M. R.; Devos, E.; Bangwen, E.; Brosius, I.; Parker, E.; Pilarowski, G.; Liesenborghs, L.; Wawina Bokalanga, T.; Vercauteren, K.; Mukadi Bamuleka, D.; Subissi, L.; Muyembe, J.-J.; Kindrachuk, J.; Guichet, E.; Ayouba, A.; Rambaut, A.; Delaporte, E.; Tessema, S. K.; D'Ortenzio, E.; Rimoin, A. W.; Hensley, L. E.; Mbala Kingebeni, P.; Peeters, M.; Ahuka Mundeke, S."
PP_00106C3,Ib,A,Democratic Republic of the Congo,"South Kivu, Kamituga",2024-01-10,195175,0.993722396036692,2024-12-09,"Masirika, L. M.; Udahemuka, J. C.; Schuele, L.; Ndishimye, P.; Otani, S.; Mbiribindi, J. B.; Marekani, J. M.; Mambo, L. M.; Bubala, N. M.; Boter, M.; Nieuwenhuijse, D. F.; Lang, T.; Kalalizi, E. B.; Musabyimana, J. P.; Aarestrup, F. M.; Koopmans, M.; Oude Munnink, B. B.; Siangoli, F. B.; Marekan, J.; Mambo, L.; Bubala, N."
PP_00106D1,Ib,A,Democratic Republic of the Congo,"South Kivu, Kamituga",2024-01-10,195175,0.9814004431846416,2024-12-09,"Masirika, L. M.; Udahemuka, J. C.; Schuele, L.; Ndishimye, P.; Otani, S.; Mbiribindi, J. B.; Marekani, J. M.; Mambo, L. M.; Bubala, N. M.; Boter, M.; Nieuwenhuijse, D. F.; Lang, T.; Kalalizi, E. B.; Musabyimana, J. P.; Aarestrup, F. M.; Koopmans, M.; Oude Munnink, B. B.; Siangoli, F. B.; Marekan, J.; Mambo, L.; Bubala, N."
PP_00106EZ,Ib,A,Democratic Republic of the Congo,"South Kivu, Kamituga",2024-01-10,195175,0.9906038771050004,2024-12-09,"Masirika, L. M.; Udahemuka, J. C.; Schuele, L.; Ndishimye, P.; Otani, S.; Mbiribindi, J. B.; Marekani, J. M.; Mambo, L. M.; Bubala, N. M.; Boter, M.; Nieuwenhuijse, D. F.; Lang, T.; Kalalizi, E. B.; Musabyimana, J. P.; Aarestrup, F. M.; Koopmans, M.; Oude Munnink, B. B.; Siangoli, F. B.; Marekan, J.; Mambo, L.; Bubala, N."
PP_00106FX,Ib,A,Democratic Republic of the Congo,"South Kivu, Kamituga",2024-01-10,195178,0.973591468949186,2024-12-09,"Masirika, L. M.; Udahemuka, J. C.; Schuele, L.; Ndishimye, P.; Otani, S.; Mbiribindi, J. B.; Marekani, J. M.; Mambo, L. M.; Bubala, N. M.; Boter, M.; Nieuwenhuijse, D. F.; Lang, T.; Kalalizi, E. B.; Musabyimana, J. P.; Aarestrup, F. M.; Koopmans, M.; Oude Munnink, B. B.; Siangoli, F. B.; Marekan, J.; Mambo, L.; Bubala, N."
PP_00106GV,Ib,A,Democratic Republic of the Congo,"South Kivu, Kamituga",2024-01-10,193341,0.9194560086000132,2024-12-09,"Masirika, L. M.; Udahemuka, J. C.; Schuele, L.; Ndishimye, P.; Otani, S.; Mbiribindi, J. B.; Marekani, J. M.; Mambo, L. M.; Bubala, N. M.; Boter, M.; Nieuwenhuijse, D. F.; Lang, T.; Kalalizi, E. B.; Musabyimana, J. P.; Aarestrup, F. M.; Koopmans, M.; Oude Munnink, B. B.; Siangoli, F. B.; Marekan, J.; Mambo, L.; Bubala, N."
PP_00106HS,Ib,A,Democratic Republic of the Congo,"South Kivu, Kamituga",2024-01-10,195182,0.9863342950879525,2024-12-09,"Masirika, L. M.; Udahemuka, J. C.; Schuele, L.; Ndishimye, P.; Otani, S.; Mbiribindi, J. B.; Marekani, J. M.; Mambo, L. M.; Bubala, N. M.; Boter, M.; Nieuwenhuijse, D. F.; Lang, T.; Kalalizi, E. B.; Musabyimana, J. P.; Aarestrup, F. M.; Koopmans, M.; Oude Munnink, B. B.; Siangoli, F. B.; Marekan, J.; Mambo, L.; Bubala, N."
PP_00106JQ,Ia,None,Democratic Republic of the Congo,"Haut-Uele,Isiro",2018-01-11,183961,0.7505894761395271,2024-12-09,"Kinganda Lusamaki, E.; Amuri Aziza, A.; Luakanda Ndelemo, G.; Hasivirwe Vakaniaki, E.; Fernandez Nunez, N.; Pratt, C. B.; Akil Bandali, P.; Makangara Cigolo, J.-C.; Hoff, N. A.; Sabiti Nundu, S.; Mulopo Mukanya, N.; Ngimba, M.; Modrada Madakpa, B.; Diavita, R.; Paku Tshambu, P.; Pukuta Simbu, E.; Merritt, S.; O'Toole, A.; Low, N.; Nkuba Ndaye, A.; Kavunga Membo, H.; Shongo, R.; Malembi, E.; Kalonji, T.; Kacita, C.; Lokilo Lofiko, E.; Kavira Bapitani, S.; Rilia, O.; Muswamba, P.-C.; Muyembe Mawete, F.; Lumembe, R.; Kabamba, G.; Kenye, M.; Citenga, A.; Cikaya, F.; Yungwe, Z.; Matondo, M.; Kasongo, F.; Tshiminyi, P.; Bulabula, J.; Nkawa, F.; Muhindo Milonde, E.; Kavira Kamaliro, A.; Paluku Kalimuli, Z.; Bodisa Matamu, T.; Mubalama Mufungizi, J.; Wiley, M. R.; Devos, E.; Bangwen, E.; Brosius, I.; Parker, E.; Pilarowski, G.; Liesenborghs, L.; Wawina Bokalanga, T.; Vercauteren, K.; Mukadi Bamuleka, D.; Subissi, L.; Muyembe, J.-J.; Kindrachuk, J.; Guichet, E.; Ayouba, A.; Rambaut, A.; Delaporte, E.; Tessema, S. K.; D'Ortenzio, E.; Rimoin, A. W.; Hensley, L. E.; Mbala Kingebeni, P.; Peeters, M.; Ahuka Mundeke, S."
PP_00106KN,Ia,None,Democratic Republic of the Congo,"Tshopo,Opala",2018-02-22,196591,0.9453371803518096,2024-12-09,"Kinganda Lusamaki, E.; Amuri Aziza, A.; Luakanda Ndelemo, G.; Hasivirwe Vakaniaki, E.; Fernandez Nunez, N.; Pratt, C. B.; Akil Bandali, P.; Makangara Cigolo, J.-C.; Hoff, N. A.; Sabiti Nundu, S.; Mulopo Mukanya, N.; Ngimba, M.; Modrada Madakpa, B.; Diavita, R.; Paku Tshambu, P.; Pukuta Simbu, E.; Merritt, S.; O'Toole, A.; Low, N.; Nkuba Ndaye, A.; Kavunga Membo, H.; Shongo, R.; Malembi, E.; Kalonji, T.; Kacita, C.; Lokilo Lofiko, E.; Kavira Bapitani, S.; Rilia, O.; Muswamba, P.-C.; Muyembe Mawete, F.; Lumembe, R.; Kabamba, G.; Kenye, M.; Citenga, A.; Cikaya, F.; Yungwe, Z.; Matondo, M.; Kasongo, F.; Tshiminyi, P.; Bulabula, J.; Nkawa, F.; Muhindo Milonde, E.; Kavira Kamaliro, A.; Paluku Kalimuli, Z.; Bodisa Matamu, T.; Mubalama Mufungizi, J.; Wiley, M. R.; Devos, E.; Bangwen, E.; Brosius, I.; Parker, E.; Pilarowski, G.; Liesenborghs, L.; Wawina Bokalanga, T.; Vercauteren, K.; Mukadi Bamuleka, D.; Subissi, L.; Muyembe, J.-J.; Kindrachuk, J.; Guichet, E.; Ayouba, A.; Rambaut, A.; Delaporte, E.; Tessema, S. K.; D'Ortenzio, E.; Rimoin, A. W.; Hensley, L. E.; Mbala Kingebeni, P.; Peeters, M.; Ahuka Mundeke, S."
PP_00106LL,Ia,None,Democratic Republic of the Congo,"Tshopo,Bafwasende",2018-02-15,196669,0.9433240876430588,2024-12-09,"Kinganda Lusamaki, E.; Amuri Aziza, A.; Luakanda Ndelemo, G.; Hasivirwe Vakaniaki, E.; Fernandez Nunez, N.; Pratt, C. B.; Akil Bandali, P.; Makangara Cigolo, J.-C.; Hoff, N. A.; Sabiti Nundu, S.; Mulopo Mukanya, N.; Ngimba, M.; Modrada Madakpa, B.; Diavita, R.; Paku Tshambu, P.; Pukuta Simbu, E.; Merritt, S.; O'Toole, A.; Low, N.; Nkuba Ndaye, A.; Kavunga Membo, H.; Shongo, R.; Malembi, E.; Kalonji, T.; Kacita, C.; Lokilo Lofiko, E.; Kavira Bapitani, S.; Rilia, O.; Muswamba, P.-C.; Muyembe Mawete, F.; Lumembe, R.; Kabamba, G.; Kenye, M.; Citenga, A.; Cikaya, F.; Yungwe, Z.; Matondo, M.; Kasongo, F.; Tshiminyi, P.; Bulabula, J.; Nkawa, F.; Muhindo Milonde, E.; Kavira Kamaliro, A.; Paluku Kalimuli, Z.; Bodisa Matamu, T.; Mubalama Mufungizi, J.; Wiley, M. R.; Devos, E.; Bangwen, E.; Brosius, I.; Parker, E.; Pilarowski, G.; Liesenborghs, L.; Wawina Bokalanga, T.; Vercauteren, K.; Mukadi Bamuleka, D.; Subissi, L.; Muyembe, J.-J.; Kindrachuk, J.; Guichet, E.; Ayouba, A.; Rambaut, A.; Delaporte, E.; Tessema, S. K.; D'Ortenzio, E.; Rimoin, A. W.; Hensley, L. E.; Mbala Kingebeni, P.; Peeters, M.; Ahuka Mundeke, S."
PP_00106MJ,Ia,None,Democratic Republic of the Congo,"Sankuru,Bena-Dibele",2018-03-23,196665,0.942203449132646,2024-12-09,"Kinganda Lusamaki, E.; Amuri Aziza, A.; Luakanda Ndelemo, G.; Hasivirwe Vakaniaki, E.; Fernandez Nunez, N.; Pratt, C. B.; Akil Bandali, P.; Makangara Cigolo, J.-C.; Hoff, N. A.; Sabiti Nundu, S.; Mulopo Mukanya, N.; Ngimba, M.; Modrada Madakpa, B.; Diavita, R.; Paku Tshambu, P.; Pukuta Simbu, E.; Merritt, S.; O'Toole, A.; Low, N.; Nkuba Ndaye, A.; Kavunga Membo, H.; Shongo, R.; Malembi, E.; Kalonji, T.; Kacita, C.; Lokilo Lofiko, E.; Kavira Bapitani, S.; Rilia, O.; Muswamba, P.-C.; Muyembe Mawete, F.; Lumembe, R.; Kabamba, G.; Kenye, M.; Citenga, A.; Cikaya, F.; Yungwe, Z.; Matondo, M.; Kasongo, F.; Tshiminyi, P.; Bulabula, J.; Nkawa, F.; Muhindo Milonde, E.; Kavira Kamaliro, A.; Paluku Kalimuli, Z.; Bodisa Matamu, T.; Mubalama Mufungizi, J.; Wiley, M. R.; Devos, E.; Bangwen, E.; Brosius, I.; Parker, E.; Pilarowski, G.; Liesenborghs, L.; Wawina Bokalanga, T.; Vercauteren, K.; Mukadi Bamuleka, D.; Subissi, L.; Muyembe, J.-J.; Kindrachuk, J.; Guichet, E.; Ayouba, A.; Rambaut, A.; Delaporte, E.; Tessema, S. K.; D'Ortenzio, E.; Rimoin, A. W.; Hensley, L. E.; Mbala Kingebeni, P.; Peeters, M.; Ahuka Mundeke, S."
PP_001096C,Ib,A,Democratic Republic of the Congo,"South Kivu, Kamituga",2024-04-17,195759,0.9406923619104604,2024-12-09,"Masirika, L. M.; Udahemuka, J. C.; Schuele, L.; Nieuwenhuijse, D. F.; Ndishimye, P.; Boter, M.; Mbiribindi, J. B.; Lang, T.; Gortazar, C.; Otani, S.; Aarestrup, F. M.; Siangoli, F. B.; Oude Munnink, B. B.; Koopmans, M."
PP_001097A,Ib,A,Democratic Republic of the Congo,"South Kivu, Kamituga",2024-04-10,196297,0.953982830398207,2024-12-09,"Masirika, L. M.; Udahemuka, J. C.; Schuele, L.; Nieuwenhuijse, D. F.; Ndishimye, P.; Boter, M.; Mbiribindi, J. B.; Lang, T.; Gortazar, C.; Otani, S.; Aarestrup, F. M.; Siangoli, F. B.; Oude Munnink, B. B.; Koopmans, M."
PP_0010988,Ib,A,Democratic Republic of the Congo,"South Kivu, Kamituga",2024-05-05,195197,0.9766694217809532,2024-12-09,"Masirika, L. M.; Udahemuka, J. C.; Schuele, L.; Nieuwenhuijse, D. F.; Ndishimye, P.; Boter, M.; Mbiribindi, J. B.; Lang, T.; Gortazar, C.; Otani, S.; Aarestrup, F. M.; Siangoli, F. B.; Oude Munnink, B. B.; Koopmans, M."
PP_0010996,Ib,A,Democratic Republic of the Congo,"South Kivu, Kamituga",2024-04-15,196337,0.931909801276818,2024-12-09,"Masirika, L. M.; Udahemuka, J. C.; Schuele, L.; Nieuwenhuijse, D. F.; Ndishimye, P.; Boter, M.; Mbiribindi, J. B.; Lang, T.; Gortazar, C.; Otani, S.; Aarestrup, F. M.; Siangoli, F. B.; Oude Munnink, B. B.; Koopmans, M."
PP_00109A4,Ib,A,Democratic Republic of the Congo,"South Kivu, Kamituga",2024-04-17,196332,0.973510336749337,2024-12-09,"Masirika, L. M.; Udahemuka, J. C.; Schuele, L.; Nieuwenhuijse, D. F.; Ndishimye, P.; Boter, M.; Mbiribindi, J. B.; Lang, T.; Gortazar, C.; Otani, S.; Aarestrup, F. M.; Siangoli, F. B.; Oude Munnink, B. B.; Koopmans, M."
PP_00109B2,Ib,A,Democratic Republic of the Congo,"South Kivu, Kamituga",2024-05-30,196239,0.9373710124791464,2024-12-09,"Masirika, L. M.; Udahemuka, J. C.; Schuele, L.; Nieuwenhuijse, D. F.; Ndishimye, P.; Boter, M.; Mbiribindi, J. B.; Lang, T.; Gortazar, C.; Otani, S.; Aarestrup, F. M.; Siangoli, F. B.; Oude Munnink, B. B.; Koopmans, M."
PP_00109C0,Ib,A,Democratic Republic of the Congo,"South Kivu, Kamituga",2024-05-15,196332,0.9604328402861938,2024-12-09,"Masirika, L. M.; Udahemuka, J. C.; Schuele, L.; Nieuwenhuijse, D. F.; Ndishimye, P.; Boter, M.; Mbiribindi, J. B.; Lang, T.; Gortazar, C.; Otani, S.; Aarestrup, F. M.; Siangoli, F. B.; Oude Munnink, B. B.; Koopmans, M."
PP_00109DY,Ib,A,Democratic Republic of the Congo,"South Kivu, Kamituga",2024-05-30,195195,0.98065504109853,2024-12-09,"Masirika, L. M.; Udahemuka, J. C.; Schuele, L.; Nieuwenhuijse, D. F.; Ndishimye, P.; Boter, M.; Mbiribindi, J. B.; Lang, T.; Gortazar, C.; Otani, S.; Aarestrup, F. M.; Siangoli, F. B.; Oude Munnink, B. B.; Koopmans, M."
PP_00109EW,Ib,A,Democratic Republic of the Congo,"South Kivu, Kamituga",2024-04-15,196332,0.971750782165114,2024-12-09,"Masirika, L. M.; Udahemuka, J. C.; Schuele, L.; Nieuwenhuijse, D. F.; Ndishimye, P.; Boter, M.; Mbiribindi, J. B.; Lang, T.; Gortazar, C.; Otani, S.; Aarestrup, F. M.; Siangoli, F. B.; Oude Munnink, B. B.; Koopmans, M."
PP_00109FU,Ib,A,Democratic Republic of the Congo,"South Kivu, Kamituga",2024-05-12,196332,0.9139136651978358,2024-12-09,"Masirika, L. M.; Udahemuka, J. C.; Schuele, L.; Nieuwenhuijse, D. F.; Ndishimye, P.; Boter, M.; Mbiribindi, J. B.; Lang, T.; Gortazar, C.; Otani, S.; Aarestrup, F. M.; Siangoli, F. B.; Oude Munnink, B. B.; Koopmans, M."
PP_00109GS,Ib,A,Democratic Republic of the Congo,"South Kivu, Kamituga",2024-03-30,194187,0.9575120810916338,2024-12-09,"Masirika, L. M.; Udahemuka, J. C.; Schuele, L.; Nieuwenhuijse, D. F.; Ndishimye, P.; Boter, M.; Mbiribindi, J. B.; Lang, T.; Gortazar, C.; Otani, S.; Aarestrup, F. M.; Siangoli, F. B.; Oude Munnink, B. B.; Koopmans, M."
PP_00109HP,Ib,A,Democratic Republic of the Congo,"South Kivu, Kamituga",2023-10-15,195148,0.98321070539377,2024-12-09,"Masirika, L. M.; Udahemuka, J. C.; Schuele, L.; Nieuwenhuijse, D. F.; Ndishimye, P.; Boter, M.; Mbiribindi, J. B.; Lang, T.; Gortazar, C.; Otani, S.; Aarestrup, F. M.; Siangoli, F. B.; Oude Munnink, B. B.; Koopmans, M."
PP_00109JM,Ib,A,Democratic Republic of the Congo,"South Kivu, Kamituga",2024-01-15,196332,0.9719891080021704,2024-12-09,"Masirika, L. M.; Udahemuka, J. C.; Schuele, L.; Nieuwenhuijse, D. F.; Ndishimye, P.; Boter, M.; Mbiribindi, J. B.; Lang, T.; Gortazar, C.; Otani, S.; Aarestrup, F. M.; Siangoli, F. B.; Oude Munnink, B. B.; Koopmans, M."
PP_00109KK,Ib,A,Democratic Republic of the Congo,"South Kivu, Kamituga",2023-11-15,196323,0.9853607086897656,2024-12-09,"Masirika, L. M.; Udahemuka, J. C.; Schuele, L.; Nieuwenhuijse, D. F.; Ndishimye, P.; Boter, M.; Mbiribindi, J. B.; Lang, T.; Gortazar, C.; Otani, S.; Aarestrup, F. M.; Siangoli, F. B.; Oude Munnink, B. B.; Koopmans, M."
PP_00109LH,Ib,A,Democratic Republic of the Congo,"South Kivu, Kamituga",2023-11-15,196293,0.930779021241424,2024-12-09,"Masirika, L. M.; Udahemuka, J. C.; Schuele, L.; Nieuwenhuijse, D. F.; Ndishimye, P.; Boter, M.; Mbiribindi, J. B.; Lang, T.; Gortazar, C.; Otani, S.; Aarestrup, F. M.; Siangoli, F. B.; Oude Munnink, B. B.; Koopmans, M."
PP_00109MF,Ib,A,Democratic Republic of the Congo,"South Kivu, Kamituga",2024-01-30,194596,0.98457981126622,2024-12-09,"Masirika, L. M.; Udahemuka, J. C.; Schuele, L.; Nieuwenhuijse, D. F.; Ndishimye, P.; Boter, M.; Mbiribindi, J. B.; Lang, T.; Gortazar, C.; Otani, S.; Aarestrup, F. M.; Siangoli, F. B.; Oude Munnink, B. B.; Koopmans, M."
PP_00109ND,Ib,A,Democratic Republic of the Congo,"South Kivu, Kamituga",2024-03-20,194596,0.9826377092323372,2024-12-09,"Masirika, L. M.; Udahemuka, J. C.; Schuele, L.; Nieuwenhuijse, D. F.; Ndishimye, P.; Boter, M.; Mbiribindi, J. B.; Lang, T.; Gortazar, C.; Otani, S.; Aarestrup, F. M.; Siangoli, F. B.; Oude Munnink, B. B.; Koopmans, M."
PP_00109PB,Ib,A,Democratic Republic of the Congo,"South Kivu, Kamituga",2024-01-15,195712,0.9810505605727934,2024-12-09,"Masirika, L. M.; Udahemuka, J. C.; Schuele, L.; Nieuwenhuijse, D. F.; Ndishimye, P.; Boter, M.; Mbiribindi, J. B.; Lang, T.; Gortazar, C.; Otani, S.; Aarestrup, F. M.; Siangoli, F. B.; Oude Munnink, B. B.; Koopmans, M."
PP_00109Q9,Ib,A,Democratic Republic of the Congo,"South Kivu, Kamituga",2024-05-31,194800,0.9092029268441096,2024-12-09,"Masirika, L. M.; Udahemuka, J. C.; Schuele, L.; Nieuwenhuijse, D. F.; Ndishimye, P.; Boter, M.; Mbiribindi, J. B.; Lang, T.; Gortazar, C.; Otani, S.; Aarestrup, F. M.; Siangoli, F. B.; Oude Munnink, B. B.; Koopmans, M."
PP_00109R7,Ib,A,Democratic Republic of the Congo,"South Kivu, Kamituga",2024-04-01,196281,0.9804420690739266,2024-12-09,"Masirika, L. M.; Udahemuka, J. C.; Schuele, L.; Nieuwenhuijse, D. F.; Ndishimye, P.; Boter, M.; Mbiribindi, J. B.; Lang, T.; Gortazar, C.; Otani, S.; Aarestrup, F. M.; Siangoli, F. B.; Oude Munnink, B. B.; Koopmans, M."
PP_00109S5,Ib,A,Democratic Republic of the Congo,"South Kivu, Kamituga",2024-05-01,194802,0.9404946021733288,2024-12-09,"Masirika, L. M.; Udahemuka, J. C.; Schuele, L.; Nieuwenhuijse, D. F.; Ndishimye, P.; Boter, M.; Mbiribindi, J. B.; Lang, T.; Gortazar, C.; Otani, S.; Aarestrup, F. M.; Siangoli, F. B.; Oude Munnink, B. B.; Koopmans, M."
PP_00109T3,Ib,A,Democratic Republic of the Congo,"South Kivu, Kamituga",2024-05-24,195139,0.9892651958074936,2024-12-09,"Masirika, L. M.; Udahemuka, J. C.; Schuele, L.; Nieuwenhuijse, D. F.; Ndishimye, P.; Boter, M.; Mbiribindi, J. B.; Lang, T.; Gortazar, C.; Otani, S.; Aarestrup, F. M.; Siangoli, F. B.; Oude Munnink, B. B.; Koopmans, M."
PP_00109U1,Ib,A,Democratic Republic of the Congo,"South Kivu, Kamituga",2023-10-15,196317,0.9841792210294662,2024-12-09,"Masirika, L. M.; Udahemuka, J. C.; Schuele, L.; Nieuwenhuijse, D. F.; Ndishimye, P.; Boter, M.; Mbiribindi, J. B.; Lang, T.; Gortazar, C.; Otani, S.; Aarestrup, F. M.; Siangoli, F. B.; Oude Munnink, B. B.; Koopmans, M."
PP_00109VZ,Ib,A,Democratic Republic of the Congo,"South Kivu, Kamituga",2023-12-18,195179,0.9919019923025826,2024-12-09,"Masirika, L. M.; Udahemuka, J. C.; Schuele, L.; Nieuwenhuijse, D. F.; Ndishimye, P.; Boter, M.; Mbiribindi, J. B.; Lang, T.; Gortazar, C.; Otani, S.; Aarestrup, F. M.; Siangoli, F. B.; Oude Munnink, B. B.; Koopmans, M."
PP_00109WX,Ib,A,Democratic Republic of the Congo,"South Kivu, Kamituga",2023-12-01,194978,0.9571368446673326,2024-12-09,"Masirika, L. M.; Udahemuka, J. C.; Schuele, L.; Nieuwenhuijse, D. F.; Ndishimye, P.; Boter, M.; Mbiribindi, J. B.; Lang, T.; Gortazar, C.; Otani, S.; Aarestrup, F. M.; Siangoli, F. B.; Oude Munnink, B. B.; Koopmans, M."
PP_00109XV,Ib,A,Democratic Republic of the Congo,"South Kivu, Kamituga",2023-12-01,196317,0.9723237783265468,2024-12-09,"Masirika, L. M.; Udahemuka, J. C.; Schuele, L.; Nieuwenhuijse, D. F.; Ndishimye, P.; Boter, M.; Mbiribindi, J. B.; Lang, T.; Gortazar, C.; Otani, S.; Aarestrup, F. M.; Siangoli, F. B.; Oude Munnink, B. B.; Koopmans, M."
PP_00109YT,Ib,A,Democratic Republic of the Congo,"South Kivu, Kamituga",2023-12-18,195193,0.9303733602421796,2024-12-09,"Masirika, L. M.; Udahemuka, J. C.; Schuele, L.; Nieuwenhuijse, D. F.; Ndishimye, P.; Boter, M.; Mbiribindi, J. B.; Lang, T.; Gortazar, C.; Otani, S.; Aarestrup, F. M.; Siangoli, F. B.; Oude Munnink, B. B.; Koopmans, M."
PP_00109ZR,Ib,A,Democratic Republic of the Congo,"South Kivu, Kamituga",2023-12-01,196323,0.9843921930540696,2024-12-09,"Masirika, L. M.; Udahemuka, J. C.; Schuele, L.; Nieuwenhuijse, D. F.; Ndishimye, P.; Boter, M.; Mbiribindi, J. B.; Lang, T.; Gortazar, C.; Otani, S.; Aarestrup, F. M.; Siangoli, F. B.; Oude Munnink, B. B.; Koopmans, M."
PP_0010A0P,Ib,A,Democratic Republic of the Congo,"South Kivu, Nyagezi",2024-05-13,196316,0.98120268344751,2024-12-09,"Masirika, L. M.; Udahemuka, J. C.; Schuele, L.; Nieuwenhuijse, D. F.; Ndishimye, P.; Boter, M.; Mbiribindi, J. B.; Lang, T.; Gortazar, C.; Otani, S.; Aarestrup, F. M.; Siangoli, F. B.; Oude Munnink, B. B.; Koopmans, M."
PP_0010A1M,Ib,A,Democratic Republic of the Congo,"South Kivu, Kamituga",2023-11-15,192335,0.854119233909203,2024-12-09,"Masirika, L. M.; Udahemuka, J. C.; Schuele, L.; Nieuwenhuijse, D. F.; Ndishimye, P.; Boter, M.; Mbiribindi, J. B.; Lang, T.; Gortazar, C.; Otani, S.; Aarestrup, F. M.; Siangoli, F. B.; Oude Munnink, B. B.; Koopmans, M."
PP_0010A2K,Ib,A,Democratic Republic of the Congo,"South Kivu, Kamituga",2024-02-05,195139,0.9848688447281818,2024-12-09,"Masirika, L. M.; Udahemuka, J. C.; Schuele, L.; Nieuwenhuijse, D. F.; Ndishimye, P.; Boter, M.; Mbiribindi, J. B.; Lang, T.; Gortazar, C.; Otani, S.; Aarestrup, F. M.; Siangoli, F. B.; Oude Munnink, B. B.; Koopmans, M."
PP_0010A3H,Ib,A,Democratic Republic of the Congo,"South Kivu, Kamituga",2023-11-05,195181,0.990172862293303,2024-12-09,"Masirika, L. M.; Udahemuka, J. C.; Schuele, L.; Nieuwenhuijse, D. F.; Ndishimye, P.; Boter, M.; Mbiribindi, J. B.; Lang, T.; Gortazar, C.; Otani, S.; Aarestrup, F. M.; Siangoli, F. B.; Oude Munnink, B. B.; Koopmans, M."
PP_0010A4F,Ib,A,Democratic Republic of the Congo,"South Kivu, Kamituga",2023-11-08,194939,0.9889558792955696,2024-12-09,"Masirika, L. M.; Udahemuka, J. C.; Schuele, L.; Nieuwenhuijse, D. F.; Ndishimye, P.; Boter, M.; Mbiribindi, J. B.; Lang, T.; Gortazar, C.; Otani, S.; Aarestrup, F. M.; Siangoli, F. B.; Oude Munnink, B. B.; Koopmans, M."
PP_0010A5D,Ib,A,Democratic Republic of the Congo,"South Kivu, Kamituga",2023-11-14,196281,0.961629540233965,2024-12-09,"Masirika, L. M.; Udahemuka, J. C.; Schuele, L.; Nieuwenhuijse, D. F.; Ndishimye, P.; Boter, M.; Mbiribindi, J. B.; Lang, T.; Gortazar, C.; Otani, S.; Aarestrup, F. M.; Siangoli, F. B.; Oude Munnink, B. B.; Koopmans, M."
PP_0010A6B,Ib,A,Democratic Republic of the Congo,"South Kivu, Kamituga",2024-03-15,194801,0.9714465364156808,2024-12-09,"Masirika, L. M.; Udahemuka, J. C.; Schuele, L.; Nieuwenhuijse, D. F.; Ndishimye, P.; Boter, M.; Mbiribindi, J. B.; Lang, T.; Gortazar, C.; Otani, S.; Aarestrup, F. M.; Siangoli, F. B.; Oude Munnink, B. B.; Koopmans, M."
PP_0010A79,Ib,A,Democratic Republic of the Congo,"South Kivu, Kamituga",2024-03-15,196280,0.9132189707366296,2024-12-09,"Masirika, L. M.; Udahemuka, J. C.; Schuele, L.; Nieuwenhuijse, D. F.; Ndishimye, P.; Boter, M.; Mbiribindi, J. B.; Lang, T.; Gortazar, C.; Otani, S.; Aarestrup, F. M.; Siangoli, F. B.; Oude Munnink, B. B.; Koopmans, M."
PP_0010A87,Ib,A,Democratic Republic of the Congo,"South Kivu, Kamituga",2024-01-15,193527,0.9133660228488558,2024-12-09,"Masirika, L. M.; Udahemuka, J. C.; Schuele, L.; Nieuwenhuijse, D. F.; Ndishimye, P.; Boter, M.; Mbiribindi, J. B.; Lang, T.; Gortazar, C.; Otani, S.; Aarestrup, F. M.; Siangoli, F. B.; Oude Munnink, B. B.; Koopmans, M."
PP_0010A95,Ib,A,Democratic Republic of the Congo,"South Kivu, Kamituga",2023-10-15,194951,0.8968860447545497,2024-12-09,"Masirika, L. M.; Udahemuka, J. C.; Schuele, L.; Nieuwenhuijse, D. F.; Ndishimye, P.; Boter, M.; Mbiribindi, J. B.; Lang, T.; Gortazar, C.; Otani, S.; Aarestrup, F. M.; Siangoli, F. B.; Oude Munnink, B. B.; Koopmans, M."
PP_0010AA3,Ib,A,Democratic Republic of the Congo,"South Kivu, Kamituga",2024-01-01,194603,0.9610311902600794,2024-12-09,"Masirika, L. M.; Udahemuka, J. C.; Schuele, L.; Nieuwenhuijse, D. F.; Ndishimye, P.; Boter, M.; Mbiribindi, J. B.; Lang, T.; Gortazar, C.; Otani, S.; Aarestrup, F. M.; Siangoli, F. B.; Oude Munnink, B. B.; Koopmans, M."
PP_0010AB1,Ib,A,Democratic Republic of the Congo,"South Kivu, Kamituga",2024-01-30,196028,0.9570202171300498,2024-12-09,"Masirika, L. M.; Udahemuka, J. C.; Schuele, L.; Nieuwenhuijse, D. F.; Ndishimye, P.; Boter, M.; Mbiribindi, J. B.; Lang, T.; Gortazar, C.; Otani, S.; Aarestrup, F. M.; Siangoli, F. B.; Oude Munnink, B. B.; Koopmans, M."
PP_0010ACZ,Ib,A,Democratic Republic of the Congo,"South Kivu, Kamituga",2024-04-08,196314,0.9530903761998692,2024-12-09,"Masirika, L. M.; Udahemuka, J. C.; Schuele, L.; Nieuwenhuijse, D. F.; Ndishimye, P.; Boter, M.; Mbiribindi, J. B.; Lang, T.; Gortazar, C.; Otani, S.; Aarestrup, F. M.; Siangoli, F. B.; Oude Munnink, B. B.; Koopmans, M."
PP_0010ADX,Ib,A,Democratic Republic of the Congo,"South Kivu, Kamituga",2024-05-08,195186,0.9778914755411772,2024-12-09,"Masirika, L. M.; Udahemuka, J. C.; Schuele, L.; Nieuwenhuijse, D. F.; Ndishimye, P.; Boter, M.; Mbiribindi, J. B.; Lang, T.; Gortazar, C.; Otani, S.; Aarestrup, F. M.; Siangoli, F. B.; Oude Munnink, B. B.; Koopmans, M."
PP_0010AEV,Ib,A,Democratic Republic of the Congo,"South Kivu, Kamituga",2024-02-14,192278,0.8886207018949439,2024-12-09,"Masirika, L. M.; Udahemuka, J. C.; Schuele, L.; Nieuwenhuijse, D. F.; Ndishimye, P.; Boter, M.; Mbiribindi, J. B.; Lang, T.; Gortazar, C.; Otani, S.; Aarestrup, F. M.; Siangoli, F. B.; Oude Munnink, B. B.; Koopmans, M."
PP_0010AFT,Ib,A,Democratic Republic of the Congo,"South Kivu, Kamituga",2024-01-01,193547,0.9088581149947518,2024-12-09,"Masirika, L. M.; Udahemuka, J. C.; Schuele, L.; Nieuwenhuijse, D. F.; Ndishimye, P.; Boter, M.; Mbiribindi, J. B.; Lang, T.; Gortazar, C.; Otani, S.; Aarestrup, F. M.; Siangoli, F. B.; Oude Munnink, B. B.; Koopmans, M."
PP_0010AGR,Ib,A,Democratic Republic of the Congo,"South Kivu, Kamituga",2024-05-20,193553,0.8873327282223428,2024-12-09,"Masirika, L. M.; Udahemuka, J. C.; Schuele, L.; Nieuwenhuijse, D. F.; Ndishimye, P.; Boter, M.; Mbiribindi, J. B.; Lang, T.; Gortazar, C.; Otani, S.; Aarestrup, F. M.; Siangoli, F. B.; Oude Munnink, B. B.; Koopmans, M."
PP_0010AHN,Ib,A,Democratic Republic of the Congo,"South Kivu, Nyagezi",2024-05-01,196281,0.9373050925667692,2024-12-09,"Masirika, L. M.; Udahemuka, J. C.; Schuele, L.; Nieuwenhuijse, D. F.; Ndishimye, P.; Boter, M.; Mbiribindi, J. B.; Lang, T.; Gortazar, C.; Otani, S.; Aarestrup, F. M.; Siangoli, F. B.; Oude Munnink, B. B.; Koopmans, M."
PP_0010AJL,Ib,A,Democratic Republic of the Congo,"South Kivu, Kamituga",2023-12-05,195181,0.9773641162421594,2024-12-09,"Masirika, L. M.; Udahemuka, J. C.; Schuele, L.; Nieuwenhuijse, D. F.; Ndishimye, P.; Boter, M.; Mbiribindi, J. B.; Lang, T.; Gortazar, C.; Otani, S.; Aarestrup, F. M.; Siangoli, F. B.; Oude Munnink, B. B.; Koopmans, M."
PP_0010AKJ,Ib,A,Democratic Republic of the Congo,"South Kivu, Kamituga",2024-04-05,196328,0.8929207084869352,2024-12-09,"Masirika, L. M.; Udahemuka, J. C.; Schuele, L.; Nieuwenhuijse, D. F.; Ndishimye, P.; Boter, M.; Mbiribindi, J. B.; Lang, T.; Gortazar, C.; Otani, S.; Aarestrup, F. M.; Siangoli, F. B.; Oude Munnink, B. B.; Koopmans, M."
PP_0010ALG,Ib,A,Democratic Republic of the Congo,"South Kivu, Kamituga",2024-02-21,195181,0.9855229730894636,2024-12-09,"Masirika, L. M.; Udahemuka, J. C.; Schuele, L.; Nieuwenhuijse, D. F.; Ndishimye, P.; Boter, M.; Mbiribindi, J. B.; Lang, T.; Gortazar, C.; Otani, S.; Aarestrup, F. M.; Siangoli, F. B.; Oude Munnink, B. B.; Koopmans, M."
PP_0010AME,Ib,A,Democratic Republic of the Congo,"South Kivu, Kamituga",2024-01-15,195181,0.9845392451662957,2024-12-09,"Masirika, L. M.; Udahemuka, J. C.; Schuele, L.; Nieuwenhuijse, D. F.; Ndishimye, P.; Boter, M.; Mbiribindi, J. B.; Lang, T.; Gortazar, C.; Otani, S.; Aarestrup, F. M.; Siangoli, F. B.; Oude Munnink, B. B.; Koopmans, M."
PP_0010ANC,Ib,A,Democratic Republic of the Congo,"South Kivu, Kamituga",2023-12-10,195181,0.9924496346515626,2024-12-09,"Masirika, L. M.; Udahemuka, J. C.; Schuele, L.; Nieuwenhuijse, D. F.; Ndishimye, P.; Boter, M.; Mbiribindi, J. B.; Lang, T.; Gortazar, C.; Otani, S.; Aarestrup, F. M.; Siangoli, F. B.; Oude Munnink, B. B.; Koopmans, M."
PP_0010APA,Ib,A,Democratic Republic of the Congo,"South Kivu, Kamituga",2024-05-31,196281,0.9461383608253172,2024-12-09,"Masirika, L. M.; Udahemuka, J. C.; Schuele, L.; Nieuwenhuijse, D. F.; Ndishimye, P.; Boter, M.; Mbiribindi, J. B.; Lang, T.; Gortazar, C.; Otani, S.; Aarestrup, F. M.; Siangoli, F. B.; Oude Munnink, B. B.; Koopmans, M."
PP_0010AQ8,Ib,A,Democratic Republic of the Congo,"South Kivu, Kamituga",2024-03-15,195156,0.9766744925434436,2024-12-09,"Masirika, L. M.; Udahemuka, J. C.; Schuele, L.; Nieuwenhuijse, D. F.; Ndishimye, P.; Boter, M.; Mbiribindi, J. B.; Lang, T.; Gortazar, C.; Otani, S.; Aarestrup, F. M.; Siangoli, F. B.; Oude Munnink, B. B.; Koopmans, M."
PP_0010AR6,Ib,A,Democratic Republic of the Congo,"South Kivu, Kamituga",2023-12-25,195086,0.987480287410818,2024-12-09,"Masirika, L. M.; Udahemuka, J. C.; Schuele, L.; Nieuwenhuijse, D. F.; Ndishimye, P.; Boter, M.; Mbiribindi, J. B.; Lang, T.; Gortazar, C.; Otani, S.; Aarestrup, F. M.; Siangoli, F. B.; Oude Munnink, B. B.; Koopmans, M."
PP_0010AS4,Ib,A,Democratic Republic of the Congo,"South Kivu, Kamituga",2024-03-25,195186,0.9783174195903838,2024-12-09,"Masirika, L. M.; Udahemuka, J. C.; Schuele, L.; Nieuwenhuijse, D. F.; Ndishimye, P.; Boter, M.; Mbiribindi, J. B.; Lang, T.; Gortazar, C.; Otani, S.; Aarestrup, F. M.; Siangoli, F. B.; Oude Munnink, B. B.; Koopmans, M."
PP_0010AT2,Ib,A,Democratic Republic of the Congo,"South Kivu, Kamituga",2024-05-16,195193,0.9399418890618584,2024-12-09,"Masirika, L. M.; Udahemuka, J. C.; Schuele, L.; Nieuwenhuijse, D. F.; Ndishimye, P.; Boter, M.; Mbiribindi, J. B.; Lang, T.; Gortazar, C.; Otani, S.; Aarestrup, F. M.; Siangoli, F. B.; Oude Munnink, B. B.; Koopmans, M."
PP_0010AU0,Ib,A,Democratic Republic of the Congo,"South Kivu, Kamituga",2024-02-25,195188,0.9790932462514388,2024-12-09,"Masirika, L. M.; Udahemuka, J. C.; Schuele, L.; Nieuwenhuijse, D. F.; Ndishimye, P.; Boter, M.; Mbiribindi, J. B.; Lang, T.; Gortazar, C.; Otani, S.; Aarestrup, F. M.; Siangoli, F. B.; Oude Munnink, B. B.; Koopmans, M."
PP_0010AVY,Ib,A,Democratic Republic of the Congo,"South Kivu, Kamituga",2024-05-20,194938,0.9750924146463904,2024-12-09,"Masirika, L. M.; Udahemuka, J. C.; Schuele, L.; Nieuwenhuijse, D. F.; Ndishimye, P.; Boter, M.; Mbiribindi, J. B.; Lang, T.; Gortazar, C.; Otani, S.; Aarestrup, F. M.; Siangoli, F. B.; Oude Munnink, B. B.; Koopmans, M."
PP_0010E1H,Ia,None,Democratic Republic of the Congo,"Kinshasa, Kokolo",2024-08-06,190721,0.9566703345182016,2024-12-09,"Wawina-Bokalanga, T.; Akil-Bandali, P.; Kinganda-Lusamaki, E.; Lokilo, E.; Jansen, D.; Amuri-Aziza, A.; Makangara-Cigolo, J. C.; Pukuta-Simbu, E.; Ola-Mpumbe, R.; Muyembe, M.; Kacita, C.; Paku-Tshambu, P.; Dantas, P. H.; Tshiani-Mbaya, O.; Luakanda, G.; Nkuba-Ndaye, A.; Matondo, M.; Vakaniaki, E. H.; Tessema, S.; Ndembi, N.; O'Toole, A.; De Block, T.; Ngandu, C.; Hoff, N. A.; Low, N.; Subissi, L.; Merritt, S.; Muyembe-Tamfum, J. J.; Liesenborghs, L.; Peeters, M.; Delaporte, E.; Kindrachuk, J.; Rimoin, A. W.; Ahuka-Mundeke, S.; Rambaut, A.; Mwamba, D.; Vercauteren, K.; Mbala-Kingebeni, P.; Makangara-Cigolo, J.-C.; Dantas, P. H. L. F.; Hasivirwe-Vakaniaki, E.; Muyembe-Tamfum, J.-J."
PP_0010E2F,Ib,A.1,Democratic Republic of the Congo,"Kinshasa, Limete",2024-08-05,190667,0.9148517562585886,2024-12-09,"Wawina-Bokalanga, T.; Akil-Bandali, P.; Kinganda-Lusamaki, E.; Lokilo, E.; Jansen, D.; Amuri-Aziza, A.; Makangara-Cigolo, J. C.; Pukuta-Simbu, E.; Ola-Mpumbe, R.; Muyembe, M.; Kacita, C.; Paku-Tshambu, P.; Dantas, P. H.; Tshiani-Mbaya, O.; Luakanda, G.; Nkuba-Ndaye, A.; Matondo, M.; Vakaniaki, E. H.; Tessema, S.; Ndembi, N.; O'Toole, A.; De Block, T.; Ngandu, C.; Hoff, N. A.; Low, N.; Subissi, L.; Merritt, S.; Muyembe-Tamfum, J. J.; Liesenborghs, L.; Peeters, M.; Delaporte, E.; Kindrachuk, J.; Rimoin, A. W.; Ahuka-Mundeke, S.; Rambaut, A.; Mwamba, D.; Vercauteren, K.; Mbala-Kingebeni, P.; Makangara-Cigolo, J.-C.; Dantas, P. H. L. F.; Hasivirwe-Vakaniaki, E.; Muyembe-Tamfum, J.-J."
PP_0010E3D,Ib,A,Democratic Republic of the Congo,"Kinshasa, Ngiri-Ngiri",2024-07-01,189838,0.927675714597204,2024-12-09,"Wawina-Bokalanga, T.; Akil-Bandali, P.; Kinganda-Lusamaki, E.; Lokilo, E.; Jansen, D.; Amuri-Aziza, A.; Makangara-Cigolo, J. C.; Pukuta-Simbu, E.; Ola-Mpumbe, R.; Muyembe, M.; Kacita, C.; Paku-Tshambu, P.; Dantas, P. H.; Tshiani-Mbaya, O.; Luakanda, G.; Nkuba-Ndaye, A.; Matondo, M.; Vakaniaki, E. H.; Tessema, S.; Ndembi, N.; O'Toole, A.; De Block, T.; Ngandu, C.; Hoff, N. A.; Low, N.; Subissi, L.; Merritt, S.; Muyembe-Tamfum, J. J.; Liesenborghs, L.; Peeters, M.; Delaporte, E.; Kindrachuk, J.; Rimoin, A. W.; Ahuka-Mundeke, S.; Rambaut, A.; Mwamba, D.; Vercauteren, K.; Mbala-Kingebeni, P.; Makangara-Cigolo, J.-C.; Dantas, P. H. L. F.; Hasivirwe-Vakaniaki, E.; Muyembe-Tamfum, J.-J."
PP_0010E59,Ib,A,Democratic Republic of the Congo,"Kinshasa, Ngiri-Ngiri",2024-07-01,189802,0.9012519712589182,2024-12-09,"Wawina-Bokalanga, T.; Akil-Bandali, P.; Kinganda-Lusamaki, E.; Lokilo, E.; Jansen, D.; Amuri-Aziza, A.; Makangara-Cigolo, J. C.; Pukuta-Simbu, E.; Ola-Mpumbe, R.; Muyembe, M.; Kacita, C.; Paku-Tshambu, P.; Dantas, P. H.; Tshiani-Mbaya, O.; Luakanda, G.; Nkuba-Ndaye, A.; Matondo, M.; Vakaniaki, E. H.; Tessema, S.; Ndembi, N.; O'Toole, A.; De Block, T.; Ngandu, C.; Hoff, N. A.; Low, N.; Subissi, L.; Merritt, S.; Muyembe-Tamfum, J. J.; Liesenborghs, L.; Peeters, M.; Delaporte, E.; Kindrachuk, J.; Rimoin, A. W.; Ahuka-Mundeke, S.; Rambaut, A.; Mwamba, D.; Vercauteren, K.; Mbala-Kingebeni, P.; Makangara-Cigolo, J.-C.; Dantas, P. H. L. F.; Hasivirwe-Vakaniaki, E.; Muyembe-Tamfum, J.-J."
PP_0010E67,Ia,None,Democratic Republic of the Congo,"Kinshasa, Kasa-Vubu",2024-08-15,190555,0.7466596352093464,2024-12-09,"Wawina-Bokalanga, T.; Akil-Bandali, P.; Kinganda-Lusamaki, E.; Lokilo, E.; Jansen, D.; Amuri-Aziza, A.; Makangara-Cigolo, J. C.; Pukuta-Simbu, E.; Ola-Mpumbe, R.; Muyembe, M.; Kacita, C.; Paku-Tshambu, P.; Dantas, P. H.; Tshiani-Mbaya, O.; Luakanda, G.; Nkuba-Ndaye, A.; Matondo, M.; Vakaniaki, E. H.; Tessema, S.; Ndembi, N.; O'Toole, A.; De Block, T.; Ngandu, C.; Hoff, N. A.; Low, N.; Subissi, L.; Merritt, S.; Muyembe-Tamfum, J. J.; Liesenborghs, L.; Peeters, M.; Delaporte, E.; Kindrachuk, J.; Rimoin, A. W.; Ahuka-Mundeke, S.; Rambaut, A.; Mwamba, D.; Vercauteren, K.; Mbala-Kingebeni, P.; Makangara-Cigolo, J.-C.; Dantas, P. H. L. F.; Hasivirwe-Vakaniaki, E.; Muyembe-Tamfum, J.-J."
PP_0010E75,Ia,None,Democratic Republic of the Congo,"Kinshasa, Kasa-Vubu",2024-08-15,188967,0.722548159566754,2024-12-09,"Wawina-Bokalanga, T.; Akil-Bandali, P.; Kinganda-Lusamaki, E.; Lokilo, E.; Jansen, D.; Amuri-Aziza, A.; Makangara-Cigolo, J. C.; Pukuta-Simbu, E.; Ola-Mpumbe, R.; Muyembe, M.; Kacita, C.; Paku-Tshambu, P.; Dantas, P. H.; Tshiani-Mbaya, O.; Luakanda, G.; Nkuba-Ndaye, A.; Matondo, M.; Vakaniaki, E. H.; Tessema, S.; Ndembi, N.; O'Toole, A.; De Block, T.; Ngandu, C.; Hoff, N. A.; Low, N.; Subissi, L.; Merritt, S.; Muyembe-Tamfum, J. J.; Liesenborghs, L.; Peeters, M.; Delaporte, E.; Kindrachuk, J.; Rimoin, A. W.; Ahuka-Mundeke, S.; Rambaut, A.; Mwamba, D.; Vercauteren, K.; Mbala-Kingebeni, P.; Makangara-Cigolo, J.-C.; Dantas, P. H. L. F.; Hasivirwe-Vakaniaki, E.; Muyembe-Tamfum, J.-J."
PP_0010E83,Ia,None,Democratic Republic of the Congo,"Kinshasa, Biyela",2024-08-12,189270,0.6818705028675162,2024-12-09,"Wawina-Bokalanga, T.; Akil-Bandali, P.; Kinganda-Lusamaki, E.; Lokilo, E.; Jansen, D.; Amuri-Aziza, A.; Makangara-Cigolo, J. C.; Pukuta-Simbu, E.; Ola-Mpumbe, R.; Muyembe, M.; Kacita, C.; Paku-Tshambu, P.; Dantas, P. H.; Tshiani-Mbaya, O.; Luakanda, G.; Nkuba-Ndaye, A.; Matondo, M.; Vakaniaki, E. H.; Tessema, S.; Ndembi, N.; O'Toole, A.; De Block, T.; Ngandu, C.; Hoff, N. A.; Low, N.; Subissi, L.; Merritt, S.; Muyembe-Tamfum, J. J.; Liesenborghs, L.; Peeters, M.; Delaporte, E.; Kindrachuk, J.; Rimoin, A. W.; Ahuka-Mundeke, S.; Rambaut, A.; Mwamba, D.; Vercauteren, K.; Mbala-Kingebeni, P.; Makangara-Cigolo, J.-C.; Dantas, P. H. L. F.; Hasivirwe-Vakaniaki, E.; Muyembe-Tamfum, J.-J."
PP_0010EAZ,Ia,None,Democratic Republic of the Congo,"Kinshasa, Gombe",2024-08-15,190625,0.9256727634134344,2024-12-09,"Wawina-Bokalanga, T.; Akil-Bandali, P.; Kinganda-Lusamaki, E.; Lokilo, E.; Jansen, D.; Amuri-Aziza, A.; Makangara-Cigolo, J. C.; Pukuta-Simbu, E.; Ola-Mpumbe, R.; Muyembe, M.; Kacita, C.; Paku-Tshambu, P.; Dantas, P. H.; Tshiani-Mbaya, O.; Luakanda, G.; Nkuba-Ndaye, A.; Matondo, M.; Vakaniaki, E. H.; Tessema, S.; Ndembi, N.; O'Toole, A.; De Block, T.; Ngandu, C.; Hoff, N. A.; Low, N.; Subissi, L.; Merritt, S.; Muyembe-Tamfum, J. J.; Liesenborghs, L.; Peeters, M.; Delaporte, E.; Kindrachuk, J.; Rimoin, A. W.; Ahuka-Mundeke, S.; Rambaut, A.; Mwamba, D.; Vercauteren, K.; Mbala-Kingebeni, P.; Makangara-Cigolo, J.-C.; Dantas, P. H. L. F.; Hasivirwe-Vakaniaki, E.; Muyembe-Tamfum, J.-J."
PP_0010EBX,Ia,None,Democratic Republic of the Congo,"Kinshasa, Limete",2024-08-12,187718,0.857313814278253,2024-12-09,"Wawina-Bokalanga, T.; Akil-Bandali, P.; Kinganda-Lusamaki, E.; Lokilo, E.; Jansen, D.; Amuri-Aziza, A.; Makangara-Cigolo, J. C.; Pukuta-Simbu, E.; Ola-Mpumbe, R.; Muyembe, M.; Kacita, C.; Paku-Tshambu, P.; Dantas, P. H.; Tshiani-Mbaya, O.; Luakanda, G.; Nkuba-Ndaye, A.; Matondo, M.; Vakaniaki, E. H.; Tessema, S.; Ndembi, N.; O'Toole, A.; De Block, T.; Ngandu, C.; Hoff, N. A.; Low, N.; Subissi, L.; Merritt, S.; Muyembe-Tamfum, J. J.; Liesenborghs, L.; Peeters, M.; Delaporte, E.; Kindrachuk, J.; Rimoin, A. W.; Ahuka-Mundeke, S.; Rambaut, A.; Mwamba, D.; Vercauteren, K.; Mbala-Kingebeni, P.; Makangara-Cigolo, J.-C.; Dantas, P. H. L. F.; Hasivirwe-Vakaniaki, E.; Muyembe-Tamfum, J.-J."
PP_0010ECV,Ia,None,Democratic Republic of the Congo,"Kinshasa, Limete",2024-08-12,186526,0.883757840666501,2024-12-09,"Wawina-Bokalanga, T.; Akil-Bandali, P.; Kinganda-Lusamaki, E.; Lokilo, E.; Jansen, D.; Amuri-Aziza, A.; Makangara-Cigolo, J. C.; Pukuta-Simbu, E.; Ola-Mpumbe, R.; Muyembe, M.; Kacita, C.; Paku-Tshambu, P.; Dantas, P. H.; Tshiani-Mbaya, O.; Luakanda, G.; Nkuba-Ndaye, A.; Matondo, M.; Vakaniaki, E. H.; Tessema, S.; Ndembi, N.; O'Toole, A.; De Block, T.; Ngandu, C.; Hoff, N. A.; Low, N.; Subissi, L.; Merritt, S.; Muyembe-Tamfum, J. J.; Liesenborghs, L.; Peeters, M.; Delaporte, E.; Kindrachuk, J.; Rimoin, A. W.; Ahuka-Mundeke, S.; Rambaut, A.; Mwamba, D.; Vercauteren, K.; Mbala-Kingebeni, P.; Makangara-Cigolo, J.-C.; Dantas, P. H. L. F.; Hasivirwe-Vakaniaki, E.; Muyembe-Tamfum, J.-J."
PP_0010EDT,Ib,A.1,Democratic Republic of the Congo,"Kinshasa, Limete",2024-08-12,188464,0.8840874402283871,2024-12-09,"Wawina-Bokalanga, T.; Akil-Bandali, P.; Kinganda-Lusamaki, E.; Lokilo, E.; Jansen, D.; Amuri-Aziza, A.; Makangara-Cigolo, J. C.; Pukuta-Simbu, E.; Ola-Mpumbe, R.; Muyembe, M.; Kacita, C.; Paku-Tshambu, P.; Dantas, P. H.; Tshiani-Mbaya, O.; Luakanda, G.; Nkuba-Ndaye, A.; Matondo, M.; Vakaniaki, E. H.; Tessema, S.; Ndembi, N.; O'Toole, A.; De Block, T.; Ngandu, C.; Hoff, N. A.; Low, N.; Subissi, L.; Merritt, S.; Muyembe-Tamfum, J. J.; Liesenborghs, L.; Peeters, M.; Delaporte, E.; Kindrachuk, J.; Rimoin, A. W.; Ahuka-Mundeke, S.; Rambaut, A.; Mwamba, D.; Vercauteren, K.; Mbala-Kingebeni, P.; Makangara-Cigolo, J.-C.; Dantas, P. H. L. F.; Hasivirwe-Vakaniaki, E.; Muyembe-Tamfum, J.-J."
PP_0010EFP,Ib,A.1,Democratic Republic of the Congo,"Kinshasa, Limete",2024-08-09,188328,0.8920383958135785,2024-12-09,"Wawina-Bokalanga, T.; Akil-Bandali, P.; Kinganda-Lusamaki, E.; Lokilo, E.; Jansen, D.; Amuri-Aziza, A.; Makangara-Cigolo, J. C.; Pukuta-Simbu, E.; Ola-Mpumbe, R.; Muyembe, M.; Kacita, C.; Paku-Tshambu, P.; Dantas, P. H.; Tshiani-Mbaya, O.; Luakanda, G.; Nkuba-Ndaye, A.; Matondo, M.; Vakaniaki, E. H.; Tessema, S.; Ndembi, N.; O'Toole, A.; De Block, T.; Ngandu, C.; Hoff, N. A.; Low, N.; Subissi, L.; Merritt, S.; Muyembe-Tamfum, J. J.; Liesenborghs, L.; Peeters, M.; Delaporte, E.; Kindrachuk, J.; Rimoin, A. W.; Ahuka-Mundeke, S.; Rambaut, A.; Mwamba, D.; Vercauteren, K.; Mbala-Kingebeni, P.; Makangara-Cigolo, J.-C.; Dantas, P. H. L. F.; Hasivirwe-Vakaniaki, E.; Muyembe-Tamfum, J.-J."
PP_0012QPS,Ib,A,Democratic Republic of the Congo,Nord-Kivu,2024-06-01,189814,0.7570090614525706,2025-02-04,"Mukadi-Bamuleka, Daniel; Kinganda-Lusamaki, Eddy; Mulopo-Mukanya, Noella; Amuri-Aziza, Adrienne; OToole, Aine; Merritt, Sydney; Modadra-Madakpa, Brigitte; Mutombo, Guy N.; Vakaniaki, Emmanuel H.; Kacita, Cris; Lubambo, Gaston M.; Makangara-Cigolo, Jean-Claude; Ngimba, Michel; Lokilo-Lofiko, Emmanuel; Pukuta-Simbu, Elisabeth; Luakanda-Ndelemo, Gradi; Bodisa-Matamu, Tavia; Paluku-Kalimuli, Zephanie; Akil-Bandali, Prince; Kavira, Sifa; Muyembe-Mawete, Francisca; Guichet, Emilande; Jansen, Daan; Kavira-Kamaliro, Adele; Muhindo-Milonde, Emile; Mufungizi, Jeriel; Birindwa Hamisi, Yves; Kavunga, Hugo; Tshiani, Olivier; Nundu, Sabin S.; Liesenborghs, Laurens; Hoff, Nicole A.; Shongo, Robert; Ayouba, Ahidjo; Pilarowski, Genay; Kakule Mangolopa, Alain; Kiuka Ebondo, Amos; Low, Nicola; Souradet, Y. Shaw; Wilkinson, Sam; Kifle Tessema, Sofonias; Subissi, Lorenzo; Delaporte, Eric; Vercauteren, Koen; Wawina-Bokalanga, Tony; Rimoin, Anne W.; Hensley, Lisa E.; Peeters, Martine; Quick, Josh; Loman, Nicholas; Rambaut, Andrew; Muyembe-Tamfum, Jean-Jacques; Kindrachuk, Jason; Mbala-Kingebeni, Placide; Ahuka-Mundeke, Steve"
PP_0012QQQ,Ib,A,Democratic Republic of the Congo,Nord-Kivu,2024-06-01,189796,0.842978768717452,2025-02-04,"Mukadi-Bamuleka, Daniel; Kinganda-Lusamaki, Eddy; Mulopo-Mukanya, Noella; Amuri-Aziza, Adrienne; OToole, Aine; Merritt, Sydney; Modadra-Madakpa, Brigitte; Mutombo, Guy N.; Vakaniaki, Emmanuel H.; Kacita, Cris; Lubambo, Gaston M.; Makangara-Cigolo, Jean-Claude; Ngimba, Michel; Lokilo-Lofiko, Emmanuel; Pukuta-Simbu, Elisabeth; Luakanda-Ndelemo, Gradi; Bodisa-Matamu, Tavia; Paluku-Kalimuli, Zephanie; Akil-Bandali, Prince; Kavira, Sifa; Muyembe-Mawete, Francisca; Guichet, Emilande; Jansen, Daan; Kavira-Kamaliro, Adele; Muhindo-Milonde, Emile; Mufungizi, Jeriel; Birindwa Hamisi, Yves; Kavunga, Hugo; Tshiani, Olivier; Nundu, Sabin S.; Liesenborghs, Laurens; Hoff, Nicole A.; Shongo, Robert; Ayouba, Ahidjo; Pilarowski, Genay; Kakule Mangolopa, Alain; Kiuka Ebondo, Amos; Low, Nicola; Souradet, Y. Shaw; Wilkinson, Sam; Kifle Tessema, Sofonias; Subissi, Lorenzo; Delaporte, Eric; Vercauteren, Koen; Wawina-Bokalanga, Tony; Rimoin, Anne W.; Hensley, Lisa E.; Peeters, Martine; Quick, Josh; Loman, Nicholas; Rambaut, Andrew; Muyembe-Tamfum, Jean-Jacques; Kindrachuk, Jason; Mbala-Kingebeni, Placide; Ahuka-Mundeke, Steve"
PP_0012QRN,Ib,A,Democratic Republic of the Congo,Nord-Kivu,2024-06-14,188676,0.8989346328007343,2025-02-04,"Mukadi-Bamuleka, Daniel; Kinganda-Lusamaki, Eddy; Mulopo-Mukanya, Noella; Amuri-Aziza, Adrienne; OToole, Aine; Merritt, Sydney; Modadra-Madakpa, Brigitte; Mutombo, Guy N.; Vakaniaki, Emmanuel H.; Kacita, Cris; Lubambo, Gaston M.; Makangara-Cigolo, Jean-Claude; Ngimba, Michel; Lokilo-Lofiko, Emmanuel; Pukuta-Simbu, Elisabeth; Luakanda-Ndelemo, Gradi; Bodisa-Matamu, Tavia; Paluku-Kalimuli, Zephanie; Akil-Bandali, Prince; Kavira, Sifa; Muyembe-Mawete, Francisca; Guichet, Emilande; Jansen, Daan; Kavira-Kamaliro, Adele; Muhindo-Milonde, Emile; Mufungizi, Jeriel; Birindwa Hamisi, Yves; Kavunga, Hugo; Tshiani, Olivier; Nundu, Sabin S.; Liesenborghs, Laurens; Hoff, Nicole A.; Shongo, Robert; Ayouba, Ahidjo; Pilarowski, Genay; Kakule Mangolopa, Alain; Kiuka Ebondo, Amos; Low, Nicola; Souradet, Y. Shaw; Wilkinson, Sam; Kifle Tessema, Sofonias; Subissi, Lorenzo; Delaporte, Eric; Vercauteren, Koen; Wawina-Bokalanga, Tony; Rimoin, Anne W.; Hensley, Lisa E.; Peeters, Martine; Quick, Josh; Loman, Nicholas; Rambaut, Andrew; Muyembe-Tamfum, Jean-Jacques; Kindrachuk, Jason; Mbala-Kingebeni, Placide; Ahuka-Mundeke, Steve"
PP_0012QSL,Ib,A,Democratic Republic of the Congo,Nord-Kivu,2024-06-14,188443,0.8805683310599415,2025-02-04,"Mukadi-Bamuleka, Daniel; Kinganda-Lusamaki, Eddy; Mulopo-Mukanya, Noella; Amuri-Aziza, Adrienne; OToole, Aine; Merritt, Sydney; Modadra-Madakpa, Brigitte; Mutombo, Guy N.; Vakaniaki, Emmanuel H.; Kacita, Cris; Lubambo, Gaston M.; Makangara-Cigolo, Jean-Claude; Ngimba, Michel; Lokilo-Lofiko, Emmanuel; Pukuta-Simbu, Elisabeth; Luakanda-Ndelemo, Gradi; Bodisa-Matamu, Tavia; Paluku-Kalimuli, Zephanie; Akil-Bandali, Prince; Kavira, Sifa; Muyembe-Mawete, Francisca; Guichet, Emilande; Jansen, Daan; Kavira-Kamaliro, Adele; Muhindo-Milonde, Emile; Mufungizi, Jeriel; Birindwa Hamisi, Yves; Kavunga, Hugo; Tshiani, Olivier; Nundu, Sabin S.; Liesenborghs, Laurens; Hoff, Nicole A.; Shongo, Robert; Ayouba, Ahidjo; Pilarowski, Genay; Kakule Mangolopa, Alain; Kiuka Ebondo, Amos; Low, Nicola; Souradet, Y. Shaw; Wilkinson, Sam; Kifle Tessema, Sofonias; Subissi, Lorenzo; Delaporte, Eric; Vercauteren, Koen; Wawina-Bokalanga, Tony; Rimoin, Anne W.; Hensley, Lisa E.; Peeters, Martine; Quick, Josh; Loman, Nicholas; Rambaut, Andrew; Muyembe-Tamfum, Jean-Jacques; Kindrachuk, Jason; Mbala-Kingebeni, Placide; Ahuka-Mundeke, Steve"
PP_0012QTJ,Ib,A,Democratic Republic of the Congo,Nord-Kivu,2024-06-14,188495,0.813933441171549,2025-02-04,"Mukadi-Bamuleka, Daniel; Kinganda-Lusamaki, Eddy; Mulopo-Mukanya, Noella; Amuri-Aziza, Adrienne; OToole, Aine; Merritt, Sydney; Modadra-Madakpa, Brigitte; Mutombo, Guy N.; Vakaniaki, Emmanuel H.; Kacita, Cris; Lubambo, Gaston M.; Makangara-Cigolo, Jean-Claude; Ngimba, Michel; Lokilo-Lofiko, Emmanuel; Pukuta-Simbu, Elisabeth; Luakanda-Ndelemo, Gradi; Bodisa-Matamu, Tavia; Paluku-Kalimuli, Zephanie; Akil-Bandali, Prince; Kavira, Sifa; Muyembe-Mawete, Francisca; Guichet, Emilande; Jansen, Daan; Kavira-Kamaliro, Adele; Muhindo-Milonde, Emile; Mufungizi, Jeriel; Birindwa Hamisi, Yves; Kavunga, Hugo; Tshiani, Olivier; Nundu, Sabin S.; Liesenborghs, Laurens; Hoff, Nicole A.; Shongo, Robert; Ayouba, Ahidjo; Pilarowski, Genay; Kakule Mangolopa, Alain; Kiuka Ebondo, Amos; Low, Nicola; Souradet, Y. Shaw; Wilkinson, Sam; Kifle Tessema, Sofonias; Subissi, Lorenzo; Delaporte, Eric; Vercauteren, Koen; Wawina-Bokalanga, Tony; Rimoin, Anne W.; Hensley, Lisa E.; Peeters, Martine; Quick, Josh; Loman, Nicholas; Rambaut, Andrew; Muyembe-Tamfum, Jean-Jacques; Kindrachuk, Jason; Mbala-Kingebeni, Placide; Ahuka-Mundeke, Steve"
PP_0012QUG,Ib,A,Democratic Republic of the Congo,Nord-Kivu,2024-06-16,189570,0.8888590277320001,2025-02-04,"Mukadi-Bamuleka, Daniel; Kinganda-Lusamaki, Eddy; Mulopo-Mukanya, Noella; Amuri-Aziza, Adrienne; OToole, Aine; Merritt, Sydney; Modadra-Madakpa, Brigitte; Mutombo, Guy N.; Vakaniaki, Emmanuel H.; Kacita, Cris; Lubambo, Gaston M.; Makangara-Cigolo, Jean-Claude; Ngimba, Michel; Lokilo-Lofiko, Emmanuel; Pukuta-Simbu, Elisabeth; Luakanda-Ndelemo, Gradi; Bodisa-Matamu, Tavia; Paluku-Kalimuli, Zephanie; Akil-Bandali, Prince; Kavira, Sifa; Muyembe-Mawete, Francisca; Guichet, Emilande; Jansen, Daan; Kavira-Kamaliro, Adele; Muhindo-Milonde, Emile; Mufungizi, Jeriel; Birindwa Hamisi, Yves; Kavunga, Hugo; Tshiani, Olivier; Nundu, Sabin S.; Liesenborghs, Laurens; Hoff, Nicole A.; Shongo, Robert; Ayouba, Ahidjo; Pilarowski, Genay; Kakule Mangolopa, Alain; Kiuka Ebondo, Amos; Low, Nicola; Souradet, Y. Shaw; Wilkinson, Sam; Kifle Tessema, Sofonias; Subissi, Lorenzo; Delaporte, Eric; Vercauteren, Koen; Wawina-Bokalanga, Tony; Rimoin, Anne W.; Hensley, Lisa E.; Peeters, Martine; Quick, Josh; Loman, Nicholas; Rambaut, Andrew; Muyembe-Tamfum, Jean-Jacques; Kindrachuk, Jason; Mbala-Kingebeni, Placide; Ahuka-Mundeke, Steve"
PP_0012QVE,Ib,A,Democratic Republic of the Congo,Nord-Kivu,2024-06-24,189633,0.92453691261555,2025-02-04,"Mukadi-Bamuleka, Daniel; Kinganda-Lusamaki, Eddy; Mulopo-Mukanya, Noella; Amuri-Aziza, Adrienne; OToole, Aine; Merritt, Sydney; Modadra-Madakpa, Brigitte; Mutombo, Guy N.; Vakaniaki, Emmanuel H.; Kacita, Cris; Lubambo, Gaston M.; Makangara-Cigolo, Jean-Claude; Ngimba, Michel; Lokilo-Lofiko, Emmanuel; Pukuta-Simbu, Elisabeth; Luakanda-Ndelemo, Gradi; Bodisa-Matamu, Tavia; Paluku-Kalimuli, Zephanie; Akil-Bandali, Prince; Kavira, Sifa; Muyembe-Mawete, Francisca; Guichet, Emilande; Jansen, Daan; Kavira-Kamaliro, Adele; Muhindo-Milonde, Emile; Mufungizi, Jeriel; Birindwa Hamisi, Yves; Kavunga, Hugo; Tshiani, Olivier; Nundu, Sabin S.; Liesenborghs, Laurens; Hoff, Nicole A.; Shongo, Robert; Ayouba, Ahidjo; Pilarowski, Genay; Kakule Mangolopa, Alain; Kiuka Ebondo, Amos; Low, Nicola; Souradet, Y. Shaw; Wilkinson, Sam; Kifle Tessema, Sofonias; Subissi, Lorenzo; Delaporte, Eric; Vercauteren, Koen; Wawina-Bokalanga, Tony; Rimoin, Anne W.; Hensley, Lisa E.; Peeters, Martine; Quick, Josh; Loman, Nicholas; Rambaut, Andrew; Muyembe-Tamfum, Jean-Jacques; Kindrachuk, Jason; Mbala-Kingebeni, Placide; Ahuka-Mundeke, Steve"
PP_0012QWC,Ia,None,Democratic Republic of the Congo,Tshuapa,2017-12-29,196659,0.9454994447515072,2025-02-04,"Kinganda-Lusamaki, Eddy; Amuri Aziza, Aziza; Pratt, Catherine B.; Luakanda-Ndelemo, Gradi; Pukuta Simbu, Elisabeth; Wiley, Mike; Muyamuna, Elise; Parker, Edyth; Muyembe, Jean-Jacques; Ayouba, Ahidjo; Delaporte, Eric; Rimoin, Anne W.; Hensley, Lisa E.; Mbala Kingebeni, Placide; Peeters, Martine; Ahuka Mundeke, Steve"
PP_0012QXA,Ia,None,Democratic Republic of the Congo,Kwilu,2024-07-31,196820,0.9860097662885569,2025-02-04,"Mbala-Kingebeni, Placide; Wawina-Bokalanga, Tony; Merritt, Sydney; Kinganda-Lusamaki, Eddy; Jansen, Daan; Halbrook, Megan; OToole, Aine; Pukuta-Simbu, Elisabeth; Hasivirwe Vakaniaki, Emmanuel; Ola-Mpumbe, Rilia; Kwete-Mbokama, Papy; Akil-Bandali, Prince; Kacita, Cris; Ponga-Museme, Ange; Mapenzi-Kashali, Nelson; Amuri-Aziza, Adrienne; Tshiani-Mbaya, Olivier; Paku-Tshambu, Princesse; Dantas, Pedro H. L. F.; De Block, Tessa; Lokilo-Lofiko, Emmanuel; Muswamba-Kayembe, Chloe; Makangara-Cigolo, Jean-Claude; Luakanda-Ndelemo, Gradi; Kelvin, David J.; Pratt, Catherine; Ayouba, Ahidjo; Tessema, Sofonias; Mauro Rezende, Antonio; Hensley, Lisa E.; Delaporte, Eric; Mwamba, Dieudonne; Subissi, Lorenzo; Liesenborghs, Laurens; Hoff, Nicole A.; Peeters, Martine; Low, Nicola; Rimoin, Anne W.; Kindrachuk, Jason; Vercauteren, Koen; Rambaut, Andrew; Ahuka-Mundeke, Steve; Muyembe-Tamfum, Jean-Jacques"
PP_0012QY8,Ia,None,Democratic Republic of the Congo,Tshopo,2024-04-01,195527,0.9153334786951914,2025-02-04,"Ahuka-Mundeke, Steve; Pukuta-Simbu, Elisabeth; Amuri-Aziza, Adrienne; Wawina-Bokalanga, Tony; Merritt, Sydney; Kinganda-Lusamaki, Eddy; Jansen, Daan; Halbrook, Megan; OToole, Aine; Hasivirwe Vakaniaki, Emmanuel; Ola-Mpumbe, Rilia; Kwete-Mbokama, Papy; Akil-Bandali, Prince; Kacita, Cris; Ponga-Museme, Ange; Mapenzi-Kashali, Nelson; Tshiani-Mbaya, Olivier; Paku-Tshambu, Princesse; Dantas, Pedro H. L. F.; De Block, Tessa; Lokilo-Lofiko, Emmanuel; Muswamba-Kayembe, Chloe; Makangara-Cigolo, Jean-Claude; Luakanda-Ndelemo, Gradi; Kelvin, David J.; Pratt, Catherine; Ayouba, Ahidjo; Tessema, Sofonias; Mauro Rezende, Antonio; Hensley, Lisa E.; Delaporte, Eric; Mwamba, Dieudonne; Subissi, Lorenzo; Liesenborghs, Laurens; Hoff, Nicole A.; Peeters, Martine; Low, Nicola; Rimoin, Anne W.; Kindrachuk, Jason; Vercauteren, Koen; Rambaut, Andrew; Mbala-Kingebeni, Placide; Muyembe-Tamfum, Jean-Jacques"
PP_0012QZ6,Ia,None,Democratic Republic of the Congo,Tshopo,2024-04-12,196845,0.992409068551638,2025-02-04,"Ahuka-Mundeke, Steve; Pukuta-Simbu, Elisabeth; Amuri-Aziza, Adrienne; Wawina-Bokalanga, Tony; Merritt, Sydney; Kinganda-Lusamaki, Eddy; Jansen, Daan; Halbrook, Megan; OToole, Aine; Hasivirwe Vakaniaki, Emmanuel; Ola-Mpumbe, Rilia; Kwete-Mbokama, Papy; Akil-Bandali, Prince; Kacita, Cris; Ponga-Museme, Ange; Mapenzi-Kashali, Nelson; Tshiani-Mbaya, Olivier; Paku-Tshambu, Princesse; Dantas, Pedro H. L. F.; De Block, Tessa; Lokilo-Lofiko, Emmanuel; Muswamba-Kayembe, Chloe; Makangara-Cigolo, Jean-Claude; Luakanda-Ndelemo, Gradi; Kelvin, David J.; Pratt, Catherine; Ayouba, Ahidjo; Tessema, Sofonias; Mauro Rezende, Antonio; Hensley, Lisa E.; Delaporte, Eric; Mwamba, Dieudonne; Subissi, Lorenzo; Liesenborghs, Laurens; Hoff, Nicole A.; Peeters, Martine; Low, Nicola; Rimoin, Anne W.; Kindrachuk, Jason; Vercauteren, Koen; Rambaut, Andrew; Mbala-Kingebeni, Placide; Muyembe-Tamfum, Jean-Jacques"
PP_0012R04,Ia,None,Democratic Republic of the Congo,Tshopo,2024-04-12,195807,0.9093398374313546,2025-02-04,"Ahuka-Mundeke, Steve; Pukuta-Simbu, Elisabeth; Amuri-Aziza, Adrienne; Wawina-Bokalanga, Tony; Merritt, Sydney; Kinganda-Lusamaki, Eddy; Jansen, Daan; Halbrook, Megan; OToole, Aine; Hasivirwe Vakaniaki, Emmanuel; Ola-Mpumbe, Rilia; Kwete-Mbokama, Papy; Akil-Bandali, Prince; Kacita, Cris; Ponga-Museme, Ange; Mapenzi-Kashali, Nelson; Tshiani-Mbaya, Olivier; Paku-Tshambu, Princesse; Dantas, Pedro H. L. F.; De Block, Tessa; Lokilo-Lofiko, Emmanuel; Muswamba-Kayembe, Chloe; Makangara-Cigolo, Jean-Claude; Luakanda-Ndelemo, Gradi; Kelvin, David J.; Pratt, Catherine; Ayouba, Ahidjo; Tessema, Sofonias; Mauro Rezende, Antonio; Hensley, Lisa E.; Delaporte, Eric; Mwamba, Dieudonne; Subissi, Lorenzo; Liesenborghs, Laurens; Hoff, Nicole A.; Peeters, Martine; Low, Nicola; Rimoin, Anne W.; Kindrachuk, Jason; Vercauteren, Koen; Rambaut, Andrew; Mbala-Kingebeni, Placide; Muyembe-Tamfum, Jean-Jacques"
PP_0012R12,Ia,None,Democratic Republic of the Congo,Tshopo,2024-04-01,195547,0.9182643794147326,2025-02-04,"Ahuka-Mundeke, Steve; Pukuta-Simbu, Elisabeth; Amuri-Aziza, Adrienne; Wawina-Bokalanga, Tony; Merritt, Sydney; Kinganda-Lusamaki, Eddy; Jansen, Daan; Halbrook, Megan; OToole, Aine; Hasivirwe Vakaniaki, Emmanuel; Ola-Mpumbe, Rilia; Kwete-Mbokama, Papy; Akil-Bandali, Prince; Kacita, Cris; Ponga-Museme, Ange; Mapenzi-Kashali, Nelson; Tshiani-Mbaya, Olivier; Paku-Tshambu, Princesse; Dantas, Pedro H. L. F.; De Block, Tessa; Lokilo-Lofiko, Emmanuel; Muswamba-Kayembe, Chloe; Makangara-Cigolo, Jean-Claude; Luakanda-Ndelemo, Gradi; Kelvin, David J.; Pratt, Catherine; Ayouba, Ahidjo; Tessema, Sofonias; Mauro Rezende, Antonio; Hensley, Lisa E.; Delaporte, Eric; Mwamba, Dieudonne; Subissi, Lorenzo; Liesenborghs, Laurens; Hoff, Nicole A.; Peeters, Martine; Low, Nicola; Rimoin, Anne W.; Kindrachuk, Jason; Vercauteren, Koen; Rambaut, Andrew; Mbala-Kingebeni, Placide; Muyembe-Tamfum, Jean-Jacques"
PP_0012R20,Ia,None,Democratic Republic of the Congo,Tshopo,2024-04-01,195580,0.914562722796627,2025-02-04,"Ahuka-Mundeke, Steve; Pukuta-Simbu, Elisabeth; Amuri-Aziza, Adrienne; Wawina-Bokalanga, Tony; Merritt, Sydney; Kinganda-Lusamaki, Eddy; Jansen, Daan; Halbrook, Megan; OToole, Aine; Hasivirwe Vakaniaki, Emmanuel; Ola-Mpumbe, Rilia; Kwete-Mbokama, Papy; Akil-Bandali, Prince; Kacita, Cris; Ponga-Museme, Ange; Mapenzi-Kashali, Nelson; Tshiani-Mbaya, Olivier; Paku-Tshambu, Princesse; Dantas, Pedro H. L. F.; De Block, Tessa; Lokilo-Lofiko, Emmanuel; Muswamba-Kayembe, Chloe; Makangara-Cigolo, Jean-Claude; Luakanda-Ndelemo, Gradi; Kelvin, David J.; Pratt, Catherine; Ayouba, Ahidjo; Tessema, Sofonias; Mauro Rezende, Antonio; Hensley, Lisa E.; Delaporte, Eric; Mwamba, Dieudonne; Subissi, Lorenzo; Liesenborghs, Laurens; Hoff, Nicole A.; Peeters, Martine; Low, Nicola; Rimoin, Anne W.; Kindrachuk, Jason; Vercauteren, Koen; Rambaut, Andrew; Mbala-Kingebeni, Placide; Muyembe-Tamfum, Jean-Jacques"
PP_0012R3Y,Ia,None,Democratic Republic of the Congo,Tshopo,2024-04-02,195477,0.702746832041134,2025-02-04,"Ahuka-Mundeke, Steve; Pukuta-Simbu, Elisabeth; Amuri-Aziza, Adrienne; Wawina-Bokalanga, Tony; Merritt, Sydney; Kinganda-Lusamaki, Eddy; Jansen, Daan; Halbrook, Megan; OToole, Aine; Hasivirwe Vakaniaki, Emmanuel; Ola-Mpumbe, Rilia; Kwete-Mbokama, Papy; Akil-Bandali, Prince; Kacita, Cris; Ponga-Museme, Ange; Mapenzi-Kashali, Nelson; Tshiani-Mbaya, Olivier; Paku-Tshambu, Princesse; Dantas, Pedro H. L. F.; De Block, Tessa; Lokilo-Lofiko, Emmanuel; Muswamba-Kayembe, Chloe; Makangara-Cigolo, Jean-Claude; Luakanda-Ndelemo, Gradi; Kelvin, David J.; Pratt, Catherine; Ayouba, Ahidjo; Tessema, Sofonias; Mauro Rezende, Antonio; Hensley, Lisa E.; Delaporte, Eric; Mwamba, Dieudonne; Subissi, Lorenzo; Liesenborghs, Laurens; Hoff, Nicole A.; Peeters, Martine; Low, Nicola; Rimoin, Anne W.; Kindrachuk, Jason; Vercauteren, Koen; Rambaut, Andrew; Mbala-Kingebeni, Placide; Muyembe-Tamfum, Jean-Jacques"
PP_0012R4W,Ia,None,Democratic Republic of the Congo,Tshopo,2024-04-03,195799,0.911870147914142,2025-02-04,"Ahuka-Mundeke, Steve; Pukuta-Simbu, Elisabeth; Amuri-Aziza, Adrienne; Wawina-Bokalanga, Tony; Merritt, Sydney; Kinganda-Lusamaki, Eddy; Jansen, Daan; Halbrook, Megan; OToole, Aine; Hasivirwe Vakaniaki, Emmanuel; Ola-Mpumbe, Rilia; Kwete-Mbokama, Papy; Akil-Bandali, Prince; Kacita, Cris; Ponga-Museme, Ange; Mapenzi-Kashali, Nelson; Tshiani-Mbaya, Olivier; Paku-Tshambu, Princesse; Dantas, Pedro H. L. F.; De Block, Tessa; Lokilo-Lofiko, Emmanuel; Muswamba-Kayembe, Chloe; Makangara-Cigolo, Jean-Claude; Luakanda-Ndelemo, Gradi; Kelvin, David J.; Pratt, Catherine; Ayouba, Ahidjo; Tessema, Sofonias; Mauro Rezende, Antonio; Hensley, Lisa E.; Delaporte, Eric; Mwamba, Dieudonne; Subissi, Lorenzo; Liesenborghs, Laurens; Hoff, Nicole A.; Peeters, Martine; Low, Nicola; Rimoin, Anne W.; Kindrachuk, Jason; Vercauteren, Koen; Rambaut, Andrew; Mbala-Kingebeni, Placide; Muyembe-Tamfum, Jean-Jacques"
PP_0012R5U,Ia,None,Democratic Republic of the Congo,Tshopo,2024-04-02,195551,0.9332484825743248,2025-02-04,"Ahuka-Mundeke, Steve; Pukuta-Simbu, Elisabeth; Amuri-Aziza, Adrienne; Wawina-Bokalanga, Tony; Merritt, Sydney; Kinganda-Lusamaki, Eddy; Jansen, Daan; Halbrook, Megan; OToole, Aine; Hasivirwe Vakaniaki, Emmanuel; Ola-Mpumbe, Rilia; Kwete-Mbokama, Papy; Akil-Bandali, Prince; Kacita, Cris; Ponga-Museme, Ange; Mapenzi-Kashali, Nelson; Tshiani-Mbaya, Olivier; Paku-Tshambu, Princesse; Dantas, Pedro H. L. F.; De Block, Tessa; Lokilo-Lofiko, Emmanuel; Muswamba-Kayembe, Chloe; Makangara-Cigolo, Jean-Claude; Luakanda-Ndelemo, Gradi; Kelvin, David J.; Pratt, Catherine; Ayouba, Ahidjo; Tessema, Sofonias; Mauro Rezende, Antonio; Hensley, Lisa E.; Delaporte, Eric; Mwamba, Dieudonne; Subissi, Lorenzo; Liesenborghs, Laurens; Hoff, Nicole A.; Peeters, Martine; Low, Nicola; Rimoin, Anne W.; Kindrachuk, Jason; Vercauteren, Koen; Rambaut, Andrew; Mbala-Kingebeni, Placide; Muyembe-Tamfum, Jean-Jacques"
PP_0012R6S,Ia,None,Democratic Republic of the Congo,Tshopo,2024-04-02,195504,0.9417014436460812,2025-02-04,"Ahuka-Mundeke, Steve; Pukuta-Simbu, Elisabeth; Amuri-Aziza, Adrienne; Wawina-Bokalanga, Tony; Merritt, Sydney; Kinganda-Lusamaki, Eddy; Jansen, Daan; Halbrook, Megan; OToole, Aine; Hasivirwe Vakaniaki, Emmanuel; Ola-Mpumbe, Rilia; Kwete-Mbokama, Papy; Akil-Bandali, Prince; Kacita, Cris; Ponga-Museme, Ange; Mapenzi-Kashali, Nelson; Tshiani-Mbaya, Olivier; Paku-Tshambu, Princesse; Dantas, Pedro H. L. F.; De Block, Tessa; Lokilo-Lofiko, Emmanuel; Muswamba-Kayembe, Chloe; Makangara-Cigolo, Jean-Claude; Luakanda-Ndelemo, Gradi; Kelvin, David J.; Pratt, Catherine; Ayouba, Ahidjo; Tessema, Sofonias; Mauro Rezende, Antonio; Hensley, Lisa E.; Delaporte, Eric; Mwamba, Dieudonne; Subissi, Lorenzo; Liesenborghs, Laurens; Hoff, Nicole A.; Peeters, Martine; Low, Nicola; Rimoin, Anne W.; Kindrachuk, Jason; Vercauteren, Koen; Rambaut, Andrew; Mbala-Kingebeni, Placide; Muyembe-Tamfum, Jean-Jacques"
PP_0012R7Q,Ia,None,Democratic Republic of the Congo,Tshopo,2024-04-04,195499,0.9498755127808568,2025-02-04,"Ahuka-Mundeke, Steve; Pukuta-Simbu, Elisabeth; Amuri-Aziza, Adrienne; Wawina-Bokalanga, Tony; Merritt, Sydney; Kinganda-Lusamaki, Eddy; Jansen, Daan; Halbrook, Megan; OToole, Aine; Hasivirwe Vakaniaki, Emmanuel; Ola-Mpumbe, Rilia; Kwete-Mbokama, Papy; Akil-Bandali, Prince; Kacita, Cris; Ponga-Museme, Ange; Mapenzi-Kashali, Nelson; Tshiani-Mbaya, Olivier; Paku-Tshambu, Princesse; Dantas, Pedro H. L. F.; De Block, Tessa; Lokilo-Lofiko, Emmanuel; Muswamba-Kayembe, Chloe; Makangara-Cigolo, Jean-Claude; Luakanda-Ndelemo, Gradi; Kelvin, David J.; Pratt, Catherine; Ayouba, Ahidjo; Tessema, Sofonias; Mauro Rezende, Antonio; Hensley, Lisa E.; Delaporte, Eric; Mwamba, Dieudonne; Subissi, Lorenzo; Liesenborghs, Laurens; Hoff, Nicole A.; Peeters, Martine; Low, Nicola; Rimoin, Anne W.; Kindrachuk, Jason; Vercauteren, Koen; Rambaut, Andrew; Mbala-Kingebeni, Placide; Muyembe-Tamfum, Jean-Jacques"
PP_0012R8N,Ia,None,Democratic Republic of the Congo,Tshopo,2024-04-02,195558,0.9399875259242731,2025-02-04,"Ahuka-Mundeke, Steve; Pukuta-Simbu, Elisabeth; Amuri-Aziza, Adrienne; Wawina-Bokalanga, Tony; Merritt, Sydney; Kinganda-Lusamaki, Eddy; Jansen, Daan; Halbrook, Megan; OToole, Aine; Hasivirwe Vakaniaki, Emmanuel; Ola-Mpumbe, Rilia; Kwete-Mbokama, Papy; Akil-Bandali, Prince; Kacita, Cris; Ponga-Museme, Ange; Mapenzi-Kashali, Nelson; Tshiani-Mbaya, Olivier; Paku-Tshambu, Princesse; Dantas, Pedro H. L. F.; De Block, Tessa; Lokilo-Lofiko, Emmanuel; Muswamba-Kayembe, Chloe; Makangara-Cigolo, Jean-Claude; Luakanda-Ndelemo, Gradi; Kelvin, David J.; Pratt, Catherine; Ayouba, Ahidjo; Tessema, Sofonias; Mauro Rezende, Antonio; Hensley, Lisa E.; Delaporte, Eric; Mwamba, Dieudonne; Subissi, Lorenzo; Liesenborghs, Laurens; Hoff, Nicole A.; Peeters, Martine; Low, Nicola; Rimoin, Anne W.; Kindrachuk, Jason; Vercauteren, Koen; Rambaut, Andrew; Mbala-Kingebeni, Placide; Muyembe-Tamfum, Jean-Jacques"
PP_0012R9L,Ia,None,Democratic Republic of the Congo,Tshopo,2024-04-03,194697,0.9485976806332368,2025-02-04,"Ahuka-Mundeke, Steve; Pukuta-Simbu, Elisabeth; Amuri-Aziza, Adrienne; Wawina-Bokalanga, Tony; Merritt, Sydney; Kinganda-Lusamaki, Eddy; Jansen, Daan; Halbrook, Megan; OToole, Aine; Hasivirwe Vakaniaki, Emmanuel; Ola-Mpumbe, Rilia; Kwete-Mbokama, Papy; Akil-Bandali, Prince; Kacita, Cris; Ponga-Museme, Ange; Mapenzi-Kashali, Nelson; Tshiani-Mbaya, Olivier; Paku-Tshambu, Princesse; Dantas, Pedro H. L. F.; De Block, Tessa; Lokilo-Lofiko, Emmanuel; Muswamba-Kayembe, Chloe; Makangara-Cigolo, Jean-Claude; Luakanda-Ndelemo, Gradi; Kelvin, David J.; Pratt, Catherine; Ayouba, Ahidjo; Tessema, Sofonias; Mauro Rezende, Antonio; Hensley, Lisa E.; Delaporte, Eric; Mwamba, Dieudonne; Subissi, Lorenzo; Liesenborghs, Laurens; Hoff, Nicole A.; Peeters, Martine; Low, Nicola; Rimoin, Anne W.; Kindrachuk, Jason; Vercauteren, Koen; Rambaut, Andrew; Mbala-Kingebeni, Placide; Muyembe-Tamfum, Jean-Jacques"
PP_0012RAJ,Ia,None,Democratic Republic of the Congo,Tshopo,2024-04-03,195536,0.9550071244212992,2025-02-04,"Ahuka-Mundeke, Steve; Pukuta-Simbu, Elisabeth; Amuri-Aziza, Adrienne; Wawina-Bokalanga, Tony; Merritt, Sydney; Kinganda-Lusamaki, Eddy; Jansen, Daan; Halbrook, Megan; OToole, Aine; Hasivirwe Vakaniaki, Emmanuel; Ola-Mpumbe, Rilia; Kwete-Mbokama, Papy; Akil-Bandali, Prince; Kacita, Cris; Ponga-Museme, Ange; Mapenzi-Kashali, Nelson; Tshiani-Mbaya, Olivier; Paku-Tshambu, Princesse; Dantas, Pedro H. L. F.; De Block, Tessa; Lokilo-Lofiko, Emmanuel; Muswamba-Kayembe, Chloe; Makangara-Cigolo, Jean-Claude; Luakanda-Ndelemo, Gradi; Kelvin, David J.; Pratt, Catherine; Ayouba, Ahidjo; Tessema, Sofonias; Mauro Rezende, Antonio; Hensley, Lisa E.; Delaporte, Eric; Mwamba, Dieudonne; Subissi, Lorenzo; Liesenborghs, Laurens; Hoff, Nicole A.; Peeters, Martine; Low, Nicola; Rimoin, Anne W.; Kindrachuk, Jason; Vercauteren, Koen; Rambaut, Andrew; Mbala-Kingebeni, Placide; Muyembe-Tamfum, Jean-Jacques"
PP_0012RBG,Ia,None,Democratic Republic of the Congo,Tshopo,2024-04-04,195531,0.9330253690247402,2025-02-04,"Ahuka-Mundeke, Steve; Pukuta-Simbu, Elisabeth; Amuri-Aziza, Adrienne; Wawina-Bokalanga, Tony; Merritt, Sydney; Kinganda-Lusamaki, Eddy; Jansen, Daan; Halbrook, Megan; OToole, Aine; Hasivirwe Vakaniaki, Emmanuel; Ola-Mpumbe, Rilia; Kwete-Mbokama, Papy; Akil-Bandali, Prince; Kacita, Cris; Ponga-Museme, Ange; Mapenzi-Kashali, Nelson; Tshiani-Mbaya, Olivier; Paku-Tshambu, Princesse; Dantas, Pedro H. L. F.; De Block, Tessa; Lokilo-Lofiko, Emmanuel; Muswamba-Kayembe, Chloe; Makangara-Cigolo, Jean-Claude; Luakanda-Ndelemo, Gradi; Kelvin, David J.; Pratt, Catherine; Ayouba, Ahidjo; Tessema, Sofonias; Mauro Rezende, Antonio; Hensley, Lisa E.; Delaporte, Eric; Mwamba, Dieudonne; Subissi, Lorenzo; Liesenborghs, Laurens; Hoff, Nicole A.; Peeters, Martine; Low, Nicola; Rimoin, Anne W.; Kindrachuk, Jason; Vercauteren, Koen; Rambaut, Andrew; Mbala-Kingebeni, Placide; Muyembe-Tamfum, Jean-Jacques"
PP_0012RCE,Ia,None,Democratic Republic of the Congo,Tshopo,2024-04-02,187046,0.5874529052933689,2025-02-04,"Ahuka-Mundeke, Steve; Pukuta-Simbu, Elisabeth; Amuri-Aziza, Adrienne; Wawina-Bokalanga, Tony; Merritt, Sydney; Kinganda-Lusamaki, Eddy; Jansen, Daan; Halbrook, Megan; OToole, Aine; Hasivirwe Vakaniaki, Emmanuel; Ola-Mpumbe, Rilia; Kwete-Mbokama, Papy; Akil-Bandali, Prince; Kacita, Cris; Ponga-Museme, Ange; Mapenzi-Kashali, Nelson; Tshiani-Mbaya, Olivier; Paku-Tshambu, Princesse; Dantas, Pedro H. L. F.; De Block, Tessa; Lokilo-Lofiko, Emmanuel; Muswamba-Kayembe, Chloe; Makangara-Cigolo, Jean-Claude; Luakanda-Ndelemo, Gradi; Kelvin, David J.; Pratt, Catherine; Ayouba, Ahidjo; Tessema, Sofonias; Mauro Rezende, Antonio; Hensley, Lisa E.; Delaporte, Eric; Mwamba, Dieudonne; Subissi, Lorenzo; Liesenborghs, Laurens; Hoff, Nicole A.; Peeters, Martine; Low, Nicola; Rimoin, Anne W.; Kindrachuk, Jason; Vercauteren, Koen; Rambaut, Andrew; Mbala-Kingebeni, Placide; Muyembe-Tamfum, Jean-Jacques"
PP_0012RDC,Ia,None,Democratic Republic of the Congo,Mongala,2024-03-14,191943,0.7611569451698452,2025-02-04,"Mbala-Kingebeni, Placide; Wawina-Bokalanga, Tony; Merritt, Sydney; Kinganda-Lusamaki, Eddy; Jansen, Daan; Halbrook, Megan; OToole, Aine; Pukuta-Simbu, Elisabeth; Hasivirwe Vakaniaki, Emmanuel; Ola-Mpumbe, Rilia; Kwete-Mbokama, Papy; Akil-Bandali, Prince; Kacita, Cris; Ponga-Museme, Ange; Mapenzi-Kashali, Nelson; Amuri-Aziza, Adrienne; Tshiani-Mbaya, Olivier; Paku-Tshambu, Princesse; Dantas, Pedro H. L. F.; De Block, Tessa; Lokilo-Lofiko, Emmanuel; Muswamba-Kayembe, Chloe; Makangara-Cigolo, Jean-Claude; Luakanda-Ndelemo, Gradi; Kelvin, David J.; Pratt, Catherine; Ayouba, Ahidjo; Tessema, Sofonias; Mauro Rezende, Antonio; Hensley, Lisa E.; Delaporte, Eric; Mwamba, Dieudonne; Subissi, Lorenzo; Liesenborghs, Laurens; Hoff, Nicole A.; Peeters, Martine; Low, Nicola; Rimoin, Anne W.; Kindrachuk, Jason; Vercauteren, Koen; Rambaut, Andrew; Ahuka-Mundeke, Steve; Muyembe-Tamfum, Jean-Jacques"
PP_0012REA,Ia,None,Democratic Republic of the Congo,Mongala,2024-03-22,195539,0.9335121622238336,2025-02-04,"Mbala-Kingebeni, Placide; Wawina-Bokalanga, Tony; Merritt, Sydney; Kinganda-Lusamaki, Eddy; Jansen, Daan; Halbrook, Megan; OToole, Aine; Pukuta-Simbu, Elisabeth; Hasivirwe Vakaniaki, Emmanuel; Ola-Mpumbe, Rilia; Kwete-Mbokama, Papy; Akil-Bandali, Prince; Kacita, Cris; Ponga-Museme, Ange; Mapenzi-Kashali, Nelson; Amuri-Aziza, Adrienne; Tshiani-Mbaya, Olivier; Paku-Tshambu, Princesse; Dantas, Pedro H. L. F.; De Block, Tessa; Lokilo-Lofiko, Emmanuel; Muswamba-Kayembe, Chloe; Makangara-Cigolo, Jean-Claude; Luakanda-Ndelemo, Gradi; Kelvin, David J.; Pratt, Catherine; Ayouba, Ahidjo; Tessema, Sofonias; Mauro Rezende, Antonio; Hensley, Lisa E.; Delaporte, Eric; Mwamba, Dieudonne; Subissi, Lorenzo; Liesenborghs, Laurens; Hoff, Nicole A.; Peeters, Martine; Low, Nicola; Rimoin, Anne W.; Kindrachuk, Jason; Vercauteren, Koen; Rambaut, Andrew; Ahuka-Mundeke, Steve; Muyembe-Tamfum, Jean-Jacques"
PP_0012RF8,Ia,None,Democratic Republic of the Congo,Equateur,2024-04-15,195553,0.945879751938299,2025-02-04,"Kinganda-Lusamaki, Eddy; Amuri-Aziza, Adrienne; Luakanda-Ndelemo, Gradi; Makangara-Cigolo, Jean-Claude; Kenye, Michel; Kavira, Sifa; Wawina-Bokalanga, Tony; Merritt, Sydney; Jansen, Daan; Halbrook, Megan; OToole, Aine; Pukuta-Simbu, Elisabeth; Hasivirwe Vakaniaki, Emmanuel; Ola-Mpumbe, Rilia; Kwete-Mbokama, Papy; Akil-Bandali, Prince; Kacita, Cris; Ponga-Museme, Ange; Mapenzi-Kashali, Nelson; Tshiani-Mbaya, Olivier; Paku-Tshambu, Princesse; Dantas, Pedro H. L. F.; De Block, Tessa; Lokilo-Lofiko, Emmanuel; Muswamba-Kayembe, Chloe; Kelvin, David J.; Pratt, Catherine; Ayouba, Ahidjo; Tessema, Sofonias; Mauro Rezende, Antonio; Hensley, Lisa E.; Delaporte, Eric; Mwamba, Dieudonne; Subissi, Lorenzo; Liesenborghs, Laurens; Hoff, Nicole A.; Peeters, Martine; Low, Nicola; Ahuka-Mundeke, Steve; Muyembe-Tamfum, Jean-Jacques; Rimoin, Anne W.; Kindrachuk, Jason; Vercauteren, Koen; Rambaut, Andrew; Mbala-Kingebeni, Placide"
PP_0012RG6,Ia,None,Democratic Republic of the Congo,Equateur,2024-03-17,195465,0.957441090416766,2025-02-04,"Kinganda-Lusamaki, Eddy; Amuri-Aziza, Adrienne; Luakanda-Ndelemo, Gradi; Makangara-Cigolo, Jean-Claude; Kenye, Michel; Kavira, Sifa; Wawina-Bokalanga, Tony; Merritt, Sydney; Jansen, Daan; Halbrook, Megan; OToole, Aine; Pukuta-Simbu, Elisabeth; Hasivirwe Vakaniaki, Emmanuel; Ola-Mpumbe, Rilia; Kwete-Mbokama, Papy; Akil-Bandali, Prince; Kacita, Cris; Ponga-Museme, Ange; Mapenzi-Kashali, Nelson; Tshiani-Mbaya, Olivier; Paku-Tshambu, Princesse; Dantas, Pedro H. L. F.; De Block, Tessa; Lokilo-Lofiko, Emmanuel; Muswamba-Kayembe, Chloe; Kelvin, David J.; Pratt, Catherine; Ayouba, Ahidjo; Tessema, Sofonias; Mauro Rezende, Antonio; Hensley, Lisa E.; Delaporte, Eric; Mwamba, Dieudonne; Subissi, Lorenzo; Liesenborghs, Laurens; Hoff, Nicole A.; Peeters, Martine; Low, Nicola; Ahuka-Mundeke, Steve; Muyembe-Tamfum, Jean-Jacques; Rimoin, Anne W.; Kindrachuk, Jason; Vercauteren, Koen; Rambaut, Andrew; Mbala-Kingebeni, Placide"
PP_0012RH3,Ia,None,Democratic Republic of the Congo,Equateur,2024-04-12,192873,0.8699349421172462,2025-02-04,"Kinganda-Lusamaki, Eddy; Amuri-Aziza, Adrienne; Luakanda-Ndelemo, Gradi; Makangara-Cigolo, Jean-Claude; Kenye, Michel; Kavira, Sifa; Wawina-Bokalanga, Tony; Merritt, Sydney; Jansen, Daan; Halbrook, Megan; OToole, Aine; Pukuta-Simbu, Elisabeth; Hasivirwe Vakaniaki, Emmanuel; Ola-Mpumbe, Rilia; Kwete-Mbokama, Papy; Akil-Bandali, Prince; Kacita, Cris; Ponga-Museme, Ange; Mapenzi-Kashali, Nelson; Tshiani-Mbaya, Olivier; Paku-Tshambu, Princesse; Dantas, Pedro H. L. F.; De Block, Tessa; Lokilo-Lofiko, Emmanuel; Muswamba-Kayembe, Chloe; Kelvin, David J.; Pratt, Catherine; Ayouba, Ahidjo; Tessema, Sofonias; Mauro Rezende, Antonio; Hensley, Lisa E.; Delaporte, Eric; Mwamba, Dieudonne; Subissi, Lorenzo; Liesenborghs, Laurens; Hoff, Nicole A.; Peeters, Martine; Low, Nicola; Ahuka-Mundeke, Steve; Muyembe-Tamfum, Jean-Jacques; Rimoin, Anne W.; Kindrachuk, Jason; Vercauteren, Koen; Rambaut, Andrew; Mbala-Kingebeni, Placide"
PP_0012RJ1,Ia,None,Democratic Republic of the Congo,Equateur,2024-04-16,194152,0.696824181452165,2025-02-04,"Kinganda-Lusamaki, Eddy; Amuri-Aziza, Adrienne; Luakanda-Ndelemo, Gradi; Makangara-Cigolo, Jean-Claude; Kenye, Michel; Kavira, Sifa; Wawina-Bokalanga, Tony; Merritt, Sydney; Jansen, Daan; Halbrook, Megan; OToole, Aine; Pukuta-Simbu, Elisabeth; Hasivirwe Vakaniaki, Emmanuel; Ola-Mpumbe, Rilia; Kwete-Mbokama, Papy; Akil-Bandali, Prince; Kacita, Cris; Ponga-Museme, Ange; Mapenzi-Kashali, Nelson; Tshiani-Mbaya, Olivier; Paku-Tshambu, Princesse; Dantas, Pedro H. L. F.; De Block, Tessa; Lokilo-Lofiko, Emmanuel; Muswamba-Kayembe, Chloe; Kelvin, David J.; Pratt, Catherine; Ayouba, Ahidjo; Tessema, Sofonias; Mauro Rezende, Antonio; Hensley, Lisa E.; Delaporte, Eric; Mwamba, Dieudonne; Subissi, Lorenzo; Liesenborghs, Laurens; Hoff, Nicole A.; Peeters, Martine; Low, Nicola; Ahuka-Mundeke, Steve; Muyembe-Tamfum, Jean-Jacques; Rimoin, Anne W.; Kindrachuk, Jason; Vercauteren, Koen; Rambaut, Andrew; Mbala-Kingebeni, Placide"
PP_0012RKZ,Ia,None,Democratic Republic of the Congo,Equateur,2024-04-10,194510,0.9146489257589664,2025-02-04,"Kinganda-Lusamaki, Eddy; Amuri-Aziza, Adrienne; Luakanda-Ndelemo, Gradi; Makangara-Cigolo, Jean-Claude; Kenye, Michel; Kavira, Sifa; Wawina-Bokalanga, Tony; Merritt, Sydney; Jansen, Daan; Halbrook, Megan; OToole, Aine; Pukuta-Simbu, Elisabeth; Hasivirwe Vakaniaki, Emmanuel; Ola-Mpumbe, Rilia; Kwete-Mbokama, Papy; Akil-Bandali, Prince; Kacita, Cris; Ponga-Museme, Ange; Mapenzi-Kashali, Nelson; Tshiani-Mbaya, Olivier; Paku-Tshambu, Princesse; Dantas, Pedro H. L. F.; De Block, Tessa; Lokilo-Lofiko, Emmanuel; Muswamba-Kayembe, Chloe; Kelvin, David J.; Pratt, Catherine; Ayouba, Ahidjo; Tessema, Sofonias; Mauro Rezende, Antonio; Hensley, Lisa E.; Delaporte, Eric; Mwamba, Dieudonne; Subissi, Lorenzo; Liesenborghs, Laurens; Hoff, Nicole A.; Peeters, Martine; Low, Nicola; Ahuka-Mundeke, Steve; Muyembe-Tamfum, Jean-Jacques; Rimoin, Anne W.; Kindrachuk, Jason; Vercauteren, Koen; Rambaut, Andrew; Mbala-Kingebeni, Placide"
PP_0012RLX,Ia,None,Democratic Republic of the Congo,Equateur,2024-03-25,194214,0.918796809476241,2025-02-04,"Kinganda-Lusamaki, Eddy; Amuri-Aziza, Adrienne; Luakanda-Ndelemo, Gradi; Makangara-Cigolo, Jean-Claude; Kenye, Michel; Kavira, Sifa; Wawina-Bokalanga, Tony; Merritt, Sydney; Jansen, Daan; Halbrook, Megan; OToole, Aine; Pukuta-Simbu, Elisabeth; Hasivirwe Vakaniaki, Emmanuel; Ola-Mpumbe, Rilia; Kwete-Mbokama, Papy; Akil-Bandali, Prince; Kacita, Cris; Ponga-Museme, Ange; Mapenzi-Kashali, Nelson; Tshiani-Mbaya, Olivier; Paku-Tshambu, Princesse; Dantas, Pedro H. L. F.; De Block, Tessa; Lokilo-Lofiko, Emmanuel; Muswamba-Kayembe, Chloe; Kelvin, David J.; Pratt, Catherine; Ayouba, Ahidjo; Tessema, Sofonias; Mauro Rezende, Antonio; Hensley, Lisa E.; Delaporte, Eric; Mwamba, Dieudonne; Subissi, Lorenzo; Liesenborghs, Laurens; Hoff, Nicole A.; Peeters, Martine; Low, Nicola; Ahuka-Mundeke, Steve; Muyembe-Tamfum, Jean-Jacques; Rimoin, Anne W.; Kindrachuk, Jason; Vercauteren, Koen; Rambaut, Andrew; Mbala-Kingebeni, Placide"
PP_0012RMV,Ia,None,Democratic Republic of the Congo,Equateur,2024-02-27,188742,0.7297689253533054,2025-02-04,"Kinganda-Lusamaki, Eddy; Amuri-Aziza, Adrienne; Luakanda-Ndelemo, Gradi; Makangara-Cigolo, Jean-Claude; Kenye, Michel; Kavira, Sifa; Wawina-Bokalanga, Tony; Merritt, Sydney; Jansen, Daan; Halbrook, Megan; OToole, Aine; Pukuta-Simbu, Elisabeth; Hasivirwe Vakaniaki, Emmanuel; Ola-Mpumbe, Rilia; Kwete-Mbokama, Papy; Akil-Bandali, Prince; Kacita, Cris; Ponga-Museme, Ange; Mapenzi-Kashali, Nelson; Tshiani-Mbaya, Olivier; Paku-Tshambu, Princesse; Dantas, Pedro H. L. F.; De Block, Tessa; Lokilo-Lofiko, Emmanuel; Muswamba-Kayembe, Chloe; Kelvin, David J.; Pratt, Catherine; Ayouba, Ahidjo; Tessema, Sofonias; Mauro Rezende, Antonio; Hensley, Lisa E.; Delaporte, Eric; Mwamba, Dieudonne; Subissi, Lorenzo; Liesenborghs, Laurens; Hoff, Nicole A.; Peeters, Martine; Low, Nicola; Ahuka-Mundeke, Steve; Muyembe-Tamfum, Jean-Jacques; Rimoin, Anne W.; Kindrachuk, Jason; Vercauteren, Koen; Rambaut, Andrew; Mbala-Kingebeni, Placide"
PP_0012RNT,Ia,None,Democratic Republic of the Congo,Equateur,2024-04-14,193035,0.855260155469578,2025-02-04,"Kinganda-Lusamaki, Eddy; Amuri-Aziza, Adrienne; Luakanda-Ndelemo, Gradi; Makangara-Cigolo, Jean-Claude; Kenye, Michel; Kavira, Sifa; Wawina-Bokalanga, Tony; Merritt, Sydney; Jansen, Daan; Halbrook, Megan; OToole, Aine; Pukuta-Simbu, Elisabeth; Hasivirwe Vakaniaki, Emmanuel; Ola-Mpumbe, Rilia; Kwete-Mbokama, Papy; Akil-Bandali, Prince; Kacita, Cris; Ponga-Museme, Ange; Mapenzi-Kashali, Nelson; Tshiani-Mbaya, Olivier; Paku-Tshambu, Princesse; Dantas, Pedro H. L. F.; De Block, Tessa; Lokilo-Lofiko, Emmanuel; Muswamba-Kayembe, Chloe; Kelvin, David J.; Pratt, Catherine; Ayouba, Ahidjo; Tessema, Sofonias; Mauro Rezende, Antonio; Hensley, Lisa E.; Delaporte, Eric; Mwamba, Dieudonne; Subissi, Lorenzo; Liesenborghs, Laurens; Hoff, Nicole A.; Peeters, Martine; Low, Nicola; Ahuka-Mundeke, Steve; Muyembe-Tamfum, Jean-Jacques; Rimoin, Anne W.; Kindrachuk, Jason; Vercauteren, Koen; Rambaut, Andrew; Mbala-Kingebeni, Placide"
PP_0012RPR,Ia,None,Democratic Republic of the Congo,Equateur,2024-04-15,192102,0.8788696256256053,2025-02-04,"Kinganda-Lusamaki, Eddy; Amuri-Aziza, Adrienne; Luakanda-Ndelemo, Gradi; Makangara-Cigolo, Jean-Claude; Kenye, Michel; Kavira, Sifa; Wawina-Bokalanga, Tony; Merritt, Sydney; Jansen, Daan; Halbrook, Megan; OToole, Aine; Pukuta-Simbu, Elisabeth; Hasivirwe Vakaniaki, Emmanuel; Ola-Mpumbe, Rilia; Kwete-Mbokama, Papy; Akil-Bandali, Prince; Kacita, Cris; Ponga-Museme, Ange; Mapenzi-Kashali, Nelson; Tshiani-Mbaya, Olivier; Paku-Tshambu, Princesse; Dantas, Pedro H. L. F.; De Block, Tessa; Lokilo-Lofiko, Emmanuel; Muswamba-Kayembe, Chloe; Kelvin, David J.; Pratt, Catherine; Ayouba, Ahidjo; Tessema, Sofonias; Mauro Rezende, Antonio; Hensley, Lisa E.; Delaporte, Eric; Mwamba, Dieudonne; Subissi, Lorenzo; Liesenborghs, Laurens; Hoff, Nicole A.; Peeters, Martine; Low, Nicola; Ahuka-Mundeke, Steve; Muyembe-Tamfum, Jean-Jacques; Rimoin, Anne W.; Kindrachuk, Jason; Vercauteren, Koen; Rambaut, Andrew; Mbala-Kingebeni, Placide"
PP_0012RQP,Ia,None,Democratic Republic of the Congo,Equateur,2024-04-15,193377,0.9245318418530596,2025-02-04,"Kinganda-Lusamaki, Eddy; Amuri-Aziza, Adrienne; Luakanda-Ndelemo, Gradi; Makangara-Cigolo, Jean-Claude; Kenye, Michel; Kavira, Sifa; Wawina-Bokalanga, Tony; Merritt, Sydney; Jansen, Daan; Halbrook, Megan; OToole, Aine; Pukuta-Simbu, Elisabeth; Hasivirwe Vakaniaki, Emmanuel; Ola-Mpumbe, Rilia; Kwete-Mbokama, Papy; Akil-Bandali, Prince; Kacita, Cris; Ponga-Museme, Ange; Mapenzi-Kashali, Nelson; Tshiani-Mbaya, Olivier; Paku-Tshambu, Princesse; Dantas, Pedro H. L. F.; De Block, Tessa; Lokilo-Lofiko, Emmanuel; Muswamba-Kayembe, Chloe; Kelvin, David J.; Pratt, Catherine; Ayouba, Ahidjo; Tessema, Sofonias; Mauro Rezende, Antonio; Hensley, Lisa E.; Delaporte, Eric; Mwamba, Dieudonne; Subissi, Lorenzo; Liesenborghs, Laurens; Hoff, Nicole A.; Peeters, Martine; Low, Nicola; Ahuka-Mundeke, Steve; Muyembe-Tamfum, Jean-Jacques; Rimoin, Anne W.; Kindrachuk, Jason; Vercauteren, Koen; Rambaut, Andrew; Mbala-Kingebeni, Placide"
PP_0012RRM,Ia,None,Democratic Republic of the Congo,Equateur,2024-04-19,193074,0.9141469202724014,2025-02-04,"Kinganda-Lusamaki, Eddy; Amuri-Aziza, Adrienne; Luakanda-Ndelemo, Gradi; Makangara-Cigolo, Jean-Claude; Kenye, Michel; Kavira, Sifa; Wawina-Bokalanga, Tony; Merritt, Sydney; Jansen, Daan; Halbrook, Megan; OToole, Aine; Pukuta-Simbu, Elisabeth; Hasivirwe Vakaniaki, Emmanuel; Ola-Mpumbe, Rilia; Kwete-Mbokama, Papy; Akil-Bandali, Prince; Kacita, Cris; Ponga-Museme, Ange; Mapenzi-Kashali, Nelson; Tshiani-Mbaya, Olivier; Paku-Tshambu, Princesse; Dantas, Pedro H. L. F.; De Block, Tessa; Lokilo-Lofiko, Emmanuel; Muswamba-Kayembe, Chloe; Kelvin, David J.; Pratt, Catherine; Ayouba, Ahidjo; Tessema, Sofonias; Mauro Rezende, Antonio; Hensley, Lisa E.; Delaporte, Eric; Mwamba, Dieudonne; Subissi, Lorenzo; Liesenborghs, Laurens; Hoff, Nicole A.; Peeters, Martine; Low, Nicola; Ahuka-Mundeke, Steve; Muyembe-Tamfum, Jean-Jacques; Rimoin, Anne W.; Kindrachuk, Jason; Vercauteren, Koen; Rambaut, Andrew; Mbala-Kingebeni, Placide"
PP_0012RSK,Ia,None,Democratic Republic of the Congo,Equateur,2024-04-19,191553,0.9034070453174043,2025-02-04,"Kinganda-Lusamaki, Eddy; Amuri-Aziza, Adrienne; Luakanda-Ndelemo, Gradi; Makangara-Cigolo, Jean-Claude; Kenye, Michel; Kavira, Sifa; Wawina-Bokalanga, Tony; Merritt, Sydney; Jansen, Daan; Halbrook, Megan; OToole, Aine; Pukuta-Simbu, Elisabeth; Hasivirwe Vakaniaki, Emmanuel; Ola-Mpumbe, Rilia; Kwete-Mbokama, Papy; Akil-Bandali, Prince; Kacita, Cris; Ponga-Museme, Ange; Mapenzi-Kashali, Nelson; Tshiani-Mbaya, Olivier; Paku-Tshambu, Princesse; Dantas, Pedro H. L. F.; De Block, Tessa; Lokilo-Lofiko, Emmanuel; Muswamba-Kayembe, Chloe; Kelvin, David J.; Pratt, Catherine; Ayouba, Ahidjo; Tessema, Sofonias; Mauro Rezende, Antonio; Hensley, Lisa E.; Delaporte, Eric; Mwamba, Dieudonne; Subissi, Lorenzo; Liesenborghs, Laurens; Hoff, Nicole A.; Peeters, Martine; Low, Nicola; Ahuka-Mundeke, Steve; Muyembe-Tamfum, Jean-Jacques; Rimoin, Anne W.; Kindrachuk, Jason; Vercauteren, Koen; Rambaut, Andrew; Mbala-Kingebeni, Placide"
PP_0012RTH,Ia,None,Democratic Republic of the Congo,Equateur,2024-04-19,193867,0.9222347864448376,2025-02-04,"Kinganda-Lusamaki, Eddy; Amuri-Aziza, Adrienne; Luakanda-Ndelemo, Gradi; Makangara-Cigolo, Jean-Claude; Kenye, Michel; Kavira, Sifa; Wawina-Bokalanga, Tony; Merritt, Sydney; Jansen, Daan; Halbrook, Megan; OToole, Aine; Pukuta-Simbu, Elisabeth; Hasivirwe Vakaniaki, Emmanuel; Ola-Mpumbe, Rilia; Kwete-Mbokama, Papy; Akil-Bandali, Prince; Kacita, Cris; Ponga-Museme, Ange; Mapenzi-Kashali, Nelson; Tshiani-Mbaya, Olivier; Paku-Tshambu, Princesse; Dantas, Pedro H. L. F.; De Block, Tessa; Lokilo-Lofiko, Emmanuel; Muswamba-Kayembe, Chloe; Kelvin, David J.; Pratt, Catherine; Ayouba, Ahidjo; Tessema, Sofonias; Mauro Rezende, Antonio; Hensley, Lisa E.; Delaporte, Eric; Mwamba, Dieudonne; Subissi, Lorenzo; Liesenborghs, Laurens; Hoff, Nicole A.; Peeters, Martine; Low, Nicola; Ahuka-Mundeke, Steve; Muyembe-Tamfum, Jean-Jacques; Rimoin, Anne W.; Kindrachuk, Jason; Vercauteren, Koen; Rambaut, Andrew; Mbala-Kingebeni, Placide"
PP_0012RUF,Ia,None,Democratic Republic of the Congo,Equateur,2024-04-19,192134,0.9098925505428253,2025-02-04,"Kinganda-Lusamaki, Eddy; Amuri-Aziza, Adrienne; Luakanda-Ndelemo, Gradi; Makangara-Cigolo, Jean-Claude; Kenye, Michel; Kavira, Sifa; Wawina-Bokalanga, Tony; Merritt, Sydney; Jansen, Daan; Halbrook, Megan; OToole, Aine; Pukuta-Simbu, Elisabeth; Hasivirwe Vakaniaki, Emmanuel; Ola-Mpumbe, Rilia; Kwete-Mbokama, Papy; Akil-Bandali, Prince; Kacita, Cris; Ponga-Museme, Ange; Mapenzi-Kashali, Nelson; Tshiani-Mbaya, Olivier; Paku-Tshambu, Princesse; Dantas, Pedro H. L. F.; De Block, Tessa; Lokilo-Lofiko, Emmanuel; Muswamba-Kayembe, Chloe; Kelvin, David J.; Pratt, Catherine; Ayouba, Ahidjo; Tessema, Sofonias; Mauro Rezende, Antonio; Hensley, Lisa E.; Delaporte, Eric; Mwamba, Dieudonne; Subissi, Lorenzo; Liesenborghs, Laurens; Hoff, Nicole A.; Peeters, Martine; Low, Nicola; Ahuka-Mundeke, Steve; Muyembe-Tamfum, Jean-Jacques; Rimoin, Anne W.; Kindrachuk, Jason; Vercauteren, Koen; Rambaut, Andrew; Mbala-Kingebeni, Placide"
PP_0012RVD,Ia,None,Democratic Republic of the Congo,Equateur,2024-04-19,195289,0.888848886207019,2025-02-04,"Kinganda-Lusamaki, Eddy; Amuri-Aziza, Adrienne; Luakanda-Ndelemo, Gradi; Makangara-Cigolo, Jean-Claude; Kenye, Michel; Kavira, Sifa; Wawina-Bokalanga, Tony; Merritt, Sydney; Jansen, Daan; Halbrook, Megan; OToole, Aine; Pukuta-Simbu, Elisabeth; Hasivirwe Vakaniaki, Emmanuel; Ola-Mpumbe, Rilia; Kwete-Mbokama, Papy; Akil-Bandali, Prince; Kacita, Cris; Ponga-Museme, Ange; Mapenzi-Kashali, Nelson; Tshiani-Mbaya, Olivier; Paku-Tshambu, Princesse; Dantas, Pedro H. L. F.; De Block, Tessa; Lokilo-Lofiko, Emmanuel; Muswamba-Kayembe, Chloe; Kelvin, David J.; Pratt, Catherine; Ayouba, Ahidjo; Tessema, Sofonias; Mauro Rezende, Antonio; Hensley, Lisa E.; Delaporte, Eric; Mwamba, Dieudonne; Subissi, Lorenzo; Liesenborghs, Laurens; Hoff, Nicole A.; Peeters, Martine; Low, Nicola; Ahuka-Mundeke, Steve; Muyembe-Tamfum, Jean-Jacques; Rimoin, Anne W.; Kindrachuk, Jason; Vercauteren, Koen; Rambaut, Andrew; Mbala-Kingebeni, Placide"
PP_0012RWB,Ia,None,Democratic Republic of the Congo,Equateur,2024-04-24,192213,0.8998473700490343,2025-02-04,"Kinganda-Lusamaki, Eddy; Amuri-Aziza, Adrienne; Luakanda-Ndelemo, Gradi; Makangara-Cigolo, Jean-Claude; Kenye, Michel; Kavira, Sifa; Wawina-Bokalanga, Tony; Merritt, Sydney; Jansen, Daan; Halbrook, Megan; OToole, Aine; Pukuta-Simbu, Elisabeth; Hasivirwe Vakaniaki, Emmanuel; Ola-Mpumbe, Rilia; Kwete-Mbokama, Papy; Akil-Bandali, Prince; Kacita, Cris; Ponga-Museme, Ange; Mapenzi-Kashali, Nelson; Tshiani-Mbaya, Olivier; Paku-Tshambu, Princesse; Dantas, Pedro H. L. F.; De Block, Tessa; Lokilo-Lofiko, Emmanuel; Muswamba-Kayembe, Chloe; Kelvin, David J.; Pratt, Catherine; Ayouba, Ahidjo; Tessema, Sofonias; Mauro Rezende, Antonio; Hensley, Lisa E.; Delaporte, Eric; Mwamba, Dieudonne; Subissi, Lorenzo; Liesenborghs, Laurens; Hoff, Nicole A.; Peeters, Martine; Low, Nicola; Ahuka-Mundeke, Steve; Muyembe-Tamfum, Jean-Jacques; Rimoin, Anne W.; Kindrachuk, Jason; Vercauteren, Koen; Rambaut, Andrew; Mbala-Kingebeni, Placide"
PP_0012RX9,Ia,None,Democratic Republic of the Congo,Maindombe,2024-03-25,193882,0.917290793016546,2025-02-04,"Mbala-Kingebeni, Placide; Wawina-Bokalanga, Tony; Merritt, Sydney; Kinganda-Lusamaki, Eddy; Jansen, Daan; Halbrook, Megan; OToole, Aine; Pukuta-Simbu, Elisabeth; Hasivirwe Vakaniaki, Emmanuel; Ola-Mpumbe, Rilia; Kwete-Mbokama, Papy; Akil-Bandali, Prince; Kacita, Cris; Ponga-Museme, Ange; Mapenzi-Kashali, Nelson; Amuri-Aziza, Adrienne; Tshiani-Mbaya, Olivier; Paku-Tshambu, Princesse; Dantas, Pedro H. L. F.; De Block, Tessa; Lokilo-Lofiko, Emmanuel; Muswamba-Kayembe, Chloe; Makangara-Cigolo, Jean-Claude; Luakanda-Ndelemo, Gradi; Kelvin, David J.; Pratt, Catherine; Ayouba, Ahidjo; Tessema, Sofonias; Mauro Rezende, Antonio; Hensley, Lisa E.; Delaporte, Eric; Mwamba, Dieudonne; Subissi, Lorenzo; Liesenborghs, Laurens; Hoff, Nicole A.; Peeters, Martine; Low, Nicola; Rimoin, Anne W.; Kindrachuk, Jason; Vercauteren, Koen; Rambaut, Andrew; Ahuka-Mundeke, Steve; Muyembe-Tamfum, Jean-Jacques"
PP_0012RY7,Ia,None,Democratic Republic of the Congo,Maindombe,2024-03-28,194290,0.9378831594906926,2025-02-04,"Mbala-Kingebeni, Placide; Wawina-Bokalanga, Tony; Merritt, Sydney; Kinganda-Lusamaki, Eddy; Jansen, Daan; Halbrook, Megan; OToole, Aine; Pukuta-Simbu, Elisabeth; Hasivirwe Vakaniaki, Emmanuel; Ola-Mpumbe, Rilia; Kwete-Mbokama, Papy; Akil-Bandali, Prince; Kacita, Cris; Ponga-Museme, Ange; Mapenzi-Kashali, Nelson; Amuri-Aziza, Adrienne; Tshiani-Mbaya, Olivier; Paku-Tshambu, Princesse; Dantas, Pedro H. L. F.; De Block, Tessa; Lokilo-Lofiko, Emmanuel; Muswamba-Kayembe, Chloe; Makangara-Cigolo, Jean-Claude; Luakanda-Ndelemo, Gradi; Kelvin, David J.; Pratt, Catherine; Ayouba, Ahidjo; Tessema, Sofonias; Mauro Rezende, Antonio; Hensley, Lisa E.; Delaporte, Eric; Mwamba, Dieudonne; Subissi, Lorenzo; Liesenborghs, Laurens; Hoff, Nicole A.; Peeters, Martine; Low, Nicola; Rimoin, Anne W.; Kindrachuk, Jason; Vercauteren, Koen; Rambaut, Andrew; Ahuka-Mundeke, Steve; Muyembe-Tamfum, Jean-Jacques"
PP_0012RZ5,Ia,None,Democratic Republic of the Congo,Maindombe,2024-03-28,193665,0.9096947908056936,2025-02-04,"Mbala-Kingebeni, Placide; Wawina-Bokalanga, Tony; Merritt, Sydney; Kinganda-Lusamaki, Eddy; Jansen, Daan; Halbrook, Megan; OToole, Aine; Pukuta-Simbu, Elisabeth; Hasivirwe Vakaniaki, Emmanuel; Ola-Mpumbe, Rilia; Kwete-Mbokama, Papy; Akil-Bandali, Prince; Kacita, Cris; Ponga-Museme, Ange; Mapenzi-Kashali, Nelson; Amuri-Aziza, Adrienne; Tshiani-Mbaya, Olivier; Paku-Tshambu, Princesse; Dantas, Pedro H. L. F.; De Block, Tessa; Lokilo-Lofiko, Emmanuel; Muswamba-Kayembe, Chloe; Makangara-Cigolo, Jean-Claude; Luakanda-Ndelemo, Gradi; Kelvin, David J.; Pratt, Catherine; Ayouba, Ahidjo; Tessema, Sofonias; Mauro Rezende, Antonio; Hensley, Lisa E.; Delaporte, Eric; Mwamba, Dieudonne; Subissi, Lorenzo; Liesenborghs, Laurens; Hoff, Nicole A.; Peeters, Martine; Low, Nicola; Rimoin, Anne W.; Kindrachuk, Jason; Vercauteren, Koen; Rambaut, Andrew; Ahuka-Mundeke, Steve; Muyembe-Tamfum, Jean-Jacques"
PP_0012S03,Ia,None,Democratic Republic of the Congo,Maindombe,2024-03-27,193852,0.8518779568883773,2025-02-04,"Mbala-Kingebeni, Placide; Wawina-Bokalanga, Tony; Merritt, Sydney; Kinganda-Lusamaki, Eddy; Jansen, Daan; Halbrook, Megan; OToole, Aine; Pukuta-Simbu, Elisabeth; Hasivirwe Vakaniaki, Emmanuel; Ola-Mpumbe, Rilia; Kwete-Mbokama, Papy; Akil-Bandali, Prince; Kacita, Cris; Ponga-Museme, Ange; Mapenzi-Kashali, Nelson; Amuri-Aziza, Adrienne; Tshiani-Mbaya, Olivier; Paku-Tshambu, Princesse; Dantas, Pedro H. L. F.; De Block, Tessa; Lokilo-Lofiko, Emmanuel; Muswamba-Kayembe, Chloe; Makangara-Cigolo, Jean-Claude; Luakanda-Ndelemo, Gradi; Kelvin, David J.; Pratt, Catherine; Ayouba, Ahidjo; Tessema, Sofonias; Mauro Rezende, Antonio; Hensley, Lisa E.; Delaporte, Eric; Mwamba, Dieudonne; Subissi, Lorenzo; Liesenborghs, Laurens; Hoff, Nicole A.; Peeters, Martine; Low, Nicola; Rimoin, Anne W.; Kindrachuk, Jason; Vercauteren, Koen; Rambaut, Andrew; Ahuka-Mundeke, Steve; Muyembe-Tamfum, Jean-Jacques"
PP_0012S11,Ia,None,Democratic Republic of the Congo,Maindombe,2024-04-07,194205,0.9097049323306744,2025-02-04,"Mbala-Kingebeni, Placide; Wawina-Bokalanga, Tony; Merritt, Sydney; Kinganda-Lusamaki, Eddy; Jansen, Daan; Halbrook, Megan; OToole, Aine; Pukuta-Simbu, Elisabeth; Hasivirwe Vakaniaki, Emmanuel; Ola-Mpumbe, Rilia; Kwete-Mbokama, Papy; Akil-Bandali, Prince; Kacita, Cris; Ponga-Museme, Ange; Mapenzi-Kashali, Nelson; Amuri-Aziza, Adrienne; Tshiani-Mbaya, Olivier; Paku-Tshambu, Princesse; Dantas, Pedro H. L. F.; De Block, Tessa; Lokilo-Lofiko, Emmanuel; Muswamba-Kayembe, Chloe; Makangara-Cigolo, Jean-Claude; Luakanda-Ndelemo, Gradi; Kelvin, David J.; Pratt, Catherine; Ayouba, Ahidjo; Tessema, Sofonias; Mauro Rezende, Antonio; Hensley, Lisa E.; Delaporte, Eric; Mwamba, Dieudonne; Subissi, Lorenzo; Liesenborghs, Laurens; Hoff, Nicole A.; Peeters, Martine; Low, Nicola; Rimoin, Anne W.; Kindrachuk, Jason; Vercauteren, Koen; Rambaut, Andrew; Ahuka-Mundeke, Steve; Muyembe-Tamfum, Jean-Jacques"
PP_0012S2Z,Ia,None,Democratic Republic of the Congo,Equateur,2024-03-21,196749,0.9456667799136956,2025-02-04,"Kinganda-Lusamaki, Eddy; Amuri-Aziza, Adrienne; Luakanda-Ndelemo, Gradi; Makangara-Cigolo, Jean-Claude; Kenye, Michel; Kavira, Sifa; Wawina-Bokalanga, Tony; Merritt, Sydney; Jansen, Daan; Halbrook, Megan; OToole, Aine; Pukuta-Simbu, Elisabeth; Hasivirwe Vakaniaki, Emmanuel; Ola-Mpumbe, Rilia; Kwete-Mbokama, Papy; Akil-Bandali, Prince; Kacita, Cris; Ponga-Museme, Ange; Mapenzi-Kashali, Nelson; Tshiani-Mbaya, Olivier; Paku-Tshambu, Princesse; Dantas, Pedro H. L. F.; De Block, Tessa; Lokilo-Lofiko, Emmanuel; Muswamba-Kayembe, Chloe; Kelvin, David J.; Pratt, Catherine; Ayouba, Ahidjo; Tessema, Sofonias; Mauro Rezende, Antonio; Hensley, Lisa E.; Delaporte, Eric; Mwamba, Dieudonne; Subissi, Lorenzo; Liesenborghs, Laurens; Hoff, Nicole A.; Peeters, Martine; Low, Nicola; Ahuka-Mundeke, Steve; Muyembe-Tamfum, Jean-Jacques; Rimoin, Anne W.; Kindrachuk, Jason; Vercauteren, Koen; Rambaut, Andrew; Mbala-Kingebeni, Placide"
PP_0012S3X,Ia,None,Democratic Republic of the Congo,Maindombe,2024-04-14,196823,0.9978804212789476,2025-02-04,"Mbala-Kingebeni, Placide; Wawina-Bokalanga, Tony; Merritt, Sydney; Kinganda-Lusamaki, Eddy; Jansen, Daan; Halbrook, Megan; OToole, Aine; Pukuta-Simbu, Elisabeth; Hasivirwe Vakaniaki, Emmanuel; Ola-Mpumbe, Rilia; Kwete-Mbokama, Papy; Akil-Bandali, Prince; Kacita, Cris; Ponga-Museme, Ange; Mapenzi-Kashali, Nelson; Amuri-Aziza, Adrienne; Tshiani-Mbaya, Olivier; Paku-Tshambu, Princesse; Dantas, Pedro H. L. F.; De Block, Tessa; Lokilo-Lofiko, Emmanuel; Muswamba-Kayembe, Chloe; Makangara-Cigolo, Jean-Claude; Luakanda-Ndelemo, Gradi; Kelvin, David J.; Pratt, Catherine; Ayouba, Ahidjo; Tessema, Sofonias; Mauro Rezende, Antonio; Hensley, Lisa E.; Delaporte, Eric; Mwamba, Dieudonne; Subissi, Lorenzo; Liesenborghs, Laurens; Hoff, Nicole A.; Peeters, Martine; Low, Nicola; Rimoin, Anne W.; Kindrachuk, Jason; Vercauteren, Koen; Rambaut, Andrew; Ahuka-Mundeke, Steve; Muyembe-Tamfum, Jean-Jacques"
PP_0012S4V,Ia,None,Democratic Republic of the Congo,Maindombe,2024-04-09,196825,0.9988945737770588,2025-02-04,"Mbala-Kingebeni, Placide; Wawina-Bokalanga, Tony; Merritt, Sydney; Kinganda-Lusamaki, Eddy; Jansen, Daan; Halbrook, Megan; OToole, Aine; Pukuta-Simbu, Elisabeth; Hasivirwe Vakaniaki, Emmanuel; Ola-Mpumbe, Rilia; Kwete-Mbokama, Papy; Akil-Bandali, Prince; Kacita, Cris; Ponga-Museme, Ange; Mapenzi-Kashali, Nelson; Amuri-Aziza, Adrienne; Tshiani-Mbaya, Olivier; Paku-Tshambu, Princesse; Dantas, Pedro H. L. F.; De Block, Tessa; Lokilo-Lofiko, Emmanuel; Muswamba-Kayembe, Chloe; Makangara-Cigolo, Jean-Claude; Luakanda-Ndelemo, Gradi; Kelvin, David J.; Pratt, Catherine; Ayouba, Ahidjo; Tessema, Sofonias; Mauro Rezende, Antonio; Hensley, Lisa E.; Delaporte, Eric; Mwamba, Dieudonne; Subissi, Lorenzo; Liesenborghs, Laurens; Hoff, Nicole A.; Peeters, Martine; Low, Nicola; Rimoin, Anne W.; Kindrachuk, Jason; Vercauteren, Koen; Rambaut, Andrew; Ahuka-Mundeke, Steve; Muyembe-Tamfum, Jean-Jacques"
PP_0012S5T,Ia,None,Democratic Republic of the Congo,Mongala,2024-04-08,196858,0.9966583675187238,2025-02-04,"Mbala-Kingebeni, Placide; Wawina-Bokalanga, Tony; Merritt, Sydney; Kinganda-Lusamaki, Eddy; Jansen, Daan; Halbrook, Megan; OToole, Aine; Pukuta-Simbu, Elisabeth; Hasivirwe Vakaniaki, Emmanuel; Ola-Mpumbe, Rilia; Kwete-Mbokama, Papy; Akil-Bandali, Prince; Kacita, Cris; Ponga-Museme, Ange; Mapenzi-Kashali, Nelson; Amuri-Aziza, Adrienne; Tshiani-Mbaya, Olivier; Paku-Tshambu, Princesse; Dantas, Pedro H. L. F.; De Block, Tessa; Lokilo-Lofiko, Emmanuel; Muswamba-Kayembe, Chloe; Makangara-Cigolo, Jean-Claude; Luakanda-Ndelemo, Gradi; Kelvin, David J.; Pratt, Catherine; Ayouba, Ahidjo; Tessema, Sofonias; Mauro Rezende, Antonio; Hensley, Lisa E.; Delaporte, Eric; Mwamba, Dieudonne; Subissi, Lorenzo; Liesenborghs, Laurens; Hoff, Nicole A.; Peeters, Martine; Low, Nicola; Rimoin, Anne W.; Kindrachuk, Jason; Vercauteren, Koen; Rambaut, Andrew; Ahuka-Mundeke, Steve; Muyembe-Tamfum, Jean-Jacques"
PP_0012S6R,Ia,None,Democratic Republic of the Congo,Mongala,2024-04-14,196873,0.9986258233650596,2025-02-04,"Mbala-Kingebeni, Placide; Wawina-Bokalanga, Tony; Merritt, Sydney; Kinganda-Lusamaki, Eddy; Jansen, Daan; Halbrook, Megan; OToole, Aine; Pukuta-Simbu, Elisabeth; Hasivirwe Vakaniaki, Emmanuel; Ola-Mpumbe, Rilia; Kwete-Mbokama, Papy; Akil-Bandali, Prince; Kacita, Cris; Ponga-Museme, Ange; Mapenzi-Kashali, Nelson; Amuri-Aziza, Adrienne; Tshiani-Mbaya, Olivier; Paku-Tshambu, Princesse; Dantas, Pedro H. L. F.; De Block, Tessa; Lokilo-Lofiko, Emmanuel; Muswamba-Kayembe, Chloe; Makangara-Cigolo, Jean-Claude; Luakanda-Ndelemo, Gradi; Kelvin, David J.; Pratt, Catherine; Ayouba, Ahidjo; Tessema, Sofonias; Mauro Rezende, Antonio; Hensley, Lisa E.; Delaporte, Eric; Mwamba, Dieudonne; Subissi, Lorenzo; Liesenborghs, Laurens; Hoff, Nicole A.; Peeters, Martine; Low, Nicola; Rimoin, Anne W.; Kindrachuk, Jason; Vercauteren, Koen; Rambaut, Andrew; Ahuka-Mundeke, Steve; Muyembe-Tamfum, Jean-Jacques"
PP_0012S7P,Ia,None,Democratic Republic of the Congo,Sud-Ubangi,2024-04-10,196867,0.9992191025764544,2025-02-04,"Amuri-Aziza, Adrienne; Luakanda-Ndelemo, Gradi; Kinganda-Lusamaki, Eddy; Makangara-Cigolo, Jean-Claude; Kenye, Michel; Kavira, Sifa; Wawina-Bokalanga, Tony; Merritt, Sydney; Jansen, Daan; Halbrook, Megan; OToole, Aine; Pukuta-Simbu, Elisabeth; Hasivirwe Vakaniaki, Emmanuel; Ola-Mpumbe, Rilia; Kwete-Mbokama, Papy; Akil-Bandali, Prince; Kacita, Cris; Ponga-Museme, Ange; Mapenzi-Kashali, Nelson; Tshiani-Mbaya, Olivier; Paku-Tshambu, Princesse; Dantas, Pedro H. L. F.; De Block, Tessa; Lokilo-Lofiko, Emmanuel; Muswamba-Kayembe, Chloe; Kelvin, David J.; Pratt, Catherine; Ayouba, Ahidjo; Tessema, Sofonias; Mauro Rezende, Antonio; Hensley, Lisa E.; Delaporte, Eric; Mwamba, Dieudonne; Subissi, Lorenzo; Liesenborghs, Laurens; Hoff, Nicole A.; Peeters, Martine; Low, Nicola; Ahuka-Mundeke, Steve; Muyembe-Tamfum, Jean-Jacques; Rimoin, Anne W.; Kindrachuk, Jason; Vercauteren, Koen; Rambaut, Andrew; Mbala-Kingebeni, Placide"
PP_0012S8M,Ia,None,Democratic Republic of the Congo,Sud-Ubangi,2024-04-10,196887,0.9991582534265676,2025-02-04,"Amuri-Aziza, Adrienne; Luakanda-Ndelemo, Gradi; Kinganda-Lusamaki, Eddy; Makangara-Cigolo, Jean-Claude; Kenye, Michel; Kavira, Sifa; Wawina-Bokalanga, Tony; Merritt, Sydney; Jansen, Daan; Halbrook, Megan; OToole, Aine; Pukuta-Simbu, Elisabeth; Hasivirwe Vakaniaki, Emmanuel; Ola-Mpumbe, Rilia; Kwete-Mbokama, Papy; Akil-Bandali, Prince; Kacita, Cris; Ponga-Museme, Ange; Mapenzi-Kashali, Nelson; Tshiani-Mbaya, Olivier; Paku-Tshambu, Princesse; Dantas, Pedro H. L. F.; De Block, Tessa; Lokilo-Lofiko, Emmanuel; Muswamba-Kayembe, Chloe; Kelvin, David J.; Pratt, Catherine; Ayouba, Ahidjo; Tessema, Sofonias; Mauro Rezende, Antonio; Hensley, Lisa E.; Delaporte, Eric; Mwamba, Dieudonne; Subissi, Lorenzo; Liesenborghs, Laurens; Hoff, Nicole A.; Peeters, Martine; Low, Nicola; Ahuka-Mundeke, Steve; Muyembe-Tamfum, Jean-Jacques; Rimoin, Anne W.; Kindrachuk, Jason; Vercauteren, Koen; Rambaut, Andrew; Mbala-Kingebeni, Placide"
PP_0012S9K,Ia,None,Democratic Republic of the Congo,Sud-Ubangi,2024-04-14,196881,0.998767804714795,2025-02-04,"Amuri-Aziza, Adrienne; Luakanda-Ndelemo, Gradi; Kinganda-Lusamaki, Eddy; Makangara-Cigolo, Jean-Claude; Kenye, Michel; Kavira, Sifa; Wawina-Bokalanga, Tony; Merritt, Sydney; Jansen, Daan; Halbrook, Megan; OToole, Aine; Pukuta-Simbu, Elisabeth; Hasivirwe Vakaniaki, Emmanuel; Ola-Mpumbe, Rilia; Kwete-Mbokama, Papy; Akil-Bandali, Prince; Kacita, Cris; Ponga-Museme, Ange; Mapenzi-Kashali, Nelson; Tshiani-Mbaya, Olivier; Paku-Tshambu, Princesse; Dantas, Pedro H. L. F.; De Block, Tessa; Lokilo-Lofiko, Emmanuel; Muswamba-Kayembe, Chloe; Kelvin, David J.; Pratt, Catherine; Ayouba, Ahidjo; Tessema, Sofonias; Mauro Rezende, Antonio; Hensley, Lisa E.; Delaporte, Eric; Mwamba, Dieudonne; Subissi, Lorenzo; Liesenborghs, Laurens; Hoff, Nicole A.; Peeters, Martine; Low, Nicola; Ahuka-Mundeke, Steve; Muyembe-Tamfum, Jean-Jacques; Rimoin, Anne W.; Kindrachuk, Jason; Vercauteren, Koen; Rambaut, Andrew; Mbala-Kingebeni, Placide"
PP_0012SAH,Ia,None,Democratic Republic of the Congo,Sud-Ubangi,2024-04-19,196772,0.9988895030145682,2025-02-04,"Amuri-Aziza, Adrienne; Luakanda-Ndelemo, Gradi; Kinganda-Lusamaki, Eddy; Makangara-Cigolo, Jean-Claude; Kenye, Michel; Kavira, Sifa; Wawina-Bokalanga, Tony; Merritt, Sydney; Jansen, Daan; Halbrook, Megan; OToole, Aine; Pukuta-Simbu, Elisabeth; Hasivirwe Vakaniaki, Emmanuel; Ola-Mpumbe, Rilia; Kwete-Mbokama, Papy; Akil-Bandali, Prince; Kacita, Cris; Ponga-Museme, Ange; Mapenzi-Kashali, Nelson; Tshiani-Mbaya, Olivier; Paku-Tshambu, Princesse; Dantas, Pedro H. L. F.; De Block, Tessa; Lokilo-Lofiko, Emmanuel; Muswamba-Kayembe, Chloe; Kelvin, David J.; Pratt, Catherine; Ayouba, Ahidjo; Tessema, Sofonias; Mauro Rezende, Antonio; Hensley, Lisa E.; Delaporte, Eric; Mwamba, Dieudonne; Subissi, Lorenzo; Liesenborghs, Laurens; Hoff, Nicole A.; Peeters, Martine; Low, Nicola; Ahuka-Mundeke, Steve; Muyembe-Tamfum, Jean-Jacques; Rimoin, Anne W.; Kindrachuk, Jason; Vercauteren, Koen; Rambaut, Andrew; Mbala-Kingebeni, Placide"
PP_0012SBF,Ia,None,Democratic Republic of the Congo,Sud-Ubangi,2024-04-21,196739,0.9987576631898138,2025-02-04,"Amuri-Aziza, Adrienne; Luakanda-Ndelemo, Gradi; Kinganda-Lusamaki, Eddy; Makangara-Cigolo, Jean-Claude; Kenye, Michel; Kavira, Sifa; Wawina-Bokalanga, Tony; Merritt, Sydney; Jansen, Daan; Halbrook, Megan; OToole, Aine; Pukuta-Simbu, Elisabeth; Hasivirwe Vakaniaki, Emmanuel; Ola-Mpumbe, Rilia; Kwete-Mbokama, Papy; Akil-Bandali, Prince; Kacita, Cris; Ponga-Museme, Ange; Mapenzi-Kashali, Nelson; Tshiani-Mbaya, Olivier; Paku-Tshambu, Princesse; Dantas, Pedro H. L. F.; De Block, Tessa; Lokilo-Lofiko, Emmanuel; Muswamba-Kayembe, Chloe; Kelvin, David J.; Pratt, Catherine; Ayouba, Ahidjo; Tessema, Sofonias; Mauro Rezende, Antonio; Hensley, Lisa E.; Delaporte, Eric; Mwamba, Dieudonne; Subissi, Lorenzo; Liesenborghs, Laurens; Hoff, Nicole A.; Peeters, Martine; Low, Nicola; Ahuka-Mundeke, Steve; Muyembe-Tamfum, Jean-Jacques; Rimoin, Anne W.; Kindrachuk, Jason; Vercauteren, Koen; Rambaut, Andrew; Mbala-Kingebeni, Placide"
PP_0012SCD,Ia,None,Democratic Republic of the Congo,Sud-Ubangi,2024-04-19,196823,0.9990923335141906,2025-02-04,"Amuri-Aziza, Adrienne; Luakanda-Ndelemo, Gradi; Kinganda-Lusamaki, Eddy; Makangara-Cigolo, Jean-Claude; Kenye, Michel; Kavira, Sifa; Wawina-Bokalanga, Tony; Merritt, Sydney; Jansen, Daan; Halbrook, Megan; OToole, Aine; Pukuta-Simbu, Elisabeth; Hasivirwe Vakaniaki, Emmanuel; Ola-Mpumbe, Rilia; Kwete-Mbokama, Papy; Akil-Bandali, Prince; Kacita, Cris; Ponga-Museme, Ange; Mapenzi-Kashali, Nelson; Tshiani-Mbaya, Olivier; Paku-Tshambu, Princesse; Dantas, Pedro H. L. F.; De Block, Tessa; Lokilo-Lofiko, Emmanuel; Muswamba-Kayembe, Chloe; Kelvin, David J.; Pratt, Catherine; Ayouba, Ahidjo; Tessema, Sofonias; Mauro Rezende, Antonio; Hensley, Lisa E.; Delaporte, Eric; Mwamba, Dieudonne; Subissi, Lorenzo; Liesenborghs, Laurens; Hoff, Nicole A.; Peeters, Martine; Low, Nicola; Ahuka-Mundeke, Steve; Muyembe-Tamfum, Jean-Jacques; Rimoin, Anne W.; Kindrachuk, Jason; Vercauteren, Koen; Rambaut, Andrew; Mbala-Kingebeni, Placide"
PP_0012SDB,Ia,None,Democratic Republic of the Congo,Tshopo,2024-04-29,196737,0.9994067207886048,2025-02-04,"Ahuka-Mundeke, Steve; Pukuta-Simbu, Elisabeth; Amuri-Aziza, Adrienne; Wawina-Bokalanga, Tony; Merritt, Sydney; Kinganda-Lusamaki, Eddy; Jansen, Daan; Halbrook, Megan; OToole, Aine; Hasivirwe Vakaniaki, Emmanuel; Ola-Mpumbe, Rilia; Kwete-Mbokama, Papy; Akil-Bandali, Prince; Kacita, Cris; Ponga-Museme, Ange; Mapenzi-Kashali, Nelson; Tshiani-Mbaya, Olivier; Paku-Tshambu, Princesse; Dantas, Pedro H. L. F.; De Block, Tessa; Lokilo-Lofiko, Emmanuel; Muswamba-Kayembe, Chloe; Makangara-Cigolo, Jean-Claude; Luakanda-Ndelemo, Gradi; Kelvin, David J.; Pratt, Catherine; Ayouba, Ahidjo; Tessema, Sofonias; Mauro Rezende, Antonio; Hensley, Lisa E.; Delaporte, Eric; Mwamba, Dieudonne; Subissi, Lorenzo; Liesenborghs, Laurens; Hoff, Nicole A.; Peeters, Martine; Low, Nicola; Rimoin, Anne W.; Kindrachuk, Jason; Vercauteren, Koen; Rambaut, Andrew; Mbala-Kingebeni, Placide; Muyembe-Tamfum, Jean-Jacques"
PP_0012SE9,Ia,None,Democratic Republic of the Congo,Nord-Ubangi,2024-06-26,196875,0.998676530989965,2025-02-04,"Muyembe-Tamfum, Jean-Jacques; Wawina-Bokalanga, Tony; Merritt, Sydney; Kinganda-Lusamaki, Eddy; Jansen, Daan; Halbrook, Megan; OToole, Aine; Pukuta-Simbu, Elisabeth; Hasivirwe Vakaniaki, Emmanuel; Ola-Mpumbe, Rilia; Kwete-Mbokama, Papy; Akil-Bandali, Prince; Kacita, Cris; Ponga-Museme, Ange; Mapenzi-Kashali, Nelson; Amuri-Aziza, Adrienne; Tshiani-Mbaya, Olivier; Paku-Tshambu, Princesse; Dantas, Pedro H. L. F.; De Block, Tessa; Lokilo-Lofiko, Emmanuel; Muswamba-Kayembe, Chloe; Makangara-Cigolo, Jean-Claude; Luakanda-Ndelemo, Gradi; Kelvin, David J.; Pratt, Catherine; Ayouba, Ahidjo; Tessema, Sofonias; Mauro Rezende, Antonio; Hensley, Lisa E.; Delaporte, Eric; Mwamba, Dieudonne; Subissi, Lorenzo; Liesenborghs, Laurens; Hoff, Nicole A.; Peeters, Martine; Low, Nicola; Rimoin, Anne W.; Kindrachuk, Jason; Vercauteren, Koen; Rambaut, Andrew; Mbala-Kingebeni, Placide; Ahuka-Mundeke, Steve"
PP_0012SF7,Ia,None,Democratic Republic of the Congo,Sud-Ubangi,2024-06-28,196829,0.9967952781059688,2025-02-04,"Amuri-Aziza, Adrienne; Luakanda-Ndelemo, Gradi; Kinganda-Lusamaki, Eddy; Makangara-Cigolo, Jean-Claude; Kenye, Michel; Kavira, Sifa; Wawina-Bokalanga, Tony; Merritt, Sydney; Jansen, Daan; Halbrook, Megan; OToole, Aine; Pukuta-Simbu, Elisabeth; Hasivirwe Vakaniaki, Emmanuel; Ola-Mpumbe, Rilia; Kwete-Mbokama, Papy; Akil-Bandali, Prince; Kacita, Cris; Ponga-Museme, Ange; Mapenzi-Kashali, Nelson; Tshiani-Mbaya, Olivier; Paku-Tshambu, Princesse; Dantas, Pedro H. L. F.; De Block, Tessa; Lokilo-Lofiko, Emmanuel; Muswamba-Kayembe, Chloe; Kelvin, David J.; Pratt, Catherine; Ayouba, Ahidjo; Tessema, Sofonias; Mauro Rezende, Antonio; Hensley, Lisa E.; Delaporte, Eric; Mwamba, Dieudonne; Subissi, Lorenzo; Liesenborghs, Laurens; Hoff, Nicole A.; Peeters, Martine; Low, Nicola; Ahuka-Mundeke, Steve; Muyembe-Tamfum, Jean-Jacques; Rimoin, Anne W.; Kindrachuk, Jason; Vercauteren, Koen; Rambaut, Andrew; Mbala-Kingebeni, Placide"
PP_0012SG5,Ia,None,Democratic Republic of the Congo,Sud-Ubangi,2024-07-01,196879,0.9994777114634728,2025-02-04,"Amuri-Aziza, Adrienne; Luakanda-Ndelemo, Gradi; Kinganda-Lusamaki, Eddy; Makangara-Cigolo, Jean-Claude; Kenye, Michel; Kavira, Sifa; Wawina-Bokalanga, Tony; Merritt, Sydney; Jansen, Daan; Halbrook, Megan; OToole, Aine; Pukuta-Simbu, Elisabeth; Hasivirwe Vakaniaki, Emmanuel; Ola-Mpumbe, Rilia; Kwete-Mbokama, Papy; Akil-Bandali, Prince; Kacita, Cris; Ponga-Museme, Ange; Mapenzi-Kashali, Nelson; Tshiani-Mbaya, Olivier; Paku-Tshambu, Princesse; Dantas, Pedro H. L. F.; De Block, Tessa; Lokilo-Lofiko, Emmanuel; Muswamba-Kayembe, Chloe; Kelvin, David J.; Pratt, Catherine; Ayouba, Ahidjo; Tessema, Sofonias; Mauro Rezende, Antonio; Hensley, Lisa E.; Delaporte, Eric; Mwamba, Dieudonne; Subissi, Lorenzo; Liesenborghs, Laurens; Hoff, Nicole A.; Peeters, Martine; Low, Nicola; Ahuka-Mundeke, Steve; Muyembe-Tamfum, Jean-Jacques; Rimoin, Anne W.; Kindrachuk, Jason; Vercauteren, Koen; Rambaut, Andrew; Mbala-Kingebeni, Placide"
PP_0012SH2,Ia,None,Democratic Republic of the Congo,Sud-Ubangi,2024-07-08,196776,0.996131008219706,2025-02-04,"Amuri-Aziza, Adrienne; Luakanda-Ndelemo, Gradi; Kinganda-Lusamaki, Eddy; Makangara-Cigolo, Jean-Claude; Kenye, Michel; Kavira, Sifa; Wawina-Bokalanga, Tony; Merritt, Sydney; Jansen, Daan; Halbrook, Megan; OToole, Aine; Pukuta-Simbu, Elisabeth; Hasivirwe Vakaniaki, Emmanuel; Ola-Mpumbe, Rilia; Kwete-Mbokama, Papy; Akil-Bandali, Prince; Kacita, Cris; Ponga-Museme, Ange; Mapenzi-Kashali, Nelson; Tshiani-Mbaya, Olivier; Paku-Tshambu, Princesse; Dantas, Pedro H. L. F.; De Block, Tessa; Lokilo-Lofiko, Emmanuel; Muswamba-Kayembe, Chloe; Kelvin, David J.; Pratt, Catherine; Ayouba, Ahidjo; Tessema, Sofonias; Mauro Rezende, Antonio; Hensley, Lisa E.; Delaporte, Eric; Mwamba, Dieudonne; Subissi, Lorenzo; Liesenborghs, Laurens; Hoff, Nicole A.; Peeters, Martine; Low, Nicola; Ahuka-Mundeke, Steve; Muyembe-Tamfum, Jean-Jacques; Rimoin, Anne W.; Kindrachuk, Jason; Vercauteren, Koen; Rambaut, Andrew; Mbala-Kingebeni, Placide"
PP_0012SJ0,Ia,None,Democratic Republic of the Congo,Tshopo,2024-07-18,196889,0.9989909182643796,2025-02-04,"Ahuka-Mundeke, Steve; Pukuta-Simbu, Elisabeth; Amuri-Aziza, Adrienne; Wawina-Bokalanga, Tony; Merritt, Sydney; Kinganda-Lusamaki, Eddy; Jansen, Daan; Halbrook, Megan; OToole, Aine; Hasivirwe Vakaniaki, Emmanuel; Ola-Mpumbe, Rilia; Kwete-Mbokama, Papy; Akil-Bandali, Prince; Kacita, Cris; Ponga-Museme, Ange; Mapenzi-Kashali, Nelson; Tshiani-Mbaya, Olivier; Paku-Tshambu, Princesse; Dantas, Pedro H. L. F.; De Block, Tessa; Lokilo-Lofiko, Emmanuel; Muswamba-Kayembe, Chloe; Makangara-Cigolo, Jean-Claude; Luakanda-Ndelemo, Gradi; Kelvin, David J.; Pratt, Catherine; Ayouba, Ahidjo; Tessema, Sofonias; Mauro Rezende, Antonio; Hensley, Lisa E.; Delaporte, Eric; Mwamba, Dieudonne; Subissi, Lorenzo; Liesenborghs, Laurens; Hoff, Nicole A.; Peeters, Martine; Low, Nicola; Rimoin, Anne W.; Kindrachuk, Jason; Vercauteren, Koen; Rambaut, Andrew; Mbala-Kingebeni, Placide; Muyembe-Tamfum, Jean-Jacques"
PP_0012SKY,Ia,None,Democratic Republic of the Congo,Maindombe,2024-07-23,196878,0.9985599034526822,2025-02-04,"Mbala-Kingebeni, Placide; Wawina-Bokalanga, Tony; Merritt, Sydney; Kinganda-Lusamaki, Eddy; Jansen, Daan; Halbrook, Megan; OToole, Aine; Pukuta-Simbu, Elisabeth; Hasivirwe Vakaniaki, Emmanuel; Ola-Mpumbe, Rilia; Kwete-Mbokama, Papy; Akil-Bandali, Prince; Kacita, Cris; Ponga-Museme, Ange; Mapenzi-Kashali, Nelson; Amuri-Aziza, Adrienne; Tshiani-Mbaya, Olivier; Paku-Tshambu, Princesse; Dantas, Pedro H. L. F.; De Block, Tessa; Lokilo-Lofiko, Emmanuel; Muswamba-Kayembe, Chloe; Makangara-Cigolo, Jean-Claude; Luakanda-Ndelemo, Gradi; Kelvin, David J.; Pratt, Catherine; Ayouba, Ahidjo; Tessema, Sofonias; Mauro Rezende, Antonio; Hensley, Lisa E.; Delaporte, Eric; Mwamba, Dieudonne; Subissi, Lorenzo; Liesenborghs, Laurens; Hoff, Nicole A.; Peeters, Martine; Low, Nicola; Rimoin, Anne W.; Kindrachuk, Jason; Vercauteren, Koen; Rambaut, Andrew; Ahuka-Mundeke, Steve; Muyembe-Tamfum, Jean-Jacques"
PP_0012SLW,Ia,None,Democratic Republic of the Congo,Maindombe,2024-07-20,196819,0.959038380601291,2025-02-04,"Mbala-Kingebeni, Placide; Wawina-Bokalanga, Tony; Merritt, Sydney; Kinganda-Lusamaki, Eddy; Jansen, Daan; Halbrook, Megan; OToole, Aine; Pukuta-Simbu, Elisabeth; Hasivirwe Vakaniaki, Emmanuel; Ola-Mpumbe, Rilia; Kwete-Mbokama, Papy; Akil-Bandali, Prince; Kacita, Cris; Ponga-Museme, Ange; Mapenzi-Kashali, Nelson; Amuri-Aziza, Adrienne; Tshiani-Mbaya, Olivier; Paku-Tshambu, Princesse; Dantas, Pedro H. L. F.; De Block, Tessa; Lokilo-Lofiko, Emmanuel; Muswamba-Kayembe, Chloe; Makangara-Cigolo, Jean-Claude; Luakanda-Ndelemo, Gradi; Kelvin, David J.; Pratt, Catherine; Ayouba, Ahidjo; Tessema, Sofonias; Mauro Rezende, Antonio; Hensley, Lisa E.; Delaporte, Eric; Mwamba, Dieudonne; Subissi, Lorenzo; Liesenborghs, Laurens; Hoff, Nicole A.; Peeters, Martine; Low, Nicola; Rimoin, Anne W.; Kindrachuk, Jason; Vercauteren, Koen; Rambaut, Andrew; Ahuka-Mundeke, Steve; Muyembe-Tamfum, Jean-Jacques"
PP_0012SMU,Ia,None,Democratic Republic of the Congo,Maindombe,2024-07-20,196872,0.9988083708147194,2025-02-04,"Mbala-Kingebeni, Placide; Wawina-Bokalanga, Tony; Merritt, Sydney; Kinganda-Lusamaki, Eddy; Jansen, Daan; Halbrook, Megan; OToole, Aine; Pukuta-Simbu, Elisabeth; Hasivirwe Vakaniaki, Emmanuel; Ola-Mpumbe, Rilia; Kwete-Mbokama, Papy; Akil-Bandali, Prince; Kacita, Cris; Ponga-Museme, Ange; Mapenzi-Kashali, Nelson; Amuri-Aziza, Adrienne; Tshiani-Mbaya, Olivier; Paku-Tshambu, Princesse; Dantas, Pedro H. L. F.; De Block, Tessa; Lokilo-Lofiko, Emmanuel; Muswamba-Kayembe, Chloe; Makangara-Cigolo, Jean-Claude; Luakanda-Ndelemo, Gradi; Kelvin, David J.; Pratt, Catherine; Ayouba, Ahidjo; Tessema, Sofonias; Mauro Rezende, Antonio; Hensley, Lisa E.; Delaporte, Eric; Mwamba, Dieudonne; Subissi, Lorenzo; Liesenborghs, Laurens; Hoff, Nicole A.; Peeters, Martine; Low, Nicola; Rimoin, Anne W.; Kindrachuk, Jason; Vercauteren, Koen; Rambaut, Andrew; Ahuka-Mundeke, Steve; Muyembe-Tamfum, Jean-Jacques"
PP_0012SNS,Ia,None,Democratic Republic of the Congo,Maindombe,2024-07-20,196807,0.9983976390529844,2025-02-04,"Mbala-Kingebeni, Placide; Wawina-Bokalanga, Tony; Merritt, Sydney; Kinganda-Lusamaki, Eddy; Jansen, Daan; Halbrook, Megan; OToole, Aine; Pukuta-Simbu, Elisabeth; Hasivirwe Vakaniaki, Emmanuel; Ola-Mpumbe, Rilia; Kwete-Mbokama, Papy; Akil-Bandali, Prince; Kacita, Cris; Ponga-Museme, Ange; Mapenzi-Kashali, Nelson; Amuri-Aziza, Adrienne; Tshiani-Mbaya, Olivier; Paku-Tshambu, Princesse; Dantas, Pedro H. L. F.; De Block, Tessa; Lokilo-Lofiko, Emmanuel; Muswamba-Kayembe, Chloe; Makangara-Cigolo, Jean-Claude; Luakanda-Ndelemo, Gradi; Kelvin, David J.; Pratt, Catherine; Ayouba, Ahidjo; Tessema, Sofonias; Mauro Rezende, Antonio; Hensley, Lisa E.; Delaporte, Eric; Mwamba, Dieudonne; Subissi, Lorenzo; Liesenborghs, Laurens; Hoff, Nicole A.; Peeters, Martine; Low, Nicola; Rimoin, Anne W.; Kindrachuk, Jason; Vercauteren, Koen; Rambaut, Andrew; Ahuka-Mundeke, Steve; Muyembe-Tamfum, Jean-Jacques"
PP_0012SPQ,Ia,None,Democratic Republic of the Congo,Maindombe,2024-07-20,196855,0.9988286538646816,2025-02-04,"Mbala-Kingebeni, Placide; Wawina-Bokalanga, Tony; Merritt, Sydney; Kinganda-Lusamaki, Eddy; Jansen, Daan; Halbrook, Megan; OToole, Aine; Pukuta-Simbu, Elisabeth; Hasivirwe Vakaniaki, Emmanuel; Ola-Mpumbe, Rilia; Kwete-Mbokama, Papy; Akil-Bandali, Prince; Kacita, Cris; Ponga-Museme, Ange; Mapenzi-Kashali, Nelson; Amuri-Aziza, Adrienne; Tshiani-Mbaya, Olivier; Paku-Tshambu, Princesse; Dantas, Pedro H. L. F.; De Block, Tessa; Lokilo-Lofiko, Emmanuel; Muswamba-Kayembe, Chloe; Makangara-Cigolo, Jean-Claude; Luakanda-Ndelemo, Gradi; Kelvin, David J.; Pratt, Catherine; Ayouba, Ahidjo; Tessema, Sofonias; Mauro Rezende, Antonio; Hensley, Lisa E.; Delaporte, Eric; Mwamba, Dieudonne; Subissi, Lorenzo; Liesenborghs, Laurens; Hoff, Nicole A.; Peeters, Martine; Low, Nicola; Rimoin, Anne W.; Kindrachuk, Jason; Vercauteren, Koen; Rambaut, Andrew; Ahuka-Mundeke, Steve; Muyembe-Tamfum, Jean-Jacques"
PP_0012SQN,Ia,None,Democratic Republic of the Congo,Maindombe,2024-07-20,196849,0.9988895030145682,2025-02-04,"Mbala-Kingebeni, Placide; Wawina-Bokalanga, Tony; Merritt, Sydney; Kinganda-Lusamaki, Eddy; Jansen, Daan; Halbrook, Megan; OToole, Aine; Pukuta-Simbu, Elisabeth; Hasivirwe Vakaniaki, Emmanuel; Ola-Mpumbe, Rilia; Kwete-Mbokama, Papy; Akil-Bandali, Prince; Kacita, Cris; Ponga-Museme, Ange; Mapenzi-Kashali, Nelson; Amuri-Aziza, Adrienne; Tshiani-Mbaya, Olivier; Paku-Tshambu, Princesse; Dantas, Pedro H. L. F.; De Block, Tessa; Lokilo-Lofiko, Emmanuel; Muswamba-Kayembe, Chloe; Makangara-Cigolo, Jean-Claude; Luakanda-Ndelemo, Gradi; Kelvin, David J.; Pratt, Catherine; Ayouba, Ahidjo; Tessema, Sofonias; Mauro Rezende, Antonio; Hensley, Lisa E.; Delaporte, Eric; Mwamba, Dieudonne; Subissi, Lorenzo; Liesenborghs, Laurens; Hoff, Nicole A.; Peeters, Martine; Low, Nicola; Rimoin, Anne W.; Kindrachuk, Jason; Vercauteren, Koen; Rambaut, Andrew; Ahuka-Mundeke, Steve; Muyembe-Tamfum, Jean-Jacques"
PP_0012SRL,Ia,None,Democratic Republic of the Congo,Maindombe,2024-07-20,196857,0.9990821919892094,2025-02-04,"Mbala-Kingebeni, Placide; Wawina-Bokalanga, Tony; Merritt, Sydney; Kinganda-Lusamaki, Eddy; Jansen, Daan; Halbrook, Megan; OToole, Aine; Pukuta-Simbu, Elisabeth; Hasivirwe Vakaniaki, Emmanuel; Ola-Mpumbe, Rilia; Kwete-Mbokama, Papy; Akil-Bandali, Prince; Kacita, Cris; Ponga-Museme, Ange; Mapenzi-Kashali, Nelson; Amuri-Aziza, Adrienne; Tshiani-Mbaya, Olivier; Paku-Tshambu, Princesse; Dantas, Pedro H. L. F.; De Block, Tessa; Lokilo-Lofiko, Emmanuel; Muswamba-Kayembe, Chloe; Makangara-Cigolo, Jean-Claude; Luakanda-Ndelemo, Gradi; Kelvin, David J.; Pratt, Catherine; Ayouba, Ahidjo; Tessema, Sofonias; Mauro Rezende, Antonio; Hensley, Lisa E.; Delaporte, Eric; Mwamba, Dieudonne; Subissi, Lorenzo; Liesenborghs, Laurens; Hoff, Nicole A.; Peeters, Martine; Low, Nicola; Rimoin, Anne W.; Kindrachuk, Jason; Vercauteren, Koen; Rambaut, Andrew; Ahuka-Mundeke, Steve; Muyembe-Tamfum, Jean-Jacques"
PP_0012SSJ,Ia,None,Democratic Republic of the Congo,Maindombe,2024-07-20,196916,0.9983266483781166,2025-02-04,"Mbala-Kingebeni, Placide; Wawina-Bokalanga, Tony; Merritt, Sydney; Kinganda-Lusamaki, Eddy; Jansen, Daan; Halbrook, Megan; OToole, Aine; Pukuta-Simbu, Elisabeth; Hasivirwe Vakaniaki, Emmanuel; Ola-Mpumbe, Rilia; Kwete-Mbokama, Papy; Akil-Bandali, Prince; Kacita, Cris; Ponga-Museme, Ange; Mapenzi-Kashali, Nelson; Amuri-Aziza, Adrienne; Tshiani-Mbaya, Olivier; Paku-Tshambu, Princesse; Dantas, Pedro H. L. F.; De Block, Tessa; Lokilo-Lofiko, Emmanuel; Muswamba-Kayembe, Chloe; Makangara-Cigolo, Jean-Claude; Luakanda-Ndelemo, Gradi; Kelvin, David J.; Pratt, Catherine; Ayouba, Ahidjo; Tessema, Sofonias; Mauro Rezende, Antonio; Hensley, Lisa E.; Delaporte, Eric; Mwamba, Dieudonne; Subissi, Lorenzo; Liesenborghs, Laurens; Hoff, Nicole A.; Peeters, Martine; Low, Nicola; Rimoin, Anne W.; Kindrachuk, Jason; Vercauteren, Koen; Rambaut, Andrew; Ahuka-Mundeke, Steve; Muyembe-Tamfum, Jean-Jacques"
PP_0012STG,Ia,None,Democratic Republic of the Congo,Maindombe,2024-07-23,196726,0.9976928030667972,2025-02-04,"Mbala-Kingebeni, Placide; Wawina-Bokalanga, Tony; Merritt, Sydney; Kinganda-Lusamaki, Eddy; Jansen, Daan; Halbrook, Megan; OToole, Aine; Pukuta-Simbu, Elisabeth; Hasivirwe Vakaniaki, Emmanuel; Ola-Mpumbe, Rilia; Kwete-Mbokama, Papy; Akil-Bandali, Prince; Kacita, Cris; Ponga-Museme, Ange; Mapenzi-Kashali, Nelson; Amuri-Aziza, Adrienne; Tshiani-Mbaya, Olivier; Paku-Tshambu, Princesse; Dantas, Pedro H. L. F.; De Block, Tessa; Lokilo-Lofiko, Emmanuel; Muswamba-Kayembe, Chloe; Makangara-Cigolo, Jean-Claude; Luakanda-Ndelemo, Gradi; Kelvin, David J.; Pratt, Catherine; Ayouba, Ahidjo; Tessema, Sofonias; Mauro Rezende, Antonio; Hensley, Lisa E.; Delaporte, Eric; Mwamba, Dieudonne; Subissi, Lorenzo; Liesenborghs, Laurens; Hoff, Nicole A.; Peeters, Martine; Low, Nicola; Rimoin, Anne W.; Kindrachuk, Jason; Vercauteren, Koen; Rambaut, Andrew; Ahuka-Mundeke, Steve; Muyembe-Tamfum, Jean-Jacques"
PP_0012SUE,Ia,None,Democratic Republic of the Congo,Sud-Ubangi,2024-07-17,196854,0.9847471464284084,2025-02-04,"Amuri-Aziza, Adrienne; Luakanda-Ndelemo, Gradi; Kinganda-Lusamaki, Eddy; Makangara-Cigolo, Jean-Claude; Kenye, Michel; Kavira, Sifa; Wawina-Bokalanga, Tony; Merritt, Sydney; Jansen, Daan; Halbrook, Megan; OToole, Aine; Pukuta-Simbu, Elisabeth; Hasivirwe Vakaniaki, Emmanuel; Ola-Mpumbe, Rilia; Kwete-Mbokama, Papy; Akil-Bandali, Prince; Kacita, Cris; Ponga-Museme, Ange; Mapenzi-Kashali, Nelson; Tshiani-Mbaya, Olivier; Paku-Tshambu, Princesse; Dantas, Pedro H. L. F.; De Block, Tessa; Lokilo-Lofiko, Emmanuel; Muswamba-Kayembe, Chloe; Kelvin, David J.; Pratt, Catherine; Ayouba, Ahidjo; Tessema, Sofonias; Mauro Rezende, Antonio; Hensley, Lisa E.; Delaporte, Eric; Mwamba, Dieudonne; Subissi, Lorenzo; Liesenborghs, Laurens; Hoff, Nicole A.; Peeters, Martine; Low, Nicola; Ahuka-Mundeke, Steve; Muyembe-Tamfum, Jean-Jacques; Rimoin, Anne W.; Kindrachuk, Jason; Vercauteren, Koen; Rambaut, Andrew; Mbala-Kingebeni, Placide"
PP_0012SVC,Ia,None,Democratic Republic of the Congo,Tshuapa,2024-07-05,196779,0.9895542292694552,2025-02-04,"Muyembe-Tamfum, Jean-Jacques; Wawina-Bokalanga, Tony; Merritt, Sydney; Kinganda-Lusamaki, Eddy; Jansen, Daan; Halbrook, Megan; OToole, Aine; Pukuta-Simbu, Elisabeth; Hasivirwe Vakaniaki, Emmanuel; Ola-Mpumbe, Rilia; Kwete-Mbokama, Papy; Akil-Bandali, Prince; Kacita, Cris; Ponga-Museme, Ange; Mapenzi-Kashali, Nelson; Amuri-Aziza, Adrienne; Tshiani-Mbaya, Olivier; Paku-Tshambu, Princesse; Dantas, Pedro H. L. F.; De Block, Tessa; Lokilo-Lofiko, Emmanuel; Muswamba-Kayembe, Chloe; Makangara-Cigolo, Jean-Claude; Luakanda-Ndelemo, Gradi; Kelvin, David J.; Pratt, Catherine; Ayouba, Ahidjo; Tessema, Sofonias; Mauro Rezende, Antonio; Hensley, Lisa E.; Delaporte, Eric; Mwamba, Dieudonne; Subissi, Lorenzo; Liesenborghs, Laurens; Hoff, Nicole A.; Peeters, Martine; Low, Nicola; Rimoin, Anne W.; Kindrachuk, Jason; Vercauteren, Koen; Rambaut, Andrew; Mbala-Kingebeni, Placide; Ahuka-Mundeke, Steve"
PP_0012SWA,Ia,None,Democratic Republic of the Congo,Kinshasa,2024-07-05,194557,0.8359050550431268,2025-02-04,"Wawina-Bokalanga, Tony; Merritt, Sydney; Kinganda-Lusamaki, Eddy; Jansen, Daan; Halbrook, Megan; OToole, Aine; Pukuta-Simbu, Elisabeth; Muyamuna, Elise; Hasivirwe Vakaniaki, Emmanuel; Ola-Mpumbe, Rilia; Kwete-Mbokama, Papy; Akil-Bandali, Prince; Kacita, Cris; Ponga-Museme, Ange; Mapenzi-Kashali, Nelson; Amuri-Aziza, Adrienne; Muyembe-Mawete, Francisca; Lumembe-Numbi, Raphael; Kabamba-Lungenyi, Gabriel; Tshiani-Mbaya, Olivier; Paku-Tshambu, Princesse; Dantas, Pedro Hlf; DeBlock, Tessa; Lokilo-Lofiko, Emmanuel; Muswamba-Kayembe, Chloe; Makangara-Cigolo, Jean-Claude; Luakanda-Ndelemo, Gradi; Kelvin, David J.; Pratt, Catherine; Ayouba, Ahidjo; Tessema, Sofonias; Mauro, Antonio R.; Hensley, Lisa E.; Delaporte, Eric; Mwamba, Dieudonne; Subissi, Lorenzo; Liesenborghs, Laurens; Hoff, Nicole A.; Peeters, Martine; Low, Nicola; Ahuka-Mundeke, Steve; Muyembe-Tamfum, Jean-Jacques; Rimoin, Anne W.; Kindrachuk, Jason; Vercauteren, Koen; Rambaut, Andrew; Mbala-Kingebeni, Placide"
PP_0012SX8,Ia,None,Democratic Republic of the Congo,Mongala,2024-06-27,194442,0.882297461069221,2025-02-04,"Mbala-Kingebeni, Placide; Wawina-Bokalanga, Tony; Merritt, Sydney; Kinganda-Lusamaki, Eddy; Jansen, Daan; Halbrook, Megan; OToole, Aine; Pukuta-Simbu, Elisabeth; Hasivirwe Vakaniaki, Emmanuel; Ola-Mpumbe, Rilia; Kwete-Mbokama, Papy; Akil-Bandali, Prince; Kacita, Cris; Ponga-Museme, Ange; Mapenzi-Kashali, Nelson; Amuri-Aziza, Adrienne; Tshiani-Mbaya, Olivier; Paku-Tshambu, Princesse; Dantas, Pedro H. L. F.; De Block, Tessa; Lokilo-Lofiko, Emmanuel; Muswamba-Kayembe, Chloe; Makangara-Cigolo, Jean-Claude; Luakanda-Ndelemo, Gradi; Kelvin, David J.; Pratt, Catherine; Ayouba, Ahidjo; Tessema, Sofonias; Mauro Rezende, Antonio; Hensley, Lisa E.; Delaporte, Eric; Mwamba, Dieudonne; Subissi, Lorenzo; Liesenborghs, Laurens; Hoff, Nicole A.; Peeters, Martine; Low, Nicola; Rimoin, Anne W.; Kindrachuk, Jason; Vercauteren, Koen; Rambaut, Andrew; Ahuka-Mundeke, Steve; Muyembe-Tamfum, Jean-Jacques"
PP_0012SY6,Ia,None,Democratic Republic of the Congo,Mongala,2024-06-27,196614,0.669330507228372,2025-02-04,"Mbala-Kingebeni, Placide; Wawina-Bokalanga, Tony; Merritt, Sydney; Kinganda-Lusamaki, Eddy; Jansen, Daan; Halbrook, Megan; OToole, Aine; Pukuta-Simbu, Elisabeth; Hasivirwe Vakaniaki, Emmanuel; Ola-Mpumbe, Rilia; Kwete-Mbokama, Papy; Akil-Bandali, Prince; Kacita, Cris; Ponga-Museme, Ange; Mapenzi-Kashali, Nelson; Amuri-Aziza, Adrienne; Tshiani-Mbaya, Olivier; Paku-Tshambu, Princesse; Dantas, Pedro H. L. F.; De Block, Tessa; Lokilo-Lofiko, Emmanuel; Muswamba-Kayembe, Chloe; Makangara-Cigolo, Jean-Claude; Luakanda-Ndelemo, Gradi; Kelvin, David J.; Pratt, Catherine; Ayouba, Ahidjo; Tessema, Sofonias; Mauro Rezende, Antonio; Hensley, Lisa E.; Delaporte, Eric; Mwamba, Dieudonne; Subissi, Lorenzo; Liesenborghs, Laurens; Hoff, Nicole A.; Peeters, Martine; Low, Nicola; Rimoin, Anne W.; Kindrachuk, Jason; Vercauteren, Koen; Rambaut, Andrew; Ahuka-Mundeke, Steve; Muyembe-Tamfum, Jean-Jacques"
PP_0012SZ4,Ia,None,Democratic Republic of the Congo,Tshopo,2024-07-27,196586,0.7581296999629834,2025-02-04,"Ahuka-Mundeke, Steve; Pukuta-Simbu, Elisabeth; Amuri-Aziza, Adrienne; Wawina-Bokalanga, Tony; Merritt, Sydney; Kinganda-Lusamaki, Eddy; Jansen, Daan; Halbrook, Megan; OToole, Aine; Hasivirwe Vakaniaki, Emmanuel; Ola-Mpumbe, Rilia; Kwete-Mbokama, Papy; Akil-Bandali, Prince; Kacita, Cris; Ponga-Museme, Ange; Mapenzi-Kashali, Nelson; Tshiani-Mbaya, Olivier; Paku-Tshambu, Princesse; Dantas, Pedro H. L. F.; De Block, Tessa; Lokilo-Lofiko, Emmanuel; Muswamba-Kayembe, Chloe; Makangara-Cigolo, Jean-Claude; Luakanda-Ndelemo, Gradi; Kelvin, David J.; Pratt, Catherine; Ayouba, Ahidjo; Tessema, Sofonias; Mauro Rezende, Antonio; Hensley, Lisa E.; Delaporte, Eric; Mwamba, Dieudonne; Subissi, Lorenzo; Liesenborghs, Laurens; Hoff, Nicole A.; Peeters, Martine; Low, Nicola; Rimoin, Anne W.; Kindrachuk, Jason; Vercauteren, Koen; Rambaut, Andrew; Mbala-Kingebeni, Placide; Muyembe-Tamfum, Jean-Jacques"
PP_0012T02,Ia,None,Democratic Republic of the Congo,Tshopo,2024-07-25,196601,0.6959621518287705,2025-02-04,"Ahuka-Mundeke, Steve; Pukuta-Simbu, Elisabeth; Amuri-Aziza, Adrienne; Wawina-Bokalanga, Tony; Merritt, Sydney; Kinganda-Lusamaki, Eddy; Jansen, Daan; Halbrook, Megan; OToole, Aine; Hasivirwe Vakaniaki, Emmanuel; Ola-Mpumbe, Rilia; Kwete-Mbokama, Papy; Akil-Bandali, Prince; Kacita, Cris; Ponga-Museme, Ange; Mapenzi-Kashali, Nelson; Tshiani-Mbaya, Olivier; Paku-Tshambu, Princesse; Dantas, Pedro H. L. F.; De Block, Tessa; Lokilo-Lofiko, Emmanuel; Muswamba-Kayembe, Chloe; Makangara-Cigolo, Jean-Claude; Luakanda-Ndelemo, Gradi; Kelvin, David J.; Pratt, Catherine; Ayouba, Ahidjo; Tessema, Sofonias; Mauro Rezende, Antonio; Hensley, Lisa E.; Delaporte, Eric; Mwamba, Dieudonne; Subissi, Lorenzo; Liesenborghs, Laurens; Hoff, Nicole A.; Peeters, Martine; Low, Nicola; Rimoin, Anne W.; Kindrachuk, Jason; Vercauteren, Koen; Rambaut, Andrew; Mbala-Kingebeni, Placide; Muyembe-Tamfum, Jean-Jacques"
PP_0012T10,Ia,None,Democratic Republic of the Congo,Tshopo,2024-08-05,181540,0.5162289753510235,2025-02-04,"Ahuka-Mundeke, Steve; Pukuta-Simbu, Elisabeth; Amuri-Aziza, Adrienne; Wawina-Bokalanga, Tony; Merritt, Sydney; Kinganda-Lusamaki, Eddy; Jansen, Daan; Halbrook, Megan; OToole, Aine; Hasivirwe Vakaniaki, Emmanuel; Ola-Mpumbe, Rilia; Kwete-Mbokama, Papy; Akil-Bandali, Prince; Kacita, Cris; Ponga-Museme, Ange; Mapenzi-Kashali, Nelson; Tshiani-Mbaya, Olivier; Paku-Tshambu, Princesse; Dantas, Pedro H. L. F.; De Block, Tessa; Lokilo-Lofiko, Emmanuel; Muswamba-Kayembe, Chloe; Makangara-Cigolo, Jean-Claude; Luakanda-Ndelemo, Gradi; Kelvin, David J.; Pratt, Catherine; Ayouba, Ahidjo; Tessema, Sofonias; Mauro Rezende, Antonio; Hensley, Lisa E.; Delaporte, Eric; Mwamba, Dieudonne; Subissi, Lorenzo; Liesenborghs, Laurens; Hoff, Nicole A.; Peeters, Martine; Low, Nicola; Rimoin, Anne W.; Kindrachuk, Jason; Vercauteren, Koen; Rambaut, Andrew; Mbala-Kingebeni, Placide; Muyembe-Tamfum, Jean-Jacques"
PP_0012T2Y,Ia,None,Democratic Republic of the Congo,Kwilu,2024-08-02,188407,0.6651572696986446,2025-02-04,"Mbala-Kingebeni, Placide; Wawina-Bokalanga, Tony; Merritt, Sydney; Kinganda-Lusamaki, Eddy; Jansen, Daan; Halbrook, Megan; OToole, Aine; Pukuta-Simbu, Elisabeth; Hasivirwe Vakaniaki, Emmanuel; Ola-Mpumbe, Rilia; Kwete-Mbokama, Papy; Akil-Bandali, Prince; Kacita, Cris; Ponga-Museme, Ange; Mapenzi-Kashali, Nelson; Amuri-Aziza, Adrienne; Tshiani-Mbaya, Olivier; Paku-Tshambu, Princesse; Dantas, Pedro H. L. F.; De Block, Tessa; Lokilo-Lofiko, Emmanuel; Muswamba-Kayembe, Chloe; Makangara-Cigolo, Jean-Claude; Luakanda-Ndelemo, Gradi; Kelvin, David J.; Pratt, Catherine; Ayouba, Ahidjo; Tessema, Sofonias; Mauro Rezende, Antonio; Hensley, Lisa E.; Delaporte, Eric; Mwamba, Dieudonne; Subissi, Lorenzo; Liesenborghs, Laurens; Hoff, Nicole A.; Peeters, Martine; Low, Nicola; Rimoin, Anne W.; Kindrachuk, Jason; Vercauteren, Koen; Rambaut, Andrew; Ahuka-Mundeke, Steve; Muyembe-Tamfum, Jean-Jacques"
PP_0012T3W,Ia,None,Democratic Republic of the Congo,Kinshasa,2024-08-12,185317,0.5874934713932934,2025-02-04,"Wawina-Bokalanga, Tony; Merritt, Sydney; Kinganda-Lusamaki, Eddy; Jansen, Daan; Halbrook, Megan; OToole, Aine; Pukuta-Simbu, Elisabeth; Muyamuna, Elise; Hasivirwe Vakaniaki, Emmanuel; Ola-Mpumbe, Rilia; Kwete-Mbokama, Papy; Akil-Bandali, Prince; Kacita, Cris; Ponga-Museme, Ange; Mapenzi-Kashali, Nelson; Amuri-Aziza, Adrienne; Muyembe-Mawete, Francisca; Lumembe-Numbi, Raphael; Kabamba-Lungenyi, Gabriel; Tshiani-Mbaya, Olivier; Paku-Tshambu, Princesse; Dantas, Pedro Hlf; DeBlock, Tessa; Lokilo-Lofiko, Emmanuel; Muswamba-Kayembe, Chloe; Makangara-Cigolo, Jean-Claude; Luakanda-Ndelemo, Gradi; Kelvin, David J.; Pratt, Catherine; Ayouba, Ahidjo; Tessema, Sofonias; Mauro, Antonio R.; Hensley, Lisa E.; Delaporte, Eric; Mwamba, Dieudonne; Subissi, Lorenzo; Liesenborghs, Laurens; Hoff, Nicole A.; Peeters, Martine; Low, Nicola; Ahuka-Mundeke, Steve; Muyembe-Tamfum, Jean-Jacques; Rimoin, Anne W.; Kindrachuk, Jason; Vercauteren, Koen; Rambaut, Andrew; Mbala-Kingebeni, Placide"
PP_0012T4U,Ia,None,Democratic Republic of the Congo,Kinshasa,2024-08-14,188012,0.5458625113458311,2025-02-04,"Wawina-Bokalanga, Tony; Merritt, Sydney; Kinganda-Lusamaki, Eddy; Jansen, Daan; Halbrook, Megan; OToole, Aine; Pukuta-Simbu, Elisabeth; Muyamuna, Elise; Hasivirwe Vakaniaki, Emmanuel; Ola-Mpumbe, Rilia; Kwete-Mbokama, Papy; Akil-Bandali, Prince; Kacita, Cris; Ponga-Museme, Ange; Mapenzi-Kashali, Nelson; Amuri-Aziza, Adrienne; Muyembe-Mawete, Francisca; Lumembe-Numbi, Raphael; Kabamba-Lungenyi, Gabriel; Tshiani-Mbaya, Olivier; Paku-Tshambu, Princesse; Dantas, Pedro Hlf; DeBlock, Tessa; Lokilo-Lofiko, Emmanuel; Muswamba-Kayembe, Chloe; Makangara-Cigolo, Jean-Claude; Luakanda-Ndelemo, Gradi; Kelvin, David J.; Pratt, Catherine; Ayouba, Ahidjo; Tessema, Sofonias; Mauro, Antonio R.; Hensley, Lisa E.; Delaporte, Eric; Mwamba, Dieudonne; Subissi, Lorenzo; Liesenborghs, Laurens; Hoff, Nicole A.; Peeters, Martine; Low, Nicola; Ahuka-Mundeke, Steve; Muyembe-Tamfum, Jean-Jacques; Rimoin, Anne W.; Kindrachuk, Jason; Vercauteren, Koen; Rambaut, Andrew; Mbala-Kingebeni, Placide"
PP_0012T5S,Ia,None,Democratic Republic of the Congo,Tshopo,2024-07-03,196516,0.9457681951635069,2025-02-04,"Ahuka-Mundeke, Steve; Pukuta-Simbu, Elisabeth; Amuri-Aziza, Adrienne; Wawina-Bokalanga, Tony; Merritt, Sydney; Kinganda-Lusamaki, Eddy; Jansen, Daan; Halbrook, Megan; OToole, Aine; Hasivirwe Vakaniaki, Emmanuel; Ola-Mpumbe, Rilia; Kwete-Mbokama, Papy; Akil-Bandali, Prince; Kacita, Cris; Ponga-Museme, Ange; Mapenzi-Kashali, Nelson; Tshiani-Mbaya, Olivier; Paku-Tshambu, Princesse; Dantas, Pedro H. L. F.; De Block, Tessa; Lokilo-Lofiko, Emmanuel; Muswamba-Kayembe, Chloe; Makangara-Cigolo, Jean-Claude; Luakanda-Ndelemo, Gradi; Kelvin, David J.; Pratt, Catherine; Ayouba, Ahidjo; Tessema, Sofonias; Mauro Rezende, Antonio; Hensley, Lisa E.; Delaporte, Eric; Mwamba, Dieudonne; Subissi, Lorenzo; Liesenborghs, Laurens; Hoff, Nicole A.; Peeters, Martine; Low, Nicola; Rimoin, Anne W.; Kindrachuk, Jason; Vercauteren, Koen; Rambaut, Andrew; Mbala-Kingebeni, Placide; Muyembe-Tamfum, Jean-Jacques"
PP_0012T6Q,Ia,None,Democratic Republic of the Congo,Tshopo,2024-07-09,196697,0.9184824222018264,2025-02-04,"Ahuka-Mundeke, Steve; Pukuta-Simbu, Elisabeth; Amuri-Aziza, Adrienne; Wawina-Bokalanga, Tony; Merritt, Sydney; Kinganda-Lusamaki, Eddy; Jansen, Daan; Halbrook, Megan; OToole, Aine; Hasivirwe Vakaniaki, Emmanuel; Ola-Mpumbe, Rilia; Kwete-Mbokama, Papy; Akil-Bandali, Prince; Kacita, Cris; Ponga-Museme, Ange; Mapenzi-Kashali, Nelson; Tshiani-Mbaya, Olivier; Paku-Tshambu, Princesse; Dantas, Pedro H. L. F.; De Block, Tessa; Lokilo-Lofiko, Emmanuel; Muswamba-Kayembe, Chloe; Makangara-Cigolo, Jean-Claude; Luakanda-Ndelemo, Gradi; Kelvin, David J.; Pratt, Catherine; Ayouba, Ahidjo; Tessema, Sofonias; Mauro Rezende, Antonio; Hensley, Lisa E.; Delaporte, Eric; Mwamba, Dieudonne; Subissi, Lorenzo; Liesenborghs, Laurens; Hoff, Nicole A.; Peeters, Martine; Low, Nicola; Rimoin, Anne W.; Kindrachuk, Jason; Vercauteren, Koen; Rambaut, Andrew; Mbala-Kingebeni, Placide; Muyembe-Tamfum, Jean-Jacques"
PP_0012T7N,Ia,None,Democratic Republic of the Congo,Tshopo,2024-07-15,196633,0.9705743652673052,2025-02-04,"Ahuka-Mundeke, Steve; Pukuta-Simbu, Elisabeth; Amuri-Aziza, Adrienne; Wawina-Bokalanga, Tony; Merritt, Sydney; Kinganda-Lusamaki, Eddy; Jansen, Daan; Halbrook, Megan; OToole, Aine; Hasivirwe Vakaniaki, Emmanuel; Ola-Mpumbe, Rilia; Kwete-Mbokama, Papy; Akil-Bandali, Prince; Kacita, Cris; Ponga-Museme, Ange; Mapenzi-Kashali, Nelson; Tshiani-Mbaya, Olivier; Paku-Tshambu, Princesse; Dantas, Pedro H. L. F.; De Block, Tessa; Lokilo-Lofiko, Emmanuel; Muswamba-Kayembe, Chloe; Makangara-Cigolo, Jean-Claude; Luakanda-Ndelemo, Gradi; Kelvin, David J.; Pratt, Catherine; Ayouba, Ahidjo; Tessema, Sofonias; Mauro Rezende, Antonio; Hensley, Lisa E.; Delaporte, Eric; Mwamba, Dieudonne; Subissi, Lorenzo; Liesenborghs, Laurens; Hoff, Nicole A.; Peeters, Martine; Low, Nicola; Rimoin, Anne W.; Kindrachuk, Jason; Vercauteren, Koen; Rambaut, Andrew; Mbala-Kingebeni, Placide; Muyembe-Tamfum, Jean-Jacques"
PP_0012T8L,Ia,None,Democratic Republic of the Congo,Tshopo,2024-07-15,196690,0.9065509180615487,2025-02-04,"Ahuka-Mundeke, Steve; Pukuta-Simbu, Elisabeth; Amuri-Aziza, Adrienne; Wawina-Bokalanga, Tony; Merritt, Sydney; Kinganda-Lusamaki, Eddy; Jansen, Daan; Halbrook, Megan; OToole, Aine; Hasivirwe Vakaniaki, Emmanuel; Ola-Mpumbe, Rilia; Kwete-Mbokama, Papy; Akil-Bandali, Prince; Kacita, Cris; Ponga-Museme, Ange; Mapenzi-Kashali, Nelson; Tshiani-Mbaya, Olivier; Paku-Tshambu, Princesse; Dantas, Pedro H. L. F.; De Block, Tessa; Lokilo-Lofiko, Emmanuel; Muswamba-Kayembe, Chloe; Makangara-Cigolo, Jean-Claude; Luakanda-Ndelemo, Gradi; Kelvin, David J.; Pratt, Catherine; Ayouba, Ahidjo; Tessema, Sofonias; Mauro Rezende, Antonio; Hensley, Lisa E.; Delaporte, Eric; Mwamba, Dieudonne; Subissi, Lorenzo; Liesenborghs, Laurens; Hoff, Nicole A.; Peeters, Martine; Low, Nicola; Rimoin, Anne W.; Kindrachuk, Jason; Vercauteren, Koen; Rambaut, Andrew; Mbala-Kingebeni, Placide; Muyembe-Tamfum, Jean-Jacques"
PP_0012T9J,Ia,None,Democratic Republic of the Congo,Tshopo,2024-07-17,196723,0.9497132483811592,2025-02-04,"Ahuka-Mundeke, Steve; Pukuta-Simbu, Elisabeth; Amuri-Aziza, Adrienne; Wawina-Bokalanga, Tony; Merritt, Sydney; Kinganda-Lusamaki, Eddy; Jansen, Daan; Halbrook, Megan; OToole, Aine; Hasivirwe Vakaniaki, Emmanuel; Ola-Mpumbe, Rilia; Kwete-Mbokama, Papy; Akil-Bandali, Prince; Kacita, Cris; Ponga-Museme, Ange; Mapenzi-Kashali, Nelson; Tshiani-Mbaya, Olivier; Paku-Tshambu, Princesse; Dantas, Pedro H. L. F.; De Block, Tessa; Lokilo-Lofiko, Emmanuel; Muswamba-Kayembe, Chloe; Makangara-Cigolo, Jean-Claude; Luakanda-Ndelemo, Gradi; Kelvin, David J.; Pratt, Catherine; Ayouba, Ahidjo; Tessema, Sofonias; Mauro Rezende, Antonio; Hensley, Lisa E.; Delaporte, Eric; Mwamba, Dieudonne; Subissi, Lorenzo; Liesenborghs, Laurens; Hoff, Nicole A.; Peeters, Martine; Low, Nicola; Rimoin, Anne W.; Kindrachuk, Jason; Vercauteren, Koen; Rambaut, Andrew; Mbala-Kingebeni, Placide; Muyembe-Tamfum, Jean-Jacques"
PP_0012TAG,Ia,None,Democratic Republic of the Congo,Tshopo,2024-07-21,196773,0.9685612725585546,2025-02-04,"Ahuka-Mundeke, Steve; Pukuta-Simbu, Elisabeth; Amuri-Aziza, Adrienne; Wawina-Bokalanga, Tony; Merritt, Sydney; Kinganda-Lusamaki, Eddy; Jansen, Daan; Halbrook, Megan; OToole, Aine; Hasivirwe Vakaniaki, Emmanuel; Ola-Mpumbe, Rilia; Kwete-Mbokama, Papy; Akil-Bandali, Prince; Kacita, Cris; Ponga-Museme, Ange; Mapenzi-Kashali, Nelson; Tshiani-Mbaya, Olivier; Paku-Tshambu, Princesse; Dantas, Pedro H. L. F.; De Block, Tessa; Lokilo-Lofiko, Emmanuel; Muswamba-Kayembe, Chloe; Makangara-Cigolo, Jean-Claude; Luakanda-Ndelemo, Gradi; Kelvin, David J.; Pratt, Catherine; Ayouba, Ahidjo; Tessema, Sofonias; Mauro Rezende, Antonio; Hensley, Lisa E.; Delaporte, Eric; Mwamba, Dieudonne; Subissi, Lorenzo; Liesenborghs, Laurens; Hoff, Nicole A.; Peeters, Martine; Low, Nicola; Rimoin, Anne W.; Kindrachuk, Jason; Vercauteren, Koen; Rambaut, Andrew; Mbala-Kingebeni, Placide; Muyembe-Tamfum, Jean-Jacques"
PP_0012TBE,Ia,None,Democratic Republic of the Congo,Tshopo,2024-07-21,196858,0.9684040789213474,2025-02-04,"Ahuka-Mundeke, Steve; Pukuta-Simbu, Elisabeth; Amuri-Aziza, Adrienne; Wawina-Bokalanga, Tony; Merritt, Sydney; Kinganda-Lusamaki, Eddy; Jansen, Daan; Halbrook, Megan; OToole, Aine; Hasivirwe Vakaniaki, Emmanuel; Ola-Mpumbe, Rilia; Kwete-Mbokama, Papy; Akil-Bandali, Prince; Kacita, Cris; Ponga-Museme, Ange; Mapenzi-Kashali, Nelson; Tshiani-Mbaya, Olivier; Paku-Tshambu, Princesse; Dantas, Pedro H. L. F.; De Block, Tessa; Lokilo-Lofiko, Emmanuel; Muswamba-Kayembe, Chloe; Makangara-Cigolo, Jean-Claude; Luakanda-Ndelemo, Gradi; Kelvin, David J.; Pratt, Catherine; Ayouba, Ahidjo; Tessema, Sofonias; Mauro Rezende, Antonio; Hensley, Lisa E.; Delaporte, Eric; Mwamba, Dieudonne; Subissi, Lorenzo; Liesenborghs, Laurens; Hoff, Nicole A.; Peeters, Martine; Low, Nicola; Rimoin, Anne W.; Kindrachuk, Jason; Vercauteren, Koen; Rambaut, Andrew; Mbala-Kingebeni, Placide; Muyembe-Tamfum, Jean-Jacques"
PP_0012TCC,Ia,None,Democratic Republic of the Congo,Sud-Ubangi,2024-07-28,196864,0.9558032341323164,2025-02-04,"Amuri-Aziza, Adrienne; Luakanda-Ndelemo, Gradi; Kinganda-Lusamaki, Eddy; Makangara-Cigolo, Jean-Claude; Kenye, Michel; Kavira, Sifa; Wawina-Bokalanga, Tony; Merritt, Sydney; Jansen, Daan; Halbrook, Megan; OToole, Aine; Pukuta-Simbu, Elisabeth; Hasivirwe Vakaniaki, Emmanuel; Ola-Mpumbe, Rilia; Kwete-Mbokama, Papy; Akil-Bandali, Prince; Kacita, Cris; Ponga-Museme, Ange; Mapenzi-Kashali, Nelson; Tshiani-Mbaya, Olivier; Paku-Tshambu, Princesse; Dantas, Pedro H. L. F.; De Block, Tessa; Lokilo-Lofiko, Emmanuel; Muswamba-Kayembe, Chloe; Kelvin, David J.; Pratt, Catherine; Ayouba, Ahidjo; Tessema, Sofonias; Mauro Rezende, Antonio; Hensley, Lisa E.; Delaporte, Eric; Mwamba, Dieudonne; Subissi, Lorenzo; Liesenborghs, Laurens; Hoff, Nicole A.; Peeters, Martine; Low, Nicola; Ahuka-Mundeke, Steve; Muyembe-Tamfum, Jean-Jacques; Rimoin, Anne W.; Kindrachuk, Jason; Vercauteren, Koen; Rambaut, Andrew; Mbala-Kingebeni, Placide"
PP_0012TDA,Ia,None,Democratic Republic of the Congo,Sud-Ubangi,2024-07-28,196655,0.9759899396072188,2025-02-04,"Amuri-Aziza, Adrienne; Luakanda-Ndelemo, Gradi; Kinganda-Lusamaki, Eddy; Makangara-Cigolo, Jean-Claude; Kenye, Michel; Kavira, Sifa; Wawina-Bokalanga, Tony; Merritt, Sydney; Jansen, Daan; Halbrook, Megan; OToole, Aine; Pukuta-Simbu, Elisabeth; Hasivirwe Vakaniaki, Emmanuel; Ola-Mpumbe, Rilia; Kwete-Mbokama, Papy; Akil-Bandali, Prince; Kacita, Cris; Ponga-Museme, Ange; Mapenzi-Kashali, Nelson; Tshiani-Mbaya, Olivier; Paku-Tshambu, Princesse; Dantas, Pedro H. L. F.; De Block, Tessa; Lokilo-Lofiko, Emmanuel; Muswamba-Kayembe, Chloe; Kelvin, David J.; Pratt, Catherine; Ayouba, Ahidjo; Tessema, Sofonias; Mauro Rezende, Antonio; Hensley, Lisa E.; Delaporte, Eric; Mwamba, Dieudonne; Subissi, Lorenzo; Liesenborghs, Laurens; Hoff, Nicole A.; Peeters, Martine; Low, Nicola; Ahuka-Mundeke, Steve; Muyembe-Tamfum, Jean-Jacques; Rimoin, Anne W.; Kindrachuk, Jason; Vercauteren, Koen; Rambaut, Andrew; Mbala-Kingebeni, Placide"
PP_0012TE8,Ia,None,Democratic Republic of the Congo,Sud-Ubangi,2024-08-01,196699,0.9785151793275156,2025-02-04,"Amuri-Aziza, Adrienne; Luakanda-Ndelemo, Gradi; Kinganda-Lusamaki, Eddy; Makangara-Cigolo, Jean-Claude; Kenye, Michel; Kavira, Sifa; Wawina-Bokalanga, Tony; Merritt, Sydney; Jansen, Daan; Halbrook, Megan; OToole, Aine; Pukuta-Simbu, Elisabeth; Hasivirwe Vakaniaki, Emmanuel; Ola-Mpumbe, Rilia; Kwete-Mbokama, Papy; Akil-Bandali, Prince; Kacita, Cris; Ponga-Museme, Ange; Mapenzi-Kashali, Nelson; Tshiani-Mbaya, Olivier; Paku-Tshambu, Princesse; Dantas, Pedro H. L. F.; De Block, Tessa; Lokilo-Lofiko, Emmanuel; Muswamba-Kayembe, Chloe; Kelvin, David J.; Pratt, Catherine; Ayouba, Ahidjo; Tessema, Sofonias; Mauro Rezende, Antonio; Hensley, Lisa E.; Delaporte, Eric; Mwamba, Dieudonne; Subissi, Lorenzo; Liesenborghs, Laurens; Hoff, Nicole A.; Peeters, Martine; Low, Nicola; Ahuka-Mundeke, Steve; Muyembe-Tamfum, Jean-Jacques; Rimoin, Anne W.; Kindrachuk, Jason; Vercauteren, Koen; Rambaut, Andrew; Mbala-Kingebeni, Placide"
PP_0012TF6,Ia,None,Democratic Republic of the Congo,Sud-Ubangi,2024-08-03,196964,0.9714820317531148,2025-02-04,"Amuri-Aziza, Adrienne; Luakanda-Ndelemo, Gradi; Kinganda-Lusamaki, Eddy; Makangara-Cigolo, Jean-Claude; Kenye, Michel; Kavira, Sifa; Wawina-Bokalanga, Tony; Merritt, Sydney; Jansen, Daan; Halbrook, Megan; OToole, Aine; Pukuta-Simbu, Elisabeth; Hasivirwe Vakaniaki, Emmanuel; Ola-Mpumbe, Rilia; Kwete-Mbokama, Papy; Akil-Bandali, Prince; Kacita, Cris; Ponga-Museme, Ange; Mapenzi-Kashali, Nelson; Tshiani-Mbaya, Olivier; Paku-Tshambu, Princesse; Dantas, Pedro H. L. F.; De Block, Tessa; Lokilo-Lofiko, Emmanuel; Muswamba-Kayembe, Chloe; Kelvin, David J.; Pratt, Catherine; Ayouba, Ahidjo; Tessema, Sofonias; Mauro Rezende, Antonio; Hensley, Lisa E.; Delaporte, Eric; Mwamba, Dieudonne; Subissi, Lorenzo; Liesenborghs, Laurens; Hoff, Nicole A.; Peeters, Martine; Low, Nicola; Ahuka-Mundeke, Steve; Muyembe-Tamfum, Jean-Jacques; Rimoin, Anne W.; Kindrachuk, Jason; Vercauteren, Koen; Rambaut, Andrew; Mbala-Kingebeni, Placide"
PP_0012TG4,Ia,None,Democratic Republic of the Congo,Sud-Ubangi,2024-08-02,195188,0.9449720854524896,2025-02-04,"Amuri-Aziza, Adrienne; Luakanda-Ndelemo, Gradi; Kinganda-Lusamaki, Eddy; Makangara-Cigolo, Jean-Claude; Kenye, Michel; Kavira, Sifa; Wawina-Bokalanga, Tony; Merritt, Sydney; Jansen, Daan; Halbrook, Megan; OToole, Aine; Pukuta-Simbu, Elisabeth; Hasivirwe Vakaniaki, Emmanuel; Ola-Mpumbe, Rilia; Kwete-Mbokama, Papy; Akil-Bandali, Prince; Kacita, Cris; Ponga-Museme, Ange; Mapenzi-Kashali, Nelson; Tshiani-Mbaya, Olivier; Paku-Tshambu, Princesse; Dantas, Pedro H. L. F.; De Block, Tessa; Lokilo-Lofiko, Emmanuel; Muswamba-Kayembe, Chloe; Kelvin, David J.; Pratt, Catherine; Ayouba, Ahidjo; Tessema, Sofonias; Mauro Rezende, Antonio; Hensley, Lisa E.; Delaporte, Eric; Mwamba, Dieudonne; Subissi, Lorenzo; Liesenborghs, Laurens; Hoff, Nicole A.; Peeters, Martine; Low, Nicola; Ahuka-Mundeke, Steve; Muyembe-Tamfum, Jean-Jacques; Rimoin, Anne W.; Kindrachuk, Jason; Vercauteren, Koen; Rambaut, Andrew; Mbala-Kingebeni, Placide"
PP_0012TH1,Ia,None,Democratic Republic of the Congo,Sud-Ubangi,2024-08-02,196748,0.9679679933471595,2025-02-04,"Amuri-Aziza, Adrienne; Luakanda-Ndelemo, Gradi; Kinganda-Lusamaki, Eddy; Makangara-Cigolo, Jean-Claude; Kenye, Michel; Kavira, Sifa; Wawina-Bokalanga, Tony; Merritt, Sydney; Jansen, Daan; Halbrook, Megan; OToole, Aine; Pukuta-Simbu, Elisabeth; Hasivirwe Vakaniaki, Emmanuel; Ola-Mpumbe, Rilia; Kwete-Mbokama, Papy; Akil-Bandali, Prince; Kacita, Cris; Ponga-Museme, Ange; Mapenzi-Kashali, Nelson; Tshiani-Mbaya, Olivier; Paku-Tshambu, Princesse; Dantas, Pedro H. L. F.; De Block, Tessa; Lokilo-Lofiko, Emmanuel; Muswamba-Kayembe, Chloe; Kelvin, David J.; Pratt, Catherine; Ayouba, Ahidjo; Tessema, Sofonias; Mauro Rezende, Antonio; Hensley, Lisa E.; Delaporte, Eric; Mwamba, Dieudonne; Subissi, Lorenzo; Liesenborghs, Laurens; Hoff, Nicole A.; Peeters, Martine; Low, Nicola; Ahuka-Mundeke, Steve; Muyembe-Tamfum, Jean-Jacques; Rimoin, Anne W.; Kindrachuk, Jason; Vercauteren, Koen; Rambaut, Andrew; Mbala-Kingebeni, Placide"
PP_0012TJZ,Ia,None,Democratic Republic of the Congo,Sud-Ubangi,2024-08-02,197007,0.968262097571612,2025-02-04,"Amuri-Aziza, Adrienne; Luakanda-Ndelemo, Gradi; Kinganda-Lusamaki, Eddy; Makangara-Cigolo, Jean-Claude; Kenye, Michel; Kavira, Sifa; Wawina-Bokalanga, Tony; Merritt, Sydney; Jansen, Daan; Halbrook, Megan; OToole, Aine; Pukuta-Simbu, Elisabeth; Hasivirwe Vakaniaki, Emmanuel; Ola-Mpumbe, Rilia; Kwete-Mbokama, Papy; Akil-Bandali, Prince; Kacita, Cris; Ponga-Museme, Ange; Mapenzi-Kashali, Nelson; Tshiani-Mbaya, Olivier; Paku-Tshambu, Princesse; Dantas, Pedro H. L. F.; De Block, Tessa; Lokilo-Lofiko, Emmanuel; Muswamba-Kayembe, Chloe; Kelvin, David J.; Pratt, Catherine; Ayouba, Ahidjo; Tessema, Sofonias; Mauro Rezende, Antonio; Hensley, Lisa E.; Delaporte, Eric; Mwamba, Dieudonne; Subissi, Lorenzo; Liesenborghs, Laurens; Hoff, Nicole A.; Peeters, Martine; Low, Nicola; Ahuka-Mundeke, Steve; Muyembe-Tamfum, Jean-Jacques; Rimoin, Anne W.; Kindrachuk, Jason; Vercauteren, Koen; Rambaut, Andrew; Mbala-Kingebeni, Placide"
PP_0012TKX,Ia,None,Democratic Republic of the Congo,Sud-Ubangi,2024-08-01,196675,0.9658027777636924,2025-02-04,"Amuri-Aziza, Adrienne; Luakanda-Ndelemo, Gradi; Kinganda-Lusamaki, Eddy; Makangara-Cigolo, Jean-Claude; Kenye, Michel; Kavira, Sifa; Wawina-Bokalanga, Tony; Merritt, Sydney; Jansen, Daan; Halbrook, Megan; OToole, Aine; Pukuta-Simbu, Elisabeth; Hasivirwe Vakaniaki, Emmanuel; Ola-Mpumbe, Rilia; Kwete-Mbokama, Papy; Akil-Bandali, Prince; Kacita, Cris; Ponga-Museme, Ange; Mapenzi-Kashali, Nelson; Tshiani-Mbaya, Olivier; Paku-Tshambu, Princesse; Dantas, Pedro H. L. F.; De Block, Tessa; Lokilo-Lofiko, Emmanuel; Muswamba-Kayembe, Chloe; Kelvin, David J.; Pratt, Catherine; Ayouba, Ahidjo; Tessema, Sofonias; Mauro Rezende, Antonio; Hensley, Lisa E.; Delaporte, Eric; Mwamba, Dieudonne; Subissi, Lorenzo; Liesenborghs, Laurens; Hoff, Nicole A.; Peeters, Martine; Low, Nicola; Ahuka-Mundeke, Steve; Muyembe-Tamfum, Jean-Jacques; Rimoin, Anne W.; Kindrachuk, Jason; Vercauteren, Koen; Rambaut, Andrew; Mbala-Kingebeni, Placide"
PP_0012TLV,Ia,None,Democratic Republic of the Congo,Sud-Ubangi,2024-08-01,196728,0.9388567458888794,2025-02-04,"Amuri-Aziza, Adrienne; Luakanda-Ndelemo, Gradi; Kinganda-Lusamaki, Eddy; Makangara-Cigolo, Jean-Claude; Kenye, Michel; Kavira, Sifa; Wawina-Bokalanga, Tony; Merritt, Sydney; Jansen, Daan; Halbrook, Megan; OToole, Aine; Pukuta-Simbu, Elisabeth; Hasivirwe Vakaniaki, Emmanuel; Ola-Mpumbe, Rilia; Kwete-Mbokama, Papy; Akil-Bandali, Prince; Kacita, Cris; Ponga-Museme, Ange; Mapenzi-Kashali, Nelson; Tshiani-Mbaya, Olivier; Paku-Tshambu, Princesse; Dantas, Pedro H. L. F.; De Block, Tessa; Lokilo-Lofiko, Emmanuel; Muswamba-Kayembe, Chloe; Kelvin, David J.; Pratt, Catherine; Ayouba, Ahidjo; Tessema, Sofonias; Mauro Rezende, Antonio; Hensley, Lisa E.; Delaporte, Eric; Mwamba, Dieudonne; Subissi, Lorenzo; Liesenborghs, Laurens; Hoff, Nicole A.; Peeters, Martine; Low, Nicola; Ahuka-Mundeke, Steve; Muyembe-Tamfum, Jean-Jacques; Rimoin, Anne W.; Kindrachuk, Jason; Vercauteren, Koen; Rambaut, Andrew; Mbala-Kingebeni, Placide"
PP_0012TMT,Ia,None,Democratic Republic of the Congo,Kinshasa,2024-08-16,183240,0.6908609647632714,2025-02-04,"Wawina-Bokalanga, Tony; Merritt, Sydney; Kinganda-Lusamaki, Eddy; Jansen, Daan; Halbrook, Megan; OToole, Aine; Pukuta-Simbu, Elisabeth; Muyamuna, Elise; Hasivirwe Vakaniaki, Emmanuel; Ola-Mpumbe, Rilia; Kwete-Mbokama, Papy; Akil-Bandali, Prince; Kacita, Cris; Ponga-Museme, Ange; Mapenzi-Kashali, Nelson; Amuri-Aziza, Adrienne; Muyembe-Mawete, Francisca; Lumembe-Numbi, Raphael; Kabamba-Lungenyi, Gabriel; Tshiani-Mbaya, Olivier; Paku-Tshambu, Princesse; Dantas, Pedro Hlf; DeBlock, Tessa; Lokilo-Lofiko, Emmanuel; Muswamba-Kayembe, Chloe; Makangara-Cigolo, Jean-Claude; Luakanda-Ndelemo, Gradi; Kelvin, David J.; Pratt, Catherine; Ayouba, Ahidjo; Tessema, Sofonias; Mauro, Antonio R.; Hensley, Lisa E.; Delaporte, Eric; Mwamba, Dieudonne; Subissi, Lorenzo; Liesenborghs, Laurens; Hoff, Nicole A.; Peeters, Martine; Low, Nicola; Ahuka-Mundeke, Steve; Muyembe-Tamfum, Jean-Jacques; Rimoin, Anne W.; Kindrachuk, Jason; Vercauteren, Koen; Rambaut, Andrew; Mbala-Kingebeni, Placide"
PP_0012TNR,Ib,A.1,Democratic Republic of the Congo,Kinshasa,2024-08-19,188039,0.8393126074367803,2025-02-04,"Wawina-Bokalanga, Tony; Merritt, Sydney; Kinganda-Lusamaki, Eddy; Jansen, Daan; Halbrook, Megan; OToole, Aine; Pukuta-Simbu, Elisabeth; Muyamuna, Elise; Hasivirwe Vakaniaki, Emmanuel; Ola-Mpumbe, Rilia; Kwete-Mbokama, Papy; Akil-Bandali, Prince; Kacita, Cris; Ponga-Museme, Ange; Mapenzi-Kashali, Nelson; Amuri-Aziza, Adrienne; Muyembe-Mawete, Francisca; Lumembe-Numbi, Raphael; Kabamba-Lungenyi, Gabriel; Tshiani-Mbaya, Olivier; Paku-Tshambu, Princesse; Dantas, Pedro Hlf; DeBlock, Tessa; Lokilo-Lofiko, Emmanuel; Muswamba-Kayembe, Chloe; Makangara-Cigolo, Jean-Claude; Luakanda-Ndelemo, Gradi; Kelvin, David J.; Pratt, Catherine; Ayouba, Ahidjo; Tessema, Sofonias; Mauro, Antonio R.; Hensley, Lisa E.; Delaporte, Eric; Mwamba, Dieudonne; Subissi, Lorenzo; Liesenborghs, Laurens; Hoff, Nicole A.; Peeters, Martine; Low, Nicola; Ahuka-Mundeke, Steve; Muyembe-Tamfum, Jean-Jacques; Rimoin, Anne W.; Kindrachuk, Jason; Vercauteren, Koen; Rambaut, Andrew; Mbala-Kingebeni, Placide"
PP_0012TPP,Ia,None,Democratic Republic of the Congo,Kinshasa,2024-08-20,193799,0.9301046098301802,2025-02-04,"Wawina-Bokalanga, Tony; Merritt, Sydney; Kinganda-Lusamaki, Eddy; Jansen, Daan; Halbrook, Megan; OToole, Aine; Pukuta-Simbu, Elisabeth; Muyamuna, Elise; Hasivirwe Vakaniaki, Emmanuel; Ola-Mpumbe, Rilia; Kwete-Mbokama, Papy; Akil-Bandali, Prince; Kacita, Cris; Ponga-Museme, Ange; Mapenzi-Kashali, Nelson; Amuri-Aziza, Adrienne; Muyembe-Mawete, Francisca; Lumembe-Numbi, Raphael; Kabamba-Lungenyi, Gabriel; Tshiani-Mbaya, Olivier; Paku-Tshambu, Princesse; Dantas, Pedro Hlf; DeBlock, Tessa; Lokilo-Lofiko, Emmanuel; Muswamba-Kayembe, Chloe; Makangara-Cigolo, Jean-Claude; Luakanda-Ndelemo, Gradi; Kelvin, David J.; Pratt, Catherine; Ayouba, Ahidjo; Tessema, Sofonias; Mauro, Antonio R.; Hensley, Lisa E.; Delaporte, Eric; Mwamba, Dieudonne; Subissi, Lorenzo; Liesenborghs, Laurens; Hoff, Nicole A.; Peeters, Martine; Low, Nicola; Ahuka-Mundeke, Steve; Muyembe-Tamfum, Jean-Jacques; Rimoin, Anne W.; Kindrachuk, Jason; Vercauteren, Koen; Rambaut, Andrew; Mbala-Kingebeni, Placide"
PP_0012TQM,Ib,A.1,Democratic Republic of the Congo,Kinshasa,2024-08-20,193156,0.8888640984944907,2025-02-04,"Wawina-Bokalanga, Tony; Merritt, Sydney; Kinganda-Lusamaki, Eddy; Jansen, Daan; Halbrook, Megan; OToole, Aine; Pukuta-Simbu, Elisabeth; Muyamuna, Elise; Hasivirwe Vakaniaki, Emmanuel; Ola-Mpumbe, Rilia; Kwete-Mbokama, Papy; Akil-Bandali, Prince; Kacita, Cris; Ponga-Museme, Ange; Mapenzi-Kashali, Nelson; Amuri-Aziza, Adrienne; Muyembe-Mawete, Francisca; Lumembe-Numbi, Raphael; Kabamba-Lungenyi, Gabriel; Tshiani-Mbaya, Olivier; Paku-Tshambu, Princesse; Dantas, Pedro Hlf; DeBlock, Tessa; Lokilo-Lofiko, Emmanuel; Muswamba-Kayembe, Chloe; Makangara-Cigolo, Jean-Claude; Luakanda-Ndelemo, Gradi; Kelvin, David J.; Pratt, Catherine; Ayouba, Ahidjo; Tessema, Sofonias; Mauro, Antonio R.; Hensley, Lisa E.; Delaporte, Eric; Mwamba, Dieudonne; Subissi, Lorenzo; Liesenborghs, Laurens; Hoff, Nicole A.; Peeters, Martine; Low, Nicola; Ahuka-Mundeke, Steve; Muyembe-Tamfum, Jean-Jacques; Rimoin, Anne W.; Kindrachuk, Jason; Vercauteren, Koen; Rambaut, Andrew; Mbala-Kingebeni, Placide"
PP_0012TRK,Ib,A.1,Democratic Republic of the Congo,Kinshasa,2024-08-20,194589,0.9004355784979388,2025-02-04,"Wawina-Bokalanga, Tony; Merritt, Sydney; Kinganda-Lusamaki, Eddy; Jansen, Daan; Halbrook, Megan; OToole, Aine; Pukuta-Simbu, Elisabeth; Muyamuna, Elise; Hasivirwe Vakaniaki, Emmanuel; Ola-Mpumbe, Rilia; Kwete-Mbokama, Papy; Akil-Bandali, Prince; Kacita, Cris; Ponga-Museme, Ange; Mapenzi-Kashali, Nelson; Amuri-Aziza, Adrienne; Muyembe-Mawete, Francisca; Lumembe-Numbi, Raphael; Kabamba-Lungenyi, Gabriel; Tshiani-Mbaya, Olivier; Paku-Tshambu, Princesse; Dantas, Pedro Hlf; DeBlock, Tessa; Lokilo-Lofiko, Emmanuel; Muswamba-Kayembe, Chloe; Makangara-Cigolo, Jean-Claude; Luakanda-Ndelemo, Gradi; Kelvin, David J.; Pratt, Catherine; Ayouba, Ahidjo; Tessema, Sofonias; Mauro, Antonio R.; Hensley, Lisa E.; Delaporte, Eric; Mwamba, Dieudonne; Subissi, Lorenzo; Liesenborghs, Laurens; Hoff, Nicole A.; Peeters, Martine; Low, Nicola; Ahuka-Mundeke, Steve; Muyembe-Tamfum, Jean-Jacques; Rimoin, Anne W.; Kindrachuk, Jason; Vercauteren, Koen; Rambaut, Andrew; Mbala-Kingebeni, Placide"
PP_0012TSH,Ia,None,Democratic Republic of the Congo,Sud-Ubangi,2024-07-18,192977,0.9276503607847512,2025-02-04,"Amuri-Aziza, Adrienne; Luakanda-Ndelemo, Gradi; Kinganda-Lusamaki, Eddy; Makangara-Cigolo, Jean-Claude; Kenye, Michel; Kavira, Sifa; Wawina-Bokalanga, Tony; Merritt, Sydney; Jansen, Daan; Halbrook, Megan; OToole, Aine; Pukuta-Simbu, Elisabeth; Hasivirwe Vakaniaki, Emmanuel; Ola-Mpumbe, Rilia; Kwete-Mbokama, Papy; Akil-Bandali, Prince; Kacita, Cris; Ponga-Museme, Ange; Mapenzi-Kashali, Nelson; Tshiani-Mbaya, Olivier; Paku-Tshambu, Princesse; Dantas, Pedro H. L. F.; De Block, Tessa; Lokilo-Lofiko, Emmanuel; Muswamba-Kayembe, Chloe; Kelvin, David J.; Pratt, Catherine; Ayouba, Ahidjo; Tessema, Sofonias; Mauro Rezende, Antonio; Hensley, Lisa E.; Delaporte, Eric; Mwamba, Dieudonne; Subissi, Lorenzo; Liesenborghs, Laurens; Hoff, Nicole A.; Peeters, Martine; Low, Nicola; Ahuka-Mundeke, Steve; Muyembe-Tamfum, Jean-Jacques; Rimoin, Anne W.; Kindrachuk, Jason; Vercauteren, Koen; Rambaut, Andrew; Mbala-Kingebeni, Placide"
PP_0012TTF,Ia,None,Democratic Republic of the Congo,Sud-Ubangi,2024-07-27,193799,0.8756801160190458,2025-02-04,"Amuri-Aziza, Adrienne; Luakanda-Ndelemo, Gradi; Kinganda-Lusamaki, Eddy; Makangara-Cigolo, Jean-Claude; Kenye, Michel; Kavira, Sifa; Wawina-Bokalanga, Tony; Merritt, Sydney; Jansen, Daan; Halbrook, Megan; OToole, Aine; Pukuta-Simbu, Elisabeth; Hasivirwe Vakaniaki, Emmanuel; Ola-Mpumbe, Rilia; Kwete-Mbokama, Papy; Akil-Bandali, Prince; Kacita, Cris; Ponga-Museme, Ange; Mapenzi-Kashali, Nelson; Tshiani-Mbaya, Olivier; Paku-Tshambu, Princesse; Dantas, Pedro H. L. F.; De Block, Tessa; Lokilo-Lofiko, Emmanuel; Muswamba-Kayembe, Chloe; Kelvin, David J.; Pratt, Catherine; Ayouba, Ahidjo; Tessema, Sofonias; Mauro Rezende, Antonio; Hensley, Lisa E.; Delaporte, Eric; Mwamba, Dieudonne; Subissi, Lorenzo; Liesenborghs, Laurens; Hoff, Nicole A.; Peeters, Martine; Low, Nicola; Ahuka-Mundeke, Steve; Muyembe-Tamfum, Jean-Jacques; Rimoin, Anne W.; Kindrachuk, Jason; Vercauteren, Koen; Rambaut, Andrew; Mbala-Kingebeni, Placide"
PP_0012TUD,Ia,None,Democratic Republic of the Congo,Sud-Ubangi,2024-08-02,190872,0.8623845767688088,2025-02-04,"Amuri-Aziza, Adrienne; Luakanda-Ndelemo, Gradi; Kinganda-Lusamaki, Eddy; Makangara-Cigolo, Jean-Claude; Kenye, Michel; Kavira, Sifa; Wawina-Bokalanga, Tony; Merritt, Sydney; Jansen, Daan; Halbrook, Megan; OToole, Aine; Pukuta-Simbu, Elisabeth; Hasivirwe Vakaniaki, Emmanuel; Ola-Mpumbe, Rilia; Kwete-Mbokama, Papy; Akil-Bandali, Prince; Kacita, Cris; Ponga-Museme, Ange; Mapenzi-Kashali, Nelson; Tshiani-Mbaya, Olivier; Paku-Tshambu, Princesse; Dantas, Pedro H. L. F.; De Block, Tessa; Lokilo-Lofiko, Emmanuel; Muswamba-Kayembe, Chloe; Kelvin, David J.; Pratt, Catherine; Ayouba, Ahidjo; Tessema, Sofonias; Mauro Rezende, Antonio; Hensley, Lisa E.; Delaporte, Eric; Mwamba, Dieudonne; Subissi, Lorenzo; Liesenborghs, Laurens; Hoff, Nicole A.; Peeters, Martine; Low, Nicola; Ahuka-Mundeke, Steve; Muyembe-Tamfum, Jean-Jacques; Rimoin, Anne W.; Kindrachuk, Jason; Vercauteren, Koen; Rambaut, Andrew; Mbala-Kingebeni, Placide"
PP_0012TVB,Ia,None,Democratic Republic of the Congo,Kinshasa,2024-08-19,194590,0.7053430624362985,2025-02-04,"Wawina-Bokalanga, Tony; Merritt, Sydney; Kinganda-Lusamaki, Eddy; Jansen, Daan; Halbrook, Megan; OToole, Aine; Pukuta-Simbu, Elisabeth; Muyamuna, Elise; Hasivirwe Vakaniaki, Emmanuel; Ola-Mpumbe, Rilia; Kwete-Mbokama, Papy; Akil-Bandali, Prince; Kacita, Cris; Ponga-Museme, Ange; Mapenzi-Kashali, Nelson; Amuri-Aziza, Adrienne; Muyembe-Mawete, Francisca; Lumembe-Numbi, Raphael; Kabamba-Lungenyi, Gabriel; Tshiani-Mbaya, Olivier; Paku-Tshambu, Princesse; Dantas, Pedro Hlf; DeBlock, Tessa; Lokilo-Lofiko, Emmanuel; Muswamba-Kayembe, Chloe; Makangara-Cigolo, Jean-Claude; Luakanda-Ndelemo, Gradi; Kelvin, David J.; Pratt, Catherine; Ayouba, Ahidjo; Tessema, Sofonias; Mauro, Antonio R.; Hensley, Lisa E.; Delaporte, Eric; Mwamba, Dieudonne; Subissi, Lorenzo; Liesenborghs, Laurens; Hoff, Nicole A.; Peeters, Martine; Low, Nicola; Ahuka-Mundeke, Steve; Muyembe-Tamfum, Jean-Jacques; Rimoin, Anne W.; Kindrachuk, Jason; Vercauteren, Koen; Rambaut, Andrew; Mbala-Kingebeni, Placide"
PP_0012TW9,Ia,None,Democratic Republic of the Congo,Sankuru,2024-08-14,192385,0.7282578381311198,2025-02-04,"Muyembe-Tamfum, Jean-Jacques; Wawina-Bokalanga, Tony; Merritt, Sydney; Kinganda-Lusamaki, Eddy; Jansen, Daan; Halbrook, Megan; OToole, Aine; Pukuta-Simbu, Elisabeth; Hasivirwe Vakaniaki, Emmanuel; Ola-Mpumbe, Rilia; Kwete-Mbokama, Papy; Akil-Bandali, Prince; Kacita, Cris; Ponga-Museme, Ange; Mapenzi-Kashali, Nelson; Amuri-Aziza, Adrienne; Tshiani-Mbaya, Olivier; Paku-Tshambu, Princesse; Dantas, Pedro H. L. F.; De Block, Tessa; Lokilo-Lofiko, Emmanuel; Muswamba-Kayembe, Chloe; Makangara-Cigolo, Jean-Claude; Luakanda-Ndelemo, Gradi; Kelvin, David J.; Pratt, Catherine; Ayouba, Ahidjo; Tessema, Sofonias; Mauro Rezende, Antonio; Hensley, Lisa E.; Delaporte, Eric; Mwamba, Dieudonne; Subissi, Lorenzo; Liesenborghs, Laurens; Hoff, Nicole A.; Peeters, Martine; Low, Nicola; Rimoin, Anne W.; Kindrachuk, Jason; Vercauteren, Koen; Rambaut, Andrew; Mbala-Kingebeni, Placide; Ahuka-Mundeke, Steve"
PP_0012TX7,Ia,None,Democratic Republic of the Congo,Sankuru,2024-08-14,194702,0.9449670146899988,2025-02-04,"Muyembe-Tamfum, Jean-Jacques; Wawina-Bokalanga, Tony; Merritt, Sydney; Kinganda-Lusamaki, Eddy; Jansen, Daan; Halbrook, Megan; OToole, Aine; Pukuta-Simbu, Elisabeth; Hasivirwe Vakaniaki, Emmanuel; Ola-Mpumbe, Rilia; Kwete-Mbokama, Papy; Akil-Bandali, Prince; Kacita, Cris; Ponga-Museme, Ange; Mapenzi-Kashali, Nelson; Amuri-Aziza, Adrienne; Tshiani-Mbaya, Olivier; Paku-Tshambu, Princesse; Dantas, Pedro H. L. F.; De Block, Tessa; Lokilo-Lofiko, Emmanuel; Muswamba-Kayembe, Chloe; Makangara-Cigolo, Jean-Claude; Luakanda-Ndelemo, Gradi; Kelvin, David J.; Pratt, Catherine; Ayouba, Ahidjo; Tessema, Sofonias; Mauro Rezende, Antonio; Hensley, Lisa E.; Delaporte, Eric; Mwamba, Dieudonne; Subissi, Lorenzo; Liesenborghs, Laurens; Hoff, Nicole A.; Peeters, Martine; Low, Nicola; Rimoin, Anne W.; Kindrachuk, Jason; Vercauteren, Koen; Rambaut, Andrew; Mbala-Kingebeni, Placide; Ahuka-Mundeke, Steve"
PP_0012TY5,Ia,None,Democratic Republic of the Congo,Sankuru,2024-08-14,194691,0.9557880218448448,2025-02-04,"Muyembe-Tamfum, Jean-Jacques; Wawina-Bokalanga, Tony; Merritt, Sydney; Kinganda-Lusamaki, Eddy; Jansen, Daan; Halbrook, Megan; OToole, Aine; Pukuta-Simbu, Elisabeth; Hasivirwe Vakaniaki, Emmanuel; Ola-Mpumbe, Rilia; Kwete-Mbokama, Papy; Akil-Bandali, Prince; Kacita, Cris; Ponga-Museme, Ange; Mapenzi-Kashali, Nelson; Amuri-Aziza, Adrienne; Tshiani-Mbaya, Olivier; Paku-Tshambu, Princesse; Dantas, Pedro H. L. F.; De Block, Tessa; Lokilo-Lofiko, Emmanuel; Muswamba-Kayembe, Chloe; Makangara-Cigolo, Jean-Claude; Luakanda-Ndelemo, Gradi; Kelvin, David J.; Pratt, Catherine; Ayouba, Ahidjo; Tessema, Sofonias; Mauro Rezende, Antonio; Hensley, Lisa E.; Delaporte, Eric; Mwamba, Dieudonne; Subissi, Lorenzo; Liesenborghs, Laurens; Hoff, Nicole A.; Peeters, Martine; Low, Nicola; Rimoin, Anne W.; Kindrachuk, Jason; Vercauteren, Koen; Rambaut, Andrew; Mbala-Kingebeni, Placide; Ahuka-Mundeke, Steve"
PP_0012TZ3,Ia,None,Democratic Republic of the Congo,Sud-Ubangi,2024-08-02,192923,0.9430097003686444,2025-02-04,"Amuri-Aziza, Adrienne; Luakanda-Ndelemo, Gradi; Kinganda-Lusamaki, Eddy; Makangara-Cigolo, Jean-Claude; Kenye, Michel; Kavira, Sifa; Wawina-Bokalanga, Tony; Merritt, Sydney; Jansen, Daan; Halbrook, Megan; OToole, Aine; Pukuta-Simbu, Elisabeth; Hasivirwe Vakaniaki, Emmanuel; Ola-Mpumbe, Rilia; Kwete-Mbokama, Papy; Akil-Bandali, Prince; Kacita, Cris; Ponga-Museme, Ange; Mapenzi-Kashali, Nelson; Tshiani-Mbaya, Olivier; Paku-Tshambu, Princesse; Dantas, Pedro H. L. F.; De Block, Tessa; Lokilo-Lofiko, Emmanuel; Muswamba-Kayembe, Chloe; Kelvin, David J.; Pratt, Catherine; Ayouba, Ahidjo; Tessema, Sofonias; Mauro Rezende, Antonio; Hensley, Lisa E.; Delaporte, Eric; Mwamba, Dieudonne; Subissi, Lorenzo; Liesenborghs, Laurens; Hoff, Nicole A.; Peeters, Martine; Low, Nicola; Ahuka-Mundeke, Steve; Muyembe-Tamfum, Jean-Jacques; Rimoin, Anne W.; Kindrachuk, Jason; Vercauteren, Koen; Rambaut, Andrew; Mbala-Kingebeni, Placide"
PP_0012U01,Ia,None,Democratic Republic of the Congo,Mongala,2024-08-15,194983,0.9320669949140252,2025-02-04,"Mbala-Kingebeni, Placide; Wawina-Bokalanga, Tony; Merritt, Sydney; Kinganda-Lusamaki, Eddy; Jansen, Daan; Halbrook, Megan; OToole, Aine; Pukuta-Simbu, Elisabeth; Hasivirwe Vakaniaki, Emmanuel; Ola-Mpumbe, Rilia; Kwete-Mbokama, Papy; Akil-Bandali, Prince; Kacita, Cris; Ponga-Museme, Ange; Mapenzi-Kashali, Nelson; Amuri-Aziza, Adrienne; Tshiani-Mbaya, Olivier; Paku-Tshambu, Princesse; Dantas, Pedro H. L. F.; De Block, Tessa; Lokilo-Lofiko, Emmanuel; Muswamba-Kayembe, Chloe; Makangara-Cigolo, Jean-Claude; Luakanda-Ndelemo, Gradi; Kelvin, David J.; Pratt, Catherine; Ayouba, Ahidjo; Tessema, Sofonias; Mauro Rezende, Antonio; Hensley, Lisa E.; Delaporte, Eric; Mwamba, Dieudonne; Subissi, Lorenzo; Liesenborghs, Laurens; Hoff, Nicole A.; Peeters, Martine; Low, Nicola; Rimoin, Anne W.; Kindrachuk, Jason; Vercauteren, Koen; Rambaut, Andrew; Ahuka-Mundeke, Steve; Muyembe-Tamfum, Jean-Jacques"
PP_0012U1Z,Ia,None,Democratic Republic of the Congo,Mongala,2024-08-15,195123,0.9472995654356544,2025-02-04,"Mbala-Kingebeni, Placide; Wawina-Bokalanga, Tony; Merritt, Sydney; Kinganda-Lusamaki, Eddy; Jansen, Daan; Halbrook, Megan; OToole, Aine; Pukuta-Simbu, Elisabeth; Hasivirwe Vakaniaki, Emmanuel; Ola-Mpumbe, Rilia; Kwete-Mbokama, Papy; Akil-Bandali, Prince; Kacita, Cris; Ponga-Museme, Ange; Mapenzi-Kashali, Nelson; Amuri-Aziza, Adrienne; Tshiani-Mbaya, Olivier; Paku-Tshambu, Princesse; Dantas, Pedro H. L. F.; De Block, Tessa; Lokilo-Lofiko, Emmanuel; Muswamba-Kayembe, Chloe; Makangara-Cigolo, Jean-Claude; Luakanda-Ndelemo, Gradi; Kelvin, David J.; Pratt, Catherine; Ayouba, Ahidjo; Tessema, Sofonias; Mauro Rezende, Antonio; Hensley, Lisa E.; Delaporte, Eric; Mwamba, Dieudonne; Subissi, Lorenzo; Liesenborghs, Laurens; Hoff, Nicole A.; Peeters, Martine; Low, Nicola; Rimoin, Anne W.; Kindrachuk, Jason; Vercauteren, Koen; Rambaut, Andrew; Ahuka-Mundeke, Steve; Muyembe-Tamfum, Jean-Jacques"
PP_0012U2X,Ia,None,Democratic Republic of the Congo,Sankuru,2024-08-14,194696,0.9554736345704304,2025-02-04,"Muyembe-Tamfum, Jean-Jacques; Wawina-Bokalanga, Tony; Merritt, Sydney; Kinganda-Lusamaki, Eddy; Jansen, Daan; Halbrook, Megan; OToole, Aine; Pukuta-Simbu, Elisabeth; Hasivirwe Vakaniaki, Emmanuel; Ola-Mpumbe, Rilia; Kwete-Mbokama, Papy; Akil-Bandali, Prince; Kacita, Cris; Ponga-Museme, Ange; Mapenzi-Kashali, Nelson; Amuri-Aziza, Adrienne; Tshiani-Mbaya, Olivier; Paku-Tshambu, Princesse; Dantas, Pedro H. L. F.; De Block, Tessa; Lokilo-Lofiko, Emmanuel; Muswamba-Kayembe, Chloe; Makangara-Cigolo, Jean-Claude; Luakanda-Ndelemo, Gradi; Kelvin, David J.; Pratt, Catherine; Ayouba, Ahidjo; Tessema, Sofonias; Mauro Rezende, Antonio; Hensley, Lisa E.; Delaporte, Eric; Mwamba, Dieudonne; Subissi, Lorenzo; Liesenborghs, Laurens; Hoff, Nicole A.; Peeters, Martine; Low, Nicola; Rimoin, Anne W.; Kindrachuk, Jason; Vercauteren, Koen; Rambaut, Andrew; Mbala-Kingebeni, Placide; Ahuka-Mundeke, Steve"
PP_0012U3V,Ia,None,Democratic Republic of the Congo,Sankuru,2024-08-13,195124,0.9317576784021012,2025-02-04,"Muyembe-Tamfum, Jean-Jacques; Wawina-Bokalanga, Tony; Merritt, Sydney; Kinganda-Lusamaki, Eddy; Jansen, Daan; Halbrook, Megan; OToole, Aine; Pukuta-Simbu, Elisabeth; Hasivirwe Vakaniaki, Emmanuel; Ola-Mpumbe, Rilia; Kwete-Mbokama, Papy; Akil-Bandali, Prince; Kacita, Cris; Ponga-Museme, Ange; Mapenzi-Kashali, Nelson; Amuri-Aziza, Adrienne; Tshiani-Mbaya, Olivier; Paku-Tshambu, Princesse; Dantas, Pedro H. L. F.; De Block, Tessa; Lokilo-Lofiko, Emmanuel; Muswamba-Kayembe, Chloe; Makangara-Cigolo, Jean-Claude; Luakanda-Ndelemo, Gradi; Kelvin, David J.; Pratt, Catherine; Ayouba, Ahidjo; Tessema, Sofonias; Mauro Rezende, Antonio; Hensley, Lisa E.; Delaporte, Eric; Mwamba, Dieudonne; Subissi, Lorenzo; Liesenborghs, Laurens; Hoff, Nicole A.; Peeters, Martine; Low, Nicola; Rimoin, Anne W.; Kindrachuk, Jason; Vercauteren, Koen; Rambaut, Andrew; Mbala-Kingebeni, Placide; Ahuka-Mundeke, Steve"
PP_0012U4T,Ia,None,Democratic Republic of the Congo,Sankuru,2024-08-05,193825,0.9281625077962972,2025-02-04,"Muyembe-Tamfum, Jean-Jacques; Wawina-Bokalanga, Tony; Merritt, Sydney; Kinganda-Lusamaki, Eddy; Jansen, Daan; Halbrook, Megan; OToole, Aine; Pukuta-Simbu, Elisabeth; Hasivirwe Vakaniaki, Emmanuel; Ola-Mpumbe, Rilia; Kwete-Mbokama, Papy; Akil-Bandali, Prince; Kacita, Cris; Ponga-Museme, Ange; Mapenzi-Kashali, Nelson; Amuri-Aziza, Adrienne; Tshiani-Mbaya, Olivier; Paku-Tshambu, Princesse; Dantas, Pedro H. L. F.; De Block, Tessa; Lokilo-Lofiko, Emmanuel; Muswamba-Kayembe, Chloe; Makangara-Cigolo, Jean-Claude; Luakanda-Ndelemo, Gradi; Kelvin, David J.; Pratt, Catherine; Ayouba, Ahidjo; Tessema, Sofonias; Mauro Rezende, Antonio; Hensley, Lisa E.; Delaporte, Eric; Mwamba, Dieudonne; Subissi, Lorenzo; Liesenborghs, Laurens; Hoff, Nicole A.; Peeters, Martine; Low, Nicola; Rimoin, Anne W.; Kindrachuk, Jason; Vercauteren, Koen; Rambaut, Andrew; Mbala-Kingebeni, Placide; Ahuka-Mundeke, Steve"
PP_0012U5R,Ia,None,Democratic Republic of the Congo,Sankuru,2024-08-15,192909,0.940722786485404,2025-02-04,"Muyembe-Tamfum, Jean-Jacques; Wawina-Bokalanga, Tony; Merritt, Sydney; Kinganda-Lusamaki, Eddy; Jansen, Daan; Halbrook, Megan; OToole, Aine; Pukuta-Simbu, Elisabeth; Hasivirwe Vakaniaki, Emmanuel; Ola-Mpumbe, Rilia; Kwete-Mbokama, Papy; Akil-Bandali, Prince; Kacita, Cris; Ponga-Museme, Ange; Mapenzi-Kashali, Nelson; Amuri-Aziza, Adrienne; Tshiani-Mbaya, Olivier; Paku-Tshambu, Princesse; Dantas, Pedro H. L. F.; De Block, Tessa; Lokilo-Lofiko, Emmanuel; Muswamba-Kayembe, Chloe; Makangara-Cigolo, Jean-Claude; Luakanda-Ndelemo, Gradi; Kelvin, David J.; Pratt, Catherine; Ayouba, Ahidjo; Tessema, Sofonias; Mauro Rezende, Antonio; Hensley, Lisa E.; Delaporte, Eric; Mwamba, Dieudonne; Subissi, Lorenzo; Liesenborghs, Laurens; Hoff, Nicole A.; Peeters, Martine; Low, Nicola; Rimoin, Anne W.; Kindrachuk, Jason; Vercauteren, Koen; Rambaut, Andrew; Mbala-Kingebeni, Placide; Ahuka-Mundeke, Steve"
PP_0012U6P,Ia,None,Democratic Republic of the Congo,Kinshasa,2024-08-22,195128,0.9414377639965722,2025-02-04,"Wawina-Bokalanga, Tony; Merritt, Sydney; Kinganda-Lusamaki, Eddy; Jansen, Daan; Halbrook, Megan; OToole, Aine; Pukuta-Simbu, Elisabeth; Muyamuna, Elise; Hasivirwe Vakaniaki, Emmanuel; Ola-Mpumbe, Rilia; Kwete-Mbokama, Papy; Akil-Bandali, Prince; Kacita, Cris; Ponga-Museme, Ange; Mapenzi-Kashali, Nelson; Amuri-Aziza, Adrienne; Muyembe-Mawete, Francisca; Lumembe-Numbi, Raphael; Kabamba-Lungenyi, Gabriel; Tshiani-Mbaya, Olivier; Paku-Tshambu, Princesse; Dantas, Pedro Hlf; DeBlock, Tessa; Lokilo-Lofiko, Emmanuel; Muswamba-Kayembe, Chloe; Makangara-Cigolo, Jean-Claude; Luakanda-Ndelemo, Gradi; Kelvin, David J.; Pratt, Catherine; Ayouba, Ahidjo; Tessema, Sofonias; Mauro, Antonio R.; Hensley, Lisa E.; Delaporte, Eric; Mwamba, Dieudonne; Subissi, Lorenzo; Liesenborghs, Laurens; Hoff, Nicole A.; Peeters, Martine; Low, Nicola; Ahuka-Mundeke, Steve; Muyembe-Tamfum, Jean-Jacques; Rimoin, Anne W.; Kindrachuk, Jason; Vercauteren, Koen; Rambaut, Andrew; Mbala-Kingebeni, Placide"
PP_0012U7M,Ia,None,Democratic Republic of the Congo,Kinshasa,2024-08-22,188736,0.7336125633211465,2025-02-04,"Wawina-Bokalanga, Tony; Merritt, Sydney; Kinganda-Lusamaki, Eddy; Jansen, Daan; Halbrook, Megan; OToole, Aine; Pukuta-Simbu, Elisabeth; Muyamuna, Elise; Hasivirwe Vakaniaki, Emmanuel; Ola-Mpumbe, Rilia; Kwete-Mbokama, Papy; Akil-Bandali, Prince; Kacita, Cris; Ponga-Museme, Ange; Mapenzi-Kashali, Nelson; Amuri-Aziza, Adrienne; Muyembe-Mawete, Francisca; Lumembe-Numbi, Raphael; Kabamba-Lungenyi, Gabriel; Tshiani-Mbaya, Olivier; Paku-Tshambu, Princesse; Dantas, Pedro Hlf; DeBlock, Tessa; Lokilo-Lofiko, Emmanuel; Muswamba-Kayembe, Chloe; Makangara-Cigolo, Jean-Claude; Luakanda-Ndelemo, Gradi; Kelvin, David J.; Pratt, Catherine; Ayouba, Ahidjo; Tessema, Sofonias; Mauro, Antonio R.; Hensley, Lisa E.; Delaporte, Eric; Mwamba, Dieudonne; Subissi, Lorenzo; Liesenborghs, Laurens; Hoff, Nicole A.; Peeters, Martine; Low, Nicola; Ahuka-Mundeke, Steve; Muyembe-Tamfum, Jean-Jacques; Rimoin, Anne W.; Kindrachuk, Jason; Vercauteren, Koen; Rambaut, Andrew; Mbala-Kingebeni, Placide"
PP_0012U8K,Ia,None,Democratic Republic of the Congo,Kinshasa,2024-08-26,188737,0.694060615894812,2025-02-04,"Wawina-Bokalanga, Tony; Merritt, Sydney; Kinganda-Lusamaki, Eddy; Jansen, Daan; Halbrook, Megan; OToole, Aine; Pukuta-Simbu, Elisabeth; Muyamuna, Elise; Hasivirwe Vakaniaki, Emmanuel; Ola-Mpumbe, Rilia; Kwete-Mbokama, Papy; Akil-Bandali, Prince; Kacita, Cris; Ponga-Museme, Ange; Mapenzi-Kashali, Nelson; Amuri-Aziza, Adrienne; Muyembe-Mawete, Francisca; Lumembe-Numbi, Raphael; Kabamba-Lungenyi, Gabriel; Tshiani-Mbaya, Olivier; Paku-Tshambu, Princesse; Dantas, Pedro Hlf; DeBlock, Tessa; Lokilo-Lofiko, Emmanuel; Muswamba-Kayembe, Chloe; Makangara-Cigolo, Jean-Claude; Luakanda-Ndelemo, Gradi; Kelvin, David J.; Pratt, Catherine; Ayouba, Ahidjo; Tessema, Sofonias; Mauro, Antonio R.; Hensley, Lisa E.; Delaporte, Eric; Mwamba, Dieudonne; Subissi, Lorenzo; Liesenborghs, Laurens; Hoff, Nicole A.; Peeters, Martine; Low, Nicola; Ahuka-Mundeke, Steve; Muyembe-Tamfum, Jean-Jacques; Rimoin, Anne W.; Kindrachuk, Jason; Vercauteren, Koen; Rambaut, Andrew; Mbala-Kingebeni, Placide"
PP_0012U9H,Ia,None,Democratic Republic of the Congo,Kinshasa,2024-08-26,194930,0.9083966756081112,2025-02-04,"Wawina-Bokalanga, Tony; Merritt, Sydney; Kinganda-Lusamaki, Eddy; Jansen, Daan; Halbrook, Megan; OToole, Aine; Pukuta-Simbu, Elisabeth; Muyamuna, Elise; Hasivirwe Vakaniaki, Emmanuel; Ola-Mpumbe, Rilia; Kwete-Mbokama, Papy; Akil-Bandali, Prince; Kacita, Cris; Ponga-Museme, Ange; Mapenzi-Kashali, Nelson; Amuri-Aziza, Adrienne; Muyembe-Mawete, Francisca; Lumembe-Numbi, Raphael; Kabamba-Lungenyi, Gabriel; Tshiani-Mbaya, Olivier; Paku-Tshambu, Princesse; Dantas, Pedro Hlf; DeBlock, Tessa; Lokilo-Lofiko, Emmanuel; Muswamba-Kayembe, Chloe; Makangara-Cigolo, Jean-Claude; Luakanda-Ndelemo, Gradi; Kelvin, David J.; Pratt, Catherine; Ayouba, Ahidjo; Tessema, Sofonias; Mauro, Antonio R.; Hensley, Lisa E.; Delaporte, Eric; Mwamba, Dieudonne; Subissi, Lorenzo; Liesenborghs, Laurens; Hoff, Nicole A.; Peeters, Martine; Low, Nicola; Ahuka-Mundeke, Steve; Muyembe-Tamfum, Jean-Jacques; Rimoin, Anne W.; Kindrachuk, Jason; Vercauteren, Koen; Rambaut, Andrew; Mbala-Kingebeni, Placide"
PP_0012UAF,Ia,None,Democratic Republic of the Congo,Kasai,2024-08-06,195455,0.9411284474846484,2025-02-04,"Kinganda-Lusamaki, Eddy; Amuri-Aziza, Adrienne; Luakanda-Ndelemo, Gradi; Makangara-Cigolo, Jean-Claude; Kenye, Michel; Kavira, Sifa; Wawina-Bokalanga, Tony; Merritt, Sydney; Jansen, Daan; Halbrook, Megan; OToole, Aine; Pukuta-Simbu, Elisabeth; Hasivirwe Vakaniaki, Emmanuel; Ola-Mpumbe, Rilia; Kwete-Mbokama, Papy; Akil-Bandali, Prince; Kacita, Cris; Ponga-Museme, Ange; Mapenzi-Kashali, Nelson; Tshiani-Mbaya, Olivier; Paku-Tshambu, Princesse; Dantas, Pedro H. L. F.; De Block, Tessa; Lokilo-Lofiko, Emmanuel; Muswamba-Kayembe, Chloe; Kelvin, David J.; Pratt, Catherine; Ayouba, Ahidjo; Tessema, Sofonias; Mauro Rezende, Antonio; Hensley, Lisa E.; Delaporte, Eric; Mwamba, Dieudonne; Subissi, Lorenzo; Liesenborghs, Laurens; Hoff, Nicole A.; Peeters, Martine; Low, Nicola; Ahuka-Mundeke, Steve; Muyembe-Tamfum, Jean-Jacques; Rimoin, Anne W.; Kindrachuk, Jason; Vercauteren, Koen; Rambaut, Andrew; Mbala-Kingebeni, Placide"
PP_0012UBD,Ib,A.1,Democratic Republic of the Congo,Kasai,2024-08-15,195421,0.9453473218767906,2025-02-04,"Kinganda-Lusamaki, Eddy; Amuri-Aziza, Adrienne; Luakanda-Ndelemo, Gradi; Makangara-Cigolo, Jean-Claude; Kenye, Michel; Kavira, Sifa; Wawina-Bokalanga, Tony; Merritt, Sydney; Jansen, Daan; Halbrook, Megan; OToole, Aine; Pukuta-Simbu, Elisabeth; Hasivirwe Vakaniaki, Emmanuel; Ola-Mpumbe, Rilia; Kwete-Mbokama, Papy; Akil-Bandali, Prince; Kacita, Cris; Ponga-Museme, Ange; Mapenzi-Kashali, Nelson; Tshiani-Mbaya, Olivier; Paku-Tshambu, Princesse; Dantas, Pedro H. L. F.; De Block, Tessa; Lokilo-Lofiko, Emmanuel; Muswamba-Kayembe, Chloe; Kelvin, David J.; Pratt, Catherine; Ayouba, Ahidjo; Tessema, Sofonias; Mauro Rezende, Antonio; Hensley, Lisa E.; Delaporte, Eric; Mwamba, Dieudonne; Subissi, Lorenzo; Liesenborghs, Laurens; Hoff, Nicole A.; Peeters, Martine; Low, Nicola; Ahuka-Mundeke, Steve; Muyembe-Tamfum, Jean-Jacques; Rimoin, Anne W.; Kindrachuk, Jason; Vercauteren, Koen; Rambaut, Andrew; Mbala-Kingebeni, Placide"
PP_0012UCB,Ia,None,Democratic Republic of the Congo,Kwilu,2024-08-14,195113,0.9322140470262512,2025-02-04,"Mbala-Kingebeni, Placide; Wawina-Bokalanga, Tony; Merritt, Sydney; Kinganda-Lusamaki, Eddy; Jansen, Daan; Halbrook, Megan; OToole, Aine; Pukuta-Simbu, Elisabeth; Hasivirwe Vakaniaki, Emmanuel; Ola-Mpumbe, Rilia; Kwete-Mbokama, Papy; Akil-Bandali, Prince; Kacita, Cris; Ponga-Museme, Ange; Mapenzi-Kashali, Nelson; Amuri-Aziza, Adrienne; Tshiani-Mbaya, Olivier; Paku-Tshambu, Princesse; Dantas, Pedro H. L. F.; De Block, Tessa; Lokilo-Lofiko, Emmanuel; Muswamba-Kayembe, Chloe; Makangara-Cigolo, Jean-Claude; Luakanda-Ndelemo, Gradi; Kelvin, David J.; Pratt, Catherine; Ayouba, Ahidjo; Tessema, Sofonias; Mauro Rezende, Antonio; Hensley, Lisa E.; Delaporte, Eric; Mwamba, Dieudonne; Subissi, Lorenzo; Liesenborghs, Laurens; Hoff, Nicole A.; Peeters, Martine; Low, Nicola; Rimoin, Anne W.; Kindrachuk, Jason; Vercauteren, Koen; Rambaut, Andrew; Ahuka-Mundeke, Steve; Muyembe-Tamfum, Jean-Jacques"
PP_0012UD9,Ia,None,Democratic Republic of the Congo,Kwilu,2024-08-19,195455,0.9554381392329964,2025-02-04,"Mbala-Kingebeni, Placide; Wawina-Bokalanga, Tony; Merritt, Sydney; Kinganda-Lusamaki, Eddy; Jansen, Daan; Halbrook, Megan; OToole, Aine; Pukuta-Simbu, Elisabeth; Hasivirwe Vakaniaki, Emmanuel; Ola-Mpumbe, Rilia; Kwete-Mbokama, Papy; Akil-Bandali, Prince; Kacita, Cris; Ponga-Museme, Ange; Mapenzi-Kashali, Nelson; Amuri-Aziza, Adrienne; Tshiani-Mbaya, Olivier; Paku-Tshambu, Princesse; Dantas, Pedro H. L. F.; De Block, Tessa; Lokilo-Lofiko, Emmanuel; Muswamba-Kayembe, Chloe; Makangara-Cigolo, Jean-Claude; Luakanda-Ndelemo, Gradi; Kelvin, David J.; Pratt, Catherine; Ayouba, Ahidjo; Tessema, Sofonias; Mauro Rezende, Antonio; Hensley, Lisa E.; Delaporte, Eric; Mwamba, Dieudonne; Subissi, Lorenzo; Liesenborghs, Laurens; Hoff, Nicole A.; Peeters, Martine; Low, Nicola; Rimoin, Anne W.; Kindrachuk, Jason; Vercauteren, Koen; Rambaut, Andrew; Ahuka-Mundeke, Steve; Muyembe-Tamfum, Jean-Jacques"
PP_0012UE7,Ia,None,Democratic Republic of the Congo,Sud-Ubangi,2024-08-19,193633,0.8847770639271028,2025-02-04,"Amuri-Aziza, Adrienne; Luakanda-Ndelemo, Gradi; Kinganda-Lusamaki, Eddy; Makangara-Cigolo, Jean-Claude; Kenye, Michel; Kavira, Sifa; Wawina-Bokalanga, Tony; Merritt, Sydney; Jansen, Daan; Halbrook, Megan; OToole, Aine; Pukuta-Simbu, Elisabeth; Hasivirwe Vakaniaki, Emmanuel; Ola-Mpumbe, Rilia; Kwete-Mbokama, Papy; Akil-Bandali, Prince; Kacita, Cris; Ponga-Museme, Ange; Mapenzi-Kashali, Nelson; Tshiani-Mbaya, Olivier; Paku-Tshambu, Princesse; Dantas, Pedro H. L. F.; De Block, Tessa; Lokilo-Lofiko, Emmanuel; Muswamba-Kayembe, Chloe; Kelvin, David J.; Pratt, Catherine; Ayouba, Ahidjo; Tessema, Sofonias; Mauro Rezende, Antonio; Hensley, Lisa E.; Delaporte, Eric; Mwamba, Dieudonne; Subissi, Lorenzo; Liesenborghs, Laurens; Hoff, Nicole A.; Peeters, Martine; Low, Nicola; Ahuka-Mundeke, Steve; Muyembe-Tamfum, Jean-Jacques; Rimoin, Anne W.; Kindrachuk, Jason; Vercauteren, Koen; Rambaut, Andrew; Mbala-Kingebeni, Placide"
PP_0012UF5,Ia,None,Democratic Republic of the Congo,Sud-Ubangi,2024-08-11,195101,0.9479993306593512,2025-02-04,"Amuri-Aziza, Adrienne; Luakanda-Ndelemo, Gradi; Kinganda-Lusamaki, Eddy; Makangara-Cigolo, Jean-Claude; Kenye, Michel; Kavira, Sifa; Wawina-Bokalanga, Tony; Merritt, Sydney; Jansen, Daan; Halbrook, Megan; OToole, Aine; Pukuta-Simbu, Elisabeth; Hasivirwe Vakaniaki, Emmanuel; Ola-Mpumbe, Rilia; Kwete-Mbokama, Papy; Akil-Bandali, Prince; Kacita, Cris; Ponga-Museme, Ange; Mapenzi-Kashali, Nelson; Tshiani-Mbaya, Olivier; Paku-Tshambu, Princesse; Dantas, Pedro H. L. F.; De Block, Tessa; Lokilo-Lofiko, Emmanuel; Muswamba-Kayembe, Chloe; Kelvin, David J.; Pratt, Catherine; Ayouba, Ahidjo; Tessema, Sofonias; Mauro Rezende, Antonio; Hensley, Lisa E.; Delaporte, Eric; Mwamba, Dieudonne; Subissi, Lorenzo; Liesenborghs, Laurens; Hoff, Nicole A.; Peeters, Martine; Low, Nicola; Ahuka-Mundeke, Steve; Muyembe-Tamfum, Jean-Jacques; Rimoin, Anne W.; Kindrachuk, Jason; Vercauteren, Koen; Rambaut, Andrew; Mbala-Kingebeni, Placide"
PP_0012UG3,Ia,None,Democratic Republic of the Congo,Sud-Ubangi,2024-08-13,194581,0.9437703147422278,2025-02-04,"Amuri-Aziza, Adrienne; Luakanda-Ndelemo, Gradi; Kinganda-Lusamaki, Eddy; Makangara-Cigolo, Jean-Claude; Kenye, Michel; Kavira, Sifa; Wawina-Bokalanga, Tony; Merritt, Sydney; Jansen, Daan; Halbrook, Megan; OToole, Aine; Pukuta-Simbu, Elisabeth; Hasivirwe Vakaniaki, Emmanuel; Ola-Mpumbe, Rilia; Kwete-Mbokama, Papy; Akil-Bandali, Prince; Kacita, Cris; Ponga-Museme, Ange; Mapenzi-Kashali, Nelson; Tshiani-Mbaya, Olivier; Paku-Tshambu, Princesse; Dantas, Pedro H. L. F.; De Block, Tessa; Lokilo-Lofiko, Emmanuel; Muswamba-Kayembe, Chloe; Kelvin, David J.; Pratt, Catherine; Ayouba, Ahidjo; Tessema, Sofonias; Mauro Rezende, Antonio; Hensley, Lisa E.; Delaporte, Eric; Mwamba, Dieudonne; Subissi, Lorenzo; Liesenborghs, Laurens; Hoff, Nicole A.; Peeters, Martine; Low, Nicola; Ahuka-Mundeke, Steve; Muyembe-Tamfum, Jean-Jacques; Rimoin, Anne W.; Kindrachuk, Jason; Vercauteren, Koen; Rambaut, Andrew; Mbala-Kingebeni, Placide"
PP_0012UH0,Ia,None,Democratic Republic of the Congo,Sud-Ubangi,2024-08-15,192923,0.7350323768185022,2025-02-04,"Amuri-Aziza, Adrienne; Luakanda-Ndelemo, Gradi; Kinganda-Lusamaki, Eddy; Makangara-Cigolo, Jean-Claude; Kenye, Michel; Kavira, Sifa; Wawina-Bokalanga, Tony; Merritt, Sydney; Jansen, Daan; Halbrook, Megan; OToole, Aine; Pukuta-Simbu, Elisabeth; Hasivirwe Vakaniaki, Emmanuel; Ola-Mpumbe, Rilia; Kwete-Mbokama, Papy; Akil-Bandali, Prince; Kacita, Cris; Ponga-Museme, Ange; Mapenzi-Kashali, Nelson; Tshiani-Mbaya, Olivier; Paku-Tshambu, Princesse; Dantas, Pedro H. L. F.; De Block, Tessa; Lokilo-Lofiko, Emmanuel; Muswamba-Kayembe, Chloe; Kelvin, David J.; Pratt, Catherine; Ayouba, Ahidjo; Tessema, Sofonias; Mauro Rezende, Antonio; Hensley, Lisa E.; Delaporte, Eric; Mwamba, Dieudonne; Subissi, Lorenzo; Liesenborghs, Laurens; Hoff, Nicole A.; Peeters, Martine; Low, Nicola; Ahuka-Mundeke, Steve; Muyembe-Tamfum, Jean-Jacques; Rimoin, Anne W.; Kindrachuk, Jason; Vercauteren, Koen; Rambaut, Andrew; Mbala-Kingebeni, Placide"
PP_0012UJY,Ib,A.1,Democratic Republic of the Congo,Kinshasa,2024-08-30,196615,0.9972212221551756,2025-02-04,"Wawina-Bokalanga, Tony; Merritt, Sydney; Kinganda-Lusamaki, Eddy; Jansen, Daan; Halbrook, Megan; OToole, Aine; Pukuta-Simbu, Elisabeth; Muyamuna, Elise; Hasivirwe Vakaniaki, Emmanuel; Ola-Mpumbe, Rilia; Kwete-Mbokama, Papy; Akil-Bandali, Prince; Kacita, Cris; Ponga-Museme, Ange; Mapenzi-Kashali, Nelson; Amuri-Aziza, Adrienne; Muyembe-Mawete, Francisca; Lumembe-Numbi, Raphael; Kabamba-Lungenyi, Gabriel; Tshiani-Mbaya, Olivier; Paku-Tshambu, Princesse; Dantas, Pedro Hlf; DeBlock, Tessa; Lokilo-Lofiko, Emmanuel; Muswamba-Kayembe, Chloe; Makangara-Cigolo, Jean-Claude; Luakanda-Ndelemo, Gradi; Kelvin, David J.; Pratt, Catherine; Ayouba, Ahidjo; Tessema, Sofonias; Mauro, Antonio R.; Hensley, Lisa E.; Delaporte, Eric; Mwamba, Dieudonne; Subissi, Lorenzo; Liesenborghs, Laurens; Hoff, Nicole A.; Peeters, Martine; Low, Nicola; Ahuka-Mundeke, Steve; Muyembe-Tamfum, Jean-Jacques; Rimoin, Anne W.; Kindrachuk, Jason; Vercauteren, Koen; Rambaut, Andrew; Mbala-Kingebeni, Placide"
PP_0012UKW,Ia,None,Democratic Republic of the Congo,Maindombe,2024-08-18,196772,0.9973733450298922,2025-02-04,"Mbala-Kingebeni, Placide; Wawina-Bokalanga, Tony; Merritt, Sydney; Kinganda-Lusamaki, Eddy; Jansen, Daan; Halbrook, Megan; OToole, Aine; Pukuta-Simbu, Elisabeth; Hasivirwe Vakaniaki, Emmanuel; Ola-Mpumbe, Rilia; Kwete-Mbokama, Papy; Akil-Bandali, Prince; Kacita, Cris; Ponga-Museme, Ange; Mapenzi-Kashali, Nelson; Amuri-Aziza, Adrienne; Tshiani-Mbaya, Olivier; Paku-Tshambu, Princesse; Dantas, Pedro H. L. F.; De Block, Tessa; Lokilo-Lofiko, Emmanuel; Muswamba-Kayembe, Chloe; Makangara-Cigolo, Jean-Claude; Luakanda-Ndelemo, Gradi; Kelvin, David J.; Pratt, Catherine; Ayouba, Ahidjo; Tessema, Sofonias; Mauro Rezende, Antonio; Hensley, Lisa E.; Delaporte, Eric; Mwamba, Dieudonne; Subissi, Lorenzo; Liesenborghs, Laurens; Hoff, Nicole A.; Peeters, Martine; Low, Nicola; Rimoin, Anne W.; Kindrachuk, Jason; Vercauteren, Koen; Rambaut, Andrew; Ahuka-Mundeke, Steve; Muyembe-Tamfum, Jean-Jacques"
PP_0012ULU,Ia,None,Democratic Republic of the Congo,Mongala,2024-08-28,196738,0.995821691707782,2025-02-04,"Mbala-Kingebeni, Placide; Wawina-Bokalanga, Tony; Merritt, Sydney; Kinganda-Lusamaki, Eddy; Jansen, Daan; Halbrook, Megan; OToole, Aine; Pukuta-Simbu, Elisabeth; Hasivirwe Vakaniaki, Emmanuel; Ola-Mpumbe, Rilia; Kwete-Mbokama, Papy; Akil-Bandali, Prince; Kacita, Cris; Ponga-Museme, Ange; Mapenzi-Kashali, Nelson; Amuri-Aziza, Adrienne; Tshiani-Mbaya, Olivier; Paku-Tshambu, Princesse; Dantas, Pedro H. L. F.; De Block, Tessa; Lokilo-Lofiko, Emmanuel; Muswamba-Kayembe, Chloe; Makangara-Cigolo, Jean-Claude; Luakanda-Ndelemo, Gradi; Kelvin, David J.; Pratt, Catherine; Ayouba, Ahidjo; Tessema, Sofonias; Mauro Rezende, Antonio; Hensley, Lisa E.; Delaporte, Eric; Mwamba, Dieudonne; Subissi, Lorenzo; Liesenborghs, Laurens; Hoff, Nicole A.; Peeters, Martine; Low, Nicola; Rimoin, Anne W.; Kindrachuk, Jason; Vercauteren, Koen; Rambaut, Andrew; Ahuka-Mundeke, Steve; Muyembe-Tamfum, Jean-Jacques"
PP_0012UMS,Ia,None,Democratic Republic of the Congo,Mongala,2024-08-27,196826,0.99844834667789,2025-02-04,"Mbala-Kingebeni, Placide; Wawina-Bokalanga, Tony; Merritt, Sydney; Kinganda-Lusamaki, Eddy; Jansen, Daan; Halbrook, Megan; OToole, Aine; Pukuta-Simbu, Elisabeth; Hasivirwe Vakaniaki, Emmanuel; Ola-Mpumbe, Rilia; Kwete-Mbokama, Papy; Akil-Bandali, Prince; Kacita, Cris; Ponga-Museme, Ange; Mapenzi-Kashali, Nelson; Amuri-Aziza, Adrienne; Tshiani-Mbaya, Olivier; Paku-Tshambu, Princesse; Dantas, Pedro H. L. F.; De Block, Tessa; Lokilo-Lofiko, Emmanuel; Muswamba-Kayembe, Chloe; Makangara-Cigolo, Jean-Claude; Luakanda-Ndelemo, Gradi; Kelvin, David J.; Pratt, Catherine; Ayouba, Ahidjo; Tessema, Sofonias; Mauro Rezende, Antonio; Hensley, Lisa E.; Delaporte, Eric; Mwamba, Dieudonne; Subissi, Lorenzo; Liesenborghs, Laurens; Hoff, Nicole A.; Peeters, Martine; Low, Nicola; Rimoin, Anne W.; Kindrachuk, Jason; Vercauteren, Koen; Rambaut, Andrew; Ahuka-Mundeke, Steve; Muyembe-Tamfum, Jean-Jacques"
PP_0012UNQ,Ia,None,Democratic Republic of the Congo,Mongala,2024-08-27,196553,0.6174616777124776,2025-02-04,"Mbala-Kingebeni, Placide; Wawina-Bokalanga, Tony; Merritt, Sydney; Kinganda-Lusamaki, Eddy; Jansen, Daan; Halbrook, Megan; OToole, Aine; Pukuta-Simbu, Elisabeth; Hasivirwe Vakaniaki, Emmanuel; Ola-Mpumbe, Rilia; Kwete-Mbokama, Papy; Akil-Bandali, Prince; Kacita, Cris; Ponga-Museme, Ange; Mapenzi-Kashali, Nelson; Amuri-Aziza, Adrienne; Tshiani-Mbaya, Olivier; Paku-Tshambu, Princesse; Dantas, Pedro H. L. F.; De Block, Tessa; Lokilo-Lofiko, Emmanuel; Muswamba-Kayembe, Chloe; Makangara-Cigolo, Jean-Claude; Luakanda-Ndelemo, Gradi; Kelvin, David J.; Pratt, Catherine; Ayouba, Ahidjo; Tessema, Sofonias; Mauro Rezende, Antonio; Hensley, Lisa E.; Delaporte, Eric; Mwamba, Dieudonne; Subissi, Lorenzo; Liesenborghs, Laurens; Hoff, Nicole A.; Peeters, Martine; Low, Nicola; Rimoin, Anne W.; Kindrachuk, Jason; Vercauteren, Koen; Rambaut, Andrew; Ahuka-Mundeke, Steve; Muyembe-Tamfum, Jean-Jacques"
PP_0012UPN,Ia,None,Democratic Republic of the Congo,Mongala,2024-08-28,196923,0.9974747602797032,2025-02-04,"Mbala-Kingebeni, Placide; Wawina-Bokalanga, Tony; Merritt, Sydney; Kinganda-Lusamaki, Eddy; Jansen, Daan; Halbrook, Megan; OToole, Aine; Pukuta-Simbu, Elisabeth; Hasivirwe Vakaniaki, Emmanuel; Ola-Mpumbe, Rilia; Kwete-Mbokama, Papy; Akil-Bandali, Prince; Kacita, Cris; Ponga-Museme, Ange; Mapenzi-Kashali, Nelson; Amuri-Aziza, Adrienne; Tshiani-Mbaya, Olivier; Paku-Tshambu, Princesse; Dantas, Pedro H. L. F.; De Block, Tessa; Lokilo-Lofiko, Emmanuel; Muswamba-Kayembe, Chloe; Makangara-Cigolo, Jean-Claude; Luakanda-Ndelemo, Gradi; Kelvin, David J.; Pratt, Catherine; Ayouba, Ahidjo; Tessema, Sofonias; Mauro Rezende, Antonio; Hensley, Lisa E.; Delaporte, Eric; Mwamba, Dieudonne; Subissi, Lorenzo; Liesenborghs, Laurens; Hoff, Nicole A.; Peeters, Martine; Low, Nicola; Rimoin, Anne W.; Kindrachuk, Jason; Vercauteren, Koen; Rambaut, Andrew; Ahuka-Mundeke, Steve; Muyembe-Tamfum, Jean-Jacques"
PP_0012UQL,Ia,None,Democratic Republic of the Congo,Kinshasa,2024-08-30,196755,0.9983063653281544,2025-02-04,"Wawina-Bokalanga, Tony; Merritt, Sydney; Kinganda-Lusamaki, Eddy; Jansen, Daan; Halbrook, Megan; OToole, Aine; Pukuta-Simbu, Elisabeth; Muyamuna, Elise; Hasivirwe Vakaniaki, Emmanuel; Ola-Mpumbe, Rilia; Kwete-Mbokama, Papy; Akil-Bandali, Prince; Kacita, Cris; Ponga-Museme, Ange; Mapenzi-Kashali, Nelson; Amuri-Aziza, Adrienne; Muyembe-Mawete, Francisca; Lumembe-Numbi, Raphael; Kabamba-Lungenyi, Gabriel; Tshiani-Mbaya, Olivier; Paku-Tshambu, Princesse; Dantas, Pedro Hlf; DeBlock, Tessa; Lokilo-Lofiko, Emmanuel; Muswamba-Kayembe, Chloe; Makangara-Cigolo, Jean-Claude; Luakanda-Ndelemo, Gradi; Kelvin, David J.; Pratt, Catherine; Ayouba, Ahidjo; Tessema, Sofonias; Mauro, Antonio R.; Hensley, Lisa E.; Delaporte, Eric; Mwamba, Dieudonne; Subissi, Lorenzo; Liesenborghs, Laurens; Hoff, Nicole A.; Peeters, Martine; Low, Nicola; Ahuka-Mundeke, Steve; Muyembe-Tamfum, Jean-Jacques; Rimoin, Anne W.; Kindrachuk, Jason; Vercauteren, Koen; Rambaut, Andrew; Mbala-Kingebeni, Placide"
PP_0012URJ,Ib,A.1,Democratic Republic of the Congo,Kinshasa,2024-08-30,196520,0.8872008883975884,2025-02-04,"Wawina-Bokalanga, Tony; Merritt, Sydney; Kinganda-Lusamaki, Eddy; Jansen, Daan; Halbrook, Megan; OToole, Aine; Pukuta-Simbu, Elisabeth; Muyamuna, Elise; Hasivirwe Vakaniaki, Emmanuel; Ola-Mpumbe, Rilia; Kwete-Mbokama, Papy; Akil-Bandali, Prince; Kacita, Cris; Ponga-Museme, Ange; Mapenzi-Kashali, Nelson; Amuri-Aziza, Adrienne; Muyembe-Mawete, Francisca; Lumembe-Numbi, Raphael; Kabamba-Lungenyi, Gabriel; Tshiani-Mbaya, Olivier; Paku-Tshambu, Princesse; Dantas, Pedro Hlf; DeBlock, Tessa; Lokilo-Lofiko, Emmanuel; Muswamba-Kayembe, Chloe; Makangara-Cigolo, Jean-Claude; Luakanda-Ndelemo, Gradi; Kelvin, David J.; Pratt, Catherine; Ayouba, Ahidjo; Tessema, Sofonias; Mauro, Antonio R.; Hensley, Lisa E.; Delaporte, Eric; Mwamba, Dieudonne; Subissi, Lorenzo; Liesenborghs, Laurens; Hoff, Nicole A.; Peeters, Martine; Low, Nicola; Ahuka-Mundeke, Steve; Muyembe-Tamfum, Jean-Jacques; Rimoin, Anne W.; Kindrachuk, Jason; Vercauteren, Koen; Rambaut, Andrew; Mbala-Kingebeni, Placide"
PP_0012UTE,Ia,None,Democratic Republic of the Congo,Kinshasa,2024-08-30,196738,0.98083758854819,2025-02-04,"Wawina-Bokalanga, Tony; Merritt, Sydney; Kinganda-Lusamaki, Eddy; Jansen, Daan; Halbrook, Megan; OToole, Aine; Pukuta-Simbu, Elisabeth; Muyamuna, Elise; Hasivirwe Vakaniaki, Emmanuel; Ola-Mpumbe, Rilia; Kwete-Mbokama, Papy; Akil-Bandali, Prince; Kacita, Cris; Ponga-Museme, Ange; Mapenzi-Kashali, Nelson; Amuri-Aziza, Adrienne; Muyembe-Mawete, Francisca; Lumembe-Numbi, Raphael; Kabamba-Lungenyi, Gabriel; Tshiani-Mbaya, Olivier; Paku-Tshambu, Princesse; Dantas, Pedro Hlf; DeBlock, Tessa; Lokilo-Lofiko, Emmanuel; Muswamba-Kayembe, Chloe; Makangara-Cigolo, Jean-Claude; Luakanda-Ndelemo, Gradi; Kelvin, David J.; Pratt, Catherine; Ayouba, Ahidjo; Tessema, Sofonias; Mauro, Antonio R.; Hensley, Lisa E.; Delaporte, Eric; Mwamba, Dieudonne; Subissi, Lorenzo; Liesenborghs, Laurens; Hoff, Nicole A.; Peeters, Martine; Low, Nicola; Ahuka-Mundeke, Steve; Muyembe-Tamfum, Jean-Jacques; Rimoin, Anne W.; Kindrachuk, Jason; Vercauteren, Koen; Rambaut, Andrew; Mbala-Kingebeni, Placide"
PP_0012UUC,Ia,None,Democratic Republic of the Congo,Kinshasa,2024-08-30,196724,0.9973074251175148,2025-02-04,"Wawina-Bokalanga, Tony; Merritt, Sydney; Kinganda-Lusamaki, Eddy; Jansen, Daan; Halbrook, Megan; OToole, Aine; Pukuta-Simbu, Elisabeth; Muyamuna, Elise; Hasivirwe Vakaniaki, Emmanuel; Ola-Mpumbe, Rilia; Kwete-Mbokama, Papy; Akil-Bandali, Prince; Kacita, Cris; Ponga-Museme, Ange; Mapenzi-Kashali, Nelson; Amuri-Aziza, Adrienne; Muyembe-Mawete, Francisca; Lumembe-Numbi, Raphael; Kabamba-Lungenyi, Gabriel; Tshiani-Mbaya, Olivier; Paku-Tshambu, Princesse; Dantas, Pedro Hlf; DeBlock, Tessa; Lokilo-Lofiko, Emmanuel; Muswamba-Kayembe, Chloe; Makangara-Cigolo, Jean-Claude; Luakanda-Ndelemo, Gradi; Kelvin, David J.; Pratt, Catherine; Ayouba, Ahidjo; Tessema, Sofonias; Mauro, Antonio R.; Hensley, Lisa E.; Delaporte, Eric; Mwamba, Dieudonne; Subissi, Lorenzo; Liesenborghs, Laurens; Hoff, Nicole A.; Peeters, Martine; Low, Nicola; Ahuka-Mundeke, Steve; Muyembe-Tamfum, Jean-Jacques; Rimoin, Anne W.; Kindrachuk, Jason; Vercauteren, Koen; Rambaut, Andrew; Mbala-Kingebeni, Placide"
PP_0012UVA,Ia,None,Democratic Republic of the Congo,Kinshasa,2024-08-30,196750,0.9941483400858988,2025-02-04,"Wawina-Bokalanga, Tony; Merritt, Sydney; Kinganda-Lusamaki, Eddy; Jansen, Daan; Halbrook, Megan; OToole, Aine; Pukuta-Simbu, Elisabeth; Muyamuna, Elise; Hasivirwe Vakaniaki, Emmanuel; Ola-Mpumbe, Rilia; Kwete-Mbokama, Papy; Akil-Bandali, Prince; Kacita, Cris; Ponga-Museme, Ange; Mapenzi-Kashali, Nelson; Amuri-Aziza, Adrienne; Muyembe-Mawete, Francisca; Lumembe-Numbi, Raphael; Kabamba-Lungenyi, Gabriel; Tshiani-Mbaya, Olivier; Paku-Tshambu, Princesse; Dantas, Pedro Hlf; DeBlock, Tessa; Lokilo-Lofiko, Emmanuel; Muswamba-Kayembe, Chloe; Makangara-Cigolo, Jean-Claude; Luakanda-Ndelemo, Gradi; Kelvin, David J.; Pratt, Catherine; Ayouba, Ahidjo; Tessema, Sofonias; Mauro, Antonio R.; Hensley, Lisa E.; Delaporte, Eric; Mwamba, Dieudonne; Subissi, Lorenzo; Liesenborghs, Laurens; Hoff, Nicole A.; Peeters, Martine; Low, Nicola; Ahuka-Mundeke, Steve; Muyembe-Tamfum, Jean-Jacques; Rimoin, Anne W.; Kindrachuk, Jason; Vercauteren, Koen; Rambaut, Andrew; Mbala-Kingebeni, Placide"
PP_0012UW8,Ia,None,Democratic Republic of the Congo,Kinshasa,2024-08-30,196677,0.99525376630884,2025-02-04,"Wawina-Bokalanga, Tony; Merritt, Sydney; Kinganda-Lusamaki, Eddy; Jansen, Daan; Halbrook, Megan; OToole, Aine; Pukuta-Simbu, Elisabeth; Muyamuna, Elise; Hasivirwe Vakaniaki, Emmanuel; Ola-Mpumbe, Rilia; Kwete-Mbokama, Papy; Akil-Bandali, Prince; Kacita, Cris; Ponga-Museme, Ange; Mapenzi-Kashali, Nelson; Amuri-Aziza, Adrienne; Muyembe-Mawete, Francisca; Lumembe-Numbi, Raphael; Kabamba-Lungenyi, Gabriel; Tshiani-Mbaya, Olivier; Paku-Tshambu, Princesse; Dantas, Pedro Hlf; DeBlock, Tessa; Lokilo-Lofiko, Emmanuel; Muswamba-Kayembe, Chloe; Makangara-Cigolo, Jean-Claude; Luakanda-Ndelemo, Gradi; Kelvin, David J.; Pratt, Catherine; Ayouba, Ahidjo; Tessema, Sofonias; Mauro, Antonio R.; Hensley, Lisa E.; Delaporte, Eric; Mwamba, Dieudonne; Subissi, Lorenzo; Liesenborghs, Laurens; Hoff, Nicole A.; Peeters, Martine; Low, Nicola; Ahuka-Mundeke, Steve; Muyembe-Tamfum, Jean-Jacques; Rimoin, Anne W.; Kindrachuk, Jason; Vercauteren, Koen; Rambaut, Andrew; Mbala-Kingebeni, Placide"
PP_0012UX6,Ia,None,Democratic Republic of the Congo,Kinshasa,2024-08-30,196767,0.9984534174403804,2025-02-04,"Wawina-Bokalanga, Tony; Merritt, Sydney; Kinganda-Lusamaki, Eddy; Jansen, Daan; Halbrook, Megan; OToole, Aine; Pukuta-Simbu, Elisabeth; Muyamuna, Elise; Hasivirwe Vakaniaki, Emmanuel; Ola-Mpumbe, Rilia; Kwete-Mbokama, Papy; Akil-Bandali, Prince; Kacita, Cris; Ponga-Museme, Ange; Mapenzi-Kashali, Nelson; Amuri-Aziza, Adrienne; Muyembe-Mawete, Francisca; Lumembe-Numbi, Raphael; Kabamba-Lungenyi, Gabriel; Tshiani-Mbaya, Olivier; Paku-Tshambu, Princesse; Dantas, Pedro Hlf; DeBlock, Tessa; Lokilo-Lofiko, Emmanuel; Muswamba-Kayembe, Chloe; Makangara-Cigolo, Jean-Claude; Luakanda-Ndelemo, Gradi; Kelvin, David J.; Pratt, Catherine; Ayouba, Ahidjo; Tessema, Sofonias; Mauro, Antonio R.; Hensley, Lisa E.; Delaporte, Eric; Mwamba, Dieudonne; Subissi, Lorenzo; Liesenborghs, Laurens; Hoff, Nicole A.; Peeters, Martine; Low, Nicola; Ahuka-Mundeke, Steve; Muyembe-Tamfum, Jean-Jacques; Rimoin, Anne W.; Kindrachuk, Jason; Vercauteren, Koen; Rambaut, Andrew; Mbala-Kingebeni, Placide"
PP_0012UY4,Ib,A.1,Democratic Republic of the Congo,Kinshasa,2024-08-31,196539,0.9487498035079536,2025-02-04,"Wawina-Bokalanga, Tony; Merritt, Sydney; Kinganda-Lusamaki, Eddy; Jansen, Daan; Halbrook, Megan; OToole, Aine; Pukuta-Simbu, Elisabeth; Muyamuna, Elise; Hasivirwe Vakaniaki, Emmanuel; Ola-Mpumbe, Rilia; Kwete-Mbokama, Papy; Akil-Bandali, Prince; Kacita, Cris; Ponga-Museme, Ange; Mapenzi-Kashali, Nelson; Amuri-Aziza, Adrienne; Muyembe-Mawete, Francisca; Lumembe-Numbi, Raphael; Kabamba-Lungenyi, Gabriel; Tshiani-Mbaya, Olivier; Paku-Tshambu, Princesse; Dantas, Pedro Hlf; DeBlock, Tessa; Lokilo-Lofiko, Emmanuel; Muswamba-Kayembe, Chloe; Makangara-Cigolo, Jean-Claude; Luakanda-Ndelemo, Gradi; Kelvin, David J.; Pratt, Catherine; Ayouba, Ahidjo; Tessema, Sofonias; Mauro, Antonio R.; Hensley, Lisa E.; Delaporte, Eric; Mwamba, Dieudonne; Subissi, Lorenzo; Liesenborghs, Laurens; Hoff, Nicole A.; Peeters, Martine; Low, Nicola; Ahuka-Mundeke, Steve; Muyembe-Tamfum, Jean-Jacques; Rimoin, Anne W.; Kindrachuk, Jason; Vercauteren, Koen; Rambaut, Andrew; Mbala-Kingebeni, Placide"
PP_0012UZ2,Ia,None,Democratic Republic of the Congo,Kinshasa,2024-09-01,196604,0.7162756263659367,2025-02-04,"Wawina-Bokalanga, Tony; Merritt, Sydney; Kinganda-Lusamaki, Eddy; Jansen, Daan; Halbrook, Megan; OToole, Aine; Pukuta-Simbu, Elisabeth; Muyamuna, Elise; Hasivirwe Vakaniaki, Emmanuel; Ola-Mpumbe, Rilia; Kwete-Mbokama, Papy; Akil-Bandali, Prince; Kacita, Cris; Ponga-Museme, Ange; Mapenzi-Kashali, Nelson; Amuri-Aziza, Adrienne; Muyembe-Mawete, Francisca; Lumembe-Numbi, Raphael; Kabamba-Lungenyi, Gabriel; Tshiani-Mbaya, Olivier; Paku-Tshambu, Princesse; Dantas, Pedro Hlf; DeBlock, Tessa; Lokilo-Lofiko, Emmanuel; Muswamba-Kayembe, Chloe; Makangara-Cigolo, Jean-Claude; Luakanda-Ndelemo, Gradi; Kelvin, David J.; Pratt, Catherine; Ayouba, Ahidjo; Tessema, Sofonias; Mauro, Antonio R.; Hensley, Lisa E.; Delaporte, Eric; Mwamba, Dieudonne; Subissi, Lorenzo; Liesenborghs, Laurens; Hoff, Nicole A.; Peeters, Martine; Low, Nicola; Ahuka-Mundeke, Steve; Muyembe-Tamfum, Jean-Jacques; Rimoin, Anne W.; Kindrachuk, Jason; Vercauteren, Koen; Rambaut, Andrew; Mbala-Kingebeni, Placide"
PP_0012V00,Ia,None,Democratic Republic of the Congo,Kinshasa,2024-09-01,196831,0.9973682742674016,2025-02-04,"Wawina-Bokalanga, Tony; Merritt, Sydney; Kinganda-Lusamaki, Eddy; Jansen, Daan; Halbrook, Megan; OToole, Aine; Pukuta-Simbu, Elisabeth; Muyamuna, Elise; Hasivirwe Vakaniaki, Emmanuel; Ola-Mpumbe, Rilia; Kwete-Mbokama, Papy; Akil-Bandali, Prince; Kacita, Cris; Ponga-Museme, Ange; Mapenzi-Kashali, Nelson; Amuri-Aziza, Adrienne; Muyembe-Mawete, Francisca; Lumembe-Numbi, Raphael; Kabamba-Lungenyi, Gabriel; Tshiani-Mbaya, Olivier; Paku-Tshambu, Princesse; Dantas, Pedro Hlf; DeBlock, Tessa; Lokilo-Lofiko, Emmanuel; Muswamba-Kayembe, Chloe; Makangara-Cigolo, Jean-Claude; Luakanda-Ndelemo, Gradi; Kelvin, David J.; Pratt, Catherine; Ayouba, Ahidjo; Tessema, Sofonias; Mauro, Antonio R.; Hensley, Lisa E.; Delaporte, Eric; Mwamba, Dieudonne; Subissi, Lorenzo; Liesenborghs, Laurens; Hoff, Nicole A.; Peeters, Martine; Low, Nicola; Ahuka-Mundeke, Steve; Muyembe-Tamfum, Jean-Jacques; Rimoin, Anne W.; Kindrachuk, Jason; Vercauteren, Koen; Rambaut, Andrew; Mbala-Kingebeni, Placide"
PP_0012V1Y,Ia,None,Democratic Republic of the Congo,Kwango,2024-08-29,192728,0.768965919405301,2025-02-04,"Makangara-Cigolo, Jean-Claude; Amuri-Aziza, Adrienne; Luakanda-Ndelemo, Gradi; Kenye, Michel; Kavira, Sifa; Wawina-Bokalanga, Tony; Kinganda-Lusamaki, Eddy; Merritt, Sydney; Jansen, Daan; Halbrook, Megan; OToole, Aine; Pukuta-Simbu, Elisabeth; Hasivirwe Vakaniaki, Emmanuel; Ola-Mpumbe, Rilia; Kwete-Mbokama, Papy; Akil-Bandali, Prince; Kacita, Cris; Ponga-Museme, Ange; Mapenzi-Kashali, Nelson; Tshiani-Mbaya, Olivier; Paku-Tshambu, Princesse; Dantas, Pedro H. L. F.; De Block, Tessa; Lokilo-Lofiko, Emmanuel; Muswamba-Kayembe, Chloe; Kelvin, David J.; Pratt, Catherine; Ayouba, Ahidjo; Tessema, Sofonias; Mauro Rezende, Antonio; Hensley, Lisa E.; Delaporte, Eric; Mwamba, Dieudonne; Subissi, Lorenzo; Liesenborghs, Laurens; Hoff, Nicole A.; Peeters, Martine; Low, Nicola; Ahuka-Mundeke, Steve; Muyembe-Tamfum, Jean-Jacques; Rimoin, Anne W.; Kindrachuk, Jason; Vercauteren, Koen; Rambaut, Andrew; Mbala-Kingebeni, Placide"
PP_0012V2W,Ia,None,Democratic Republic of the Congo,Kwango,2024-08-29,193347,0.8909076157781846,2025-02-04,"Makangara-Cigolo, Jean-Claude; Amuri-Aziza, Adrienne; Luakanda-Ndelemo, Gradi; Kenye, Michel; Kavira, Sifa; Wawina-Bokalanga, Tony; Kinganda-Lusamaki, Eddy; Merritt, Sydney; Jansen, Daan; Halbrook, Megan; OToole, Aine; Pukuta-Simbu, Elisabeth; Hasivirwe Vakaniaki, Emmanuel; Ola-Mpumbe, Rilia; Kwete-Mbokama, Papy; Akil-Bandali, Prince; Kacita, Cris; Ponga-Museme, Ange; Mapenzi-Kashali, Nelson; Tshiani-Mbaya, Olivier; Paku-Tshambu, Princesse; Dantas, Pedro H. L. F.; De Block, Tessa; Lokilo-Lofiko, Emmanuel; Muswamba-Kayembe, Chloe; Kelvin, David J.; Pratt, Catherine; Ayouba, Ahidjo; Tessema, Sofonias; Mauro Rezende, Antonio; Hensley, Lisa E.; Delaporte, Eric; Mwamba, Dieudonne; Subissi, Lorenzo; Liesenborghs, Laurens; Hoff, Nicole A.; Peeters, Martine; Low, Nicola; Ahuka-Mundeke, Steve; Muyembe-Tamfum, Jean-Jacques; Rimoin, Anne W.; Kindrachuk, Jason; Vercauteren, Koen; Rambaut, Andrew; Mbala-Kingebeni, Placide"
PP_0012V3U,Ia,None,Democratic Republic of the Congo,Kinshasa,2024-09-01,196746,0.9987728754772855,2025-02-04,"Wawina-Bokalanga, Tony; Merritt, Sydney; Kinganda-Lusamaki, Eddy; Jansen, Daan; Halbrook, Megan; OToole, Aine; Pukuta-Simbu, Elisabeth; Muyamuna, Elise; Hasivirwe Vakaniaki, Emmanuel; Ola-Mpumbe, Rilia; Kwete-Mbokama, Papy; Akil-Bandali, Prince; Kacita, Cris; Ponga-Museme, Ange; Mapenzi-Kashali, Nelson; Amuri-Aziza, Adrienne; Muyembe-Mawete, Francisca; Lumembe-Numbi, Raphael; Kabamba-Lungenyi, Gabriel; Tshiani-Mbaya, Olivier; Paku-Tshambu, Princesse; Dantas, Pedro Hlf; DeBlock, Tessa; Lokilo-Lofiko, Emmanuel; Muswamba-Kayembe, Chloe; Makangara-Cigolo, Jean-Claude; Luakanda-Ndelemo, Gradi; Kelvin, David J.; Pratt, Catherine; Ayouba, Ahidjo; Tessema, Sofonias; Mauro, Antonio R.; Hensley, Lisa E.; Delaporte, Eric; Mwamba, Dieudonne; Subissi, Lorenzo; Liesenborghs, Laurens; Hoff, Nicole A.; Peeters, Martine; Low, Nicola; Ahuka-Mundeke, Steve; Muyembe-Tamfum, Jean-Jacques; Rimoin, Anne W.; Kindrachuk, Jason; Vercauteren, Koen; Rambaut, Andrew; Mbala-Kingebeni, Placide"
PP_0012V4S,Ib,A.1,Democratic Republic of the Congo,Kinshasa,2024-08-31,196658,0.9951472802965382,2025-02-04,"Wawina-Bokalanga, Tony; Merritt, Sydney; Kinganda-Lusamaki, Eddy; Jansen, Daan; Halbrook, Megan; OToole, Aine; Pukuta-Simbu, Elisabeth; Muyamuna, Elise; Hasivirwe Vakaniaki, Emmanuel; Ola-Mpumbe, Rilia; Kwete-Mbokama, Papy; Akil-Bandali, Prince; Kacita, Cris; Ponga-Museme, Ange; Mapenzi-Kashali, Nelson; Amuri-Aziza, Adrienne; Muyembe-Mawete, Francisca; Lumembe-Numbi, Raphael; Kabamba-Lungenyi, Gabriel; Tshiani-Mbaya, Olivier; Paku-Tshambu, Princesse; Dantas, Pedro Hlf; DeBlock, Tessa; Lokilo-Lofiko, Emmanuel; Muswamba-Kayembe, Chloe; Makangara-Cigolo, Jean-Claude; Luakanda-Ndelemo, Gradi; Kelvin, David J.; Pratt, Catherine; Ayouba, Ahidjo; Tessema, Sofonias; Mauro, Antonio R.; Hensley, Lisa E.; Delaporte, Eric; Mwamba, Dieudonne; Subissi, Lorenzo; Liesenborghs, Laurens; Hoff, Nicole A.; Peeters, Martine; Low, Nicola; Ahuka-Mundeke, Steve; Muyembe-Tamfum, Jean-Jacques; Rimoin, Anne W.; Kindrachuk, Jason; Vercauteren, Koen; Rambaut, Andrew; Mbala-Kingebeni, Placide"
PP_0012V5Q,Ia,None,Democratic Republic of the Congo,Kinshasa,2024-09-01,196524,0.8103737659031789,2025-02-04,"Wawina-Bokalanga, Tony; Merritt, Sydney; Kinganda-Lusamaki, Eddy; Jansen, Daan; Halbrook, Megan; OToole, Aine; Pukuta-Simbu, Elisabeth; Muyamuna, Elise; Hasivirwe Vakaniaki, Emmanuel; Ola-Mpumbe, Rilia; Kwete-Mbokama, Papy; Akil-Bandali, Prince; Kacita, Cris; Ponga-Museme, Ange; Mapenzi-Kashali, Nelson; Amuri-Aziza, Adrienne; Muyembe-Mawete, Francisca; Lumembe-Numbi, Raphael; Kabamba-Lungenyi, Gabriel; Tshiani-Mbaya, Olivier; Paku-Tshambu, Princesse; Dantas, Pedro Hlf; DeBlock, Tessa; Lokilo-Lofiko, Emmanuel; Muswamba-Kayembe, Chloe; Makangara-Cigolo, Jean-Claude; Luakanda-Ndelemo, Gradi; Kelvin, David J.; Pratt, Catherine; Ayouba, Ahidjo; Tessema, Sofonias; Mauro, Antonio R.; Hensley, Lisa E.; Delaporte, Eric; Mwamba, Dieudonne; Subissi, Lorenzo; Liesenborghs, Laurens; Hoff, Nicole A.; Peeters, Martine; Low, Nicola; Ahuka-Mundeke, Steve; Muyembe-Tamfum, Jean-Jacques; Rimoin, Anne W.; Kindrachuk, Jason; Vercauteren, Koen; Rambaut, Andrew; Mbala-Kingebeni, Placide"
PP_0012V6N,Ia,None,Democratic Republic of the Congo,Maindombe,2024-08-10,196790,0.9987170970898894,2025-02-04,"Mbala-Kingebeni, Placide; Wawina-Bokalanga, Tony; Merritt, Sydney; Kinganda-Lusamaki, Eddy; Jansen, Daan; Halbrook, Megan; OToole, Aine; Pukuta-Simbu, Elisabeth; Hasivirwe Vakaniaki, Emmanuel; Ola-Mpumbe, Rilia; Kwete-Mbokama, Papy; Akil-Bandali, Prince; Kacita, Cris; Ponga-Museme, Ange; Mapenzi-Kashali, Nelson; Amuri-Aziza, Adrienne; Tshiani-Mbaya, Olivier; Paku-Tshambu, Princesse; Dantas, Pedro H. L. F.; De Block, Tessa; Lokilo-Lofiko, Emmanuel; Muswamba-Kayembe, Chloe; Makangara-Cigolo, Jean-Claude; Luakanda-Ndelemo, Gradi; Kelvin, David J.; Pratt, Catherine; Ayouba, Ahidjo; Tessema, Sofonias; Mauro Rezende, Antonio; Hensley, Lisa E.; Delaporte, Eric; Mwamba, Dieudonne; Subissi, Lorenzo; Liesenborghs, Laurens; Hoff, Nicole A.; Peeters, Martine; Low, Nicola; Rimoin, Anne W.; Kindrachuk, Jason; Vercauteren, Koen; Rambaut, Andrew; Ahuka-Mundeke, Steve; Muyembe-Tamfum, Jean-Jacques"
PP_0012V8J,Ia,None,Democratic Republic of the Congo,Maindombe,2024-07-27,196859,0.9805840504236624,2025-02-04,"Mbala-Kingebeni, Placide; Wawina-Bokalanga, Tony; Merritt, Sydney; Kinganda-Lusamaki, Eddy; Jansen, Daan; Halbrook, Megan; OToole, Aine; Pukuta-Simbu, Elisabeth; Hasivirwe Vakaniaki, Emmanuel; Ola-Mpumbe, Rilia; Kwete-Mbokama, Papy; Akil-Bandali, Prince; Kacita, Cris; Ponga-Museme, Ange; Mapenzi-Kashali, Nelson; Amuri-Aziza, Adrienne; Tshiani-Mbaya, Olivier; Paku-Tshambu, Princesse; Dantas, Pedro H. L. F.; De Block, Tessa; Lokilo-Lofiko, Emmanuel; Muswamba-Kayembe, Chloe; Makangara-Cigolo, Jean-Claude; Luakanda-Ndelemo, Gradi; Kelvin, David J.; Pratt, Catherine; Ayouba, Ahidjo; Tessema, Sofonias; Mauro Rezende, Antonio; Hensley, Lisa E.; Delaporte, Eric; Mwamba, Dieudonne; Subissi, Lorenzo; Liesenborghs, Laurens; Hoff, Nicole A.; Peeters, Martine; Low, Nicola; Rimoin, Anne W.; Kindrachuk, Jason; Vercauteren, Koen; Rambaut, Andrew; Ahuka-Mundeke, Steve; Muyembe-Tamfum, Jean-Jacques"
PP_0012V9G,Ia,None,Democratic Republic of the Congo,Mongala,2024-08-28,196652,0.989168851320173,2025-02-04,"Mbala-Kingebeni, Placide; Wawina-Bokalanga, Tony; Merritt, Sydney; Kinganda-Lusamaki, Eddy; Jansen, Daan; Halbrook, Megan; OToole, Aine; Pukuta-Simbu, Elisabeth; Hasivirwe Vakaniaki, Emmanuel; Ola-Mpumbe, Rilia; Kwete-Mbokama, Papy; Akil-Bandali, Prince; Kacita, Cris; Ponga-Museme, Ange; Mapenzi-Kashali, Nelson; Amuri-Aziza, Adrienne; Tshiani-Mbaya, Olivier; Paku-Tshambu, Princesse; Dantas, Pedro H. L. F.; De Block, Tessa; Lokilo-Lofiko, Emmanuel; Muswamba-Kayembe, Chloe; Makangara-Cigolo, Jean-Claude; Luakanda-Ndelemo, Gradi; Kelvin, David J.; Pratt, Catherine; Ayouba, Ahidjo; Tessema, Sofonias; Mauro Rezende, Antonio; Hensley, Lisa E.; Delaporte, Eric; Mwamba, Dieudonne; Subissi, Lorenzo; Liesenborghs, Laurens; Hoff, Nicole A.; Peeters, Martine; Low, Nicola; Rimoin, Anne W.; Kindrachuk, Jason; Vercauteren, Koen; Rambaut, Andrew; Ahuka-Mundeke, Steve; Muyembe-Tamfum, Jean-Jacques"
PP_0012VAE,Ia,None,Democratic Republic of the Congo,Maindombe,2024-08-14,196615,0.9611985254222676,2025-02-04,"Mbala-Kingebeni, Placide; Wawina-Bokalanga, Tony; Merritt, Sydney; Kinganda-Lusamaki, Eddy; Jansen, Daan; Halbrook, Megan; OToole, Aine; Pukuta-Simbu, Elisabeth; Hasivirwe Vakaniaki, Emmanuel; Ola-Mpumbe, Rilia; Kwete-Mbokama, Papy; Akil-Bandali, Prince; Kacita, Cris; Ponga-Museme, Ange; Mapenzi-Kashali, Nelson; Amuri-Aziza, Adrienne; Tshiani-Mbaya, Olivier; Paku-Tshambu, Princesse; Dantas, Pedro H. L. F.; De Block, Tessa; Lokilo-Lofiko, Emmanuel; Muswamba-Kayembe, Chloe; Makangara-Cigolo, Jean-Claude; Luakanda-Ndelemo, Gradi; Kelvin, David J.; Pratt, Catherine; Ayouba, Ahidjo; Tessema, Sofonias; Mauro Rezende, Antonio; Hensley, Lisa E.; Delaporte, Eric; Mwamba, Dieudonne; Subissi, Lorenzo; Liesenborghs, Laurens; Hoff, Nicole A.; Peeters, Martine; Low, Nicola; Rimoin, Anne W.; Kindrachuk, Jason; Vercauteren, Koen; Rambaut, Andrew; Ahuka-Mundeke, Steve; Muyembe-Tamfum, Jean-Jacques"
PP_0012VBC,Ia,None,Democratic Republic of the Congo,Maindombe,2024-08-27,196724,0.9558438002322408,2025-02-04,"Mbala-Kingebeni, Placide; Wawina-Bokalanga, Tony; Merritt, Sydney; Kinganda-Lusamaki, Eddy; Jansen, Daan; Halbrook, Megan; OToole, Aine; Pukuta-Simbu, Elisabeth; Hasivirwe Vakaniaki, Emmanuel; Ola-Mpumbe, Rilia; Kwete-Mbokama, Papy; Akil-Bandali, Prince; Kacita, Cris; Ponga-Museme, Ange; Mapenzi-Kashali, Nelson; Amuri-Aziza, Adrienne; Tshiani-Mbaya, Olivier; Paku-Tshambu, Princesse; Dantas, Pedro H. L. F.; De Block, Tessa; Lokilo-Lofiko, Emmanuel; Muswamba-Kayembe, Chloe; Makangara-Cigolo, Jean-Claude; Luakanda-Ndelemo, Gradi; Kelvin, David J.; Pratt, Catherine; Ayouba, Ahidjo; Tessema, Sofonias; Mauro Rezende, Antonio; Hensley, Lisa E.; Delaporte, Eric; Mwamba, Dieudonne; Subissi, Lorenzo; Liesenborghs, Laurens; Hoff, Nicole A.; Peeters, Martine; Low, Nicola; Rimoin, Anne W.; Kindrachuk, Jason; Vercauteren, Koen; Rambaut, Andrew; Ahuka-Mundeke, Steve; Muyembe-Tamfum, Jean-Jacques"
PP_0012VCA,Ia,None,Democratic Republic of the Congo,Maindombe,2024-08-27,196817,0.9952233417338964,2025-02-04,"Mbala-Kingebeni, Placide; Wawina-Bokalanga, Tony; Merritt, Sydney; Kinganda-Lusamaki, Eddy; Jansen, Daan; Halbrook, Megan; OToole, Aine; Pukuta-Simbu, Elisabeth; Hasivirwe Vakaniaki, Emmanuel; Ola-Mpumbe, Rilia; Kwete-Mbokama, Papy; Akil-Bandali, Prince; Kacita, Cris; Ponga-Museme, Ange; Mapenzi-Kashali, Nelson; Amuri-Aziza, Adrienne; Tshiani-Mbaya, Olivier; Paku-Tshambu, Princesse; Dantas, Pedro H. L. F.; De Block, Tessa; Lokilo-Lofiko, Emmanuel; Muswamba-Kayembe, Chloe; Makangara-Cigolo, Jean-Claude; Luakanda-Ndelemo, Gradi; Kelvin, David J.; Pratt, Catherine; Ayouba, Ahidjo; Tessema, Sofonias; Mauro Rezende, Antonio; Hensley, Lisa E.; Delaporte, Eric; Mwamba, Dieudonne; Subissi, Lorenzo; Liesenborghs, Laurens; Hoff, Nicole A.; Peeters, Martine; Low, Nicola; Rimoin, Anne W.; Kindrachuk, Jason; Vercauteren, Koen; Rambaut, Andrew; Ahuka-Mundeke, Steve; Muyembe-Tamfum, Jean-Jacques"
PP_0012VD8,Ia,None,Democratic Republic of the Congo,Maindombe,2024-08-28,196814,0.9988793614895872,2025-02-04,"Mbala-Kingebeni, Placide; Wawina-Bokalanga, Tony; Merritt, Sydney; Kinganda-Lusamaki, Eddy; Jansen, Daan; Halbrook, Megan; OToole, Aine; Pukuta-Simbu, Elisabeth; Hasivirwe Vakaniaki, Emmanuel; Ola-Mpumbe, Rilia; Kwete-Mbokama, Papy; Akil-Bandali, Prince; Kacita, Cris; Ponga-Museme, Ange; Mapenzi-Kashali, Nelson; Amuri-Aziza, Adrienne; Tshiani-Mbaya, Olivier; Paku-Tshambu, Princesse; Dantas, Pedro H. L. F.; De Block, Tessa; Lokilo-Lofiko, Emmanuel; Muswamba-Kayembe, Chloe; Makangara-Cigolo, Jean-Claude; Luakanda-Ndelemo, Gradi; Kelvin, David J.; Pratt, Catherine; Ayouba, Ahidjo; Tessema, Sofonias; Mauro Rezende, Antonio; Hensley, Lisa E.; Delaporte, Eric; Mwamba, Dieudonne; Subissi, Lorenzo; Liesenborghs, Laurens; Hoff, Nicole A.; Peeters, Martine; Low, Nicola; Rimoin, Anne W.; Kindrachuk, Jason; Vercauteren, Koen; Rambaut, Andrew; Ahuka-Mundeke, Steve; Muyembe-Tamfum, Jean-Jacques"
PP_0012VE6,Ia,None,Democratic Republic of the Congo,Maindombe,2024-08-10,196734,0.9988337246271722,2025-02-04,"Mbala-Kingebeni, Placide; Wawina-Bokalanga, Tony; Merritt, Sydney; Kinganda-Lusamaki, Eddy; Jansen, Daan; Halbrook, Megan; OToole, Aine; Pukuta-Simbu, Elisabeth; Hasivirwe Vakaniaki, Emmanuel; Ola-Mpumbe, Rilia; Kwete-Mbokama, Papy; Akil-Bandali, Prince; Kacita, Cris; Ponga-Museme, Ange; Mapenzi-Kashali, Nelson; Amuri-Aziza, Adrienne; Tshiani-Mbaya, Olivier; Paku-Tshambu, Princesse; Dantas, Pedro H. L. F.; De Block, Tessa; Lokilo-Lofiko, Emmanuel; Muswamba-Kayembe, Chloe; Makangara-Cigolo, Jean-Claude; Luakanda-Ndelemo, Gradi; Kelvin, David J.; Pratt, Catherine; Ayouba, Ahidjo; Tessema, Sofonias; Mauro Rezende, Antonio; Hensley, Lisa E.; Delaporte, Eric; Mwamba, Dieudonne; Subissi, Lorenzo; Liesenborghs, Laurens; Hoff, Nicole A.; Peeters, Martine; Low, Nicola; Rimoin, Anne W.; Kindrachuk, Jason; Vercauteren, Koen; Rambaut, Andrew; Ahuka-Mundeke, Steve; Muyembe-Tamfum, Jean-Jacques"
PP_0012VF4,Ia,None,Democratic Republic of the Congo,Maindombe,2024-08-10,196733,0.9981187471160038,2025-02-04,"Mbala-Kingebeni, Placide; Wawina-Bokalanga, Tony; Merritt, Sydney; Kinganda-Lusamaki, Eddy; Jansen, Daan; Halbrook, Megan; OToole, Aine; Pukuta-Simbu, Elisabeth; Hasivirwe Vakaniaki, Emmanuel; Ola-Mpumbe, Rilia; Kwete-Mbokama, Papy; Akil-Bandali, Prince; Kacita, Cris; Ponga-Museme, Ange; Mapenzi-Kashali, Nelson; Amuri-Aziza, Adrienne; Tshiani-Mbaya, Olivier; Paku-Tshambu, Princesse; Dantas, Pedro H. L. F.; De Block, Tessa; Lokilo-Lofiko, Emmanuel; Muswamba-Kayembe, Chloe; Makangara-Cigolo, Jean-Claude; Luakanda-Ndelemo, Gradi; Kelvin, David J.; Pratt, Catherine; Ayouba, Ahidjo; Tessema, Sofonias; Mauro Rezende, Antonio; Hensley, Lisa E.; Delaporte, Eric; Mwamba, Dieudonne; Subissi, Lorenzo; Liesenborghs, Laurens; Hoff, Nicole A.; Peeters, Martine; Low, Nicola; Rimoin, Anne W.; Kindrachuk, Jason; Vercauteren, Koen; Rambaut, Andrew; Ahuka-Mundeke, Steve; Muyembe-Tamfum, Jean-Jacques"
PP_0012VG2,Ia,None,Democratic Republic of the Congo,Maindombe,2024-08-27,193511,0.9227317211689122,2025-02-04,"Mbala-Kingebeni, Placide; Wawina-Bokalanga, Tony; Merritt, Sydney; Kinganda-Lusamaki, Eddy; Jansen, Daan; Halbrook, Megan; OToole, Aine; Pukuta-Simbu, Elisabeth; Hasivirwe Vakaniaki, Emmanuel; Ola-Mpumbe, Rilia; Kwete-Mbokama, Papy; Akil-Bandali, Prince; Kacita, Cris; Ponga-Museme, Ange; Mapenzi-Kashali, Nelson; Amuri-Aziza, Adrienne; Tshiani-Mbaya, Olivier; Paku-Tshambu, Princesse; Dantas, Pedro H. L. F.; De Block, Tessa; Lokilo-Lofiko, Emmanuel; Muswamba-Kayembe, Chloe; Makangara-Cigolo, Jean-Claude; Luakanda-Ndelemo, Gradi; Kelvin, David J.; Pratt, Catherine; Ayouba, Ahidjo; Tessema, Sofonias; Mauro Rezende, Antonio; Hensley, Lisa E.; Delaporte, Eric; Mwamba, Dieudonne; Subissi, Lorenzo; Liesenborghs, Laurens; Hoff, Nicole A.; Peeters, Martine; Low, Nicola; Rimoin, Anne W.; Kindrachuk, Jason; Vercauteren, Koen; Rambaut, Andrew; Ahuka-Mundeke, Steve; Muyembe-Tamfum, Jean-Jacques"
PP_0012VHZ,Ia,None,Democratic Republic of the Congo,Maindombe,2024-08-27,190101,0.9268238264987906,2025-02-04,"Mbala-Kingebeni, Placide; Wawina-Bokalanga, Tony; Merritt, Sydney; Kinganda-Lusamaki, Eddy; Jansen, Daan; Halbrook, Megan; OToole, Aine; Pukuta-Simbu, Elisabeth; Hasivirwe Vakaniaki, Emmanuel; Ola-Mpumbe, Rilia; Kwete-Mbokama, Papy; Akil-Bandali, Prince; Kacita, Cris; Ponga-Museme, Ange; Mapenzi-Kashali, Nelson; Amuri-Aziza, Adrienne; Tshiani-Mbaya, Olivier; Paku-Tshambu, Princesse; Dantas, Pedro H. L. F.; De Block, Tessa; Lokilo-Lofiko, Emmanuel; Muswamba-Kayembe, Chloe; Makangara-Cigolo, Jean-Claude; Luakanda-Ndelemo, Gradi; Kelvin, David J.; Pratt, Catherine; Ayouba, Ahidjo; Tessema, Sofonias; Mauro Rezende, Antonio; Hensley, Lisa E.; Delaporte, Eric; Mwamba, Dieudonne; Subissi, Lorenzo; Liesenborghs, Laurens; Hoff, Nicole A.; Peeters, Martine; Low, Nicola; Rimoin, Anne W.; Kindrachuk, Jason; Vercauteren, Koen; Rambaut, Andrew; Ahuka-Mundeke, Steve; Muyembe-Tamfum, Jean-Jacques"
PP_0012VJX,Ia,None,Democratic Republic of the Congo,Maindombe,2024-08-12,190067,0.9197349005369936,2025-02-04,"Mbala-Kingebeni, Placide; Wawina-Bokalanga, Tony; Merritt, Sydney; Kinganda-Lusamaki, Eddy; Jansen, Daan; Halbrook, Megan; OToole, Aine; Pukuta-Simbu, Elisabeth; Hasivirwe Vakaniaki, Emmanuel; Ola-Mpumbe, Rilia; Kwete-Mbokama, Papy; Akil-Bandali, Prince; Kacita, Cris; Ponga-Museme, Ange; Mapenzi-Kashali, Nelson; Amuri-Aziza, Adrienne; Tshiani-Mbaya, Olivier; Paku-Tshambu, Princesse; Dantas, Pedro H. L. F.; De Block, Tessa; Lokilo-Lofiko, Emmanuel; Muswamba-Kayembe, Chloe; Makangara-Cigolo, Jean-Claude; Luakanda-Ndelemo, Gradi; Kelvin, David J.; Pratt, Catherine; Ayouba, Ahidjo; Tessema, Sofonias; Mauro Rezende, Antonio; Hensley, Lisa E.; Delaporte, Eric; Mwamba, Dieudonne; Subissi, Lorenzo; Liesenborghs, Laurens; Hoff, Nicole A.; Peeters, Martine; Low, Nicola; Rimoin, Anne W.; Kindrachuk, Jason; Vercauteren, Koen; Rambaut, Andrew; Ahuka-Mundeke, Steve; Muyembe-Tamfum, Jean-Jacques"
PP_0012VKV,Ia,None,Democratic Republic of the Congo,Maindombe,2024-08-13,190092,0.9318793767018748,2025-02-04,"Mbala-Kingebeni, Placide; Wawina-Bokalanga, Tony; Merritt, Sydney; Kinganda-Lusamaki, Eddy; Jansen, Daan; Halbrook, Megan; OToole, Aine; Pukuta-Simbu, Elisabeth; Hasivirwe Vakaniaki, Emmanuel; Ola-Mpumbe, Rilia; Kwete-Mbokama, Papy; Akil-Bandali, Prince; Kacita, Cris; Ponga-Museme, Ange; Mapenzi-Kashali, Nelson; Amuri-Aziza, Adrienne; Tshiani-Mbaya, Olivier; Paku-Tshambu, Princesse; Dantas, Pedro H. L. F.; De Block, Tessa; Lokilo-Lofiko, Emmanuel; Muswamba-Kayembe, Chloe; Makangara-Cigolo, Jean-Claude; Luakanda-Ndelemo, Gradi; Kelvin, David J.; Pratt, Catherine; Ayouba, Ahidjo; Tessema, Sofonias; Mauro Rezende, Antonio; Hensley, Lisa E.; Delaporte, Eric; Mwamba, Dieudonne; Subissi, Lorenzo; Liesenborghs, Laurens; Hoff, Nicole A.; Peeters, Martine; Low, Nicola; Rimoin, Anne W.; Kindrachuk, Jason; Vercauteren, Koen; Rambaut, Andrew; Ahuka-Mundeke, Steve; Muyembe-Tamfum, Jean-Jacques"
PP_0012VLT,Ia,None,Democratic Republic of the Congo,Maindombe,2024-08-13,190091,0.9376600459411082,2025-02-04,"Mbala-Kingebeni, Placide; Wawina-Bokalanga, Tony; Merritt, Sydney; Kinganda-Lusamaki, Eddy; Jansen, Daan; Halbrook, Megan; OToole, Aine; Pukuta-Simbu, Elisabeth; Hasivirwe Vakaniaki, Emmanuel; Ola-Mpumbe, Rilia; Kwete-Mbokama, Papy; Akil-Bandali, Prince; Kacita, Cris; Ponga-Museme, Ange; Mapenzi-Kashali, Nelson; Amuri-Aziza, Adrienne; Tshiani-Mbaya, Olivier; Paku-Tshambu, Princesse; Dantas, Pedro H. L. F.; De Block, Tessa; Lokilo-Lofiko, Emmanuel; Muswamba-Kayembe, Chloe; Makangara-Cigolo, Jean-Claude; Luakanda-Ndelemo, Gradi; Kelvin, David J.; Pratt, Catherine; Ayouba, Ahidjo; Tessema, Sofonias; Mauro Rezende, Antonio; Hensley, Lisa E.; Delaporte, Eric; Mwamba, Dieudonne; Subissi, Lorenzo; Liesenborghs, Laurens; Hoff, Nicole A.; Peeters, Martine; Low, Nicola; Rimoin, Anne W.; Kindrachuk, Jason; Vercauteren, Koen; Rambaut, Andrew; Ahuka-Mundeke, Steve; Muyembe-Tamfum, Jean-Jacques"
PP_0012VMR,Ia,None,Democratic Republic of the Congo,Maindombe,2024-08-06,190076,0.9460521578629778,2025-02-04,"Mbala-Kingebeni, Placide; Wawina-Bokalanga, Tony; Merritt, Sydney; Kinganda-Lusamaki, Eddy; Jansen, Daan; Halbrook, Megan; OToole, Aine; Pukuta-Simbu, Elisabeth; Hasivirwe Vakaniaki, Emmanuel; Ola-Mpumbe, Rilia; Kwete-Mbokama, Papy; Akil-Bandali, Prince; Kacita, Cris; Ponga-Museme, Ange; Mapenzi-Kashali, Nelson; Amuri-Aziza, Adrienne; Tshiani-Mbaya, Olivier; Paku-Tshambu, Princesse; Dantas, Pedro H. L. F.; De Block, Tessa; Lokilo-Lofiko, Emmanuel; Muswamba-Kayembe, Chloe; Makangara-Cigolo, Jean-Claude; Luakanda-Ndelemo, Gradi; Kelvin, David J.; Pratt, Catherine; Ayouba, Ahidjo; Tessema, Sofonias; Mauro Rezende, Antonio; Hensley, Lisa E.; Delaporte, Eric; Mwamba, Dieudonne; Subissi, Lorenzo; Liesenborghs, Laurens; Hoff, Nicole A.; Peeters, Martine; Low, Nicola; Rimoin, Anne W.; Kindrachuk, Jason; Vercauteren, Koen; Rambaut, Andrew; Ahuka-Mundeke, Steve; Muyembe-Tamfum, Jean-Jacques"
PP_0012VNP,Ia,None,Democratic Republic of the Congo,Maindombe,2024-07-13,189489,0.8169556156159201,2025-02-04,"Mbala-Kingebeni, Placide; Wawina-Bokalanga, Tony; Merritt, Sydney; Kinganda-Lusamaki, Eddy; Jansen, Daan; Halbrook, Megan; OToole, Aine; Pukuta-Simbu, Elisabeth; Hasivirwe Vakaniaki, Emmanuel; Ola-Mpumbe, Rilia; Kwete-Mbokama, Papy; Akil-Bandali, Prince; Kacita, Cris; Ponga-Museme, Ange; Mapenzi-Kashali, Nelson; Amuri-Aziza, Adrienne; Tshiani-Mbaya, Olivier; Paku-Tshambu, Princesse; Dantas, Pedro H. L. F.; De Block, Tessa; Lokilo-Lofiko, Emmanuel; Muswamba-Kayembe, Chloe; Makangara-Cigolo, Jean-Claude; Luakanda-Ndelemo, Gradi; Kelvin, David J.; Pratt, Catherine; Ayouba, Ahidjo; Tessema, Sofonias; Mauro Rezende, Antonio; Hensley, Lisa E.; Delaporte, Eric; Mwamba, Dieudonne; Subissi, Lorenzo; Liesenborghs, Laurens; Hoff, Nicole A.; Peeters, Martine; Low, Nicola; Rimoin, Anne W.; Kindrachuk, Jason; Vercauteren, Koen; Rambaut, Andrew; Ahuka-Mundeke, Steve; Muyembe-Tamfum, Jean-Jacques"
PP_0012VPM,Ia,None,Democratic Republic of the Congo,Kinshasa,2024-09-01,196692,0.9981694547409092,2025-02-04,"Wawina-Bokalanga, Tony; Merritt, Sydney; Kinganda-Lusamaki, Eddy; Jansen, Daan; Halbrook, Megan; OToole, Aine; Pukuta-Simbu, Elisabeth; Muyamuna, Elise; Hasivirwe Vakaniaki, Emmanuel; Ola-Mpumbe, Rilia; Kwete-Mbokama, Papy; Akil-Bandali, Prince; Kacita, Cris; Ponga-Museme, Ange; Mapenzi-Kashali, Nelson; Amuri-Aziza, Adrienne; Muyembe-Mawete, Francisca; Lumembe-Numbi, Raphael; Kabamba-Lungenyi, Gabriel; Tshiani-Mbaya, Olivier; Paku-Tshambu, Princesse; Dantas, Pedro Hlf; DeBlock, Tessa; Lokilo-Lofiko, Emmanuel; Muswamba-Kayembe, Chloe; Makangara-Cigolo, Jean-Claude; Luakanda-Ndelemo, Gradi; Kelvin, David J.; Pratt, Catherine; Ayouba, Ahidjo; Tessema, Sofonias; Mauro, Antonio R.; Hensley, Lisa E.; Delaporte, Eric; Mwamba, Dieudonne; Subissi, Lorenzo; Liesenborghs, Laurens; Hoff, Nicole A.; Peeters, Martine; Low, Nicola; Ahuka-Mundeke, Steve; Muyembe-Tamfum, Jean-Jacques; Rimoin, Anne W.; Kindrachuk, Jason; Vercauteren, Koen; Rambaut, Andrew; Mbala-Kingebeni, Placide"
PP_0012VQK,Ia,None,Democratic Republic of the Congo,Bas-Uele,2024-08-05,190112,0.9504485089422896,2025-02-04,"Amuri-Aziza, Adrienne; Luakanda-Ndelemo, Gradi; Kinganda-Lusamaki, Eddy; Makangara-Cigolo, Jean-Claude; Kenye, Michel; Kavira, Sifa; Wawina-Bokalanga, Tony; Merritt, Sydney; Jansen, Daan; Halbrook, Megan; OToole, Aine; Pukuta-Simbu, Elisabeth; Hasivirwe Vakaniaki, Emmanuel; Ola-Mpumbe, Rilia; Kwete-Mbokama, Papy; Akil-Bandali, Prince; Kacita, Cris; Ponga-Museme, Ange; Mapenzi-Kashali, Nelson; Tshiani-Mbaya, Olivier; Paku-Tshambu, Princesse; Dantas, Pedro H. L. F.; De Block, Tessa; Lokilo-Lofiko, Emmanuel; Muswamba-Kayembe, Chloe; Kelvin, David J.; Pratt, Catherine; Ayouba, Ahidjo; Tessema, Sofonias; Mauro Rezende, Antonio; Hensley, Lisa E.; Delaporte, Eric; Mwamba, Dieudonne; Subissi, Lorenzo; Liesenborghs, Laurens; Hoff, Nicole A.; Peeters, Martine; Low, Nicola; Ahuka-Mundeke, Steve; Muyembe-Tamfum, Jean-Jacques; Rimoin, Anne W.; Kindrachuk, Jason; Vercauteren, Koen; Rambaut, Andrew; Mbala-Kingebeni, Placide"
PP_0012VRH,Ia,None,Democratic Republic of the Congo,Kwilu,2024-08-21,190141,0.9400889411740844,2025-02-04,"Mbala-Kingebeni, Placide; Wawina-Bokalanga, Tony; Merritt, Sydney; Kinganda-Lusamaki, Eddy; Jansen, Daan; Halbrook, Megan; OToole, Aine; Pukuta-Simbu, Elisabeth; Hasivirwe Vakaniaki, Emmanuel; Ola-Mpumbe, Rilia; Kwete-Mbokama, Papy; Akil-Bandali, Prince; Kacita, Cris; Ponga-Museme, Ange; Mapenzi-Kashali, Nelson; Amuri-Aziza, Adrienne; Tshiani-Mbaya, Olivier; Paku-Tshambu, Princesse; Dantas, Pedro H. L. F.; De Block, Tessa; Lokilo-Lofiko, Emmanuel; Muswamba-Kayembe, Chloe; Makangara-Cigolo, Jean-Claude; Luakanda-Ndelemo, Gradi; Kelvin, David J.; Pratt, Catherine; Ayouba, Ahidjo; Tessema, Sofonias; Mauro Rezende, Antonio; Hensley, Lisa E.; Delaporte, Eric; Mwamba, Dieudonne; Subissi, Lorenzo; Liesenborghs, Laurens; Hoff, Nicole A.; Peeters, Martine; Low, Nicola; Rimoin, Anne W.; Kindrachuk, Jason; Vercauteren, Koen; Rambaut, Andrew; Ahuka-Mundeke, Steve; Muyembe-Tamfum, Jean-Jacques"
PP_0012VSF,Ia,None,Democratic Republic of the Congo,Kwango,2024-08-22,190107,0.9446424858906034,2025-02-04,"Makangara-Cigolo, Jean-Claude; Amuri-Aziza, Adrienne; Luakanda-Ndelemo, Gradi; Kenye, Michel; Kavira, Sifa; Wawina-Bokalanga, Tony; Kinganda-Lusamaki, Eddy; Merritt, Sydney; Jansen, Daan; Halbrook, Megan; OToole, Aine; Pukuta-Simbu, Elisabeth; Hasivirwe Vakaniaki, Emmanuel; Ola-Mpumbe, Rilia; Kwete-Mbokama, Papy; Akil-Bandali, Prince; Kacita, Cris; Ponga-Museme, Ange; Mapenzi-Kashali, Nelson; Tshiani-Mbaya, Olivier; Paku-Tshambu, Princesse; Dantas, Pedro H. L. F.; De Block, Tessa; Lokilo-Lofiko, Emmanuel; Muswamba-Kayembe, Chloe; Kelvin, David J.; Pratt, Catherine; Ayouba, Ahidjo; Tessema, Sofonias; Mauro Rezende, Antonio; Hensley, Lisa E.; Delaporte, Eric; Mwamba, Dieudonne; Subissi, Lorenzo; Liesenborghs, Laurens; Hoff, Nicole A.; Peeters, Martine; Low, Nicola; Ahuka-Mundeke, Steve; Muyembe-Tamfum, Jean-Jacques; Rimoin, Anne W.; Kindrachuk, Jason; Vercauteren, Koen; Rambaut, Andrew; Mbala-Kingebeni, Placide"
PP_0012VTD,Ia,None,Democratic Republic of the Congo,Kinshasa,2024-09-04,196548,0.9182288840772987,2025-02-04,"Wawina-Bokalanga, Tony; Merritt, Sydney; Kinganda-Lusamaki, Eddy; Jansen, Daan; Halbrook, Megan; OToole, Aine; Pukuta-Simbu, Elisabeth; Muyamuna, Elise; Hasivirwe Vakaniaki, Emmanuel; Ola-Mpumbe, Rilia; Kwete-Mbokama, Papy; Akil-Bandali, Prince; Kacita, Cris; Ponga-Museme, Ange; Mapenzi-Kashali, Nelson; Amuri-Aziza, Adrienne; Muyembe-Mawete, Francisca; Lumembe-Numbi, Raphael; Kabamba-Lungenyi, Gabriel; Tshiani-Mbaya, Olivier; Paku-Tshambu, Princesse; Dantas, Pedro Hlf; DeBlock, Tessa; Lokilo-Lofiko, Emmanuel; Muswamba-Kayembe, Chloe; Makangara-Cigolo, Jean-Claude; Luakanda-Ndelemo, Gradi; Kelvin, David J.; Pratt, Catherine; Ayouba, Ahidjo; Tessema, Sofonias; Mauro, Antonio R.; Hensley, Lisa E.; Delaporte, Eric; Mwamba, Dieudonne; Subissi, Lorenzo; Liesenborghs, Laurens; Hoff, Nicole A.; Peeters, Martine; Low, Nicola; Ahuka-Mundeke, Steve; Muyembe-Tamfum, Jean-Jacques; Rimoin, Anne W.; Kindrachuk, Jason; Vercauteren, Koen; Rambaut, Andrew; Mbala-Kingebeni, Placide"
PP_0012VUB,Ia,None,Democratic Republic of the Congo,Kinshasa,2024-09-03,196794,0.9979970488162304,2025-02-04,"Wawina-Bokalanga, Tony; Merritt, Sydney; Kinganda-Lusamaki, Eddy; Jansen, Daan; Halbrook, Megan; OToole, Aine; Pukuta-Simbu, Elisabeth; Muyamuna, Elise; Hasivirwe Vakaniaki, Emmanuel; Ola-Mpumbe, Rilia; Kwete-Mbokama, Papy; Akil-Bandali, Prince; Kacita, Cris; Ponga-Museme, Ange; Mapenzi-Kashali, Nelson; Amuri-Aziza, Adrienne; Muyembe-Mawete, Francisca; Lumembe-Numbi, Raphael; Kabamba-Lungenyi, Gabriel; Tshiani-Mbaya, Olivier; Paku-Tshambu, Princesse; Dantas, Pedro Hlf; DeBlock, Tessa; Lokilo-Lofiko, Emmanuel; Muswamba-Kayembe, Chloe; Makangara-Cigolo, Jean-Claude; Luakanda-Ndelemo, Gradi; Kelvin, David J.; Pratt, Catherine; Ayouba, Ahidjo; Tessema, Sofonias; Mauro, Antonio R.; Hensley, Lisa E.; Delaporte, Eric; Mwamba, Dieudonne; Subissi, Lorenzo; Liesenborghs, Laurens; Hoff, Nicole A.; Peeters, Martine; Low, Nicola; Ahuka-Mundeke, Steve; Muyembe-Tamfum, Jean-Jacques; Rimoin, Anne W.; Kindrachuk, Jason; Vercauteren, Koen; Rambaut, Andrew; Mbala-Kingebeni, Placide"
PP_0012VW7,Ia,None,Democratic Republic of the Congo,Kinshasa,2024-09-03,196738,0.9967800658184972,2025-02-04,"Wawina-Bokalanga, Tony; Merritt, Sydney; Kinganda-Lusamaki, Eddy; Jansen, Daan; Halbrook, Megan; OToole, Aine; Pukuta-Simbu, Elisabeth; Muyamuna, Elise; Hasivirwe Vakaniaki, Emmanuel; Ola-Mpumbe, Rilia; Kwete-Mbokama, Papy; Akil-Bandali, Prince; Kacita, Cris; Ponga-Museme, Ange; Mapenzi-Kashali, Nelson; Amuri-Aziza, Adrienne; Muyembe-Mawete, Francisca; Lumembe-Numbi, Raphael; Kabamba-Lungenyi, Gabriel; Tshiani-Mbaya, Olivier; Paku-Tshambu, Princesse; Dantas, Pedro Hlf; DeBlock, Tessa; Lokilo-Lofiko, Emmanuel; Muswamba-Kayembe, Chloe; Makangara-Cigolo, Jean-Claude; Luakanda-Ndelemo, Gradi; Kelvin, David J.; Pratt, Catherine; Ayouba, Ahidjo; Tessema, Sofonias; Mauro, Antonio R.; Hensley, Lisa E.; Delaporte, Eric; Mwamba, Dieudonne; Subissi, Lorenzo; Liesenborghs, Laurens; Hoff, Nicole A.; Peeters, Martine; Low, Nicola; Ahuka-Mundeke, Steve; Muyembe-Tamfum, Jean-Jacques; Rimoin, Anne W.; Kindrachuk, Jason; Vercauteren, Koen; Rambaut, Andrew; Mbala-Kingebeni, Placide"
PP_0012VX5,Ia,None,Democratic Republic of the Congo,Sud-Ubangi,2024-08-26,190133,0.9360323311816398,2025-02-04,"Amuri-Aziza, Adrienne; Luakanda-Ndelemo, Gradi; Kinganda-Lusamaki, Eddy; Makangara-Cigolo, Jean-Claude; Kenye, Michel; Kavira, Sifa; Wawina-Bokalanga, Tony; Merritt, Sydney; Jansen, Daan; Halbrook, Megan; OToole, Aine; Pukuta-Simbu, Elisabeth; Hasivirwe Vakaniaki, Emmanuel; Ola-Mpumbe, Rilia; Kwete-Mbokama, Papy; Akil-Bandali, Prince; Kacita, Cris; Ponga-Museme, Ange; Mapenzi-Kashali, Nelson; Tshiani-Mbaya, Olivier; Paku-Tshambu, Princesse; Dantas, Pedro H. L. F.; De Block, Tessa; Lokilo-Lofiko, Emmanuel; Muswamba-Kayembe, Chloe; Kelvin, David J.; Pratt, Catherine; Ayouba, Ahidjo; Tessema, Sofonias; Mauro Rezende, Antonio; Hensley, Lisa E.; Delaporte, Eric; Mwamba, Dieudonne; Subissi, Lorenzo; Liesenborghs, Laurens; Hoff, Nicole A.; Peeters, Martine; Low, Nicola; Ahuka-Mundeke, Steve; Muyembe-Tamfum, Jean-Jacques; Rimoin, Anne W.; Kindrachuk, Jason; Vercauteren, Koen; Rambaut, Andrew; Mbala-Kingebeni, Placide"
PP_0012VY3,Ia,None,Democratic Republic of the Congo,Sud-Ubangi,2024-08-14,188503,0.766329122910212,2025-02-04,"Amuri-Aziza, Adrienne; Luakanda-Ndelemo, Gradi; Kinganda-Lusamaki, Eddy; Makangara-Cigolo, Jean-Claude; Kenye, Michel; Kavira, Sifa; Wawina-Bokalanga, Tony; Merritt, Sydney; Jansen, Daan; Halbrook, Megan; OToole, Aine; Pukuta-Simbu, Elisabeth; Hasivirwe Vakaniaki, Emmanuel; Ola-Mpumbe, Rilia; Kwete-Mbokama, Papy; Akil-Bandali, Prince; Kacita, Cris; Ponga-Museme, Ange; Mapenzi-Kashali, Nelson; Tshiani-Mbaya, Olivier; Paku-Tshambu, Princesse; Dantas, Pedro H. L. F.; De Block, Tessa; Lokilo-Lofiko, Emmanuel; Muswamba-Kayembe, Chloe; Kelvin, David J.; Pratt, Catherine; Ayouba, Ahidjo; Tessema, Sofonias; Mauro Rezende, Antonio; Hensley, Lisa E.; Delaporte, Eric; Mwamba, Dieudonne; Subissi, Lorenzo; Liesenborghs, Laurens; Hoff, Nicole A.; Peeters, Martine; Low, Nicola; Ahuka-Mundeke, Steve; Muyembe-Tamfum, Jean-Jacques; Rimoin, Anne W.; Kindrachuk, Jason; Vercauteren, Koen; Rambaut, Andrew; Mbala-Kingebeni, Placide"
PP_0012VZ1,Ia,None,Democratic Republic of the Congo,Sud-Ubangi,2024-08-14,189255,0.927528662484978,2025-02-04,"Amuri-Aziza, Adrienne; Luakanda-Ndelemo, Gradi; Kinganda-Lusamaki, Eddy; Makangara-Cigolo, Jean-Claude; Kenye, Michel; Kavira, Sifa; Wawina-Bokalanga, Tony; Merritt, Sydney; Jansen, Daan; Halbrook, Megan; OToole, Aine; Pukuta-Simbu, Elisabeth; Hasivirwe Vakaniaki, Emmanuel; Ola-Mpumbe, Rilia; Kwete-Mbokama, Papy; Akil-Bandali, Prince; Kacita, Cris; Ponga-Museme, Ange; Mapenzi-Kashali, Nelson; Tshiani-Mbaya, Olivier; Paku-Tshambu, Princesse; Dantas, Pedro H. L. F.; De Block, Tessa; Lokilo-Lofiko, Emmanuel; Muswamba-Kayembe, Chloe; Kelvin, David J.; Pratt, Catherine; Ayouba, Ahidjo; Tessema, Sofonias; Mauro Rezende, Antonio; Hensley, Lisa E.; Delaporte, Eric; Mwamba, Dieudonne; Subissi, Lorenzo; Liesenborghs, Laurens; Hoff, Nicole A.; Peeters, Martine; Low, Nicola; Ahuka-Mundeke, Steve; Muyembe-Tamfum, Jean-Jacques; Rimoin, Anne W.; Kindrachuk, Jason; Vercauteren, Koen; Rambaut, Andrew; Mbala-Kingebeni, Placide"
PP_0012W0Z,Ia,None,Democratic Republic of the Congo,Sud-Ubangi,2024-08-10,190126,0.9373203048542408,2025-02-04,"Amuri-Aziza, Adrienne; Luakanda-Ndelemo, Gradi; Kinganda-Lusamaki, Eddy; Makangara-Cigolo, Jean-Claude; Kenye, Michel; Kavira, Sifa; Wawina-Bokalanga, Tony; Merritt, Sydney; Jansen, Daan; Halbrook, Megan; OToole, Aine; Pukuta-Simbu, Elisabeth; Hasivirwe Vakaniaki, Emmanuel; Ola-Mpumbe, Rilia; Kwete-Mbokama, Papy; Akil-Bandali, Prince; Kacita, Cris; Ponga-Museme, Ange; Mapenzi-Kashali, Nelson; Tshiani-Mbaya, Olivier; Paku-Tshambu, Princesse; Dantas, Pedro H. L. F.; De Block, Tessa; Lokilo-Lofiko, Emmanuel; Muswamba-Kayembe, Chloe; Kelvin, David J.; Pratt, Catherine; Ayouba, Ahidjo; Tessema, Sofonias; Mauro Rezende, Antonio; Hensley, Lisa E.; Delaporte, Eric; Mwamba, Dieudonne; Subissi, Lorenzo; Liesenborghs, Laurens; Hoff, Nicole A.; Peeters, Martine; Low, Nicola; Ahuka-Mundeke, Steve; Muyembe-Tamfum, Jean-Jacques; Rimoin, Anne W.; Kindrachuk, Jason; Vercauteren, Koen; Rambaut, Andrew; Mbala-Kingebeni, Placide"
PP_0012W1X,Ia,None,Democratic Republic of the Congo,Sud-Ubangi,2024-08-18,189252,0.9080873590961872,2025-02-04,"Amuri-Aziza, Adrienne; Luakanda-Ndelemo, Gradi; Kinganda-Lusamaki, Eddy; Makangara-Cigolo, Jean-Claude; Kenye, Michel; Kavira, Sifa; Wawina-Bokalanga, Tony; Merritt, Sydney; Jansen, Daan; Halbrook, Megan; OToole, Aine; Pukuta-Simbu, Elisabeth; Hasivirwe Vakaniaki, Emmanuel; Ola-Mpumbe, Rilia; Kwete-Mbokama, Papy; Akil-Bandali, Prince; Kacita, Cris; Ponga-Museme, Ange; Mapenzi-Kashali, Nelson; Tshiani-Mbaya, Olivier; Paku-Tshambu, Princesse; Dantas, Pedro H. L. F.; De Block, Tessa; Lokilo-Lofiko, Emmanuel; Muswamba-Kayembe, Chloe; Kelvin, David J.; Pratt, Catherine; Ayouba, Ahidjo; Tessema, Sofonias; Mauro Rezende, Antonio; Hensley, Lisa E.; Delaporte, Eric; Mwamba, Dieudonne; Subissi, Lorenzo; Liesenborghs, Laurens; Hoff, Nicole A.; Peeters, Martine; Low, Nicola; Ahuka-Mundeke, Steve; Muyembe-Tamfum, Jean-Jacques; Rimoin, Anne W.; Kindrachuk, Jason; Vercauteren, Koen; Rambaut, Andrew; Mbala-Kingebeni, Placide"
PP_0012W2V,Ia,None,Democratic Republic of the Congo,Sud-Ubangi,2024-08-19,187690,0.6767033958896399,2025-02-04,"Amuri-Aziza, Adrienne; Luakanda-Ndelemo, Gradi; Kinganda-Lusamaki, Eddy; Makangara-Cigolo, Jean-Claude; Kenye, Michel; Kavira, Sifa; Wawina-Bokalanga, Tony; Merritt, Sydney; Jansen, Daan; Halbrook, Megan; OToole, Aine; Pukuta-Simbu, Elisabeth; Hasivirwe Vakaniaki, Emmanuel; Ola-Mpumbe, Rilia; Kwete-Mbokama, Papy; Akil-Bandali, Prince; Kacita, Cris; Ponga-Museme, Ange; Mapenzi-Kashali, Nelson; Tshiani-Mbaya, Olivier; Paku-Tshambu, Princesse; Dantas, Pedro H. L. F.; De Block, Tessa; Lokilo-Lofiko, Emmanuel; Muswamba-Kayembe, Chloe; Kelvin, David J.; Pratt, Catherine; Ayouba, Ahidjo; Tessema, Sofonias; Mauro Rezende, Antonio; Hensley, Lisa E.; Delaporte, Eric; Mwamba, Dieudonne; Subissi, Lorenzo; Liesenborghs, Laurens; Hoff, Nicole A.; Peeters, Martine; Low, Nicola; Ahuka-Mundeke, Steve; Muyembe-Tamfum, Jean-Jacques; Rimoin, Anne W.; Kindrachuk, Jason; Vercauteren, Koen; Rambaut, Andrew; Mbala-Kingebeni, Placide"
PP_0012W3T,Ia,None,Democratic Republic of the Congo,Maindombe,2024-07-19,189272,0.9081887743459984,2025-02-04,"Mbala-Kingebeni, Placide; Wawina-Bokalanga, Tony; Merritt, Sydney; Kinganda-Lusamaki, Eddy; Jansen, Daan; Halbrook, Megan; OToole, Aine; Pukuta-Simbu, Elisabeth; Hasivirwe Vakaniaki, Emmanuel; Ola-Mpumbe, Rilia; Kwete-Mbokama, Papy; Akil-Bandali, Prince; Kacita, Cris; Ponga-Museme, Ange; Mapenzi-Kashali, Nelson; Amuri-Aziza, Adrienne; Tshiani-Mbaya, Olivier; Paku-Tshambu, Princesse; Dantas, Pedro H. L. F.; De Block, Tessa; Lokilo-Lofiko, Emmanuel; Muswamba-Kayembe, Chloe; Makangara-Cigolo, Jean-Claude; Luakanda-Ndelemo, Gradi; Kelvin, David J.; Pratt, Catherine; Ayouba, Ahidjo; Tessema, Sofonias; Mauro Rezende, Antonio; Hensley, Lisa E.; Delaporte, Eric; Mwamba, Dieudonne; Subissi, Lorenzo; Liesenborghs, Laurens; Hoff, Nicole A.; Peeters, Martine; Low, Nicola; Rimoin, Anne W.; Kindrachuk, Jason; Vercauteren, Koen; Rambaut, Andrew; Ahuka-Mundeke, Steve; Muyembe-Tamfum, Jean-Jacques"
PP_0012W4R,Ia,None,Democratic Republic of the Congo,Kinshasa,2024-09-06,196775,0.9951117849591044,2025-02-04,"Wawina-Bokalanga, Tony; Merritt, Sydney; Kinganda-Lusamaki, Eddy; Jansen, Daan; Halbrook, Megan; OToole, Aine; Pukuta-Simbu, Elisabeth; Muyamuna, Elise; Hasivirwe Vakaniaki, Emmanuel; Ola-Mpumbe, Rilia; Kwete-Mbokama, Papy; Akil-Bandali, Prince; Kacita, Cris; Ponga-Museme, Ange; Mapenzi-Kashali, Nelson; Amuri-Aziza, Adrienne; Muyembe-Mawete, Francisca; Lumembe-Numbi, Raphael; Kabamba-Lungenyi, Gabriel; Tshiani-Mbaya, Olivier; Paku-Tshambu, Princesse; Dantas, Pedro Hlf; DeBlock, Tessa; Lokilo-Lofiko, Emmanuel; Muswamba-Kayembe, Chloe; Makangara-Cigolo, Jean-Claude; Luakanda-Ndelemo, Gradi; Kelvin, David J.; Pratt, Catherine; Ayouba, Ahidjo; Tessema, Sofonias; Mauro, Antonio R.; Hensley, Lisa E.; Delaporte, Eric; Mwamba, Dieudonne; Subissi, Lorenzo; Liesenborghs, Laurens; Hoff, Nicole A.; Peeters, Martine; Low, Nicola; Ahuka-Mundeke, Steve; Muyembe-Tamfum, Jean-Jacques; Rimoin, Anne W.; Kindrachuk, Jason; Vercauteren, Koen; Rambaut, Andrew; Mbala-Kingebeni, Placide"
PP_0012W5P,Ia,None,Democratic Republic of the Congo,Kinshasa,2024-09-04,196745,0.9985244081152485,2025-02-04,"Wawina-Bokalanga, Tony; Merritt, Sydney; Kinganda-Lusamaki, Eddy; Jansen, Daan; Halbrook, Megan; OToole, Aine; Pukuta-Simbu, Elisabeth; Muyamuna, Elise; Hasivirwe Vakaniaki, Emmanuel; Ola-Mpumbe, Rilia; Kwete-Mbokama, Papy; Akil-Bandali, Prince; Kacita, Cris; Ponga-Museme, Ange; Mapenzi-Kashali, Nelson; Amuri-Aziza, Adrienne; Muyembe-Mawete, Francisca; Lumembe-Numbi, Raphael; Kabamba-Lungenyi, Gabriel; Tshiani-Mbaya, Olivier; Paku-Tshambu, Princesse; Dantas, Pedro Hlf; DeBlock, Tessa; Lokilo-Lofiko, Emmanuel; Muswamba-Kayembe, Chloe; Makangara-Cigolo, Jean-Claude; Luakanda-Ndelemo, Gradi; Kelvin, David J.; Pratt, Catherine; Ayouba, Ahidjo; Tessema, Sofonias; Mauro, Antonio R.; Hensley, Lisa E.; Delaporte, Eric; Mwamba, Dieudonne; Subissi, Lorenzo; Liesenborghs, Laurens; Hoff, Nicole A.; Peeters, Martine; Low, Nicola; Ahuka-Mundeke, Steve; Muyembe-Tamfum, Jean-Jacques; Rimoin, Anne W.; Kindrachuk, Jason; Vercauteren, Koen; Rambaut, Andrew; Mbala-Kingebeni, Placide"
PP_0012W6M,Ia,None,Democratic Republic of the Congo,Kinshasa,2024-09-05,196713,0.9653869752394668,2025-02-04,"Wawina-Bokalanga, Tony; Merritt, Sydney; Kinganda-Lusamaki, Eddy; Jansen, Daan; Halbrook, Megan; OToole, Aine; Pukuta-Simbu, Elisabeth; Muyamuna, Elise; Hasivirwe Vakaniaki, Emmanuel; Ola-Mpumbe, Rilia; Kwete-Mbokama, Papy; Akil-Bandali, Prince; Kacita, Cris; Ponga-Museme, Ange; Mapenzi-Kashali, Nelson; Amuri-Aziza, Adrienne; Muyembe-Mawete, Francisca; Lumembe-Numbi, Raphael; Kabamba-Lungenyi, Gabriel; Tshiani-Mbaya, Olivier; Paku-Tshambu, Princesse; Dantas, Pedro Hlf; DeBlock, Tessa; Lokilo-Lofiko, Emmanuel; Muswamba-Kayembe, Chloe; Makangara-Cigolo, Jean-Claude; Luakanda-Ndelemo, Gradi; Kelvin, David J.; Pratt, Catherine; Ayouba, Ahidjo; Tessema, Sofonias; Mauro, Antonio R.; Hensley, Lisa E.; Delaporte, Eric; Mwamba, Dieudonne; Subissi, Lorenzo; Liesenborghs, Laurens; Hoff, Nicole A.; Peeters, Martine; Low, Nicola; Ahuka-Mundeke, Steve; Muyembe-Tamfum, Jean-Jacques; Rimoin, Anne W.; Kindrachuk, Jason; Vercauteren, Koen; Rambaut, Andrew; Mbala-Kingebeni, Placide"
PP_0012W7K,Ia,None,Democratic Republic of the Congo,Kinshasa,2024-09-05,196761,0.9987475216648328,2025-02-04,"Wawina-Bokalanga, Tony; Merritt, Sydney; Kinganda-Lusamaki, Eddy; Jansen, Daan; Halbrook, Megan; OToole, Aine; Pukuta-Simbu, Elisabeth; Muyamuna, Elise; Hasivirwe Vakaniaki, Emmanuel; Ola-Mpumbe, Rilia; Kwete-Mbokama, Papy; Akil-Bandali, Prince; Kacita, Cris; Ponga-Museme, Ange; Mapenzi-Kashali, Nelson; Amuri-Aziza, Adrienne; Muyembe-Mawete, Francisca; Lumembe-Numbi, Raphael; Kabamba-Lungenyi, Gabriel; Tshiani-Mbaya, Olivier; Paku-Tshambu, Princesse; Dantas, Pedro Hlf; DeBlock, Tessa; Lokilo-Lofiko, Emmanuel; Muswamba-Kayembe, Chloe; Makangara-Cigolo, Jean-Claude; Luakanda-Ndelemo, Gradi; Kelvin, David J.; Pratt, Catherine; Ayouba, Ahidjo; Tessema, Sofonias; Mauro, Antonio R.; Hensley, Lisa E.; Delaporte, Eric; Mwamba, Dieudonne; Subissi, Lorenzo; Liesenborghs, Laurens; Hoff, Nicole A.; Peeters, Martine; Low, Nicola; Ahuka-Mundeke, Steve; Muyembe-Tamfum, Jean-Jacques; Rimoin, Anne W.; Kindrachuk, Jason; Vercauteren, Koen; Rambaut, Andrew; Mbala-Kingebeni, Placide"
PP_0012W8H,Ib,A.1,Democratic Republic of the Congo,Kinshasa,2024-09-06,196758,0.9983874975280032,2025-02-04,"Wawina-Bokalanga, Tony; Merritt, Sydney; Kinganda-Lusamaki, Eddy; Jansen, Daan; Halbrook, Megan; OToole, Aine; Pukuta-Simbu, Elisabeth; Muyamuna, Elise; Hasivirwe Vakaniaki, Emmanuel; Ola-Mpumbe, Rilia; Kwete-Mbokama, Papy; Akil-Bandali, Prince; Kacita, Cris; Ponga-Museme, Ange; Mapenzi-Kashali, Nelson; Amuri-Aziza, Adrienne; Muyembe-Mawete, Francisca; Lumembe-Numbi, Raphael; Kabamba-Lungenyi, Gabriel; Tshiani-Mbaya, Olivier; Paku-Tshambu, Princesse; Dantas, Pedro Hlf; DeBlock, Tessa; Lokilo-Lofiko, Emmanuel; Muswamba-Kayembe, Chloe; Makangara-Cigolo, Jean-Claude; Luakanda-Ndelemo, Gradi; Kelvin, David J.; Pratt, Catherine; Ayouba, Ahidjo; Tessema, Sofonias; Mauro, Antonio R.; Hensley, Lisa E.; Delaporte, Eric; Mwamba, Dieudonne; Subissi, Lorenzo; Liesenborghs, Laurens; Hoff, Nicole A.; Peeters, Martine; Low, Nicola; Ahuka-Mundeke, Steve; Muyembe-Tamfum, Jean-Jacques; Rimoin, Anne W.; Kindrachuk, Jason; Vercauteren, Koen; Rambaut, Andrew; Mbala-Kingebeni, Placide"
PP_0012W9F,Ia,None,Democratic Republic of the Congo,Kinshasa,2024-09-09,196740,0.9987018848024176,2025-02-04,"Wawina-Bokalanga, Tony; Merritt, Sydney; Kinganda-Lusamaki, Eddy; Jansen, Daan; Halbrook, Megan; OToole, Aine; Pukuta-Simbu, Elisabeth; Muyamuna, Elise; Hasivirwe Vakaniaki, Emmanuel; Ola-Mpumbe, Rilia; Kwete-Mbokama, Papy; Akil-Bandali, Prince; Kacita, Cris; Ponga-Museme, Ange; Mapenzi-Kashali, Nelson; Amuri-Aziza, Adrienne; Muyembe-Mawete, Francisca; Lumembe-Numbi, Raphael; Kabamba-Lungenyi, Gabriel; Tshiani-Mbaya, Olivier; Paku-Tshambu, Princesse; Dantas, Pedro Hlf; DeBlock, Tessa; Lokilo-Lofiko, Emmanuel; Muswamba-Kayembe, Chloe; Makangara-Cigolo, Jean-Claude; Luakanda-Ndelemo, Gradi; Kelvin, David J.; Pratt, Catherine; Ayouba, Ahidjo; Tessema, Sofonias; Mauro, Antonio R.; Hensley, Lisa E.; Delaporte, Eric; Mwamba, Dieudonne; Subissi, Lorenzo; Liesenborghs, Laurens; Hoff, Nicole A.; Peeters, Martine; Low, Nicola; Ahuka-Mundeke, Steve; Muyembe-Tamfum, Jean-Jacques; Rimoin, Anne W.; Kindrachuk, Jason; Vercauteren, Koen; Rambaut, Andrew; Mbala-Kingebeni, Placide"
PP_0012WAD,Ia,None,Democratic Republic of the Congo,Kwilu,2024-08-28,190106,0.8555644012190113,2025-02-04,"Mbala-Kingebeni, Placide; Wawina-Bokalanga, Tony; Merritt, Sydney; Kinganda-Lusamaki, Eddy; Jansen, Daan; Halbrook, Megan; OToole, Aine; Pukuta-Simbu, Elisabeth; Hasivirwe Vakaniaki, Emmanuel; Ola-Mpumbe, Rilia; Kwete-Mbokama, Papy; Akil-Bandali, Prince; Kacita, Cris; Ponga-Museme, Ange; Mapenzi-Kashali, Nelson; Amuri-Aziza, Adrienne; Tshiani-Mbaya, Olivier; Paku-Tshambu, Princesse; Dantas, Pedro H. L. F.; De Block, Tessa; Lokilo-Lofiko, Emmanuel; Muswamba-Kayembe, Chloe; Makangara-Cigolo, Jean-Claude; Luakanda-Ndelemo, Gradi; Kelvin, David J.; Pratt, Catherine; Ayouba, Ahidjo; Tessema, Sofonias; Mauro Rezende, Antonio; Hensley, Lisa E.; Delaporte, Eric; Mwamba, Dieudonne; Subissi, Lorenzo; Liesenborghs, Laurens; Hoff, Nicole A.; Peeters, Martine; Low, Nicola; Rimoin, Anne W.; Kindrachuk, Jason; Vercauteren, Koen; Rambaut, Andrew; Ahuka-Mundeke, Steve; Muyembe-Tamfum, Jean-Jacques"
PP_0012WBB,Ib,A,Democratic Republic of the Congo,Tanganyika,2024-09-03,189137,0.930119822117652,2025-02-04,"Ahuka-Mundeke, Steve; Pukuta-Simbu, Elisabeth; Amuri-Aziza, Adrienne; Wawina-Bokalanga, Tony; Merritt, Sydney; Kinganda-Lusamaki, Eddy; Jansen, Daan; Halbrook, Megan; OToole, Aine; Hasivirwe Vakaniaki, Emmanuel; Ola-Mpumbe, Rilia; Kwete-Mbokama, Papy; Akil-Bandali, Prince; Kacita, Cris; Ponga-Museme, Ange; Mapenzi-Kashali, Nelson; Tshiani-Mbaya, Olivier; Paku-Tshambu, Princesse; Dantas, Pedro H. L. F.; De Block, Tessa; Lokilo-Lofiko, Emmanuel; Muswamba-Kayembe, Chloe; Makangara-Cigolo, Jean-Claude; Luakanda-Ndelemo, Gradi; Kelvin, David J.; Pratt, Catherine; Ayouba, Ahidjo; Tessema, Sofonias; Mauro Rezende, Antonio; Hensley, Lisa E.; Delaporte, Eric; Mwamba, Dieudonne; Subissi, Lorenzo; Liesenborghs, Laurens; Hoff, Nicole A.; Peeters, Martine; Low, Nicola; Rimoin, Anne W.; Kindrachuk, Jason; Vercauteren, Koen; Rambaut, Andrew; Mbala-Kingebeni, Placide; Muyembe-Tamfum, Jean-Jacques"
PP_0012WC9,Ib,A.1,Democratic Republic of the Congo,Tanganyika,2024-09-04,189035,0.9387958967389928,2025-02-04,"Ahuka-Mundeke, Steve; Pukuta-Simbu, Elisabeth; Amuri-Aziza, Adrienne; Wawina-Bokalanga, Tony; Merritt, Sydney; Kinganda-Lusamaki, Eddy; Jansen, Daan; Halbrook, Megan; OToole, Aine; Hasivirwe Vakaniaki, Emmanuel; Ola-Mpumbe, Rilia; Kwete-Mbokama, Papy; Akil-Bandali, Prince; Kacita, Cris; Ponga-Museme, Ange; Mapenzi-Kashali, Nelson; Tshiani-Mbaya, Olivier; Paku-Tshambu, Princesse; Dantas, Pedro H. L. F.; De Block, Tessa; Lokilo-Lofiko, Emmanuel; Muswamba-Kayembe, Chloe; Makangara-Cigolo, Jean-Claude; Luakanda-Ndelemo, Gradi; Kelvin, David J.; Pratt, Catherine; Ayouba, Ahidjo; Tessema, Sofonias; Mauro Rezende, Antonio; Hensley, Lisa E.; Delaporte, Eric; Mwamba, Dieudonne; Subissi, Lorenzo; Liesenborghs, Laurens; Hoff, Nicole A.; Peeters, Martine; Low, Nicola; Rimoin, Anne W.; Kindrachuk, Jason; Vercauteren, Koen; Rambaut, Andrew; Mbala-Kingebeni, Placide; Muyembe-Tamfum, Jean-Jacques"
PP_0012WD7,Ib,A.1,Democratic Republic of the Congo,Kinshasa,2024-09-09,196672,0.9981339594034756,2025-02-04,"Wawina-Bokalanga, Tony; Merritt, Sydney; Kinganda-Lusamaki, Eddy; Jansen, Daan; Halbrook, Megan; OToole, Aine; Pukuta-Simbu, Elisabeth; Muyamuna, Elise; Hasivirwe Vakaniaki, Emmanuel; Ola-Mpumbe, Rilia; Kwete-Mbokama, Papy; Akil-Bandali, Prince; Kacita, Cris; Ponga-Museme, Ange; Mapenzi-Kashali, Nelson; Amuri-Aziza, Adrienne; Muyembe-Mawete, Francisca; Lumembe-Numbi, Raphael; Kabamba-Lungenyi, Gabriel; Tshiani-Mbaya, Olivier; Paku-Tshambu, Princesse; Dantas, Pedro Hlf; DeBlock, Tessa; Lokilo-Lofiko, Emmanuel; Muswamba-Kayembe, Chloe; Makangara-Cigolo, Jean-Claude; Luakanda-Ndelemo, Gradi; Kelvin, David J.; Pratt, Catherine; Ayouba, Ahidjo; Tessema, Sofonias; Mauro, Antonio R.; Hensley, Lisa E.; Delaporte, Eric; Mwamba, Dieudonne; Subissi, Lorenzo; Liesenborghs, Laurens; Hoff, Nicole A.; Peeters, Martine; Low, Nicola; Ahuka-Mundeke, Steve; Muyembe-Tamfum, Jean-Jacques; Rimoin, Anne W.; Kindrachuk, Jason; Vercauteren, Koen; Rambaut, Andrew; Mbala-Kingebeni, Placide"
PP_0012WE5,Ia,None,Democratic Republic of the Congo,Kinshasa,2024-09-09,196813,0.9988387953896628,2025-02-04,"Wawina-Bokalanga, Tony; Merritt, Sydney; Kinganda-Lusamaki, Eddy; Jansen, Daan; Halbrook, Megan; OToole, Aine; Pukuta-Simbu, Elisabeth; Muyamuna, Elise; Hasivirwe Vakaniaki, Emmanuel; Ola-Mpumbe, Rilia; Kwete-Mbokama, Papy; Akil-Bandali, Prince; Kacita, Cris; Ponga-Museme, Ange; Mapenzi-Kashali, Nelson; Amuri-Aziza, Adrienne; Muyembe-Mawete, Francisca; Lumembe-Numbi, Raphael; Kabamba-Lungenyi, Gabriel; Tshiani-Mbaya, Olivier; Paku-Tshambu, Princesse; Dantas, Pedro Hlf; DeBlock, Tessa; Lokilo-Lofiko, Emmanuel; Muswamba-Kayembe, Chloe; Makangara-Cigolo, Jean-Claude; Luakanda-Ndelemo, Gradi; Kelvin, David J.; Pratt, Catherine; Ayouba, Ahidjo; Tessema, Sofonias; Mauro, Antonio R.; Hensley, Lisa E.; Delaporte, Eric; Mwamba, Dieudonne; Subissi, Lorenzo; Liesenborghs, Laurens; Hoff, Nicole A.; Peeters, Martine; Low, Nicola; Ahuka-Mundeke, Steve; Muyembe-Tamfum, Jean-Jacques; Rimoin, Anne W.; Kindrachuk, Jason; Vercauteren, Koen; Rambaut, Andrew; Mbala-Kingebeni, Placide"
PP_0012WF3,Ia,None,Democratic Republic of the Congo,Kongo-central,2024-08-30,189764,0.9386640569142382,2025-02-04,"Mbala-Kingebeni, Placide; Wawina-Bokalanga, Tony; Merritt, Sydney; Kinganda-Lusamaki, Eddy; Jansen, Daan; Halbrook, Megan; OToole, Aine; Pukuta-Simbu, Elisabeth; Hasivirwe Vakaniaki, Emmanuel; Ola-Mpumbe, Rilia; Kwete-Mbokama, Papy; Akil-Bandali, Prince; Kacita, Cris; Ponga-Museme, Ange; Mapenzi-Kashali, Nelson; Amuri-Aziza, Adrienne; Tshiani-Mbaya, Olivier; Paku-Tshambu, Princesse; Dantas, Pedro H. L. F.; De Block, Tessa; Lokilo-Lofiko, Emmanuel; Muswamba-Kayembe, Chloe; Makangara-Cigolo, Jean-Claude; Luakanda-Ndelemo, Gradi; Kelvin, David J.; Pratt, Catherine; Ayouba, Ahidjo; Tessema, Sofonias; Mauro Rezende, Antonio; Hensley, Lisa E.; Delaporte, Eric; Mwamba, Dieudonne; Subissi, Lorenzo; Liesenborghs, Laurens; Hoff, Nicole A.; Peeters, Martine; Low, Nicola; Rimoin, Anne W.; Kindrachuk, Jason; Vercauteren, Koen; Rambaut, Andrew; Ahuka-Mundeke, Steve; Muyembe-Tamfum, Jean-Jacques"
PP_0012WG1,Ia,None,Democratic Republic of the Congo,Nord-Ubangi,2024-08-20,196853,0.9988033000522288,2025-02-04,"Muyembe-Tamfum, Jean-Jacques; Wawina-Bokalanga, Tony; Merritt, Sydney; Kinganda-Lusamaki, Eddy; Jansen, Daan; Halbrook, Megan; OToole, Aine; Pukuta-Simbu, Elisabeth; Hasivirwe Vakaniaki, Emmanuel; Ola-Mpumbe, Rilia; Kwete-Mbokama, Papy; Akil-Bandali, Prince; Kacita, Cris; Ponga-Museme, Ange; Mapenzi-Kashali, Nelson; Amuri-Aziza, Adrienne; Tshiani-Mbaya, Olivier; Paku-Tshambu, Princesse; Dantas, Pedro H. L. F.; De Block, Tessa; Lokilo-Lofiko, Emmanuel; Muswamba-Kayembe, Chloe; Makangara-Cigolo, Jean-Claude; Luakanda-Ndelemo, Gradi; Kelvin, David J.; Pratt, Catherine; Ayouba, Ahidjo; Tessema, Sofonias; Mauro Rezende, Antonio; Hensley, Lisa E.; Delaporte, Eric; Mwamba, Dieudonne; Subissi, Lorenzo; Liesenborghs, Laurens; Hoff, Nicole A.; Peeters, Martine; Low, Nicola; Rimoin, Anne W.; Kindrachuk, Jason; Vercauteren, Koen; Rambaut, Andrew; Mbala-Kingebeni, Placide; Ahuka-Mundeke, Steve"
PP_0012WHY,Ia,None,Democratic Republic of the Congo,Nord-Ubangi,2024-08-20,189793,0.9396376433124248,2025-02-04,"Muyembe-Tamfum, Jean-Jacques; Wawina-Bokalanga, Tony; Merritt, Sydney; Kinganda-Lusamaki, Eddy; Jansen, Daan; Halbrook, Megan; OToole, Aine; Pukuta-Simbu, Elisabeth; Hasivirwe Vakaniaki, Emmanuel; Ola-Mpumbe, Rilia; Kwete-Mbokama, Papy; Akil-Bandali, Prince; Kacita, Cris; Ponga-Museme, Ange; Mapenzi-Kashali, Nelson; Amuri-Aziza, Adrienne; Tshiani-Mbaya, Olivier; Paku-Tshambu, Princesse; Dantas, Pedro H. L. F.; De Block, Tessa; Lokilo-Lofiko, Emmanuel; Muswamba-Kayembe, Chloe; Makangara-Cigolo, Jean-Claude; Luakanda-Ndelemo, Gradi; Kelvin, David J.; Pratt, Catherine; Ayouba, Ahidjo; Tessema, Sofonias; Mauro Rezende, Antonio; Hensley, Lisa E.; Delaporte, Eric; Mwamba, Dieudonne; Subissi, Lorenzo; Liesenborghs, Laurens; Hoff, Nicole A.; Peeters, Martine; Low, Nicola; Rimoin, Anne W.; Kindrachuk, Jason; Vercauteren, Koen; Rambaut, Andrew; Mbala-Kingebeni, Placide; Ahuka-Mundeke, Steve"
PP_0012WJW,Ia,None,Democratic Republic of the Congo,Nord-Ubangi,2024-09-02,189830,0.9456008600013184,2025-02-04,"Muyembe-Tamfum, Jean-Jacques; Wawina-Bokalanga, Tony; Merritt, Sydney; Kinganda-Lusamaki, Eddy; Jansen, Daan; Halbrook, Megan; OToole, Aine; Pukuta-Simbu, Elisabeth; Hasivirwe Vakaniaki, Emmanuel; Ola-Mpumbe, Rilia; Kwete-Mbokama, Papy; Akil-Bandali, Prince; Kacita, Cris; Ponga-Museme, Ange; Mapenzi-Kashali, Nelson; Amuri-Aziza, Adrienne; Tshiani-Mbaya, Olivier; Paku-Tshambu, Princesse; Dantas, Pedro H. L. F.; De Block, Tessa; Lokilo-Lofiko, Emmanuel; Muswamba-Kayembe, Chloe; Makangara-Cigolo, Jean-Claude; Luakanda-Ndelemo, Gradi; Kelvin, David J.; Pratt, Catherine; Ayouba, Ahidjo; Tessema, Sofonias; Mauro Rezende, Antonio; Hensley, Lisa E.; Delaporte, Eric; Mwamba, Dieudonne; Subissi, Lorenzo; Liesenborghs, Laurens; Hoff, Nicole A.; Peeters, Martine; Low, Nicola; Rimoin, Anne W.; Kindrachuk, Jason; Vercauteren, Koen; Rambaut, Andrew; Mbala-Kingebeni, Placide; Ahuka-Mundeke, Steve"
PP_0012WKU,Ia,None,Democratic Republic of the Congo,Tshopo,2024-08-24,189845,0.9479486230344456,2025-02-04,"Ahuka-Mundeke, Steve; Pukuta-Simbu, Elisabeth; Amuri-Aziza, Adrienne; Wawina-Bokalanga, Tony; Merritt, Sydney; Kinganda-Lusamaki, Eddy; Jansen, Daan; Halbrook, Megan; OToole, Aine; Hasivirwe Vakaniaki, Emmanuel; Ola-Mpumbe, Rilia; Kwete-Mbokama, Papy; Akil-Bandali, Prince; Kacita, Cris; Ponga-Museme, Ange; Mapenzi-Kashali, Nelson; Tshiani-Mbaya, Olivier; Paku-Tshambu, Princesse; Dantas, Pedro H. L. F.; De Block, Tessa; Lokilo-Lofiko, Emmanuel; Muswamba-Kayembe, Chloe; Makangara-Cigolo, Jean-Claude; Luakanda-Ndelemo, Gradi; Kelvin, David J.; Pratt, Catherine; Ayouba, Ahidjo; Tessema, Sofonias; Mauro Rezende, Antonio; Hensley, Lisa E.; Delaporte, Eric; Mwamba, Dieudonne; Subissi, Lorenzo; Liesenborghs, Laurens; Hoff, Nicole A.; Peeters, Martine; Low, Nicola; Rimoin, Anne W.; Kindrachuk, Jason; Vercauteren, Koen; Rambaut, Andrew; Mbala-Kingebeni, Placide; Muyembe-Tamfum, Jean-Jacques"
PP_0012WLS,Ia,None,Democratic Republic of the Congo,Tshopo,2024-08-19,189883,0.9565131408809944,2025-02-04,"Ahuka-Mundeke, Steve; Pukuta-Simbu, Elisabeth; Amuri-Aziza, Adrienne; Wawina-Bokalanga, Tony; Merritt, Sydney; Kinganda-Lusamaki, Eddy; Jansen, Daan; Halbrook, Megan; OToole, Aine; Hasivirwe Vakaniaki, Emmanuel; Ola-Mpumbe, Rilia; Kwete-Mbokama, Papy; Akil-Bandali, Prince; Kacita, Cris; Ponga-Museme, Ange; Mapenzi-Kashali, Nelson; Tshiani-Mbaya, Olivier; Paku-Tshambu, Princesse; Dantas, Pedro H. L. F.; De Block, Tessa; Lokilo-Lofiko, Emmanuel; Muswamba-Kayembe, Chloe; Makangara-Cigolo, Jean-Claude; Luakanda-Ndelemo, Gradi; Kelvin, David J.; Pratt, Catherine; Ayouba, Ahidjo; Tessema, Sofonias; Mauro Rezende, Antonio; Hensley, Lisa E.; Delaporte, Eric; Mwamba, Dieudonne; Subissi, Lorenzo; Liesenborghs, Laurens; Hoff, Nicole A.; Peeters, Martine; Low, Nicola; Rimoin, Anne W.; Kindrachuk, Jason; Vercauteren, Koen; Rambaut, Andrew; Mbala-Kingebeni, Placide; Muyembe-Tamfum, Jean-Jacques"
PP_0012WMQ,Ib,A.1,Democratic Republic of the Congo,Kinshasa,2024-09-09,196746,0.9900410224685486,2025-02-04,"Wawina-Bokalanga, Tony; Merritt, Sydney; Kinganda-Lusamaki, Eddy; Jansen, Daan; Halbrook, Megan; OToole, Aine; Pukuta-Simbu, Elisabeth; Muyamuna, Elise; Hasivirwe Vakaniaki, Emmanuel; Ola-Mpumbe, Rilia; Kwete-Mbokama, Papy; Akil-Bandali, Prince; Kacita, Cris; Ponga-Museme, Ange; Mapenzi-Kashali, Nelson; Amuri-Aziza, Adrienne; Muyembe-Mawete, Francisca; Lumembe-Numbi, Raphael; Kabamba-Lungenyi, Gabriel; Tshiani-Mbaya, Olivier; Paku-Tshambu, Princesse; Dantas, Pedro Hlf; DeBlock, Tessa; Lokilo-Lofiko, Emmanuel; Muswamba-Kayembe, Chloe; Makangara-Cigolo, Jean-Claude; Luakanda-Ndelemo, Gradi; Kelvin, David J.; Pratt, Catherine; Ayouba, Ahidjo; Tessema, Sofonias; Mauro, Antonio R.; Hensley, Lisa E.; Delaporte, Eric; Mwamba, Dieudonne; Subissi, Lorenzo; Liesenborghs, Laurens; Hoff, Nicole A.; Peeters, Martine; Low, Nicola; Ahuka-Mundeke, Steve; Muyembe-Tamfum, Jean-Jacques; Rimoin, Anne W.; Kindrachuk, Jason; Vercauteren, Koen; Rambaut, Andrew; Mbala-Kingebeni, Placide"
PP_0012WNN,Ia,None,Democratic Republic of the Congo,Kinshasa,2024-09-09,196832,0.9988033000522288,2025-02-04,"Wawina-Bokalanga, Tony; Merritt, Sydney; Kinganda-Lusamaki, Eddy; Jansen, Daan; Halbrook, Megan; OToole, Aine; Pukuta-Simbu, Elisabeth; Muyamuna, Elise; Hasivirwe Vakaniaki, Emmanuel; Ola-Mpumbe, Rilia; Kwete-Mbokama, Papy; Akil-Bandali, Prince; Kacita, Cris; Ponga-Museme, Ange; Mapenzi-Kashali, Nelson; Amuri-Aziza, Adrienne; Muyembe-Mawete, Francisca; Lumembe-Numbi, Raphael; Kabamba-Lungenyi, Gabriel; Tshiani-Mbaya, Olivier; Paku-Tshambu, Princesse; Dantas, Pedro Hlf; DeBlock, Tessa; Lokilo-Lofiko, Emmanuel; Muswamba-Kayembe, Chloe; Makangara-Cigolo, Jean-Claude; Luakanda-Ndelemo, Gradi; Kelvin, David J.; Pratt, Catherine; Ayouba, Ahidjo; Tessema, Sofonias; Mauro, Antonio R.; Hensley, Lisa E.; Delaporte, Eric; Mwamba, Dieudonne; Subissi, Lorenzo; Liesenborghs, Laurens; Hoff, Nicole A.; Peeters, Martine; Low, Nicola; Ahuka-Mundeke, Steve; Muyembe-Tamfum, Jean-Jacques; Rimoin, Anne W.; Kindrachuk, Jason; Vercauteren, Koen; Rambaut, Andrew; Mbala-Kingebeni, Placide"
PP_0012WPL,Ia,None,Democratic Republic of the Congo,Kinshasa,2024-09-10,196739,0.9989655644519266,2025-02-04,"Wawina-Bokalanga, Tony; Merritt, Sydney; Kinganda-Lusamaki, Eddy; Jansen, Daan; Halbrook, Megan; OToole, Aine; Pukuta-Simbu, Elisabeth; Muyamuna, Elise; Hasivirwe Vakaniaki, Emmanuel; Ola-Mpumbe, Rilia; Kwete-Mbokama, Papy; Akil-Bandali, Prince; Kacita, Cris; Ponga-Museme, Ange; Mapenzi-Kashali, Nelson; Amuri-Aziza, Adrienne; Muyembe-Mawete, Francisca; Lumembe-Numbi, Raphael; Kabamba-Lungenyi, Gabriel; Tshiani-Mbaya, Olivier; Paku-Tshambu, Princesse; Dantas, Pedro Hlf; DeBlock, Tessa; Lokilo-Lofiko, Emmanuel; Muswamba-Kayembe, Chloe; Makangara-Cigolo, Jean-Claude; Luakanda-Ndelemo, Gradi; Kelvin, David J.; Pratt, Catherine; Ayouba, Ahidjo; Tessema, Sofonias; Mauro, Antonio R.; Hensley, Lisa E.; Delaporte, Eric; Mwamba, Dieudonne; Subissi, Lorenzo; Liesenborghs, Laurens; Hoff, Nicole A.; Peeters, Martine; Low, Nicola; Ahuka-Mundeke, Steve; Muyembe-Tamfum, Jean-Jacques; Rimoin, Anne W.; Kindrachuk, Jason; Vercauteren, Koen; Rambaut, Andrew; Mbala-Kingebeni, Placide"
PP_0012WQJ,Ia,None,Democratic Republic of the Congo,Kinshasa,2024-09-10,196754,0.99853962040272,2025-02-04,"Wawina-Bokalanga, Tony; Merritt, Sydney; Kinganda-Lusamaki, Eddy; Jansen, Daan; Halbrook, Megan; OToole, Aine; Pukuta-Simbu, Elisabeth; Muyamuna, Elise; Hasivirwe Vakaniaki, Emmanuel; Ola-Mpumbe, Rilia; Kwete-Mbokama, Papy; Akil-Bandali, Prince; Kacita, Cris; Ponga-Museme, Ange; Mapenzi-Kashali, Nelson; Amuri-Aziza, Adrienne; Muyembe-Mawete, Francisca; Lumembe-Numbi, Raphael; Kabamba-Lungenyi, Gabriel; Tshiani-Mbaya, Olivier; Paku-Tshambu, Princesse; Dantas, Pedro Hlf; DeBlock, Tessa; Lokilo-Lofiko, Emmanuel; Muswamba-Kayembe, Chloe; Makangara-Cigolo, Jean-Claude; Luakanda-Ndelemo, Gradi; Kelvin, David J.; Pratt, Catherine; Ayouba, Ahidjo; Tessema, Sofonias; Mauro, Antonio R.; Hensley, Lisa E.; Delaporte, Eric; Mwamba, Dieudonne; Subissi, Lorenzo; Liesenborghs, Laurens; Hoff, Nicole A.; Peeters, Martine; Low, Nicola; Ahuka-Mundeke, Steve; Muyembe-Tamfum, Jean-Jacques; Rimoin, Anne W.; Kindrachuk, Jason; Vercauteren, Koen; Rambaut, Andrew; Mbala-Kingebeni, Placide"
PP_0012WRG,Ia,None,Democratic Republic of the Congo,Kinshasa,2024-09-10,196765,0.9986613187024932,2025-02-04,"Wawina-Bokalanga, Tony; Merritt, Sydney; Kinganda-Lusamaki, Eddy; Jansen, Daan; Halbrook, Megan; OToole, Aine; Pukuta-Simbu, Elisabeth; Muyamuna, Elise; Hasivirwe Vakaniaki, Emmanuel; Ola-Mpumbe, Rilia; Kwete-Mbokama, Papy; Akil-Bandali, Prince; Kacita, Cris; Ponga-Museme, Ange; Mapenzi-Kashali, Nelson; Amuri-Aziza, Adrienne; Muyembe-Mawete, Francisca; Lumembe-Numbi, Raphael; Kabamba-Lungenyi, Gabriel; Tshiani-Mbaya, Olivier; Paku-Tshambu, Princesse; Dantas, Pedro Hlf; DeBlock, Tessa; Lokilo-Lofiko, Emmanuel; Muswamba-Kayembe, Chloe; Makangara-Cigolo, Jean-Claude; Luakanda-Ndelemo, Gradi; Kelvin, David J.; Pratt, Catherine; Ayouba, Ahidjo; Tessema, Sofonias; Mauro, Antonio R.; Hensley, Lisa E.; Delaporte, Eric; Mwamba, Dieudonne; Subissi, Lorenzo; Liesenborghs, Laurens; Hoff, Nicole A.; Peeters, Martine; Low, Nicola; Ahuka-Mundeke, Steve; Muyembe-Tamfum, Jean-Jacques; Rimoin, Anne W.; Kindrachuk, Jason; Vercauteren, Koen; Rambaut, Andrew; Mbala-Kingebeni, Placide"
PP_0012WSE,Ib,A.1,Democratic Republic of the Congo,Kinshasa,2024-09-07,196646,0.9426243224193622,2025-02-04,"Wawina-Bokalanga, Tony; Merritt, Sydney; Kinganda-Lusamaki, Eddy; Jansen, Daan; Halbrook, Megan; OToole, Aine; Pukuta-Simbu, Elisabeth; Muyamuna, Elise; Hasivirwe Vakaniaki, Emmanuel; Ola-Mpumbe, Rilia; Kwete-Mbokama, Papy; Akil-Bandali, Prince; Kacita, Cris; Ponga-Museme, Ange; Mapenzi-Kashali, Nelson; Amuri-Aziza, Adrienne; Muyembe-Mawete, Francisca; Lumembe-Numbi, Raphael; Kabamba-Lungenyi, Gabriel; Tshiani-Mbaya, Olivier; Paku-Tshambu, Princesse; Dantas, Pedro Hlf; DeBlock, Tessa; Lokilo-Lofiko, Emmanuel; Muswamba-Kayembe, Chloe; Makangara-Cigolo, Jean-Claude; Luakanda-Ndelemo, Gradi; Kelvin, David J.; Pratt, Catherine; Ayouba, Ahidjo; Tessema, Sofonias; Mauro, Antonio R.; Hensley, Lisa E.; Delaporte, Eric; Mwamba, Dieudonne; Subissi, Lorenzo; Liesenborghs, Laurens; Hoff, Nicole A.; Peeters, Martine; Low, Nicola; Ahuka-Mundeke, Steve; Muyembe-Tamfum, Jean-Jacques; Rimoin, Anne W.; Kindrachuk, Jason; Vercauteren, Koen; Rambaut, Andrew; Mbala-Kingebeni, Placide"
PP_0012WTC,Ib,A.1,Democratic Republic of the Congo,Kinshasa,2024-09-12,196606,0.8534752470729023,2025-02-04,"Wawina-Bokalanga, Tony; Merritt, Sydney; Kinganda-Lusamaki, Eddy; Jansen, Daan; Halbrook, Megan; OToole, Aine; Pukuta-Simbu, Elisabeth; Muyamuna, Elise; Hasivirwe Vakaniaki, Emmanuel; Ola-Mpumbe, Rilia; Kwete-Mbokama, Papy; Akil-Bandali, Prince; Kacita, Cris; Ponga-Museme, Ange; Mapenzi-Kashali, Nelson; Amuri-Aziza, Adrienne; Muyembe-Mawete, Francisca; Lumembe-Numbi, Raphael; Kabamba-Lungenyi, Gabriel; Tshiani-Mbaya, Olivier; Paku-Tshambu, Princesse; Dantas, Pedro Hlf; DeBlock, Tessa; Lokilo-Lofiko, Emmanuel; Muswamba-Kayembe, Chloe; Makangara-Cigolo, Jean-Claude; Luakanda-Ndelemo, Gradi; Kelvin, David J.; Pratt, Catherine; Ayouba, Ahidjo; Tessema, Sofonias; Mauro, Antonio R.; Hensley, Lisa E.; Delaporte, Eric; Mwamba, Dieudonne; Subissi, Lorenzo; Liesenborghs, Laurens; Hoff, Nicole A.; Peeters, Martine; Low, Nicola; Ahuka-Mundeke, Steve; Muyembe-Tamfum, Jean-Jacques; Rimoin, Anne W.; Kindrachuk, Jason; Vercauteren, Koen; Rambaut, Andrew; Mbala-Kingebeni, Placide"
PP_0012WUA,Ia,None,Democratic Republic of the Congo,Kinshasa,2024-09-12,196735,0.965645584126485,2025-02-04,"Wawina-Bokalanga, Tony; Merritt, Sydney; Kinganda-Lusamaki, Eddy; Jansen, Daan; Halbrook, Megan; OToole, Aine; Pukuta-Simbu, Elisabeth; Muyamuna, Elise; Hasivirwe Vakaniaki, Emmanuel; Ola-Mpumbe, Rilia; Kwete-Mbokama, Papy; Akil-Bandali, Prince; Kacita, Cris; Ponga-Museme, Ange; Mapenzi-Kashali, Nelson; Amuri-Aziza, Adrienne; Muyembe-Mawete, Francisca; Lumembe-Numbi, Raphael; Kabamba-Lungenyi, Gabriel; Tshiani-Mbaya, Olivier; Paku-Tshambu, Princesse; Dantas, Pedro Hlf; DeBlock, Tessa; Lokilo-Lofiko, Emmanuel; Muswamba-Kayembe, Chloe; Makangara-Cigolo, Jean-Claude; Luakanda-Ndelemo, Gradi; Kelvin, David J.; Pratt, Catherine; Ayouba, Ahidjo; Tessema, Sofonias; Mauro, Antonio R.; Hensley, Lisa E.; Delaporte, Eric; Mwamba, Dieudonne; Subissi, Lorenzo; Liesenborghs, Laurens; Hoff, Nicole A.; Peeters, Martine; Low, Nicola; Ahuka-Mundeke, Steve; Muyembe-Tamfum, Jean-Jacques; Rimoin, Anne W.; Kindrachuk, Jason; Vercauteren, Koen; Rambaut, Andrew; Mbala-Kingebeni, Placide"
PP_0012WV8,Ib,A.1,Democratic Republic of the Congo,Kinshasa,2024-09-13,196688,0.9976015293419672,2025-02-04,"Wawina-Bokalanga, Tony; Merritt, Sydney; Kinganda-Lusamaki, Eddy; Jansen, Daan; Halbrook, Megan; OToole, Aine; Pukuta-Simbu, Elisabeth; Muyamuna, Elise; Hasivirwe Vakaniaki, Emmanuel; Ola-Mpumbe, Rilia; Kwete-Mbokama, Papy; Akil-Bandali, Prince; Kacita, Cris; Ponga-Museme, Ange; Mapenzi-Kashali, Nelson; Amuri-Aziza, Adrienne; Muyembe-Mawete, Francisca; Lumembe-Numbi, Raphael; Kabamba-Lungenyi, Gabriel; Tshiani-Mbaya, Olivier; Paku-Tshambu, Princesse; Dantas, Pedro Hlf; DeBlock, Tessa; Lokilo-Lofiko, Emmanuel; Muswamba-Kayembe, Chloe; Makangara-Cigolo, Jean-Claude; Luakanda-Ndelemo, Gradi; Kelvin, David J.; Pratt, Catherine; Ayouba, Ahidjo; Tessema, Sofonias; Mauro, Antonio R.; Hensley, Lisa E.; Delaporte, Eric; Mwamba, Dieudonne; Subissi, Lorenzo; Liesenborghs, Laurens; Hoff, Nicole A.; Peeters, Martine; Low, Nicola; Ahuka-Mundeke, Steve; Muyembe-Tamfum, Jean-Jacques; Rimoin, Anne W.; Kindrachuk, Jason; Vercauteren, Koen; Rambaut, Andrew; Mbala-Kingebeni, Placide"
PP_0012WW6,Ib,A.1,Democratic Republic of the Congo,Kinshasa,2024-09-14,196573,0.9872267492862902,2025-02-04,"Wawina-Bokalanga, Tony; Merritt, Sydney; Kinganda-Lusamaki, Eddy; Jansen, Daan; Halbrook, Megan; OToole, Aine; Pukuta-Simbu, Elisabeth; Muyamuna, Elise; Hasivirwe Vakaniaki, Emmanuel; Ola-Mpumbe, Rilia; Kwete-Mbokama, Papy; Akil-Bandali, Prince; Kacita, Cris; Ponga-Museme, Ange; Mapenzi-Kashali, Nelson; Amuri-Aziza, Adrienne; Muyembe-Mawete, Francisca; Lumembe-Numbi, Raphael; Kabamba-Lungenyi, Gabriel; Tshiani-Mbaya, Olivier; Paku-Tshambu, Princesse; Dantas, Pedro Hlf; DeBlock, Tessa; Lokilo-Lofiko, Emmanuel; Muswamba-Kayembe, Chloe; Makangara-Cigolo, Jean-Claude; Luakanda-Ndelemo, Gradi; Kelvin, David J.; Pratt, Catherine; Ayouba, Ahidjo; Tessema, Sofonias; Mauro, Antonio R.; Hensley, Lisa E.; Delaporte, Eric; Mwamba, Dieudonne; Subissi, Lorenzo; Liesenborghs, Laurens; Hoff, Nicole A.; Peeters, Martine; Low, Nicola; Ahuka-Mundeke, Steve; Muyembe-Tamfum, Jean-Jacques; Rimoin, Anne W.; Kindrachuk, Jason; Vercauteren, Koen; Rambaut, Andrew; Mbala-Kingebeni, Placide"
PP_0012WX4,Ia,None,Democratic Republic of the Congo,Kinshasa,2024-09-15,196809,0.998666389464984,2025-02-04,"Wawina-Bokalanga, Tony; Merritt, Sydney; Kinganda-Lusamaki, Eddy; Jansen, Daan; Halbrook, Megan; OToole, Aine; Pukuta-Simbu, Elisabeth; Muyamuna, Elise; Hasivirwe Vakaniaki, Emmanuel; Ola-Mpumbe, Rilia; Kwete-Mbokama, Papy; Akil-Bandali, Prince; Kacita, Cris; Ponga-Museme, Ange; Mapenzi-Kashali, Nelson; Amuri-Aziza, Adrienne; Muyembe-Mawete, Francisca; Lumembe-Numbi, Raphael; Kabamba-Lungenyi, Gabriel; Tshiani-Mbaya, Olivier; Paku-Tshambu, Princesse; Dantas, Pedro Hlf; DeBlock, Tessa; Lokilo-Lofiko, Emmanuel; Muswamba-Kayembe, Chloe; Makangara-Cigolo, Jean-Claude; Luakanda-Ndelemo, Gradi; Kelvin, David J.; Pratt, Catherine; Ayouba, Ahidjo; Tessema, Sofonias; Mauro, Antonio R.; Hensley, Lisa E.; Delaporte, Eric; Mwamba, Dieudonne; Subissi, Lorenzo; Liesenborghs, Laurens; Hoff, Nicole A.; Peeters, Martine; Low, Nicola; Ahuka-Mundeke, Steve; Muyembe-Tamfum, Jean-Jacques; Rimoin, Anne W.; Kindrachuk, Jason; Vercauteren, Koen; Rambaut, Andrew; Mbala-Kingebeni, Placide"
PP_0012WY2,Ib,A.1,Democratic Republic of the Congo,Kinshasa,2024-09-24,189314,0.816671652916449,2025-02-04,"Wawina-Bokalanga, Tony; Merritt, Sydney; Kinganda-Lusamaki, Eddy; Jansen, Daan; Halbrook, Megan; OToole, Aine; Pukuta-Simbu, Elisabeth; Muyamuna, Elise; Hasivirwe Vakaniaki, Emmanuel; Ola-Mpumbe, Rilia; Kwete-Mbokama, Papy; Akil-Bandali, Prince; Kacita, Cris; Ponga-Museme, Ange; Mapenzi-Kashali, Nelson; Amuri-Aziza, Adrienne; Muyembe-Mawete, Francisca; Lumembe-Numbi, Raphael; Kabamba-Lungenyi, Gabriel; Tshiani-Mbaya, Olivier; Paku-Tshambu, Princesse; Dantas, Pedro Hlf; DeBlock, Tessa; Lokilo-Lofiko, Emmanuel; Muswamba-Kayembe, Chloe; Makangara-Cigolo, Jean-Claude; Luakanda-Ndelemo, Gradi; Kelvin, David J.; Pratt, Catherine; Ayouba, Ahidjo; Tessema, Sofonias; Mauro, Antonio R.; Hensley, Lisa E.; Delaporte, Eric; Mwamba, Dieudonne; Subissi, Lorenzo; Liesenborghs, Laurens; Hoff, Nicole A.; Peeters, Martine; Low, Nicola; Ahuka-Mundeke, Steve; Muyembe-Tamfum, Jean-Jacques; Rimoin, Anne W.; Kindrachuk, Jason; Vercauteren, Koen; Rambaut, Andrew; Mbala-Kingebeni, Placide"
PP_0012WZ0,Ib,A.1,Democratic Republic of the Congo,Kinshasa,2024-09-16,190053,0.9290752450445974,2025-02-04,"Wawina-Bokalanga, Tony; Merritt, Sydney; Kinganda-Lusamaki, Eddy; Jansen, Daan; Halbrook, Megan; OToole, Aine; Pukuta-Simbu, Elisabeth; Muyamuna, Elise; Hasivirwe Vakaniaki, Emmanuel; Ola-Mpumbe, Rilia; Kwete-Mbokama, Papy; Akil-Bandali, Prince; Kacita, Cris; Ponga-Museme, Ange; Mapenzi-Kashali, Nelson; Amuri-Aziza, Adrienne; Muyembe-Mawete, Francisca; Lumembe-Numbi, Raphael; Kabamba-Lungenyi, Gabriel; Tshiani-Mbaya, Olivier; Paku-Tshambu, Princesse; Dantas, Pedro Hlf; DeBlock, Tessa; Lokilo-Lofiko, Emmanuel; Muswamba-Kayembe, Chloe; Makangara-Cigolo, Jean-Claude; Luakanda-Ndelemo, Gradi; Kelvin, David J.; Pratt, Catherine; Ayouba, Ahidjo; Tessema, Sofonias; Mauro, Antonio R.; Hensley, Lisa E.; Delaporte, Eric; Mwamba, Dieudonne; Subissi, Lorenzo; Liesenborghs, Laurens; Hoff, Nicole A.; Peeters, Martine; Low, Nicola; Ahuka-Mundeke, Steve; Muyembe-Tamfum, Jean-Jacques; Rimoin, Anne W.; Kindrachuk, Jason; Vercauteren, Koen; Rambaut, Andrew; Mbala-Kingebeni, Placide"
PP_0012X0Y,Ia,None,Democratic Republic of the Congo,Sud-Ubangi,2024-08-26,189692,0.9236647414671744,2025-02-04,"Amuri-Aziza, Adrienne; Luakanda-Ndelemo, Gradi; Kinganda-Lusamaki, Eddy; Makangara-Cigolo, Jean-Claude; Kenye, Michel; Kavira, Sifa; Wawina-Bokalanga, Tony; Merritt, Sydney; Jansen, Daan; Halbrook, Megan; OToole, Aine; Pukuta-Simbu, Elisabeth; Hasivirwe Vakaniaki, Emmanuel; Ola-Mpumbe, Rilia; Kwete-Mbokama, Papy; Akil-Bandali, Prince; Kacita, Cris; Ponga-Museme, Ange; Mapenzi-Kashali, Nelson; Tshiani-Mbaya, Olivier; Paku-Tshambu, Princesse; Dantas, Pedro H. L. F.; De Block, Tessa; Lokilo-Lofiko, Emmanuel; Muswamba-Kayembe, Chloe; Kelvin, David J.; Pratt, Catherine; Ayouba, Ahidjo; Tessema, Sofonias; Mauro Rezende, Antonio; Hensley, Lisa E.; Delaporte, Eric; Mwamba, Dieudonne; Subissi, Lorenzo; Liesenborghs, Laurens; Hoff, Nicole A.; Peeters, Martine; Low, Nicola; Ahuka-Mundeke, Steve; Muyembe-Tamfum, Jean-Jacques; Rimoin, Anne W.; Kindrachuk, Jason; Vercauteren, Koen; Rambaut, Andrew; Mbala-Kingebeni, Placide"
PP_0012X1W,Ia,None,Democratic Republic of the Congo,Sud-Ubangi,2024-08-26,189421,0.8491245328560055,2025-02-04,"Amuri-Aziza, Adrienne; Luakanda-Ndelemo, Gradi; Kinganda-Lusamaki, Eddy; Makangara-Cigolo, Jean-Claude; Kenye, Michel; Kavira, Sifa; Wawina-Bokalanga, Tony; Merritt, Sydney; Jansen, Daan; Halbrook, Megan; OToole, Aine; Pukuta-Simbu, Elisabeth; Hasivirwe Vakaniaki, Emmanuel; Ola-Mpumbe, Rilia; Kwete-Mbokama, Papy; Akil-Bandali, Prince; Kacita, Cris; Ponga-Museme, Ange; Mapenzi-Kashali, Nelson; Tshiani-Mbaya, Olivier; Paku-Tshambu, Princesse; Dantas, Pedro H. L. F.; De Block, Tessa; Lokilo-Lofiko, Emmanuel; Muswamba-Kayembe, Chloe; Kelvin, David J.; Pratt, Catherine; Ayouba, Ahidjo; Tessema, Sofonias; Mauro Rezende, Antonio; Hensley, Lisa E.; Delaporte, Eric; Mwamba, Dieudonne; Subissi, Lorenzo; Liesenborghs, Laurens; Hoff, Nicole A.; Peeters, Martine; Low, Nicola; Ahuka-Mundeke, Steve; Muyembe-Tamfum, Jean-Jacques; Rimoin, Anne W.; Kindrachuk, Jason; Vercauteren, Koen; Rambaut, Andrew; Mbala-Kingebeni, Placide"
PP_0012X2U,Ia,None,Democratic Republic of the Congo,Sud-Ubangi,2024-08-26,190108,0.9364734875183182,2025-02-04,"Amuri-Aziza, Adrienne; Luakanda-Ndelemo, Gradi; Kinganda-Lusamaki, Eddy; Makangara-Cigolo, Jean-Claude; Kenye, Michel; Kavira, Sifa; Wawina-Bokalanga, Tony; Merritt, Sydney; Jansen, Daan; Halbrook, Megan; OToole, Aine; Pukuta-Simbu, Elisabeth; Hasivirwe Vakaniaki, Emmanuel; Ola-Mpumbe, Rilia; Kwete-Mbokama, Papy; Akil-Bandali, Prince; Kacita, Cris; Ponga-Museme, Ange; Mapenzi-Kashali, Nelson; Tshiani-Mbaya, Olivier; Paku-Tshambu, Princesse; Dantas, Pedro H. L. F.; De Block, Tessa; Lokilo-Lofiko, Emmanuel; Muswamba-Kayembe, Chloe; Kelvin, David J.; Pratt, Catherine; Ayouba, Ahidjo; Tessema, Sofonias; Mauro Rezende, Antonio; Hensley, Lisa E.; Delaporte, Eric; Mwamba, Dieudonne; Subissi, Lorenzo; Liesenborghs, Laurens; Hoff, Nicole A.; Peeters, Martine; Low, Nicola; Ahuka-Mundeke, Steve; Muyembe-Tamfum, Jean-Jacques; Rimoin, Anne W.; Kindrachuk, Jason; Vercauteren, Koen; Rambaut, Andrew; Mbala-Kingebeni, Placide"
PP_0012X3S,Ia,None,Democratic Republic of the Congo,Sud-Ubangi,2024-09-04,188808,0.8726478000496934,2025-02-04,"Amuri-Aziza, Adrienne; Luakanda-Ndelemo, Gradi; Kinganda-Lusamaki, Eddy; Makangara-Cigolo, Jean-Claude; Kenye, Michel; Kavira, Sifa; Wawina-Bokalanga, Tony; Merritt, Sydney; Jansen, Daan; Halbrook, Megan; OToole, Aine; Pukuta-Simbu, Elisabeth; Hasivirwe Vakaniaki, Emmanuel; Ola-Mpumbe, Rilia; Kwete-Mbokama, Papy; Akil-Bandali, Prince; Kacita, Cris; Ponga-Museme, Ange; Mapenzi-Kashali, Nelson; Tshiani-Mbaya, Olivier; Paku-Tshambu, Princesse; Dantas, Pedro H. L. F.; De Block, Tessa; Lokilo-Lofiko, Emmanuel; Muswamba-Kayembe, Chloe; Kelvin, David J.; Pratt, Catherine; Ayouba, Ahidjo; Tessema, Sofonias; Mauro Rezende, Antonio; Hensley, Lisa E.; Delaporte, Eric; Mwamba, Dieudonne; Subissi, Lorenzo; Liesenborghs, Laurens; Hoff, Nicole A.; Peeters, Martine; Low, Nicola; Ahuka-Mundeke, Steve; Muyembe-Tamfum, Jean-Jacques; Rimoin, Anne W.; Kindrachuk, Jason; Vercauteren, Koen; Rambaut, Andrew; Mbala-Kingebeni, Placide"
PP_0012X4Q,Ib,A,Democratic Republic of the Congo,Tshopo,2024-09-04,188820,0.6939490591200199,2025-02-04,"Ahuka-Mundeke, Steve; Pukuta-Simbu, Elisabeth; Amuri-Aziza, Adrienne; Wawina-Bokalanga, Tony; Merritt, Sydney; Kinganda-Lusamaki, Eddy; Jansen, Daan; Halbrook, Megan; OToole, Aine; Hasivirwe Vakaniaki, Emmanuel; Ola-Mpumbe, Rilia; Kwete-Mbokama, Papy; Akil-Bandali, Prince; Kacita, Cris; Ponga-Museme, Ange; Mapenzi-Kashali, Nelson; Tshiani-Mbaya, Olivier; Paku-Tshambu, Princesse; Dantas, Pedro H. L. F.; De Block, Tessa; Lokilo-Lofiko, Emmanuel; Muswamba-Kayembe, Chloe; Makangara-Cigolo, Jean-Claude; Luakanda-Ndelemo, Gradi; Kelvin, David J.; Pratt, Catherine; Ayouba, Ahidjo; Tessema, Sofonias; Mauro Rezende, Antonio; Hensley, Lisa E.; Delaporte, Eric; Mwamba, Dieudonne; Subissi, Lorenzo; Liesenborghs, Laurens; Hoff, Nicole A.; Peeters, Martine; Low, Nicola; Rimoin, Anne W.; Kindrachuk, Jason; Vercauteren, Koen; Rambaut, Andrew; Mbala-Kingebeni, Placide; Muyembe-Tamfum, Jean-Jacques"
PP_0012X5N,Ib,A.1,Democratic Republic of the Congo,Tshopo,2024-09-07,189676,0.890446176391544,2025-02-04,"Ahuka-Mundeke, Steve; Pukuta-Simbu, Elisabeth; Amuri-Aziza, Adrienne; Wawina-Bokalanga, Tony; Merritt, Sydney; Kinganda-Lusamaki, Eddy; Jansen, Daan; Halbrook, Megan; OToole, Aine; Hasivirwe Vakaniaki, Emmanuel; Ola-Mpumbe, Rilia; Kwete-Mbokama, Papy; Akil-Bandali, Prince; Kacita, Cris; Ponga-Museme, Ange; Mapenzi-Kashali, Nelson; Tshiani-Mbaya, Olivier; Paku-Tshambu, Princesse; Dantas, Pedro H. L. F.; De Block, Tessa; Lokilo-Lofiko, Emmanuel; Muswamba-Kayembe, Chloe; Makangara-Cigolo, Jean-Claude; Luakanda-Ndelemo, Gradi; Kelvin, David J.; Pratt, Catherine; Ayouba, Ahidjo; Tessema, Sofonias; Mauro Rezende, Antonio; Hensley, Lisa E.; Delaporte, Eric; Mwamba, Dieudonne; Subissi, Lorenzo; Liesenborghs, Laurens; Hoff, Nicole A.; Peeters, Martine; Low, Nicola; Rimoin, Anne W.; Kindrachuk, Jason; Vercauteren, Koen; Rambaut, Andrew; Mbala-Kingebeni, Placide; Muyembe-Tamfum, Jean-Jacques"
PP_0012X6L,Ib,A.1,Democratic Republic of the Congo,Tshopo,2024-09-08,189205,0.9078186086841878,2025-02-04,"Ahuka-Mundeke, Steve; Pukuta-Simbu, Elisabeth; Amuri-Aziza, Adrienne; Wawina-Bokalanga, Tony; Merritt, Sydney; Kinganda-Lusamaki, Eddy; Jansen, Daan; Halbrook, Megan; OToole, Aine; Hasivirwe Vakaniaki, Emmanuel; Ola-Mpumbe, Rilia; Kwete-Mbokama, Papy; Akil-Bandali, Prince; Kacita, Cris; Ponga-Museme, Ange; Mapenzi-Kashali, Nelson; Tshiani-Mbaya, Olivier; Paku-Tshambu, Princesse; Dantas, Pedro H. L. F.; De Block, Tessa; Lokilo-Lofiko, Emmanuel; Muswamba-Kayembe, Chloe; Makangara-Cigolo, Jean-Claude; Luakanda-Ndelemo, Gradi; Kelvin, David J.; Pratt, Catherine; Ayouba, Ahidjo; Tessema, Sofonias; Mauro Rezende, Antonio; Hensley, Lisa E.; Delaporte, Eric; Mwamba, Dieudonne; Subissi, Lorenzo; Liesenborghs, Laurens; Hoff, Nicole A.; Peeters, Martine; Low, Nicola; Rimoin, Anne W.; Kindrachuk, Jason; Vercauteren, Koen; Rambaut, Andrew; Mbala-Kingebeni, Placide; Muyembe-Tamfum, Jean-Jacques"
PP_0012X7J,Ib,A.1,Democratic Republic of the Congo,Tshopo,2024-09-08,189444,0.9126510453376876,2025-02-04,"Ahuka-Mundeke, Steve; Pukuta-Simbu, Elisabeth; Amuri-Aziza, Adrienne; Wawina-Bokalanga, Tony; Merritt, Sydney; Kinganda-Lusamaki, Eddy; Jansen, Daan; Halbrook, Megan; OToole, Aine; Hasivirwe Vakaniaki, Emmanuel; Ola-Mpumbe, Rilia; Kwete-Mbokama, Papy; Akil-Bandali, Prince; Kacita, Cris; Ponga-Museme, Ange; Mapenzi-Kashali, Nelson; Tshiani-Mbaya, Olivier; Paku-Tshambu, Princesse; Dantas, Pedro H. L. F.; De Block, Tessa; Lokilo-Lofiko, Emmanuel; Muswamba-Kayembe, Chloe; Makangara-Cigolo, Jean-Claude; Luakanda-Ndelemo, Gradi; Kelvin, David J.; Pratt, Catherine; Ayouba, Ahidjo; Tessema, Sofonias; Mauro Rezende, Antonio; Hensley, Lisa E.; Delaporte, Eric; Mwamba, Dieudonne; Subissi, Lorenzo; Liesenborghs, Laurens; Hoff, Nicole A.; Peeters, Martine; Low, Nicola; Rimoin, Anne W.; Kindrachuk, Jason; Vercauteren, Koen; Rambaut, Andrew; Mbala-Kingebeni, Placide; Muyembe-Tamfum, Jean-Jacques"
PP_0012X8G,Ia,None,Democratic Republic of the Congo,Tshopo,2024-08-29,190140,0.9465135972496184,2025-02-04,"Ahuka-Mundeke, Steve; Pukuta-Simbu, Elisabeth; Amuri-Aziza, Adrienne; Wawina-Bokalanga, Tony; Merritt, Sydney; Kinganda-Lusamaki, Eddy; Jansen, Daan; Halbrook, Megan; OToole, Aine; Hasivirwe Vakaniaki, Emmanuel; Ola-Mpumbe, Rilia; Kwete-Mbokama, Papy; Akil-Bandali, Prince; Kacita, Cris; Ponga-Museme, Ange; Mapenzi-Kashali, Nelson; Tshiani-Mbaya, Olivier; Paku-Tshambu, Princesse; Dantas, Pedro H. L. F.; De Block, Tessa; Lokilo-Lofiko, Emmanuel; Muswamba-Kayembe, Chloe; Makangara-Cigolo, Jean-Claude; Luakanda-Ndelemo, Gradi; Kelvin, David J.; Pratt, Catherine; Ayouba, Ahidjo; Tessema, Sofonias; Mauro Rezende, Antonio; Hensley, Lisa E.; Delaporte, Eric; Mwamba, Dieudonne; Subissi, Lorenzo; Liesenborghs, Laurens; Hoff, Nicole A.; Peeters, Martine; Low, Nicola; Rimoin, Anne W.; Kindrachuk, Jason; Vercauteren, Koen; Rambaut, Andrew; Mbala-Kingebeni, Placide; Muyembe-Tamfum, Jean-Jacques"
PP_0012X9E,Ia,None,Democratic Republic of the Congo,Tshopo,2024-08-31,189271,0.9197349005369936,2025-02-04,"Ahuka-Mundeke, Steve; Pukuta-Simbu, Elisabeth; Amuri-Aziza, Adrienne; Wawina-Bokalanga, Tony; Merritt, Sydney; Kinganda-Lusamaki, Eddy; Jansen, Daan; Halbrook, Megan; OToole, Aine; Hasivirwe Vakaniaki, Emmanuel; Ola-Mpumbe, Rilia; Kwete-Mbokama, Papy; Akil-Bandali, Prince; Kacita, Cris; Ponga-Museme, Ange; Mapenzi-Kashali, Nelson; Tshiani-Mbaya, Olivier; Paku-Tshambu, Princesse; Dantas, Pedro H. L. F.; De Block, Tessa; Lokilo-Lofiko, Emmanuel; Muswamba-Kayembe, Chloe; Makangara-Cigolo, Jean-Claude; Luakanda-Ndelemo, Gradi; Kelvin, David J.; Pratt, Catherine; Ayouba, Ahidjo; Tessema, Sofonias; Mauro Rezende, Antonio; Hensley, Lisa E.; Delaporte, Eric; Mwamba, Dieudonne; Subissi, Lorenzo; Liesenborghs, Laurens; Hoff, Nicole A.; Peeters, Martine; Low, Nicola; Rimoin, Anne W.; Kindrachuk, Jason; Vercauteren, Koen; Rambaut, Andrew; Mbala-Kingebeni, Placide; Muyembe-Tamfum, Jean-Jacques"
PP_0012XAC,Ia,None,Democratic Republic of the Congo,Tshopo,2024-08-30,190119,0.9187106065139016,2025-02-04,"Ahuka-Mundeke, Steve; Pukuta-Simbu, Elisabeth; Amuri-Aziza, Adrienne; Wawina-Bokalanga, Tony; Merritt, Sydney; Kinganda-Lusamaki, Eddy; Jansen, Daan; Halbrook, Megan; OToole, Aine; Hasivirwe Vakaniaki, Emmanuel; Ola-Mpumbe, Rilia; Kwete-Mbokama, Papy; Akil-Bandali, Prince; Kacita, Cris; Ponga-Museme, Ange; Mapenzi-Kashali, Nelson; Tshiani-Mbaya, Olivier; Paku-Tshambu, Princesse; Dantas, Pedro H. L. F.; De Block, Tessa; Lokilo-Lofiko, Emmanuel; Muswamba-Kayembe, Chloe; Makangara-Cigolo, Jean-Claude; Luakanda-Ndelemo, Gradi; Kelvin, David J.; Pratt, Catherine; Ayouba, Ahidjo; Tessema, Sofonias; Mauro Rezende, Antonio; Hensley, Lisa E.; Delaporte, Eric; Mwamba, Dieudonne; Subissi, Lorenzo; Liesenborghs, Laurens; Hoff, Nicole A.; Peeters, Martine; Low, Nicola; Rimoin, Anne W.; Kindrachuk, Jason; Vercauteren, Koen; Rambaut, Andrew; Mbala-Kingebeni, Placide; Muyembe-Tamfum, Jean-Jacques"
PP_0012XBA,Ia,None,Democratic Republic of the Congo,Tshopo,2024-09-01,189234,0.92344162791759,2025-02-04,"Ahuka-Mundeke, Steve; Pukuta-Simbu, Elisabeth; Amuri-Aziza, Adrienne; Wawina-Bokalanga, Tony; Merritt, Sydney; Kinganda-Lusamaki, Eddy; Jansen, Daan; Halbrook, Megan; OToole, Aine; Hasivirwe Vakaniaki, Emmanuel; Ola-Mpumbe, Rilia; Kwete-Mbokama, Papy; Akil-Bandali, Prince; Kacita, Cris; Ponga-Museme, Ange; Mapenzi-Kashali, Nelson; Tshiani-Mbaya, Olivier; Paku-Tshambu, Princesse; Dantas, Pedro H. L. F.; De Block, Tessa; Lokilo-Lofiko, Emmanuel; Muswamba-Kayembe, Chloe; Makangara-Cigolo, Jean-Claude; Luakanda-Ndelemo, Gradi; Kelvin, David J.; Pratt, Catherine; Ayouba, Ahidjo; Tessema, Sofonias; Mauro Rezende, Antonio; Hensley, Lisa E.; Delaporte, Eric; Mwamba, Dieudonne; Subissi, Lorenzo; Liesenborghs, Laurens; Hoff, Nicole A.; Peeters, Martine; Low, Nicola; Rimoin, Anne W.; Kindrachuk, Jason; Vercauteren, Koen; Rambaut, Andrew; Mbala-Kingebeni, Placide; Muyembe-Tamfum, Jean-Jacques"
PP_0012XC8,Ia,None,Democratic Republic of the Congo,Tshopo,2024-08-31,189547,0.941290711884346,2025-02-04,"Ahuka-Mundeke, Steve; Pukuta-Simbu, Elisabeth; Amuri-Aziza, Adrienne; Wawina-Bokalanga, Tony; Merritt, Sydney; Kinganda-Lusamaki, Eddy; Jansen, Daan; Halbrook, Megan; OToole, Aine; Hasivirwe Vakaniaki, Emmanuel; Ola-Mpumbe, Rilia; Kwete-Mbokama, Papy; Akil-Bandali, Prince; Kacita, Cris; Ponga-Museme, Ange; Mapenzi-Kashali, Nelson; Tshiani-Mbaya, Olivier; Paku-Tshambu, Princesse; Dantas, Pedro H. L. F.; De Block, Tessa; Lokilo-Lofiko, Emmanuel; Muswamba-Kayembe, Chloe; Makangara-Cigolo, Jean-Claude; Luakanda-Ndelemo, Gradi; Kelvin, David J.; Pratt, Catherine; Ayouba, Ahidjo; Tessema, Sofonias; Mauro Rezende, Antonio; Hensley, Lisa E.; Delaporte, Eric; Mwamba, Dieudonne; Subissi, Lorenzo; Liesenborghs, Laurens; Hoff, Nicole A.; Peeters, Martine; Low, Nicola; Rimoin, Anne W.; Kindrachuk, Jason; Vercauteren, Koen; Rambaut, Andrew; Mbala-Kingebeni, Placide; Muyembe-Tamfum, Jean-Jacques"
PP_0012XD6,Ia,None,Democratic Republic of the Congo,Tshopo,2024-08-31,189632,0.934774782083982,2025-02-04,"Ahuka-Mundeke, Steve; Pukuta-Simbu, Elisabeth; Amuri-Aziza, Adrienne; Wawina-Bokalanga, Tony; Merritt, Sydney; Kinganda-Lusamaki, Eddy; Jansen, Daan; Halbrook, Megan; OToole, Aine; Hasivirwe Vakaniaki, Emmanuel; Ola-Mpumbe, Rilia; Kwete-Mbokama, Papy; Akil-Bandali, Prince; Kacita, Cris; Ponga-Museme, Ange; Mapenzi-Kashali, Nelson; Tshiani-Mbaya, Olivier; Paku-Tshambu, Princesse; Dantas, Pedro H. L. F.; De Block, Tessa; Lokilo-Lofiko, Emmanuel; Muswamba-Kayembe, Chloe; Makangara-Cigolo, Jean-Claude; Luakanda-Ndelemo, Gradi; Kelvin, David J.; Pratt, Catherine; Ayouba, Ahidjo; Tessema, Sofonias; Mauro Rezende, Antonio; Hensley, Lisa E.; Delaporte, Eric; Mwamba, Dieudonne; Subissi, Lorenzo; Liesenborghs, Laurens; Hoff, Nicole A.; Peeters, Martine; Low, Nicola; Rimoin, Anne W.; Kindrachuk, Jason; Vercauteren, Koen; Rambaut, Andrew; Mbala-Kingebeni, Placide; Muyembe-Tamfum, Jean-Jacques"
PP_0012XE4,Ia,None,Democratic Republic of the Congo,Tshopo,2024-09-06,189961,0.9316258385773468,2025-02-04,"Ahuka-Mundeke, Steve; Pukuta-Simbu, Elisabeth; Amuri-Aziza, Adrienne; Wawina-Bokalanga, Tony; Merritt, Sydney; Kinganda-Lusamaki, Eddy; Jansen, Daan; Halbrook, Megan; OToole, Aine; Hasivirwe Vakaniaki, Emmanuel; Ola-Mpumbe, Rilia; Kwete-Mbokama, Papy; Akil-Bandali, Prince; Kacita, Cris; Ponga-Museme, Ange; Mapenzi-Kashali, Nelson; Tshiani-Mbaya, Olivier; Paku-Tshambu, Princesse; Dantas, Pedro H. L. F.; De Block, Tessa; Lokilo-Lofiko, Emmanuel; Muswamba-Kayembe, Chloe; Makangara-Cigolo, Jean-Claude; Luakanda-Ndelemo, Gradi; Kelvin, David J.; Pratt, Catherine; Ayouba, Ahidjo; Tessema, Sofonias; Mauro Rezende, Antonio; Hensley, Lisa E.; Delaporte, Eric; Mwamba, Dieudonne; Subissi, Lorenzo; Liesenborghs, Laurens; Hoff, Nicole A.; Peeters, Martine; Low, Nicola; Rimoin, Anne W.; Kindrachuk, Jason; Vercauteren, Koen; Rambaut, Andrew; Mbala-Kingebeni, Placide; Muyembe-Tamfum, Jean-Jacques"
PP_0012XF2,Ia,None,Democratic Republic of the Congo,Tshopo,2024-09-02,189260,0.9122504551009336,2025-02-04,"Ahuka-Mundeke, Steve; Pukuta-Simbu, Elisabeth; Amuri-Aziza, Adrienne; Wawina-Bokalanga, Tony; Merritt, Sydney; Kinganda-Lusamaki, Eddy; Jansen, Daan; Halbrook, Megan; OToole, Aine; Hasivirwe Vakaniaki, Emmanuel; Ola-Mpumbe, Rilia; Kwete-Mbokama, Papy; Akil-Bandali, Prince; Kacita, Cris; Ponga-Museme, Ange; Mapenzi-Kashali, Nelson; Tshiani-Mbaya, Olivier; Paku-Tshambu, Princesse; Dantas, Pedro H. L. F.; De Block, Tessa; Lokilo-Lofiko, Emmanuel; Muswamba-Kayembe, Chloe; Makangara-Cigolo, Jean-Claude; Luakanda-Ndelemo, Gradi; Kelvin, David J.; Pratt, Catherine; Ayouba, Ahidjo; Tessema, Sofonias; Mauro Rezende, Antonio; Hensley, Lisa E.; Delaporte, Eric; Mwamba, Dieudonne; Subissi, Lorenzo; Liesenborghs, Laurens; Hoff, Nicole A.; Peeters, Martine; Low, Nicola; Rimoin, Anne W.; Kindrachuk, Jason; Vercauteren, Koen; Rambaut, Andrew; Mbala-Kingebeni, Placide; Muyembe-Tamfum, Jean-Jacques"
PP_0012XG0,Ia,None,Democratic Republic of the Congo,Tshopo,2024-08-31,189252,0.8952938253325152,2025-02-04,"Ahuka-Mundeke, Steve; Pukuta-Simbu, Elisabeth; Amuri-Aziza, Adrienne; Wawina-Bokalanga, Tony; Merritt, Sydney; Kinganda-Lusamaki, Eddy; Jansen, Daan; Halbrook, Megan; OToole, Aine; Hasivirwe Vakaniaki, Emmanuel; Ola-Mpumbe, Rilia; Kwete-Mbokama, Papy; Akil-Bandali, Prince; Kacita, Cris; Ponga-Museme, Ange; Mapenzi-Kashali, Nelson; Tshiani-Mbaya, Olivier; Paku-Tshambu, Princesse; Dantas, Pedro H. L. F.; De Block, Tessa; Lokilo-Lofiko, Emmanuel; Muswamba-Kayembe, Chloe; Makangara-Cigolo, Jean-Claude; Luakanda-Ndelemo, Gradi; Kelvin, David J.; Pratt, Catherine; Ayouba, Ahidjo; Tessema, Sofonias; Mauro Rezende, Antonio; Hensley, Lisa E.; Delaporte, Eric; Mwamba, Dieudonne; Subissi, Lorenzo; Liesenborghs, Laurens; Hoff, Nicole A.; Peeters, Martine; Low, Nicola; Rimoin, Anne W.; Kindrachuk, Jason; Vercauteren, Koen; Rambaut, Andrew; Mbala-Kingebeni, Placide; Muyembe-Tamfum, Jean-Jacques"
PP_0012XHX,Ia,None,Democratic Republic of the Congo,Tshopo,2024-08-28,190105,0.9398201907620848,2025-02-04,"Ahuka-Mundeke, Steve; Pukuta-Simbu, Elisabeth; Amuri-Aziza, Adrienne; Wawina-Bokalanga, Tony; Merritt, Sydney; Kinganda-Lusamaki, Eddy; Jansen, Daan; Halbrook, Megan; OToole, Aine; Hasivirwe Vakaniaki, Emmanuel; Ola-Mpumbe, Rilia; Kwete-Mbokama, Papy; Akil-Bandali, Prince; Kacita, Cris; Ponga-Museme, Ange; Mapenzi-Kashali, Nelson; Tshiani-Mbaya, Olivier; Paku-Tshambu, Princesse; Dantas, Pedro H. L. F.; De Block, Tessa; Lokilo-Lofiko, Emmanuel; Muswamba-Kayembe, Chloe; Makangara-Cigolo, Jean-Claude; Luakanda-Ndelemo, Gradi; Kelvin, David J.; Pratt, Catherine; Ayouba, Ahidjo; Tessema, Sofonias; Mauro Rezende, Antonio; Hensley, Lisa E.; Delaporte, Eric; Mwamba, Dieudonne; Subissi, Lorenzo; Liesenborghs, Laurens; Hoff, Nicole A.; Peeters, Martine; Low, Nicola; Rimoin, Anne W.; Kindrachuk, Jason; Vercauteren, Koen; Rambaut, Andrew; Mbala-Kingebeni, Placide; Muyembe-Tamfum, Jean-Jacques"
PP_0012XJV,Ia,None,Democratic Republic of the Congo,Tshopo,2024-08-31,189462,0.901094777621711,2025-02-04,"Ahuka-Mundeke, Steve; Pukuta-Simbu, Elisabeth; Amuri-Aziza, Adrienne; Wawina-Bokalanga, Tony; Merritt, Sydney; Kinganda-Lusamaki, Eddy; Jansen, Daan; Halbrook, Megan; OToole, Aine; Hasivirwe Vakaniaki, Emmanuel; Ola-Mpumbe, Rilia; Kwete-Mbokama, Papy; Akil-Bandali, Prince; Kacita, Cris; Ponga-Museme, Ange; Mapenzi-Kashali, Nelson; Tshiani-Mbaya, Olivier; Paku-Tshambu, Princesse; Dantas, Pedro H. L. F.; De Block, Tessa; Lokilo-Lofiko, Emmanuel; Muswamba-Kayembe, Chloe; Makangara-Cigolo, Jean-Claude; Luakanda-Ndelemo, Gradi; Kelvin, David J.; Pratt, Catherine; Ayouba, Ahidjo; Tessema, Sofonias; Mauro Rezende, Antonio; Hensley, Lisa E.; Delaporte, Eric; Mwamba, Dieudonne; Subissi, Lorenzo; Liesenborghs, Laurens; Hoff, Nicole A.; Peeters, Martine; Low, Nicola; Rimoin, Anne W.; Kindrachuk, Jason; Vercauteren, Koen; Rambaut, Andrew; Mbala-Kingebeni, Placide; Muyembe-Tamfum, Jean-Jacques"
PP_0012XKT,Ia,None,Democratic Republic of the Congo,Tshopo,2024-08-31,189787,0.9332941194367396,2025-02-04,"Ahuka-Mundeke, Steve; Pukuta-Simbu, Elisabeth; Amuri-Aziza, Adrienne; Wawina-Bokalanga, Tony; Merritt, Sydney; Kinganda-Lusamaki, Eddy; Jansen, Daan; Halbrook, Megan; OToole, Aine; Hasivirwe Vakaniaki, Emmanuel; Ola-Mpumbe, Rilia; Kwete-Mbokama, Papy; Akil-Bandali, Prince; Kacita, Cris; Ponga-Museme, Ange; Mapenzi-Kashali, Nelson; Tshiani-Mbaya, Olivier; Paku-Tshambu, Princesse; Dantas, Pedro H. L. F.; De Block, Tessa; Lokilo-Lofiko, Emmanuel; Muswamba-Kayembe, Chloe; Makangara-Cigolo, Jean-Claude; Luakanda-Ndelemo, Gradi; Kelvin, David J.; Pratt, Catherine; Ayouba, Ahidjo; Tessema, Sofonias; Mauro Rezende, Antonio; Hensley, Lisa E.; Delaporte, Eric; Mwamba, Dieudonne; Subissi, Lorenzo; Liesenborghs, Laurens; Hoff, Nicole A.; Peeters, Martine; Low, Nicola; Rimoin, Anne W.; Kindrachuk, Jason; Vercauteren, Koen; Rambaut, Andrew; Mbala-Kingebeni, Placide; Muyembe-Tamfum, Jean-Jacques"
PP_0012XLR,Ia,None,Democratic Republic of the Congo,Tshopo,2024-08-31,189266,0.9134065889487802,2025-02-04,"Ahuka-Mundeke, Steve; Pukuta-Simbu, Elisabeth; Amuri-Aziza, Adrienne; Wawina-Bokalanga, Tony; Merritt, Sydney; Kinganda-Lusamaki, Eddy; Jansen, Daan; Halbrook, Megan; OToole, Aine; Hasivirwe Vakaniaki, Emmanuel; Ola-Mpumbe, Rilia; Kwete-Mbokama, Papy; Akil-Bandali, Prince; Kacita, Cris; Ponga-Museme, Ange; Mapenzi-Kashali, Nelson; Tshiani-Mbaya, Olivier; Paku-Tshambu, Princesse; Dantas, Pedro H. L. F.; De Block, Tessa; Lokilo-Lofiko, Emmanuel; Muswamba-Kayembe, Chloe; Makangara-Cigolo, Jean-Claude; Luakanda-Ndelemo, Gradi; Kelvin, David J.; Pratt, Catherine; Ayouba, Ahidjo; Tessema, Sofonias; Mauro Rezende, Antonio; Hensley, Lisa E.; Delaporte, Eric; Mwamba, Dieudonne; Subissi, Lorenzo; Liesenborghs, Laurens; Hoff, Nicole A.; Peeters, Martine; Low, Nicola; Rimoin, Anne W.; Kindrachuk, Jason; Vercauteren, Koen; Rambaut, Andrew; Mbala-Kingebeni, Placide; Muyembe-Tamfum, Jean-Jacques"
PP_0012XMP,Ia,None,Democratic Republic of the Congo,Tshopo,2024-08-31,189502,0.936691530305412,2025-02-04,"Ahuka-Mundeke, Steve; Pukuta-Simbu, Elisabeth; Amuri-Aziza, Adrienne; Wawina-Bokalanga, Tony; Merritt, Sydney; Kinganda-Lusamaki, Eddy; Jansen, Daan; Halbrook, Megan; OToole, Aine; Hasivirwe Vakaniaki, Emmanuel; Ola-Mpumbe, Rilia; Kwete-Mbokama, Papy; Akil-Bandali, Prince; Kacita, Cris; Ponga-Museme, Ange; Mapenzi-Kashali, Nelson; Tshiani-Mbaya, Olivier; Paku-Tshambu, Princesse; Dantas, Pedro H. L. F.; De Block, Tessa; Lokilo-Lofiko, Emmanuel; Muswamba-Kayembe, Chloe; Makangara-Cigolo, Jean-Claude; Luakanda-Ndelemo, Gradi; Kelvin, David J.; Pratt, Catherine; Ayouba, Ahidjo; Tessema, Sofonias; Mauro Rezende, Antonio; Hensley, Lisa E.; Delaporte, Eric; Mwamba, Dieudonne; Subissi, Lorenzo; Liesenborghs, Laurens; Hoff, Nicole A.; Peeters, Martine; Low, Nicola; Rimoin, Anne W.; Kindrachuk, Jason; Vercauteren, Koen; Rambaut, Andrew; Mbala-Kingebeni, Placide; Muyembe-Tamfum, Jean-Jacques"
PP_0012XNM,Ia,None,Democratic Republic of the Congo,Tshopo,2024-08-24,189050,0.7623891404550502,2025-02-04,"Ahuka-Mundeke, Steve; Pukuta-Simbu, Elisabeth; Amuri-Aziza, Adrienne; Wawina-Bokalanga, Tony; Merritt, Sydney; Kinganda-Lusamaki, Eddy; Jansen, Daan; Halbrook, Megan; OToole, Aine; Hasivirwe Vakaniaki, Emmanuel; Ola-Mpumbe, Rilia; Kwete-Mbokama, Papy; Akil-Bandali, Prince; Kacita, Cris; Ponga-Museme, Ange; Mapenzi-Kashali, Nelson; Tshiani-Mbaya, Olivier; Paku-Tshambu, Princesse; Dantas, Pedro H. L. F.; De Block, Tessa; Lokilo-Lofiko, Emmanuel; Muswamba-Kayembe, Chloe; Makangara-Cigolo, Jean-Claude; Luakanda-Ndelemo, Gradi; Kelvin, David J.; Pratt, Catherine; Ayouba, Ahidjo; Tessema, Sofonias; Mauro Rezende, Antonio; Hensley, Lisa E.; Delaporte, Eric; Mwamba, Dieudonne; Subissi, Lorenzo; Liesenborghs, Laurens; Hoff, Nicole A.; Peeters, Martine; Low, Nicola; Rimoin, Anne W.; Kindrachuk, Jason; Vercauteren, Koen; Rambaut, Andrew; Mbala-Kingebeni, Placide; Muyembe-Tamfum, Jean-Jacques"
PP_0012XPK,Ia,None,Democratic Republic of the Congo,Bas-Uele,2024-09-04,187689,0.7265489911718025,2025-02-04,"Amuri-Aziza, Adrienne; Luakanda-Ndelemo, Gradi; Kinganda-Lusamaki, Eddy; Makangara-Cigolo, Jean-Claude; Kenye, Michel; Kavira, Sifa; Wawina-Bokalanga, Tony; Merritt, Sydney; Jansen, Daan; Halbrook, Megan; OToole, Aine; Pukuta-Simbu, Elisabeth; Hasivirwe Vakaniaki, Emmanuel; Ola-Mpumbe, Rilia; Kwete-Mbokama, Papy; Akil-Bandali, Prince; Kacita, Cris; Ponga-Museme, Ange; Mapenzi-Kashali, Nelson; Tshiani-Mbaya, Olivier; Paku-Tshambu, Princesse; Dantas, Pedro H. L. F.; De Block, Tessa; Lokilo-Lofiko, Emmanuel; Muswamba-Kayembe, Chloe; Kelvin, David J.; Pratt, Catherine; Ayouba, Ahidjo; Tessema, Sofonias; Mauro Rezende, Antonio; Hensley, Lisa E.; Delaporte, Eric; Mwamba, Dieudonne; Subissi, Lorenzo; Liesenborghs, Laurens; Hoff, Nicole A.; Peeters, Martine; Low, Nicola; Ahuka-Mundeke, Steve; Muyembe-Tamfum, Jean-Jacques; Rimoin, Anne W.; Kindrachuk, Jason; Vercauteren, Koen; Rambaut, Andrew; Mbala-Kingebeni, Placide"
PP_0012XQH,Ia,None,Democratic Republic of the Congo,Kwilu,2024-08-29,188894,0.7793559117484496,2025-02-04,"Mbala-Kingebeni, Placide; Wawina-Bokalanga, Tony; Merritt, Sydney; Kinganda-Lusamaki, Eddy; Jansen, Daan; Halbrook, Megan; OToole, Aine; Pukuta-Simbu, Elisabeth; Hasivirwe Vakaniaki, Emmanuel; Ola-Mpumbe, Rilia; Kwete-Mbokama, Papy; Akil-Bandali, Prince; Kacita, Cris; Ponga-Museme, Ange; Mapenzi-Kashali, Nelson; Amuri-Aziza, Adrienne; Tshiani-Mbaya, Olivier; Paku-Tshambu, Princesse; Dantas, Pedro H. L. F.; De Block, Tessa; Lokilo-Lofiko, Emmanuel; Muswamba-Kayembe, Chloe; Makangara-Cigolo, Jean-Claude; Luakanda-Ndelemo, Gradi; Kelvin, David J.; Pratt, Catherine; Ayouba, Ahidjo; Tessema, Sofonias; Mauro Rezende, Antonio; Hensley, Lisa E.; Delaporte, Eric; Mwamba, Dieudonne; Subissi, Lorenzo; Liesenborghs, Laurens; Hoff, Nicole A.; Peeters, Martine; Low, Nicola; Rimoin, Anne W.; Kindrachuk, Jason; Vercauteren, Koen; Rambaut, Andrew; Ahuka-Mundeke, Steve; Muyembe-Tamfum, Jean-Jacques"
PP_0012XRF,Ia,None,Democratic Republic of the Congo,Kinshasa,2024-09-16,190052,0.9198768818867292,2025-02-04,"Wawina-Bokalanga, Tony; Merritt, Sydney; Kinganda-Lusamaki, Eddy; Jansen, Daan; Halbrook, Megan; OToole, Aine; Pukuta-Simbu, Elisabeth; Muyamuna, Elise; Hasivirwe Vakaniaki, Emmanuel; Ola-Mpumbe, Rilia; Kwete-Mbokama, Papy; Akil-Bandali, Prince; Kacita, Cris; Ponga-Museme, Ange; Mapenzi-Kashali, Nelson; Amuri-Aziza, Adrienne; Muyembe-Mawete, Francisca; Lumembe-Numbi, Raphael; Kabamba-Lungenyi, Gabriel; Tshiani-Mbaya, Olivier; Paku-Tshambu, Princesse; Dantas, Pedro Hlf; DeBlock, Tessa; Lokilo-Lofiko, Emmanuel; Muswamba-Kayembe, Chloe; Makangara-Cigolo, Jean-Claude; Luakanda-Ndelemo, Gradi; Kelvin, David J.; Pratt, Catherine; Ayouba, Ahidjo; Tessema, Sofonias; Mauro, Antonio R.; Hensley, Lisa E.; Delaporte, Eric; Mwamba, Dieudonne; Subissi, Lorenzo; Liesenborghs, Laurens; Hoff, Nicole A.; Peeters, Martine; Low, Nicola; Ahuka-Mundeke, Steve; Muyembe-Tamfum, Jean-Jacques; Rimoin, Anne W.; Kindrachuk, Jason; Vercauteren, Koen; Rambaut, Andrew; Mbala-Kingebeni, Placide"
PP_0012XSD,Ia,None,Democratic Republic of the Congo,Kinshasa,2024-09-17,190114,0.9456059307638088,2025-02-04,"Wawina-Bokalanga, Tony; Merritt, Sydney; Kinganda-Lusamaki, Eddy; Jansen, Daan; Halbrook, Megan; OToole, Aine; Pukuta-Simbu, Elisabeth; Muyamuna, Elise; Hasivirwe Vakaniaki, Emmanuel; Ola-Mpumbe, Rilia; Kwete-Mbokama, Papy; Akil-Bandali, Prince; Kacita, Cris; Ponga-Museme, Ange; Mapenzi-Kashali, Nelson; Amuri-Aziza, Adrienne; Muyembe-Mawete, Francisca; Lumembe-Numbi, Raphael; Kabamba-Lungenyi, Gabriel; Tshiani-Mbaya, Olivier; Paku-Tshambu, Princesse; Dantas, Pedro Hlf; DeBlock, Tessa; Lokilo-Lofiko, Emmanuel; Muswamba-Kayembe, Chloe; Makangara-Cigolo, Jean-Claude; Luakanda-Ndelemo, Gradi; Kelvin, David J.; Pratt, Catherine; Ayouba, Ahidjo; Tessema, Sofonias; Mauro, Antonio R.; Hensley, Lisa E.; Delaporte, Eric; Mwamba, Dieudonne; Subissi, Lorenzo; Liesenborghs, Laurens; Hoff, Nicole A.; Peeters, Martine; Low, Nicola; Ahuka-Mundeke, Steve; Muyembe-Tamfum, Jean-Jacques; Rimoin, Anne W.; Kindrachuk, Jason; Vercauteren, Koen; Rambaut, Andrew; Mbala-Kingebeni, Placide"
PP_0012XTB,Ia,None,Democratic Republic of the Congo,Kinshasa,2024-09-17,190112,0.9146945626213814,2025-02-04,"Wawina-Bokalanga, Tony; Merritt, Sydney; Kinganda-Lusamaki, Eddy; Jansen, Daan; Halbrook, Megan; OToole, Aine; Pukuta-Simbu, Elisabeth; Muyamuna, Elise; Hasivirwe Vakaniaki, Emmanuel; Ola-Mpumbe, Rilia; Kwete-Mbokama, Papy; Akil-Bandali, Prince; Kacita, Cris; Ponga-Museme, Ange; Mapenzi-Kashali, Nelson; Amuri-Aziza, Adrienne; Muyembe-Mawete, Francisca; Lumembe-Numbi, Raphael; Kabamba-Lungenyi, Gabriel; Tshiani-Mbaya, Olivier; Paku-Tshambu, Princesse; Dantas, Pedro Hlf; DeBlock, Tessa; Lokilo-Lofiko, Emmanuel; Muswamba-Kayembe, Chloe; Makangara-Cigolo, Jean-Claude; Luakanda-Ndelemo, Gradi; Kelvin, David J.; Pratt, Catherine; Ayouba, Ahidjo; Tessema, Sofonias; Mauro, Antonio R.; Hensley, Lisa E.; Delaporte, Eric; Mwamba, Dieudonne; Subissi, Lorenzo; Liesenborghs, Laurens; Hoff, Nicole A.; Peeters, Martine; Low, Nicola; Ahuka-Mundeke, Steve; Muyembe-Tamfum, Jean-Jacques; Rimoin, Anne W.; Kindrachuk, Jason; Vercauteren, Koen; Rambaut, Andrew; Mbala-Kingebeni, Placide"
PP_0012XU9,Ib,A.1,Democratic Republic of the Congo,Kinshasa,2024-09-17,190077,0.939693421699821,2025-02-04,"Wawina-Bokalanga, Tony; Merritt, Sydney; Kinganda-Lusamaki, Eddy; Jansen, Daan; Halbrook, Megan; OToole, Aine; Pukuta-Simbu, Elisabeth; Muyamuna, Elise; Hasivirwe Vakaniaki, Emmanuel; Ola-Mpumbe, Rilia; Kwete-Mbokama, Papy; Akil-Bandali, Prince; Kacita, Cris; Ponga-Museme, Ange; Mapenzi-Kashali, Nelson; Amuri-Aziza, Adrienne; Muyembe-Mawete, Francisca; Lumembe-Numbi, Raphael; Kabamba-Lungenyi, Gabriel; Tshiani-Mbaya, Olivier; Paku-Tshambu, Princesse; Dantas, Pedro Hlf; DeBlock, Tessa; Lokilo-Lofiko, Emmanuel; Muswamba-Kayembe, Chloe; Makangara-Cigolo, Jean-Claude; Luakanda-Ndelemo, Gradi; Kelvin, David J.; Pratt, Catherine; Ayouba, Ahidjo; Tessema, Sofonias; Mauro, Antonio R.; Hensley, Lisa E.; Delaporte, Eric; Mwamba, Dieudonne; Subissi, Lorenzo; Liesenborghs, Laurens; Hoff, Nicole A.; Peeters, Martine; Low, Nicola; Ahuka-Mundeke, Steve; Muyembe-Tamfum, Jean-Jacques; Rimoin, Anne W.; Kindrachuk, Jason; Vercauteren, Koen; Rambaut, Andrew; Mbala-Kingebeni, Placide"
PP_0012XV7,Ia,None,Democratic Republic of the Congo,Kinshasa,2024-09-14,188835,0.761912488780938,2025-02-04,"Wawina-Bokalanga, Tony; Merritt, Sydney; Kinganda-Lusamaki, Eddy; Jansen, Daan; Halbrook, Megan; OToole, Aine; Pukuta-Simbu, Elisabeth; Muyamuna, Elise; Hasivirwe Vakaniaki, Emmanuel; Ola-Mpumbe, Rilia; Kwete-Mbokama, Papy; Akil-Bandali, Prince; Kacita, Cris; Ponga-Museme, Ange; Mapenzi-Kashali, Nelson; Amuri-Aziza, Adrienne; Muyembe-Mawete, Francisca; Lumembe-Numbi, Raphael; Kabamba-Lungenyi, Gabriel; Tshiani-Mbaya, Olivier; Paku-Tshambu, Princesse; Dantas, Pedro Hlf; DeBlock, Tessa; Lokilo-Lofiko, Emmanuel; Muswamba-Kayembe, Chloe; Makangara-Cigolo, Jean-Claude; Luakanda-Ndelemo, Gradi; Kelvin, David J.; Pratt, Catherine; Ayouba, Ahidjo; Tessema, Sofonias; Mauro, Antonio R.; Hensley, Lisa E.; Delaporte, Eric; Mwamba, Dieudonne; Subissi, Lorenzo; Liesenborghs, Laurens; Hoff, Nicole A.; Peeters, Martine; Low, Nicola; Ahuka-Mundeke, Steve; Muyembe-Tamfum, Jean-Jacques; Rimoin, Anne W.; Kindrachuk, Jason; Vercauteren, Koen; Rambaut, Andrew; Mbala-Kingebeni, Placide"
PP_0012XW5,Ia,None,Democratic Republic of the Congo,Kinshasa,2024-02-16,190093,0.9293693492690496,2025-02-04,"Wawina-Bokalanga, Tony; Merritt, Sydney; Kinganda-Lusamaki, Eddy; Jansen, Daan; Halbrook, Megan; OToole, Aine; Pukuta-Simbu, Elisabeth; Muyamuna, Elise; Hasivirwe Vakaniaki, Emmanuel; Ola-Mpumbe, Rilia; Kwete-Mbokama, Papy; Akil-Bandali, Prince; Kacita, Cris; Ponga-Museme, Ange; Mapenzi-Kashali, Nelson; Amuri-Aziza, Adrienne; Muyembe-Mawete, Francisca; Lumembe-Numbi, Raphael; Kabamba-Lungenyi, Gabriel; Tshiani-Mbaya, Olivier; Paku-Tshambu, Princesse; Dantas, Pedro Hlf; DeBlock, Tessa; Lokilo-Lofiko, Emmanuel; Muswamba-Kayembe, Chloe; Makangara-Cigolo, Jean-Claude; Luakanda-Ndelemo, Gradi; Kelvin, David J.; Pratt, Catherine; Ayouba, Ahidjo; Tessema, Sofonias; Mauro, Antonio R.; Hensley, Lisa E.; Delaporte, Eric; Mwamba, Dieudonne; Subissi, Lorenzo; Liesenborghs, Laurens; Hoff, Nicole A.; Peeters, Martine; Low, Nicola; Ahuka-Mundeke, Steve; Muyembe-Tamfum, Jean-Jacques; Rimoin, Anne W.; Kindrachuk, Jason; Vercauteren, Koen; Rambaut, Andrew; Mbala-Kingebeni, Placide"
PP_0012XX3,Ia,None,Democratic Republic of the Congo,Kinshasa,2024-09-18,190105,0.9397796246621604,2025-02-04,"Wawina-Bokalanga, Tony; Merritt, Sydney; Kinganda-Lusamaki, Eddy; Jansen, Daan; Halbrook, Megan; OToole, Aine; Pukuta-Simbu, Elisabeth; Muyamuna, Elise; Hasivirwe Vakaniaki, Emmanuel; Ola-Mpumbe, Rilia; Kwete-Mbokama, Papy; Akil-Bandali, Prince; Kacita, Cris; Ponga-Museme, Ange; Mapenzi-Kashali, Nelson; Amuri-Aziza, Adrienne; Muyembe-Mawete, Francisca; Lumembe-Numbi, Raphael; Kabamba-Lungenyi, Gabriel; Tshiani-Mbaya, Olivier; Paku-Tshambu, Princesse; Dantas, Pedro Hlf; DeBlock, Tessa; Lokilo-Lofiko, Emmanuel; Muswamba-Kayembe, Chloe; Makangara-Cigolo, Jean-Claude; Luakanda-Ndelemo, Gradi; Kelvin, David J.; Pratt, Catherine; Ayouba, Ahidjo; Tessema, Sofonias; Mauro, Antonio R.; Hensley, Lisa E.; Delaporte, Eric; Mwamba, Dieudonne; Subissi, Lorenzo; Liesenborghs, Laurens; Hoff, Nicole A.; Peeters, Martine; Low, Nicola; Ahuka-Mundeke, Steve; Muyembe-Tamfum, Jean-Jacques; Rimoin, Anne W.; Kindrachuk, Jason; Vercauteren, Koen; Rambaut, Andrew; Mbala-Kingebeni, Placide"
PP_0012XY1,Ia,None,Democratic Republic of the Congo,Kinshasa,2024-09-17,190095,0.9467519230866746,2025-02-04,"Wawina-Bokalanga, Tony; Merritt, Sydney; Kinganda-Lusamaki, Eddy; Jansen, Daan; Halbrook, Megan; OToole, Aine; Pukuta-Simbu, Elisabeth; Muyamuna, Elise; Hasivirwe Vakaniaki, Emmanuel; Ola-Mpumbe, Rilia; Kwete-Mbokama, Papy; Akil-Bandali, Prince; Kacita, Cris; Ponga-Museme, Ange; Mapenzi-Kashali, Nelson; Amuri-Aziza, Adrienne; Muyembe-Mawete, Francisca; Lumembe-Numbi, Raphael; Kabamba-Lungenyi, Gabriel; Tshiani-Mbaya, Olivier; Paku-Tshambu, Princesse; Dantas, Pedro Hlf; DeBlock, Tessa; Lokilo-Lofiko, Emmanuel; Muswamba-Kayembe, Chloe; Makangara-Cigolo, Jean-Claude; Luakanda-Ndelemo, Gradi; Kelvin, David J.; Pratt, Catherine; Ayouba, Ahidjo; Tessema, Sofonias; Mauro, Antonio R.; Hensley, Lisa E.; Delaporte, Eric; Mwamba, Dieudonne; Subissi, Lorenzo; Liesenborghs, Laurens; Hoff, Nicole A.; Peeters, Martine; Low, Nicola; Ahuka-Mundeke, Steve; Muyembe-Tamfum, Jean-Jacques; Rimoin, Anne W.; Kindrachuk, Jason; Vercauteren, Koen; Rambaut, Andrew; Mbala-Kingebeni, Placide"
PP_0012XZZ,Ia,None,Democratic Republic of the Congo,Kinshasa,2024-09-17,190094,0.9327971847126652,2025-02-04,"Wawina-Bokalanga, Tony; Merritt, Sydney; Kinganda-Lusamaki, Eddy; Jansen, Daan; Halbrook, Megan; OToole, Aine; Pukuta-Simbu, Elisabeth; Muyamuna, Elise; Hasivirwe Vakaniaki, Emmanuel; Ola-Mpumbe, Rilia; Kwete-Mbokama, Papy; Akil-Bandali, Prince; Kacita, Cris; Ponga-Museme, Ange; Mapenzi-Kashali, Nelson; Amuri-Aziza, Adrienne; Muyembe-Mawete, Francisca; Lumembe-Numbi, Raphael; Kabamba-Lungenyi, Gabriel; Tshiani-Mbaya, Olivier; Paku-Tshambu, Princesse; Dantas, Pedro Hlf; DeBlock, Tessa; Lokilo-Lofiko, Emmanuel; Muswamba-Kayembe, Chloe; Makangara-Cigolo, Jean-Claude; Luakanda-Ndelemo, Gradi; Kelvin, David J.; Pratt, Catherine; Ayouba, Ahidjo; Tessema, Sofonias; Mauro, Antonio R.; Hensley, Lisa E.; Delaporte, Eric; Mwamba, Dieudonne; Subissi, Lorenzo; Liesenborghs, Laurens; Hoff, Nicole A.; Peeters, Martine; Low, Nicola; Ahuka-Mundeke, Steve; Muyembe-Tamfum, Jean-Jacques; Rimoin, Anne W.; Kindrachuk, Jason; Vercauteren, Koen; Rambaut, Andrew; Mbala-Kingebeni, Placide"
PP_0012Y0X,Ia,None,Democratic Republic of the Congo,Kinshasa,2024-09-17,190092,0.9307993042913862,2025-02-04,"Wawina-Bokalanga, Tony; Merritt, Sydney; Kinganda-Lusamaki, Eddy; Jansen, Daan; Halbrook, Megan; OToole, Aine; Pukuta-Simbu, Elisabeth; Muyamuna, Elise; Hasivirwe Vakaniaki, Emmanuel; Ola-Mpumbe, Rilia; Kwete-Mbokama, Papy; Akil-Bandali, Prince; Kacita, Cris; Ponga-Museme, Ange; Mapenzi-Kashali, Nelson; Amuri-Aziza, Adrienne; Muyembe-Mawete, Francisca; Lumembe-Numbi, Raphael; Kabamba-Lungenyi, Gabriel; Tshiani-Mbaya, Olivier; Paku-Tshambu, Princesse; Dantas, Pedro Hlf; DeBlock, Tessa; Lokilo-Lofiko, Emmanuel; Muswamba-Kayembe, Chloe; Makangara-Cigolo, Jean-Claude; Luakanda-Ndelemo, Gradi; Kelvin, David J.; Pratt, Catherine; Ayouba, Ahidjo; Tessema, Sofonias; Mauro, Antonio R.; Hensley, Lisa E.; Delaporte, Eric; Mwamba, Dieudonne; Subissi, Lorenzo; Liesenborghs, Laurens; Hoff, Nicole A.; Peeters, Martine; Low, Nicola; Ahuka-Mundeke, Steve; Muyembe-Tamfum, Jean-Jacques; Rimoin, Anne W.; Kindrachuk, Jason; Vercauteren, Koen; Rambaut, Andrew; Mbala-Kingebeni, Placide"
PP_0012Y1V,Ib,A,Democratic Republic of the Congo,Tanganyika,2024-09-16,189217,0.900146545035977,2025-02-04,"Ahuka-Mundeke, Steve; Pukuta-Simbu, Elisabeth; Amuri-Aziza, Adrienne; Wawina-Bokalanga, Tony; Merritt, Sydney; Kinganda-Lusamaki, Eddy; Jansen, Daan; Halbrook, Megan; OToole, Aine; Hasivirwe Vakaniaki, Emmanuel; Ola-Mpumbe, Rilia; Kwete-Mbokama, Papy; Akil-Bandali, Prince; Kacita, Cris; Ponga-Museme, Ange; Mapenzi-Kashali, Nelson; Tshiani-Mbaya, Olivier; Paku-Tshambu, Princesse; Dantas, Pedro H. L. F.; De Block, Tessa; Lokilo-Lofiko, Emmanuel; Muswamba-Kayembe, Chloe; Makangara-Cigolo, Jean-Claude; Luakanda-Ndelemo, Gradi; Kelvin, David J.; Pratt, Catherine; Ayouba, Ahidjo; Tessema, Sofonias; Mauro Rezende, Antonio; Hensley, Lisa E.; Delaporte, Eric; Mwamba, Dieudonne; Subissi, Lorenzo; Liesenborghs, Laurens; Hoff, Nicole A.; Peeters, Martine; Low, Nicola; Rimoin, Anne W.; Kindrachuk, Jason; Vercauteren, Koen; Rambaut, Andrew; Mbala-Kingebeni, Placide; Muyembe-Tamfum, Jean-Jacques"
PP_0012Y2T,Ib,A,Democratic Republic of the Congo,Tanganyika,2024-09-16,189226,0.9210178034471044,2025-02-04,"Ahuka-Mundeke, Steve; Pukuta-Simbu, Elisabeth; Amuri-Aziza, Adrienne; Wawina-Bokalanga, Tony; Merritt, Sydney; Kinganda-Lusamaki, Eddy; Jansen, Daan; Halbrook, Megan; OToole, Aine; Hasivirwe Vakaniaki, Emmanuel; Ola-Mpumbe, Rilia; Kwete-Mbokama, Papy; Akil-Bandali, Prince; Kacita, Cris; Ponga-Museme, Ange; Mapenzi-Kashali, Nelson; Tshiani-Mbaya, Olivier; Paku-Tshambu, Princesse; Dantas, Pedro H. L. F.; De Block, Tessa; Lokilo-Lofiko, Emmanuel; Muswamba-Kayembe, Chloe; Makangara-Cigolo, Jean-Claude; Luakanda-Ndelemo, Gradi; Kelvin, David J.; Pratt, Catherine; Ayouba, Ahidjo; Tessema, Sofonias; Mauro Rezende, Antonio; Hensley, Lisa E.; Delaporte, Eric; Mwamba, Dieudonne; Subissi, Lorenzo; Liesenborghs, Laurens; Hoff, Nicole A.; Peeters, Martine; Low, Nicola; Rimoin, Anne W.; Kindrachuk, Jason; Vercauteren, Koen; Rambaut, Andrew; Mbala-Kingebeni, Placide; Muyembe-Tamfum, Jean-Jacques"
PP_0012Y3R,Ib,A,Democratic Republic of the Congo,Tanganyika,2024-09-10,189240,0.8924491275753135,2025-02-04,"Ahuka-Mundeke, Steve; Pukuta-Simbu, Elisabeth; Amuri-Aziza, Adrienne; Wawina-Bokalanga, Tony; Merritt, Sydney; Kinganda-Lusamaki, Eddy; Jansen, Daan; Halbrook, Megan; OToole, Aine; Hasivirwe Vakaniaki, Emmanuel; Ola-Mpumbe, Rilia; Kwete-Mbokama, Papy; Akil-Bandali, Prince; Kacita, Cris; Ponga-Museme, Ange; Mapenzi-Kashali, Nelson; Tshiani-Mbaya, Olivier; Paku-Tshambu, Princesse; Dantas, Pedro H. L. F.; De Block, Tessa; Lokilo-Lofiko, Emmanuel; Muswamba-Kayembe, Chloe; Makangara-Cigolo, Jean-Claude; Luakanda-Ndelemo, Gradi; Kelvin, David J.; Pratt, Catherine; Ayouba, Ahidjo; Tessema, Sofonias; Mauro Rezende, Antonio; Hensley, Lisa E.; Delaporte, Eric; Mwamba, Dieudonne; Subissi, Lorenzo; Liesenborghs, Laurens; Hoff, Nicole A.; Peeters, Martine; Low, Nicola; Rimoin, Anne W.; Kindrachuk, Jason; Vercauteren, Koen; Rambaut, Andrew; Mbala-Kingebeni, Placide; Muyembe-Tamfum, Jean-Jacques"
PP_0012Y4P,Ib,A.1,Democratic Republic of the Congo,Kinshasa,2024-09-18,190056,0.9380352823654092,2025-02-04,"Wawina-Bokalanga, Tony; Merritt, Sydney; Kinganda-Lusamaki, Eddy; Jansen, Daan; Halbrook, Megan; OToole, Aine; Pukuta-Simbu, Elisabeth; Muyamuna, Elise; Hasivirwe Vakaniaki, Emmanuel; Ola-Mpumbe, Rilia; Kwete-Mbokama, Papy; Akil-Bandali, Prince; Kacita, Cris; Ponga-Museme, Ange; Mapenzi-Kashali, Nelson; Amuri-Aziza, Adrienne; Muyembe-Mawete, Francisca; Lumembe-Numbi, Raphael; Kabamba-Lungenyi, Gabriel; Tshiani-Mbaya, Olivier; Paku-Tshambu, Princesse; Dantas, Pedro Hlf; DeBlock, Tessa; Lokilo-Lofiko, Emmanuel; Muswamba-Kayembe, Chloe; Makangara-Cigolo, Jean-Claude; Luakanda-Ndelemo, Gradi; Kelvin, David J.; Pratt, Catherine; Ayouba, Ahidjo; Tessema, Sofonias; Mauro, Antonio R.; Hensley, Lisa E.; Delaporte, Eric; Mwamba, Dieudonne; Subissi, Lorenzo; Liesenborghs, Laurens; Hoff, Nicole A.; Peeters, Martine; Low, Nicola; Ahuka-Mundeke, Steve; Muyembe-Tamfum, Jean-Jacques; Rimoin, Anne W.; Kindrachuk, Jason; Vercauteren, Koen; Rambaut, Andrew; Mbala-Kingebeni, Placide"
PP_0012Y5M,Ib,A.1,Democratic Republic of the Congo,Tanganyika,2024-09-11,189809,0.935413698157792,2025-02-04,"Ahuka-Mundeke, Steve; Pukuta-Simbu, Elisabeth; Amuri-Aziza, Adrienne; Wawina-Bokalanga, Tony; Merritt, Sydney; Kinganda-Lusamaki, Eddy; Jansen, Daan; Halbrook, Megan; OToole, Aine; Hasivirwe Vakaniaki, Emmanuel; Ola-Mpumbe, Rilia; Kwete-Mbokama, Papy; Akil-Bandali, Prince; Kacita, Cris; Ponga-Museme, Ange; Mapenzi-Kashali, Nelson; Tshiani-Mbaya, Olivier; Paku-Tshambu, Princesse; Dantas, Pedro H. L. F.; De Block, Tessa; Lokilo-Lofiko, Emmanuel; Muswamba-Kayembe, Chloe; Makangara-Cigolo, Jean-Claude; Luakanda-Ndelemo, Gradi; Kelvin, David J.; Pratt, Catherine; Ayouba, Ahidjo; Tessema, Sofonias; Mauro Rezende, Antonio; Hensley, Lisa E.; Delaporte, Eric; Mwamba, Dieudonne; Subissi, Lorenzo; Liesenborghs, Laurens; Hoff, Nicole A.; Peeters, Martine; Low, Nicola; Rimoin, Anne W.; Kindrachuk, Jason; Vercauteren, Koen; Rambaut, Andrew; Mbala-Kingebeni, Placide; Muyembe-Tamfum, Jean-Jacques"
PP_0012Y6K,Ib,A.1,Democratic Republic of the Congo,Kinshasa,2024-09-18,190069,0.926874534123696,2025-02-04,"Wawina-Bokalanga, Tony; Merritt, Sydney; Kinganda-Lusamaki, Eddy; Jansen, Daan; Halbrook, Megan; OToole, Aine; Pukuta-Simbu, Elisabeth; Muyamuna, Elise; Hasivirwe Vakaniaki, Emmanuel; Ola-Mpumbe, Rilia; Kwete-Mbokama, Papy; Akil-Bandali, Prince; Kacita, Cris; Ponga-Museme, Ange; Mapenzi-Kashali, Nelson; Amuri-Aziza, Adrienne; Muyembe-Mawete, Francisca; Lumembe-Numbi, Raphael; Kabamba-Lungenyi, Gabriel; Tshiani-Mbaya, Olivier; Paku-Tshambu, Princesse; Dantas, Pedro Hlf; DeBlock, Tessa; Lokilo-Lofiko, Emmanuel; Muswamba-Kayembe, Chloe; Makangara-Cigolo, Jean-Claude; Luakanda-Ndelemo, Gradi; Kelvin, David J.; Pratt, Catherine; Ayouba, Ahidjo; Tessema, Sofonias; Mauro, Antonio R.; Hensley, Lisa E.; Delaporte, Eric; Mwamba, Dieudonne; Subissi, Lorenzo; Liesenborghs, Laurens; Hoff, Nicole A.; Peeters, Martine; Low, Nicola; Ahuka-Mundeke, Steve; Muyembe-Tamfum, Jean-Jacques; Rimoin, Anne W.; Kindrachuk, Jason; Vercauteren, Koen; Rambaut, Andrew; Mbala-Kingebeni, Placide"
PP_0012Y7H,Ib,A,Democratic Republic of the Congo,Kinshasa,2024-09-18,189215,0.8961203596184758,2025-02-04,"Wawina-Bokalanga, Tony; Merritt, Sydney; Kinganda-Lusamaki, Eddy; Jansen, Daan; Halbrook, Megan; OToole, Aine; Pukuta-Simbu, Elisabeth; Muyamuna, Elise; Hasivirwe Vakaniaki, Emmanuel; Ola-Mpumbe, Rilia; Kwete-Mbokama, Papy; Akil-Bandali, Prince; Kacita, Cris; Ponga-Museme, Ange; Mapenzi-Kashali, Nelson; Amuri-Aziza, Adrienne; Muyembe-Mawete, Francisca; Lumembe-Numbi, Raphael; Kabamba-Lungenyi, Gabriel; Tshiani-Mbaya, Olivier; Paku-Tshambu, Princesse; Dantas, Pedro Hlf; DeBlock, Tessa; Lokilo-Lofiko, Emmanuel; Muswamba-Kayembe, Chloe; Makangara-Cigolo, Jean-Claude; Luakanda-Ndelemo, Gradi; Kelvin, David J.; Pratt, Catherine; Ayouba, Ahidjo; Tessema, Sofonias; Mauro, Antonio R.; Hensley, Lisa E.; Delaporte, Eric; Mwamba, Dieudonne; Subissi, Lorenzo; Liesenborghs, Laurens; Hoff, Nicole A.; Peeters, Martine; Low, Nicola; Ahuka-Mundeke, Steve; Muyembe-Tamfum, Jean-Jacques; Rimoin, Anne W.; Kindrachuk, Jason; Vercauteren, Koen; Rambaut, Andrew; Mbala-Kingebeni, Placide"
PP_0012Y8F,Ia,None,Democratic Republic of the Congo,Tshopo,2024-09-01,189005,0.8616087501077537,2025-02-04,"Ahuka-Mundeke, Steve; Pukuta-Simbu, Elisabeth; Amuri-Aziza, Adrienne; Wawina-Bokalanga, Tony; Merritt, Sydney; Kinganda-Lusamaki, Eddy; Jansen, Daan; Halbrook, Megan; OToole, Aine; Hasivirwe Vakaniaki, Emmanuel; Ola-Mpumbe, Rilia; Kwete-Mbokama, Papy; Akil-Bandali, Prince; Kacita, Cris; Ponga-Museme, Ange; Mapenzi-Kashali, Nelson; Tshiani-Mbaya, Olivier; Paku-Tshambu, Princesse; Dantas, Pedro H. L. F.; De Block, Tessa; Lokilo-Lofiko, Emmanuel; Muswamba-Kayembe, Chloe; Makangara-Cigolo, Jean-Claude; Luakanda-Ndelemo, Gradi; Kelvin, David J.; Pratt, Catherine; Ayouba, Ahidjo; Tessema, Sofonias; Mauro Rezende, Antonio; Hensley, Lisa E.; Delaporte, Eric; Mwamba, Dieudonne; Subissi, Lorenzo; Liesenborghs, Laurens; Hoff, Nicole A.; Peeters, Martine; Low, Nicola; Rimoin, Anne W.; Kindrachuk, Jason; Vercauteren, Koen; Rambaut, Andrew; Mbala-Kingebeni, Placide; Muyembe-Tamfum, Jean-Jacques"
PP_0012Y9D,Ib,A.1,Democratic Republic of the Congo,Tshopo,2024-09-11,189203,0.907600565897094,2025-02-04,"Ahuka-Mundeke, Steve; Pukuta-Simbu, Elisabeth; Amuri-Aziza, Adrienne; Wawina-Bokalanga, Tony; Merritt, Sydney; Kinganda-Lusamaki, Eddy; Jansen, Daan; Halbrook, Megan; OToole, Aine; Hasivirwe Vakaniaki, Emmanuel; Ola-Mpumbe, Rilia; Kwete-Mbokama, Papy; Akil-Bandali, Prince; Kacita, Cris; Ponga-Museme, Ange; Mapenzi-Kashali, Nelson; Tshiani-Mbaya, Olivier; Paku-Tshambu, Princesse; Dantas, Pedro H. L. F.; De Block, Tessa; Lokilo-Lofiko, Emmanuel; Muswamba-Kayembe, Chloe; Makangara-Cigolo, Jean-Claude; Luakanda-Ndelemo, Gradi; Kelvin, David J.; Pratt, Catherine; Ayouba, Ahidjo; Tessema, Sofonias; Mauro Rezende, Antonio; Hensley, Lisa E.; Delaporte, Eric; Mwamba, Dieudonne; Subissi, Lorenzo; Liesenborghs, Laurens; Hoff, Nicole A.; Peeters, Martine; Low, Nicola; Rimoin, Anne W.; Kindrachuk, Jason; Vercauteren, Koen; Rambaut, Andrew; Mbala-Kingebeni, Placide; Muyembe-Tamfum, Jean-Jacques"
PP_0012YAB,Ib,A.1,Democratic Republic of the Congo,Tshopo,2024-09-10,189661,0.9189641446384292,2025-02-04,"Ahuka-Mundeke, Steve; Pukuta-Simbu, Elisabeth; Amuri-Aziza, Adrienne; Wawina-Bokalanga, Tony; Merritt, Sydney; Kinganda-Lusamaki, Eddy; Jansen, Daan; Halbrook, Megan; OToole, Aine; Hasivirwe Vakaniaki, Emmanuel; Ola-Mpumbe, Rilia; Kwete-Mbokama, Papy; Akil-Bandali, Prince; Kacita, Cris; Ponga-Museme, Ange; Mapenzi-Kashali, Nelson; Tshiani-Mbaya, Olivier; Paku-Tshambu, Princesse; Dantas, Pedro H. L. F.; De Block, Tessa; Lokilo-Lofiko, Emmanuel; Muswamba-Kayembe, Chloe; Makangara-Cigolo, Jean-Claude; Luakanda-Ndelemo, Gradi; Kelvin, David J.; Pratt, Catherine; Ayouba, Ahidjo; Tessema, Sofonias; Mauro Rezende, Antonio; Hensley, Lisa E.; Delaporte, Eric; Mwamba, Dieudonne; Subissi, Lorenzo; Liesenborghs, Laurens; Hoff, Nicole A.; Peeters, Martine; Low, Nicola; Rimoin, Anne W.; Kindrachuk, Jason; Vercauteren, Koen; Rambaut, Andrew; Mbala-Kingebeni, Placide; Muyembe-Tamfum, Jean-Jacques"
PP_0012YB9,Ib,A.1,Democratic Republic of the Congo,Tshopo,2024-09-09,189455,0.9034323991298572,2025-02-04,"Ahuka-Mundeke, Steve; Pukuta-Simbu, Elisabeth; Amuri-Aziza, Adrienne; Wawina-Bokalanga, Tony; Merritt, Sydney; Kinganda-Lusamaki, Eddy; Jansen, Daan; Halbrook, Megan; OToole, Aine; Hasivirwe Vakaniaki, Emmanuel; Ola-Mpumbe, Rilia; Kwete-Mbokama, Papy; Akil-Bandali, Prince; Kacita, Cris; Ponga-Museme, Ange; Mapenzi-Kashali, Nelson; Tshiani-Mbaya, Olivier; Paku-Tshambu, Princesse; Dantas, Pedro H. L. F.; De Block, Tessa; Lokilo-Lofiko, Emmanuel; Muswamba-Kayembe, Chloe; Makangara-Cigolo, Jean-Claude; Luakanda-Ndelemo, Gradi; Kelvin, David J.; Pratt, Catherine; Ayouba, Ahidjo; Tessema, Sofonias; Mauro Rezende, Antonio; Hensley, Lisa E.; Delaporte, Eric; Mwamba, Dieudonne; Subissi, Lorenzo; Liesenborghs, Laurens; Hoff, Nicole A.; Peeters, Martine; Low, Nicola; Rimoin, Anne W.; Kindrachuk, Jason; Vercauteren, Koen; Rambaut, Andrew; Mbala-Kingebeni, Placide; Muyembe-Tamfum, Jean-Jacques"
PP_0012YC7,Ib,A.1,Democratic Republic of the Congo,Tshopo,2024-09-07,189653,0.8988535006008853,2025-02-04,"Ahuka-Mundeke, Steve; Pukuta-Simbu, Elisabeth; Amuri-Aziza, Adrienne; Wawina-Bokalanga, Tony; Merritt, Sydney; Kinganda-Lusamaki, Eddy; Jansen, Daan; Halbrook, Megan; OToole, Aine; Hasivirwe Vakaniaki, Emmanuel; Ola-Mpumbe, Rilia; Kwete-Mbokama, Papy; Akil-Bandali, Prince; Kacita, Cris; Ponga-Museme, Ange; Mapenzi-Kashali, Nelson; Tshiani-Mbaya, Olivier; Paku-Tshambu, Princesse; Dantas, Pedro H. L. F.; De Block, Tessa; Lokilo-Lofiko, Emmanuel; Muswamba-Kayembe, Chloe; Makangara-Cigolo, Jean-Claude; Luakanda-Ndelemo, Gradi; Kelvin, David J.; Pratt, Catherine; Ayouba, Ahidjo; Tessema, Sofonias; Mauro Rezende, Antonio; Hensley, Lisa E.; Delaporte, Eric; Mwamba, Dieudonne; Subissi, Lorenzo; Liesenborghs, Laurens; Hoff, Nicole A.; Peeters, Martine; Low, Nicola; Rimoin, Anne W.; Kindrachuk, Jason; Vercauteren, Koen; Rambaut, Andrew; Mbala-Kingebeni, Placide; Muyembe-Tamfum, Jean-Jacques"
PP_0012YD5,Ia,None,Democratic Republic of the Congo,Tshopo,2024-09-04,189550,0.9261950519499618,2025-02-04,"Ahuka-Mundeke, Steve; Pukuta-Simbu, Elisabeth; Amuri-Aziza, Adrienne; Wawina-Bokalanga, Tony; Merritt, Sydney; Kinganda-Lusamaki, Eddy; Jansen, Daan; Halbrook, Megan; OToole, Aine; Hasivirwe Vakaniaki, Emmanuel; Ola-Mpumbe, Rilia; Kwete-Mbokama, Papy; Akil-Bandali, Prince; Kacita, Cris; Ponga-Museme, Ange; Mapenzi-Kashali, Nelson; Tshiani-Mbaya, Olivier; Paku-Tshambu, Princesse; Dantas, Pedro H. L. F.; De Block, Tessa; Lokilo-Lofiko, Emmanuel; Muswamba-Kayembe, Chloe; Makangara-Cigolo, Jean-Claude; Luakanda-Ndelemo, Gradi; Kelvin, David J.; Pratt, Catherine; Ayouba, Ahidjo; Tessema, Sofonias; Mauro Rezende, Antonio; Hensley, Lisa E.; Delaporte, Eric; Mwamba, Dieudonne; Subissi, Lorenzo; Liesenborghs, Laurens; Hoff, Nicole A.; Peeters, Martine; Low, Nicola; Rimoin, Anne W.; Kindrachuk, Jason; Vercauteren, Koen; Rambaut, Andrew; Mbala-Kingebeni, Placide; Muyembe-Tamfum, Jean-Jacques"
PP_0012YE3,Ia,None,Democratic Republic of the Congo,Tshopo,2024-09-04,189955,0.9297445856933508,2025-02-04,"Ahuka-Mundeke, Steve; Pukuta-Simbu, Elisabeth; Amuri-Aziza, Adrienne; Wawina-Bokalanga, Tony; Merritt, Sydney; Kinganda-Lusamaki, Eddy; Jansen, Daan; Halbrook, Megan; OToole, Aine; Hasivirwe Vakaniaki, Emmanuel; Ola-Mpumbe, Rilia; Kwete-Mbokama, Papy; Akil-Bandali, Prince; Kacita, Cris; Ponga-Museme, Ange; Mapenzi-Kashali, Nelson; Tshiani-Mbaya, Olivier; Paku-Tshambu, Princesse; Dantas, Pedro H. L. F.; De Block, Tessa; Lokilo-Lofiko, Emmanuel; Muswamba-Kayembe, Chloe; Makangara-Cigolo, Jean-Claude; Luakanda-Ndelemo, Gradi; Kelvin, David J.; Pratt, Catherine; Ayouba, Ahidjo; Tessema, Sofonias; Mauro Rezende, Antonio; Hensley, Lisa E.; Delaporte, Eric; Mwamba, Dieudonne; Subissi, Lorenzo; Liesenborghs, Laurens; Hoff, Nicole A.; Peeters, Martine; Low, Nicola; Rimoin, Anne W.; Kindrachuk, Jason; Vercauteren, Koen; Rambaut, Andrew; Mbala-Kingebeni, Placide; Muyembe-Tamfum, Jean-Jacques"
PP_0012YF1,Ia,None,Democratic Republic of the Congo,Tshopo,2024-09-03,189519,0.8907504221409773,2025-02-04,"Ahuka-Mundeke, Steve; Pukuta-Simbu, Elisabeth; Amuri-Aziza, Adrienne; Wawina-Bokalanga, Tony; Merritt, Sydney; Kinganda-Lusamaki, Eddy; Jansen, Daan; Halbrook, Megan; OToole, Aine; Hasivirwe Vakaniaki, Emmanuel; Ola-Mpumbe, Rilia; Kwete-Mbokama, Papy; Akil-Bandali, Prince; Kacita, Cris; Ponga-Museme, Ange; Mapenzi-Kashali, Nelson; Tshiani-Mbaya, Olivier; Paku-Tshambu, Princesse; Dantas, Pedro H. L. F.; De Block, Tessa; Lokilo-Lofiko, Emmanuel; Muswamba-Kayembe, Chloe; Makangara-Cigolo, Jean-Claude; Luakanda-Ndelemo, Gradi; Kelvin, David J.; Pratt, Catherine; Ayouba, Ahidjo; Tessema, Sofonias; Mauro Rezende, Antonio; Hensley, Lisa E.; Delaporte, Eric; Mwamba, Dieudonne; Subissi, Lorenzo; Liesenborghs, Laurens; Hoff, Nicole A.; Peeters, Martine; Low, Nicola; Rimoin, Anne W.; Kindrachuk, Jason; Vercauteren, Koen; Rambaut, Andrew; Mbala-Kingebeni, Placide; Muyembe-Tamfum, Jean-Jacques"
PP_0012YGZ,Ia,None,Democratic Republic of the Congo,Tshopo,2024-09-02,189258,0.913933948247798,2025-02-04,"Ahuka-Mundeke, Steve; Pukuta-Simbu, Elisabeth; Amuri-Aziza, Adrienne; Wawina-Bokalanga, Tony; Merritt, Sydney; Kinganda-Lusamaki, Eddy; Jansen, Daan; Halbrook, Megan; OToole, Aine; Hasivirwe Vakaniaki, Emmanuel; Ola-Mpumbe, Rilia; Kwete-Mbokama, Papy; Akil-Bandali, Prince; Kacita, Cris; Ponga-Museme, Ange; Mapenzi-Kashali, Nelson; Tshiani-Mbaya, Olivier; Paku-Tshambu, Princesse; Dantas, Pedro H. L. F.; De Block, Tessa; Lokilo-Lofiko, Emmanuel; Muswamba-Kayembe, Chloe; Makangara-Cigolo, Jean-Claude; Luakanda-Ndelemo, Gradi; Kelvin, David J.; Pratt, Catherine; Ayouba, Ahidjo; Tessema, Sofonias; Mauro Rezende, Antonio; Hensley, Lisa E.; Delaporte, Eric; Mwamba, Dieudonne; Subissi, Lorenzo; Liesenborghs, Laurens; Hoff, Nicole A.; Peeters, Martine; Low, Nicola; Rimoin, Anne W.; Kindrachuk, Jason; Vercauteren, Koen; Rambaut, Andrew; Mbala-Kingebeni, Placide; Muyembe-Tamfum, Jean-Jacques"
PP_0012YHW,Ia,None,Democratic Republic of the Congo,Sud-Ubangi,2024-09-06,189276,0.8921550233508613,2025-02-04,"Amuri-Aziza, Adrienne; Luakanda-Ndelemo, Gradi; Kinganda-Lusamaki, Eddy; Makangara-Cigolo, Jean-Claude; Kenye, Michel; Kavira, Sifa; Wawina-Bokalanga, Tony; Merritt, Sydney; Jansen, Daan; Halbrook, Megan; OToole, Aine; Pukuta-Simbu, Elisabeth; Hasivirwe Vakaniaki, Emmanuel; Ola-Mpumbe, Rilia; Kwete-Mbokama, Papy; Akil-Bandali, Prince; Kacita, Cris; Ponga-Museme, Ange; Mapenzi-Kashali, Nelson; Tshiani-Mbaya, Olivier; Paku-Tshambu, Princesse; Dantas, Pedro H. L. F.; De Block, Tessa; Lokilo-Lofiko, Emmanuel; Muswamba-Kayembe, Chloe; Kelvin, David J.; Pratt, Catherine; Ayouba, Ahidjo; Tessema, Sofonias; Mauro Rezende, Antonio; Hensley, Lisa E.; Delaporte, Eric; Mwamba, Dieudonne; Subissi, Lorenzo; Liesenborghs, Laurens; Hoff, Nicole A.; Peeters, Martine; Low, Nicola; Ahuka-Mundeke, Steve; Muyembe-Tamfum, Jean-Jacques; Rimoin, Anne W.; Kindrachuk, Jason; Vercauteren, Koen; Rambaut, Andrew; Mbala-Kingebeni, Placide"
PP_0012YJU,Ia,None,Democratic Republic of the Congo,Sud-Ubangi,2024-09-04,187708,0.8272492634717482,2025-02-04,"Amuri-Aziza, Adrienne; Luakanda-Ndelemo, Gradi; Kinganda-Lusamaki, Eddy; Makangara-Cigolo, Jean-Claude; Kenye, Michel; Kavira, Sifa; Wawina-Bokalanga, Tony; Merritt, Sydney; Jansen, Daan; Halbrook, Megan; OToole, Aine; Pukuta-Simbu, Elisabeth; Hasivirwe Vakaniaki, Emmanuel; Ola-Mpumbe, Rilia; Kwete-Mbokama, Papy; Akil-Bandali, Prince; Kacita, Cris; Ponga-Museme, Ange; Mapenzi-Kashali, Nelson; Tshiani-Mbaya, Olivier; Paku-Tshambu, Princesse; Dantas, Pedro H. L. F.; De Block, Tessa; Lokilo-Lofiko, Emmanuel; Muswamba-Kayembe, Chloe; Kelvin, David J.; Pratt, Catherine; Ayouba, Ahidjo; Tessema, Sofonias; Mauro Rezende, Antonio; Hensley, Lisa E.; Delaporte, Eric; Mwamba, Dieudonne; Subissi, Lorenzo; Liesenborghs, Laurens; Hoff, Nicole A.; Peeters, Martine; Low, Nicola; Ahuka-Mundeke, Steve; Muyembe-Tamfum, Jean-Jacques; Rimoin, Anne W.; Kindrachuk, Jason; Vercauteren, Koen; Rambaut, Andrew; Mbala-Kingebeni, Placide"
PP_0012YKS,Ia,None,Democratic Republic of the Congo,Sud-Ubangi,2024-09-09,188893,0.7256007585860685,2025-02-04,"Amuri-Aziza, Adrienne; Luakanda-Ndelemo, Gradi; Kinganda-Lusamaki, Eddy; Makangara-Cigolo, Jean-Claude; Kenye, Michel; Kavira, Sifa; Wawina-Bokalanga, Tony; Merritt, Sydney; Jansen, Daan; Halbrook, Megan; OToole, Aine; Pukuta-Simbu, Elisabeth; Hasivirwe Vakaniaki, Emmanuel; Ola-Mpumbe, Rilia; Kwete-Mbokama, Papy; Akil-Bandali, Prince; Kacita, Cris; Ponga-Museme, Ange; Mapenzi-Kashali, Nelson; Tshiani-Mbaya, Olivier; Paku-Tshambu, Princesse; Dantas, Pedro H. L. F.; De Block, Tessa; Lokilo-Lofiko, Emmanuel; Muswamba-Kayembe, Chloe; Kelvin, David J.; Pratt, Catherine; Ayouba, Ahidjo; Tessema, Sofonias; Mauro Rezende, Antonio; Hensley, Lisa E.; Delaporte, Eric; Mwamba, Dieudonne; Subissi, Lorenzo; Liesenborghs, Laurens; Hoff, Nicole A.; Peeters, Martine; Low, Nicola; Ahuka-Mundeke, Steve; Muyembe-Tamfum, Jean-Jacques; Rimoin, Anne W.; Kindrachuk, Jason; Vercauteren, Koen; Rambaut, Andrew; Mbala-Kingebeni, Placide"
PP_0012YLQ,Ia,None,Democratic Republic of the Congo,Kinshasa,2024-09-18,190097,0.9493582950068202,2025-02-04,"Wawina-Bokalanga, Tony; Merritt, Sydney; Kinganda-Lusamaki, Eddy; Jansen, Daan; Halbrook, Megan; OToole, Aine; Pukuta-Simbu, Elisabeth; Muyamuna, Elise; Hasivirwe Vakaniaki, Emmanuel; Ola-Mpumbe, Rilia; Kwete-Mbokama, Papy; Akil-Bandali, Prince; Kacita, Cris; Ponga-Museme, Ange; Mapenzi-Kashali, Nelson; Amuri-Aziza, Adrienne; Muyembe-Mawete, Francisca; Lumembe-Numbi, Raphael; Kabamba-Lungenyi, Gabriel; Tshiani-Mbaya, Olivier; Paku-Tshambu, Princesse; Dantas, Pedro Hlf; DeBlock, Tessa; Lokilo-Lofiko, Emmanuel; Muswamba-Kayembe, Chloe; Makangara-Cigolo, Jean-Claude; Luakanda-Ndelemo, Gradi; Kelvin, David J.; Pratt, Catherine; Ayouba, Ahidjo; Tessema, Sofonias; Mauro, Antonio R.; Hensley, Lisa E.; Delaporte, Eric; Mwamba, Dieudonne; Subissi, Lorenzo; Liesenborghs, Laurens; Hoff, Nicole A.; Peeters, Martine; Low, Nicola; Ahuka-Mundeke, Steve; Muyembe-Tamfum, Jean-Jacques; Rimoin, Anne W.; Kindrachuk, Jason; Vercauteren, Koen; Rambaut, Andrew; Mbala-Kingebeni, Placide"
PP_0012YMN,Ia,None,Democratic Republic of the Congo,Kinshasa,2024-09-17,190095,0.939145779350841,2025-02-04,"Wawina-Bokalanga, Tony; Merritt, Sydney; Kinganda-Lusamaki, Eddy; Jansen, Daan; Halbrook, Megan; OToole, Aine; Pukuta-Simbu, Elisabeth; Muyamuna, Elise; Hasivirwe Vakaniaki, Emmanuel; Ola-Mpumbe, Rilia; Kwete-Mbokama, Papy; Akil-Bandali, Prince; Kacita, Cris; Ponga-Museme, Ange; Mapenzi-Kashali, Nelson; Amuri-Aziza, Adrienne; Muyembe-Mawete, Francisca; Lumembe-Numbi, Raphael; Kabamba-Lungenyi, Gabriel; Tshiani-Mbaya, Olivier; Paku-Tshambu, Princesse; Dantas, Pedro Hlf; DeBlock, Tessa; Lokilo-Lofiko, Emmanuel; Muswamba-Kayembe, Chloe; Makangara-Cigolo, Jean-Claude; Luakanda-Ndelemo, Gradi; Kelvin, David J.; Pratt, Catherine; Ayouba, Ahidjo; Tessema, Sofonias; Mauro, Antonio R.; Hensley, Lisa E.; Delaporte, Eric; Mwamba, Dieudonne; Subissi, Lorenzo; Liesenborghs, Laurens; Hoff, Nicole A.; Peeters, Martine; Low, Nicola; Ahuka-Mundeke, Steve; Muyembe-Tamfum, Jean-Jacques; Rimoin, Anne W.; Kindrachuk, Jason; Vercauteren, Koen; Rambaut, Andrew; Mbala-Kingebeni, Placide"
PP_0012YNL,Ia,None,Democratic Republic of the Congo,Kinshasa,2024-09-18,189666,0.9081228544336212,2025-02-04,"Wawina-Bokalanga, Tony; Merritt, Sydney; Kinganda-Lusamaki, Eddy; Jansen, Daan; Halbrook, Megan; OToole, Aine; Pukuta-Simbu, Elisabeth; Muyamuna, Elise; Hasivirwe Vakaniaki, Emmanuel; Ola-Mpumbe, Rilia; Kwete-Mbokama, Papy; Akil-Bandali, Prince; Kacita, Cris; Ponga-Museme, Ange; Mapenzi-Kashali, Nelson; Amuri-Aziza, Adrienne; Muyembe-Mawete, Francisca; Lumembe-Numbi, Raphael; Kabamba-Lungenyi, Gabriel; Tshiani-Mbaya, Olivier; Paku-Tshambu, Princesse; Dantas, Pedro Hlf; DeBlock, Tessa; Lokilo-Lofiko, Emmanuel; Muswamba-Kayembe, Chloe; Makangara-Cigolo, Jean-Claude; Luakanda-Ndelemo, Gradi; Kelvin, David J.; Pratt, Catherine; Ayouba, Ahidjo; Tessema, Sofonias; Mauro, Antonio R.; Hensley, Lisa E.; Delaporte, Eric; Mwamba, Dieudonne; Subissi, Lorenzo; Liesenborghs, Laurens; Hoff, Nicole A.; Peeters, Martine; Low, Nicola; Ahuka-Mundeke, Steve; Muyembe-Tamfum, Jean-Jacques; Rimoin, Anne W.; Kindrachuk, Jason; Vercauteren, Koen; Rambaut, Andrew; Mbala-Kingebeni, Placide"
PP_0012YPJ,Ib,A.1,Democratic Republic of the Congo,Kinshasa,2024-09-18,190011,0.9383851649772575,2025-02-04,"Wawina-Bokalanga, Tony; Merritt, Sydney; Kinganda-Lusamaki, Eddy; Jansen, Daan; Halbrook, Megan; OToole, Aine; Pukuta-Simbu, Elisabeth; Muyamuna, Elise; Hasivirwe Vakaniaki, Emmanuel; Ola-Mpumbe, Rilia; Kwete-Mbokama, Papy; Akil-Bandali, Prince; Kacita, Cris; Ponga-Museme, Ange; Mapenzi-Kashali, Nelson; Amuri-Aziza, Adrienne; Muyembe-Mawete, Francisca; Lumembe-Numbi, Raphael; Kabamba-Lungenyi, Gabriel; Tshiani-Mbaya, Olivier; Paku-Tshambu, Princesse; Dantas, Pedro Hlf; DeBlock, Tessa; Lokilo-Lofiko, Emmanuel; Muswamba-Kayembe, Chloe; Makangara-Cigolo, Jean-Claude; Luakanda-Ndelemo, Gradi; Kelvin, David J.; Pratt, Catherine; Ayouba, Ahidjo; Tessema, Sofonias; Mauro, Antonio R.; Hensley, Lisa E.; Delaporte, Eric; Mwamba, Dieudonne; Subissi, Lorenzo; Liesenborghs, Laurens; Hoff, Nicole A.; Peeters, Martine; Low, Nicola; Ahuka-Mundeke, Steve; Muyembe-Tamfum, Jean-Jacques; Rimoin, Anne W.; Kindrachuk, Jason; Vercauteren, Koen; Rambaut, Andrew; Mbala-Kingebeni, Placide"
PP_0012YQG,Ib,A.1,Democratic Republic of the Congo,Kinshasa,2024-09-18,190058,0.926798472686338,2025-02-04,"Wawina-Bokalanga, Tony; Merritt, Sydney; Kinganda-Lusamaki, Eddy; Jansen, Daan; Halbrook, Megan; OToole, Aine; Pukuta-Simbu, Elisabeth; Muyamuna, Elise; Hasivirwe Vakaniaki, Emmanuel; Ola-Mpumbe, Rilia; Kwete-Mbokama, Papy; Akil-Bandali, Prince; Kacita, Cris; Ponga-Museme, Ange; Mapenzi-Kashali, Nelson; Amuri-Aziza, Adrienne; Muyembe-Mawete, Francisca; Lumembe-Numbi, Raphael; Kabamba-Lungenyi, Gabriel; Tshiani-Mbaya, Olivier; Paku-Tshambu, Princesse; Dantas, Pedro Hlf; DeBlock, Tessa; Lokilo-Lofiko, Emmanuel; Muswamba-Kayembe, Chloe; Makangara-Cigolo, Jean-Claude; Luakanda-Ndelemo, Gradi; Kelvin, David J.; Pratt, Catherine; Ayouba, Ahidjo; Tessema, Sofonias; Mauro, Antonio R.; Hensley, Lisa E.; Delaporte, Eric; Mwamba, Dieudonne; Subissi, Lorenzo; Liesenborghs, Laurens; Hoff, Nicole A.; Peeters, Martine; Low, Nicola; Ahuka-Mundeke, Steve; Muyembe-Tamfum, Jean-Jacques; Rimoin, Anne W.; Kindrachuk, Jason; Vercauteren, Koen; Rambaut, Andrew; Mbala-Kingebeni, Placide"
PP_0012YRE,Ia,None,Democratic Republic of the Congo,Kinshasa,2024-09-16,189936,0.9301705297425574,2025-02-04,"Wawina-Bokalanga, Tony; Merritt, Sydney; Kinganda-Lusamaki, Eddy; Jansen, Daan; Halbrook, Megan; OToole, Aine; Pukuta-Simbu, Elisabeth; Muyamuna, Elise; Hasivirwe Vakaniaki, Emmanuel; Ola-Mpumbe, Rilia; Kwete-Mbokama, Papy; Akil-Bandali, Prince; Kacita, Cris; Ponga-Museme, Ange; Mapenzi-Kashali, Nelson; Amuri-Aziza, Adrienne; Muyembe-Mawete, Francisca; Lumembe-Numbi, Raphael; Kabamba-Lungenyi, Gabriel; Tshiani-Mbaya, Olivier; Paku-Tshambu, Princesse; Dantas, Pedro Hlf; DeBlock, Tessa; Lokilo-Lofiko, Emmanuel; Muswamba-Kayembe, Chloe; Makangara-Cigolo, Jean-Claude; Luakanda-Ndelemo, Gradi; Kelvin, David J.; Pratt, Catherine; Ayouba, Ahidjo; Tessema, Sofonias; Mauro, Antonio R.; Hensley, Lisa E.; Delaporte, Eric; Mwamba, Dieudonne; Subissi, Lorenzo; Liesenborghs, Laurens; Hoff, Nicole A.; Peeters, Martine; Low, Nicola; Ahuka-Mundeke, Steve; Muyembe-Tamfum, Jean-Jacques; Rimoin, Anne W.; Kindrachuk, Jason; Vercauteren, Koen; Rambaut, Andrew; Mbala-Kingebeni, Placide"
PP_0012YSC,Ia,None,Democratic Republic of the Congo,Kinshasa,2024-09-19,190102,0.9443179570912078,2025-02-04,"Wawina-Bokalanga, Tony; Merritt, Sydney; Kinganda-Lusamaki, Eddy; Jansen, Daan; Halbrook, Megan; OToole, Aine; Pukuta-Simbu, Elisabeth; Muyamuna, Elise; Hasivirwe Vakaniaki, Emmanuel; Ola-Mpumbe, Rilia; Kwete-Mbokama, Papy; Akil-Bandali, Prince; Kacita, Cris; Ponga-Museme, Ange; Mapenzi-Kashali, Nelson; Amuri-Aziza, Adrienne; Muyembe-Mawete, Francisca; Lumembe-Numbi, Raphael; Kabamba-Lungenyi, Gabriel; Tshiani-Mbaya, Olivier; Paku-Tshambu, Princesse; Dantas, Pedro Hlf; DeBlock, Tessa; Lokilo-Lofiko, Emmanuel; Muswamba-Kayembe, Chloe; Makangara-Cigolo, Jean-Claude; Luakanda-Ndelemo, Gradi; Kelvin, David J.; Pratt, Catherine; Ayouba, Ahidjo; Tessema, Sofonias; Mauro, Antonio R.; Hensley, Lisa E.; Delaporte, Eric; Mwamba, Dieudonne; Subissi, Lorenzo; Liesenborghs, Laurens; Hoff, Nicole A.; Peeters, Martine; Low, Nicola; Ahuka-Mundeke, Steve; Muyembe-Tamfum, Jean-Jacques; Rimoin, Anne W.; Kindrachuk, Jason; Vercauteren, Koen; Rambaut, Andrew; Mbala-Kingebeni, Placide"
PP_0012YTA,Ib,A.1,Democratic Republic of the Congo,Kinshasa,2024-09-20,189638,0.9274526010476196,2025-02-04,"Wawina-Bokalanga, Tony; Merritt, Sydney; Kinganda-Lusamaki, Eddy; Jansen, Daan; Halbrook, Megan; OToole, Aine; Pukuta-Simbu, Elisabeth; Muyamuna, Elise; Hasivirwe Vakaniaki, Emmanuel; Ola-Mpumbe, Rilia; Kwete-Mbokama, Papy; Akil-Bandali, Prince; Kacita, Cris; Ponga-Museme, Ange; Mapenzi-Kashali, Nelson; Amuri-Aziza, Adrienne; Muyembe-Mawete, Francisca; Lumembe-Numbi, Raphael; Kabamba-Lungenyi, Gabriel; Tshiani-Mbaya, Olivier; Paku-Tshambu, Princesse; Dantas, Pedro Hlf; DeBlock, Tessa; Lokilo-Lofiko, Emmanuel; Muswamba-Kayembe, Chloe; Makangara-Cigolo, Jean-Claude; Luakanda-Ndelemo, Gradi; Kelvin, David J.; Pratt, Catherine; Ayouba, Ahidjo; Tessema, Sofonias; Mauro, Antonio R.; Hensley, Lisa E.; Delaporte, Eric; Mwamba, Dieudonne; Subissi, Lorenzo; Liesenborghs, Laurens; Hoff, Nicole A.; Peeters, Martine; Low, Nicola; Ahuka-Mundeke, Steve; Muyembe-Tamfum, Jean-Jacques; Rimoin, Anne W.; Kindrachuk, Jason; Vercauteren, Koen; Rambaut, Andrew; Mbala-Kingebeni, Placide"
PP_0012YU8,Ia,None,Democratic Republic of the Congo,Kinshasa,2024-09-20,190079,0.9306623937041412,2025-02-04,"Wawina-Bokalanga, Tony; Merritt, Sydney; Kinganda-Lusamaki, Eddy; Jansen, Daan; Halbrook, Megan; OToole, Aine; Pukuta-Simbu, Elisabeth; Muyamuna, Elise; Hasivirwe Vakaniaki, Emmanuel; Ola-Mpumbe, Rilia; Kwete-Mbokama, Papy; Akil-Bandali, Prince; Kacita, Cris; Ponga-Museme, Ange; Mapenzi-Kashali, Nelson; Amuri-Aziza, Adrienne; Muyembe-Mawete, Francisca; Lumembe-Numbi, Raphael; Kabamba-Lungenyi, Gabriel; Tshiani-Mbaya, Olivier; Paku-Tshambu, Princesse; Dantas, Pedro Hlf; DeBlock, Tessa; Lokilo-Lofiko, Emmanuel; Muswamba-Kayembe, Chloe; Makangara-Cigolo, Jean-Claude; Luakanda-Ndelemo, Gradi; Kelvin, David J.; Pratt, Catherine; Ayouba, Ahidjo; Tessema, Sofonias; Mauro, Antonio R.; Hensley, Lisa E.; Delaporte, Eric; Mwamba, Dieudonne; Subissi, Lorenzo; Liesenborghs, Laurens; Hoff, Nicole A.; Peeters, Martine; Low, Nicola; Ahuka-Mundeke, Steve; Muyembe-Tamfum, Jean-Jacques; Rimoin, Anne W.; Kindrachuk, Jason; Vercauteren, Koen; Rambaut, Andrew; Mbala-Kingebeni, Placide"
PP_0012YV6,Ia,None,Democratic Republic of the Congo,Kinshasa,2024-09-20,190080,0.9373000218042788,2025-02-04,"Wawina-Bokalanga, Tony; Merritt, Sydney; Kinganda-Lusamaki, Eddy; Jansen, Daan; Halbrook, Megan; OToole, Aine; Pukuta-Simbu, Elisabeth; Muyamuna, Elise; Hasivirwe Vakaniaki, Emmanuel; Ola-Mpumbe, Rilia; Kwete-Mbokama, Papy; Akil-Bandali, Prince; Kacita, Cris; Ponga-Museme, Ange; Mapenzi-Kashali, Nelson; Amuri-Aziza, Adrienne; Muyembe-Mawete, Francisca; Lumembe-Numbi, Raphael; Kabamba-Lungenyi, Gabriel; Tshiani-Mbaya, Olivier; Paku-Tshambu, Princesse; Dantas, Pedro Hlf; DeBlock, Tessa; Lokilo-Lofiko, Emmanuel; Muswamba-Kayembe, Chloe; Makangara-Cigolo, Jean-Claude; Luakanda-Ndelemo, Gradi; Kelvin, David J.; Pratt, Catherine; Ayouba, Ahidjo; Tessema, Sofonias; Mauro, Antonio R.; Hensley, Lisa E.; Delaporte, Eric; Mwamba, Dieudonne; Subissi, Lorenzo; Liesenborghs, Laurens; Hoff, Nicole A.; Peeters, Martine; Low, Nicola; Ahuka-Mundeke, Steve; Muyembe-Tamfum, Jean-Jacques; Rimoin, Anne W.; Kindrachuk, Jason; Vercauteren, Koen; Rambaut, Andrew; Mbala-Kingebeni, Placide"
PP_0012YW4,Ia,None,Democratic Republic of the Congo,Kinshasa,2024-09-17,190093,0.9491605352696884,2025-02-04,"Wawina-Bokalanga, Tony; Merritt, Sydney; Kinganda-Lusamaki, Eddy; Jansen, Daan; Halbrook, Megan; OToole, Aine; Pukuta-Simbu, Elisabeth; Muyamuna, Elise; Hasivirwe Vakaniaki, Emmanuel; Ola-Mpumbe, Rilia; Kwete-Mbokama, Papy; Akil-Bandali, Prince; Kacita, Cris; Ponga-Museme, Ange; Mapenzi-Kashali, Nelson; Amuri-Aziza, Adrienne; Muyembe-Mawete, Francisca; Lumembe-Numbi, Raphael; Kabamba-Lungenyi, Gabriel; Tshiani-Mbaya, Olivier; Paku-Tshambu, Princesse; Dantas, Pedro Hlf; DeBlock, Tessa; Lokilo-Lofiko, Emmanuel; Muswamba-Kayembe, Chloe; Makangara-Cigolo, Jean-Claude; Luakanda-Ndelemo, Gradi; Kelvin, David J.; Pratt, Catherine; Ayouba, Ahidjo; Tessema, Sofonias; Mauro, Antonio R.; Hensley, Lisa E.; Delaporte, Eric; Mwamba, Dieudonne; Subissi, Lorenzo; Liesenborghs, Laurens; Hoff, Nicole A.; Peeters, Martine; Low, Nicola; Ahuka-Mundeke, Steve; Muyembe-Tamfum, Jean-Jacques; Rimoin, Anne W.; Kindrachuk, Jason; Vercauteren, Koen; Rambaut, Andrew; Mbala-Kingebeni, Placide"
PP_0012YX2,Ia,None,Democratic Republic of the Congo,Kinshasa,2024-09-20,189910,0.9354745473076788,2025-02-04,"Wawina-Bokalanga, Tony; Merritt, Sydney; Kinganda-Lusamaki, Eddy; Jansen, Daan; Halbrook, Megan; OToole, Aine; Pukuta-Simbu, Elisabeth; Muyamuna, Elise; Hasivirwe Vakaniaki, Emmanuel; Ola-Mpumbe, Rilia; Kwete-Mbokama, Papy; Akil-Bandali, Prince; Kacita, Cris; Ponga-Museme, Ange; Mapenzi-Kashali, Nelson; Amuri-Aziza, Adrienne; Muyembe-Mawete, Francisca; Lumembe-Numbi, Raphael; Kabamba-Lungenyi, Gabriel; Tshiani-Mbaya, Olivier; Paku-Tshambu, Princesse; Dantas, Pedro Hlf; DeBlock, Tessa; Lokilo-Lofiko, Emmanuel; Muswamba-Kayembe, Chloe; Makangara-Cigolo, Jean-Claude; Luakanda-Ndelemo, Gradi; Kelvin, David J.; Pratt, Catherine; Ayouba, Ahidjo; Tessema, Sofonias; Mauro, Antonio R.; Hensley, Lisa E.; Delaporte, Eric; Mwamba, Dieudonne; Subissi, Lorenzo; Liesenborghs, Laurens; Hoff, Nicole A.; Peeters, Martine; Low, Nicola; Ahuka-Mundeke, Steve; Muyembe-Tamfum, Jean-Jacques; Rimoin, Anne W.; Kindrachuk, Jason; Vercauteren, Koen; Rambaut, Andrew; Mbala-Kingebeni, Placide"
PP_0012YY0,Ia,None,Democratic Republic of the Congo,Kinshasa,2024-09-18,190107,0.9416811605961188,2025-02-04,"Wawina-Bokalanga, Tony; Merritt, Sydney; Kinganda-Lusamaki, Eddy; Jansen, Daan; Halbrook, Megan; OToole, Aine; Pukuta-Simbu, Elisabeth; Muyamuna, Elise; Hasivirwe Vakaniaki, Emmanuel; Ola-Mpumbe, Rilia; Kwete-Mbokama, Papy; Akil-Bandali, Prince; Kacita, Cris; Ponga-Museme, Ange; Mapenzi-Kashali, Nelson; Amuri-Aziza, Adrienne; Muyembe-Mawete, Francisca; Lumembe-Numbi, Raphael; Kabamba-Lungenyi, Gabriel; Tshiani-Mbaya, Olivier; Paku-Tshambu, Princesse; Dantas, Pedro Hlf; DeBlock, Tessa; Lokilo-Lofiko, Emmanuel; Muswamba-Kayembe, Chloe; Makangara-Cigolo, Jean-Claude; Luakanda-Ndelemo, Gradi; Kelvin, David J.; Pratt, Catherine; Ayouba, Ahidjo; Tessema, Sofonias; Mauro, Antonio R.; Hensley, Lisa E.; Delaporte, Eric; Mwamba, Dieudonne; Subissi, Lorenzo; Liesenborghs, Laurens; Hoff, Nicole A.; Peeters, Martine; Low, Nicola; Ahuka-Mundeke, Steve; Muyembe-Tamfum, Jean-Jacques; Rimoin, Anne W.; Kindrachuk, Jason; Vercauteren, Koen; Rambaut, Andrew; Mbala-Kingebeni, Placide"
PP_0012YZY,Ib,A.1,Democratic Republic of the Congo,Kinshasa,2024-09-19,189919,0.9398049784746132,2025-02-04,"Wawina-Bokalanga, Tony; Merritt, Sydney; Kinganda-Lusamaki, Eddy; Jansen, Daan; Halbrook, Megan; OToole, Aine; Pukuta-Simbu, Elisabeth; Muyamuna, Elise; Hasivirwe Vakaniaki, Emmanuel; Ola-Mpumbe, Rilia; Kwete-Mbokama, Papy; Akil-Bandali, Prince; Kacita, Cris; Ponga-Museme, Ange; Mapenzi-Kashali, Nelson; Amuri-Aziza, Adrienne; Muyembe-Mawete, Francisca; Lumembe-Numbi, Raphael; Kabamba-Lungenyi, Gabriel; Tshiani-Mbaya, Olivier; Paku-Tshambu, Princesse; Dantas, Pedro Hlf; DeBlock, Tessa; Lokilo-Lofiko, Emmanuel; Muswamba-Kayembe, Chloe; Makangara-Cigolo, Jean-Claude; Luakanda-Ndelemo, Gradi; Kelvin, David J.; Pratt, Catherine; Ayouba, Ahidjo; Tessema, Sofonias; Mauro, Antonio R.; Hensley, Lisa E.; Delaporte, Eric; Mwamba, Dieudonne; Subissi, Lorenzo; Liesenborghs, Laurens; Hoff, Nicole A.; Peeters, Martine; Low, Nicola; Ahuka-Mundeke, Steve; Muyembe-Tamfum, Jean-Jacques; Rimoin, Anne W.; Kindrachuk, Jason; Vercauteren, Koen; Rambaut, Andrew; Mbala-Kingebeni, Placide"
PP_0012Z0W,Ia,None,Democratic Republic of the Congo,Kinshasa,2024-09-19,190082,0.9322546131261756,2025-02-04,"Wawina-Bokalanga, Tony; Merritt, Sydney; Kinganda-Lusamaki, Eddy; Jansen, Daan; Halbrook, Megan; OToole, Aine; Pukuta-Simbu, Elisabeth; Muyamuna, Elise; Hasivirwe Vakaniaki, Emmanuel; Ola-Mpumbe, Rilia; Kwete-Mbokama, Papy; Akil-Bandali, Prince; Kacita, Cris; Ponga-Museme, Ange; Mapenzi-Kashali, Nelson; Amuri-Aziza, Adrienne; Muyembe-Mawete, Francisca; Lumembe-Numbi, Raphael; Kabamba-Lungenyi, Gabriel; Tshiani-Mbaya, Olivier; Paku-Tshambu, Princesse; Dantas, Pedro Hlf; DeBlock, Tessa; Lokilo-Lofiko, Emmanuel; Muswamba-Kayembe, Chloe; Makangara-Cigolo, Jean-Claude; Luakanda-Ndelemo, Gradi; Kelvin, David J.; Pratt, Catherine; Ayouba, Ahidjo; Tessema, Sofonias; Mauro, Antonio R.; Hensley, Lisa E.; Delaporte, Eric; Mwamba, Dieudonne; Subissi, Lorenzo; Liesenborghs, Laurens; Hoff, Nicole A.; Peeters, Martine; Low, Nicola; Ahuka-Mundeke, Steve; Muyembe-Tamfum, Jean-Jacques; Rimoin, Anne W.; Kindrachuk, Jason; Vercauteren, Koen; Rambaut, Andrew; Mbala-Kingebeni, Placide"
PP_0012Z1U,Ia,None,Democratic Republic of the Congo,Kinshasa,2024-09-20,190077,0.9522182050514936,2025-02-04,"Wawina-Bokalanga, Tony; Merritt, Sydney; Kinganda-Lusamaki, Eddy; Jansen, Daan; Halbrook, Megan; OToole, Aine; Pukuta-Simbu, Elisabeth; Muyamuna, Elise; Hasivirwe Vakaniaki, Emmanuel; Ola-Mpumbe, Rilia; Kwete-Mbokama, Papy; Akil-Bandali, Prince; Kacita, Cris; Ponga-Museme, Ange; Mapenzi-Kashali, Nelson; Amuri-Aziza, Adrienne; Muyembe-Mawete, Francisca; Lumembe-Numbi, Raphael; Kabamba-Lungenyi, Gabriel; Tshiani-Mbaya, Olivier; Paku-Tshambu, Princesse; Dantas, Pedro Hlf; DeBlock, Tessa; Lokilo-Lofiko, Emmanuel; Muswamba-Kayembe, Chloe; Makangara-Cigolo, Jean-Claude; Luakanda-Ndelemo, Gradi; Kelvin, David J.; Pratt, Catherine; Ayouba, Ahidjo; Tessema, Sofonias; Mauro, Antonio R.; Hensley, Lisa E.; Delaporte, Eric; Mwamba, Dieudonne; Subissi, Lorenzo; Liesenborghs, Laurens; Hoff, Nicole A.; Peeters, Martine; Low, Nicola; Ahuka-Mundeke, Steve; Muyembe-Tamfum, Jean-Jacques; Rimoin, Anne W.; Kindrachuk, Jason; Vercauteren, Koen; Rambaut, Andrew; Mbala-Kingebeni, Placide"
PP_0012Z2S,Ia,None,Democratic Republic of the Congo,Kinshasa,2024-09-20,189639,0.861182806058547,2025-02-04,"Wawina-Bokalanga, Tony; Merritt, Sydney; Kinganda-Lusamaki, Eddy; Jansen, Daan; Halbrook, Megan; OToole, Aine; Pukuta-Simbu, Elisabeth; Muyamuna, Elise; Hasivirwe Vakaniaki, Emmanuel; Ola-Mpumbe, Rilia; Kwete-Mbokama, Papy; Akil-Bandali, Prince; Kacita, Cris; Ponga-Museme, Ange; Mapenzi-Kashali, Nelson; Amuri-Aziza, Adrienne; Muyembe-Mawete, Francisca; Lumembe-Numbi, Raphael; Kabamba-Lungenyi, Gabriel; Tshiani-Mbaya, Olivier; Paku-Tshambu, Princesse; Dantas, Pedro Hlf; DeBlock, Tessa; Lokilo-Lofiko, Emmanuel; Muswamba-Kayembe, Chloe; Makangara-Cigolo, Jean-Claude; Luakanda-Ndelemo, Gradi; Kelvin, David J.; Pratt, Catherine; Ayouba, Ahidjo; Tessema, Sofonias; Mauro, Antonio R.; Hensley, Lisa E.; Delaporte, Eric; Mwamba, Dieudonne; Subissi, Lorenzo; Liesenborghs, Laurens; Hoff, Nicole A.; Peeters, Martine; Low, Nicola; Ahuka-Mundeke, Steve; Muyembe-Tamfum, Jean-Jacques; Rimoin, Anne W.; Kindrachuk, Jason; Vercauteren, Koen; Rambaut, Andrew; Mbala-Kingebeni, Placide"
PP_0012Z3Q,Ia,None,Democratic Republic of the Congo,Kasai-Central,2024-08-31,189435,0.8999031484364304,2025-02-04,"Amuri-Aziza, Adrienne; Luakanda-Ndelemo, Gradi; Kinganda-Lusamaki, Eddy; Makangara-Cigolo, Jean-Claude; Kenye, Michel; Kavira, Sifa; Wawina-Bokalanga, Tony; Merritt, Sydney; Jansen, Daan; Halbrook, Megan; OToole, Aine; Pukuta-Simbu, Elisabeth; Hasivirwe Vakaniaki, Emmanuel; Ola-Mpumbe, Rilia; Kwete-Mbokama, Papy; Akil-Bandali, Prince; Kacita, Cris; Ponga-Museme, Ange; Mapenzi-Kashali, Nelson; Tshiani-Mbaya, Olivier; Paku-Tshambu, Princesse; Dantas, Pedro H. L. F.; De Block, Tessa; Lokilo-Lofiko, Emmanuel; Muswamba-Kayembe, Chloe; Kelvin, David J.; Pratt, Catherine; Ayouba, Ahidjo; Tessema, Sofonias; Mauro Rezende, Antonio; Hensley, Lisa E.; Delaporte, Eric; Mwamba, Dieudonne; Subissi, Lorenzo; Liesenborghs, Laurens; Hoff, Nicole A.; Peeters, Martine; Low, Nicola; Ahuka-Mundeke, Steve; Muyembe-Tamfum, Jean-Jacques; Rimoin, Anne W.; Kindrachuk, Jason; Vercauteren, Koen; Rambaut, Andrew; Mbala-Kingebeni, Placide"
PP_0012Z4N,Ib,A.1,Democratic Republic of the Congo,Kinshasa,2024-09-20,188582,0.703887753601509,2025-02-04,"Wawina-Bokalanga, Tony; Merritt, Sydney; Kinganda-Lusamaki, Eddy; Jansen, Daan; Halbrook, Megan; OToole, Aine; Pukuta-Simbu, Elisabeth; Muyamuna, Elise; Hasivirwe Vakaniaki, Emmanuel; Ola-Mpumbe, Rilia; Kwete-Mbokama, Papy; Akil-Bandali, Prince; Kacita, Cris; Ponga-Museme, Ange; Mapenzi-Kashali, Nelson; Amuri-Aziza, Adrienne; Muyembe-Mawete, Francisca; Lumembe-Numbi, Raphael; Kabamba-Lungenyi, Gabriel; Tshiani-Mbaya, Olivier; Paku-Tshambu, Princesse; Dantas, Pedro Hlf; DeBlock, Tessa; Lokilo-Lofiko, Emmanuel; Muswamba-Kayembe, Chloe; Makangara-Cigolo, Jean-Claude; Luakanda-Ndelemo, Gradi; Kelvin, David J.; Pratt, Catherine; Ayouba, Ahidjo; Tessema, Sofonias; Mauro, Antonio R.; Hensley, Lisa E.; Delaporte, Eric; Mwamba, Dieudonne; Subissi, Lorenzo; Liesenborghs, Laurens; Hoff, Nicole A.; Peeters, Martine; Low, Nicola; Ahuka-Mundeke, Steve; Muyembe-Tamfum, Jean-Jacques; Rimoin, Anne W.; Kindrachuk, Jason; Vercauteren, Koen; Rambaut, Andrew; Mbala-Kingebeni, Placide"
PP_0012Z5L,Ia,None,Democratic Republic of the Congo,Kinshasa,2024-09-20,189468,0.9423454304823816,2025-02-04,"Wawina-Bokalanga, Tony; Merritt, Sydney; Kinganda-Lusamaki, Eddy; Jansen, Daan; Halbrook, Megan; OToole, Aine; Pukuta-Simbu, Elisabeth; Muyamuna, Elise; Hasivirwe Vakaniaki, Emmanuel; Ola-Mpumbe, Rilia; Kwete-Mbokama, Papy; Akil-Bandali, Prince; Kacita, Cris; Ponga-Museme, Ange; Mapenzi-Kashali, Nelson; Amuri-Aziza, Adrienne; Muyembe-Mawete, Francisca; Lumembe-Numbi, Raphael; Kabamba-Lungenyi, Gabriel; Tshiani-Mbaya, Olivier; Paku-Tshambu, Princesse; Dantas, Pedro Hlf; DeBlock, Tessa; Lokilo-Lofiko, Emmanuel; Muswamba-Kayembe, Chloe; Makangara-Cigolo, Jean-Claude; Luakanda-Ndelemo, Gradi; Kelvin, David J.; Pratt, Catherine; Ayouba, Ahidjo; Tessema, Sofonias; Mauro, Antonio R.; Hensley, Lisa E.; Delaporte, Eric; Mwamba, Dieudonne; Subissi, Lorenzo; Liesenborghs, Laurens; Hoff, Nicole A.; Peeters, Martine; Low, Nicola; Ahuka-Mundeke, Steve; Muyembe-Tamfum, Jean-Jacques; Rimoin, Anne W.; Kindrachuk, Jason; Vercauteren, Koen; Rambaut, Andrew; Mbala-Kingebeni, Placide"
PP_0012Z6J,Ia,None,Democratic Republic of the Congo,Kinshasa,2024-09-20,189896,0.9372695972293352,2025-02-04,"Wawina-Bokalanga, Tony; Merritt, Sydney; Kinganda-Lusamaki, Eddy; Jansen, Daan; Halbrook, Megan; OToole, Aine; Pukuta-Simbu, Elisabeth; Muyamuna, Elise; Hasivirwe Vakaniaki, Emmanuel; Ola-Mpumbe, Rilia; Kwete-Mbokama, Papy; Akil-Bandali, Prince; Kacita, Cris; Ponga-Museme, Ange; Mapenzi-Kashali, Nelson; Amuri-Aziza, Adrienne; Muyembe-Mawete, Francisca; Lumembe-Numbi, Raphael; Kabamba-Lungenyi, Gabriel; Tshiani-Mbaya, Olivier; Paku-Tshambu, Princesse; Dantas, Pedro Hlf; DeBlock, Tessa; Lokilo-Lofiko, Emmanuel; Muswamba-Kayembe, Chloe; Makangara-Cigolo, Jean-Claude; Luakanda-Ndelemo, Gradi; Kelvin, David J.; Pratt, Catherine; Ayouba, Ahidjo; Tessema, Sofonias; Mauro, Antonio R.; Hensley, Lisa E.; Delaporte, Eric; Mwamba, Dieudonne; Subissi, Lorenzo; Liesenborghs, Laurens; Hoff, Nicole A.; Peeters, Martine; Low, Nicola; Ahuka-Mundeke, Steve; Muyembe-Tamfum, Jean-Jacques; Rimoin, Anne W.; Kindrachuk, Jason; Vercauteren, Koen; Rambaut, Andrew; Mbala-Kingebeni, Placide"
PP_0012Z7G,Ia,None,Democratic Republic of the Congo,Kinshasa,2024-09-20,189435,0.9358903498319042,2025-02-04,"Wawina-Bokalanga, Tony; Merritt, Sydney; Kinganda-Lusamaki, Eddy; Jansen, Daan; Halbrook, Megan; OToole, Aine; Pukuta-Simbu, Elisabeth; Muyamuna, Elise; Hasivirwe Vakaniaki, Emmanuel; Ola-Mpumbe, Rilia; Kwete-Mbokama, Papy; Akil-Bandali, Prince; Kacita, Cris; Ponga-Museme, Ange; Mapenzi-Kashali, Nelson; Amuri-Aziza, Adrienne; Muyembe-Mawete, Francisca; Lumembe-Numbi, Raphael; Kabamba-Lungenyi, Gabriel; Tshiani-Mbaya, Olivier; Paku-Tshambu, Princesse; Dantas, Pedro Hlf; DeBlock, Tessa; Lokilo-Lofiko, Emmanuel; Muswamba-Kayembe, Chloe; Makangara-Cigolo, Jean-Claude; Luakanda-Ndelemo, Gradi; Kelvin, David J.; Pratt, Catherine; Ayouba, Ahidjo; Tessema, Sofonias; Mauro, Antonio R.; Hensley, Lisa E.; Delaporte, Eric; Mwamba, Dieudonne; Subissi, Lorenzo; Liesenborghs, Laurens; Hoff, Nicole A.; Peeters, Martine; Low, Nicola; Ahuka-Mundeke, Steve; Muyembe-Tamfum, Jean-Jacques; Rimoin, Anne W.; Kindrachuk, Jason; Vercauteren, Koen; Rambaut, Andrew; Mbala-Kingebeni, Placide"
PP_0012Z8E,Ib,A.1,Democratic Republic of the Congo,Kinshasa,2024-09-21,190042,0.9455704354263752,2025-02-04,"Wawina-Bokalanga, Tony; Merritt, Sydney; Kinganda-Lusamaki, Eddy; Jansen, Daan; Halbrook, Megan; OToole, Aine; Pukuta-Simbu, Elisabeth; Muyamuna, Elise; Hasivirwe Vakaniaki, Emmanuel; Ola-Mpumbe, Rilia; Kwete-Mbokama, Papy; Akil-Bandali, Prince; Kacita, Cris; Ponga-Museme, Ange; Mapenzi-Kashali, Nelson; Amuri-Aziza, Adrienne; Muyembe-Mawete, Francisca; Lumembe-Numbi, Raphael; Kabamba-Lungenyi, Gabriel; Tshiani-Mbaya, Olivier; Paku-Tshambu, Princesse; Dantas, Pedro Hlf; DeBlock, Tessa; Lokilo-Lofiko, Emmanuel; Muswamba-Kayembe, Chloe; Makangara-Cigolo, Jean-Claude; Luakanda-Ndelemo, Gradi; Kelvin, David J.; Pratt, Catherine; Ayouba, Ahidjo; Tessema, Sofonias; Mauro, Antonio R.; Hensley, Lisa E.; Delaporte, Eric; Mwamba, Dieudonne; Subissi, Lorenzo; Liesenborghs, Laurens; Hoff, Nicole A.; Peeters, Martine; Low, Nicola; Ahuka-Mundeke, Steve; Muyembe-Tamfum, Jean-Jacques; Rimoin, Anne W.; Kindrachuk, Jason; Vercauteren, Koen; Rambaut, Andrew; Mbala-Kingebeni, Placide"
PP_0012Z9C,Ib,A.1,Democratic Republic of the Congo,Tanganyika,2024-09-18,189221,0.7202206795835889,2025-02-04,"Ahuka-Mundeke, Steve; Pukuta-Simbu, Elisabeth; Amuri-Aziza, Adrienne; Wawina-Bokalanga, Tony; Merritt, Sydney; Kinganda-Lusamaki, Eddy; Jansen, Daan; Halbrook, Megan; OToole, Aine; Hasivirwe Vakaniaki, Emmanuel; Ola-Mpumbe, Rilia; Kwete-Mbokama, Papy; Akil-Bandali, Prince; Kacita, Cris; Ponga-Museme, Ange; Mapenzi-Kashali, Nelson; Tshiani-Mbaya, Olivier; Paku-Tshambu, Princesse; Dantas, Pedro H. L. F.; De Block, Tessa; Lokilo-Lofiko, Emmanuel; Muswamba-Kayembe, Chloe; Makangara-Cigolo, Jean-Claude; Luakanda-Ndelemo, Gradi; Kelvin, David J.; Pratt, Catherine; Ayouba, Ahidjo; Tessema, Sofonias; Mauro Rezende, Antonio; Hensley, Lisa E.; Delaporte, Eric; Mwamba, Dieudonne; Subissi, Lorenzo; Liesenborghs, Laurens; Hoff, Nicole A.; Peeters, Martine; Low, Nicola; Rimoin, Anne W.; Kindrachuk, Jason; Vercauteren, Koen; Rambaut, Andrew; Mbala-Kingebeni, Placide; Muyembe-Tamfum, Jean-Jacques"
PP_0012ZAA,Ib,A.1,Democratic Republic of the Congo,Tanganyika,2024-09-17,190081,0.9296178166310868,2025-02-04,"Ahuka-Mundeke, Steve; Pukuta-Simbu, Elisabeth; Amuri-Aziza, Adrienne; Wawina-Bokalanga, Tony; Merritt, Sydney; Kinganda-Lusamaki, Eddy; Jansen, Daan; Halbrook, Megan; OToole, Aine; Hasivirwe Vakaniaki, Emmanuel; Ola-Mpumbe, Rilia; Kwete-Mbokama, Papy; Akil-Bandali, Prince; Kacita, Cris; Ponga-Museme, Ange; Mapenzi-Kashali, Nelson; Tshiani-Mbaya, Olivier; Paku-Tshambu, Princesse; Dantas, Pedro H. L. F.; De Block, Tessa; Lokilo-Lofiko, Emmanuel; Muswamba-Kayembe, Chloe; Makangara-Cigolo, Jean-Claude; Luakanda-Ndelemo, Gradi; Kelvin, David J.; Pratt, Catherine; Ayouba, Ahidjo; Tessema, Sofonias; Mauro Rezende, Antonio; Hensley, Lisa E.; Delaporte, Eric; Mwamba, Dieudonne; Subissi, Lorenzo; Liesenborghs, Laurens; Hoff, Nicole A.; Peeters, Martine; Low, Nicola; Rimoin, Anne W.; Kindrachuk, Jason; Vercauteren, Koen; Rambaut, Andrew; Mbala-Kingebeni, Placide; Muyembe-Tamfum, Jean-Jacques"
PP_0012ZB8,Ia,None,Democratic Republic of the Congo,Sud-Ubangi,2024-08-29,189282,0.6817335922802712,2025-02-04,"Amuri-Aziza, Adrienne; Luakanda-Ndelemo, Gradi; Kinganda-Lusamaki, Eddy; Makangara-Cigolo, Jean-Claude; Kenye, Michel; Kavira, Sifa; Wawina-Bokalanga, Tony; Merritt, Sydney; Jansen, Daan; Halbrook, Megan; OToole, Aine; Pukuta-Simbu, Elisabeth; Hasivirwe Vakaniaki, Emmanuel; Ola-Mpumbe, Rilia; Kwete-Mbokama, Papy; Akil-Bandali, Prince; Kacita, Cris; Ponga-Museme, Ange; Mapenzi-Kashali, Nelson; Tshiani-Mbaya, Olivier; Paku-Tshambu, Princesse; Dantas, Pedro H. L. F.; De Block, Tessa; Lokilo-Lofiko, Emmanuel; Muswamba-Kayembe, Chloe; Kelvin, David J.; Pratt, Catherine; Ayouba, Ahidjo; Tessema, Sofonias; Mauro Rezende, Antonio; Hensley, Lisa E.; Delaporte, Eric; Mwamba, Dieudonne; Subissi, Lorenzo; Liesenborghs, Laurens; Hoff, Nicole A.; Peeters, Martine; Low, Nicola; Ahuka-Mundeke, Steve; Muyembe-Tamfum, Jean-Jacques; Rimoin, Anne W.; Kindrachuk, Jason; Vercauteren, Koen; Rambaut, Andrew; Mbala-Kingebeni, Placide"
PP_0012ZC6,Ia,None,Democratic Republic of the Congo,Tshuapa,2024-08-25,189496,0.9249679274272472,2025-02-04,"Muyembe-Tamfum, Jean-Jacques; Wawina-Bokalanga, Tony; Merritt, Sydney; Kinganda-Lusamaki, Eddy; Jansen, Daan; Halbrook, Megan; OToole, Aine; Pukuta-Simbu, Elisabeth; Hasivirwe Vakaniaki, Emmanuel; Ola-Mpumbe, Rilia; Kwete-Mbokama, Papy; Akil-Bandali, Prince; Kacita, Cris; Ponga-Museme, Ange; Mapenzi-Kashali, Nelson; Amuri-Aziza, Adrienne; Tshiani-Mbaya, Olivier; Paku-Tshambu, Princesse; Dantas, Pedro H. L. F.; De Block, Tessa; Lokilo-Lofiko, Emmanuel; Muswamba-Kayembe, Chloe; Makangara-Cigolo, Jean-Claude; Luakanda-Ndelemo, Gradi; Kelvin, David J.; Pratt, Catherine; Ayouba, Ahidjo; Tessema, Sofonias; Mauro Rezende, Antonio; Hensley, Lisa E.; Delaporte, Eric; Mwamba, Dieudonne; Subissi, Lorenzo; Liesenborghs, Laurens; Hoff, Nicole A.; Peeters, Martine; Low, Nicola; Rimoin, Anne W.; Kindrachuk, Jason; Vercauteren, Koen; Rambaut, Andrew; Mbala-Kingebeni, Placide; Ahuka-Mundeke, Steve"
PP_0012ZD4,Ia,None,Democratic Republic of the Congo,Tshuapa,2024-08-25,189259,0.8733779898483335,2025-02-04,"Muyembe-Tamfum, Jean-Jacques; Wawina-Bokalanga, Tony; Merritt, Sydney; Kinganda-Lusamaki, Eddy; Jansen, Daan; Halbrook, Megan; OToole, Aine; Pukuta-Simbu, Elisabeth; Hasivirwe Vakaniaki, Emmanuel; Ola-Mpumbe, Rilia; Kwete-Mbokama, Papy; Akil-Bandali, Prince; Kacita, Cris; Ponga-Museme, Ange; Mapenzi-Kashali, Nelson; Amuri-Aziza, Adrienne; Tshiani-Mbaya, Olivier; Paku-Tshambu, Princesse; Dantas, Pedro H. L. F.; De Block, Tessa; Lokilo-Lofiko, Emmanuel; Muswamba-Kayembe, Chloe; Makangara-Cigolo, Jean-Claude; Luakanda-Ndelemo, Gradi; Kelvin, David J.; Pratt, Catherine; Ayouba, Ahidjo; Tessema, Sofonias; Mauro Rezende, Antonio; Hensley, Lisa E.; Delaporte, Eric; Mwamba, Dieudonne; Subissi, Lorenzo; Liesenborghs, Laurens; Hoff, Nicole A.; Peeters, Martine; Low, Nicola; Rimoin, Anne W.; Kindrachuk, Jason; Vercauteren, Koen; Rambaut, Andrew; Mbala-Kingebeni, Placide; Ahuka-Mundeke, Steve"
PP_0012ZE2,Ia,None,Democratic Republic of the Congo,Tshuapa,2024-08-20,189265,0.9129705033745924,2025-02-04,"Muyembe-Tamfum, Jean-Jacques; Wawina-Bokalanga, Tony; Merritt, Sydney; Kinganda-Lusamaki, Eddy; Jansen, Daan; Halbrook, Megan; OToole, Aine; Pukuta-Simbu, Elisabeth; Hasivirwe Vakaniaki, Emmanuel; Ola-Mpumbe, Rilia; Kwete-Mbokama, Papy; Akil-Bandali, Prince; Kacita, Cris; Ponga-Museme, Ange; Mapenzi-Kashali, Nelson; Amuri-Aziza, Adrienne; Tshiani-Mbaya, Olivier; Paku-Tshambu, Princesse; Dantas, Pedro H. L. F.; De Block, Tessa; Lokilo-Lofiko, Emmanuel; Muswamba-Kayembe, Chloe; Makangara-Cigolo, Jean-Claude; Luakanda-Ndelemo, Gradi; Kelvin, David J.; Pratt, Catherine; Ayouba, Ahidjo; Tessema, Sofonias; Mauro Rezende, Antonio; Hensley, Lisa E.; Delaporte, Eric; Mwamba, Dieudonne; Subissi, Lorenzo; Liesenborghs, Laurens; Hoff, Nicole A.; Peeters, Martine; Low, Nicola; Rimoin, Anne W.; Kindrachuk, Jason; Vercauteren, Koen; Rambaut, Andrew; Mbala-Kingebeni, Placide; Ahuka-Mundeke, Steve"
PP_0012ZF0,Ia,None,Democratic Republic of the Congo,Tshuapa,2024-08-20,189258,0.9288876268324469,2025-02-04,"Muyembe-Tamfum, Jean-Jacques; Wawina-Bokalanga, Tony; Merritt, Sydney; Kinganda-Lusamaki, Eddy; Jansen, Daan; Halbrook, Megan; OToole, Aine; Pukuta-Simbu, Elisabeth; Hasivirwe Vakaniaki, Emmanuel; Ola-Mpumbe, Rilia; Kwete-Mbokama, Papy; Akil-Bandali, Prince; Kacita, Cris; Ponga-Museme, Ange; Mapenzi-Kashali, Nelson; Amuri-Aziza, Adrienne; Tshiani-Mbaya, Olivier; Paku-Tshambu, Princesse; Dantas, Pedro H. L. F.; De Block, Tessa; Lokilo-Lofiko, Emmanuel; Muswamba-Kayembe, Chloe; Makangara-Cigolo, Jean-Claude; Luakanda-Ndelemo, Gradi; Kelvin, David J.; Pratt, Catherine; Ayouba, Ahidjo; Tessema, Sofonias; Mauro Rezende, Antonio; Hensley, Lisa E.; Delaporte, Eric; Mwamba, Dieudonne; Subissi, Lorenzo; Liesenborghs, Laurens; Hoff, Nicole A.; Peeters, Martine; Low, Nicola; Rimoin, Anne W.; Kindrachuk, Jason; Vercauteren, Koen; Rambaut, Andrew; Mbala-Kingebeni, Placide; Ahuka-Mundeke, Steve"
PP_0012ZGY,Ia,None,Democratic Republic of the Congo,Tshuapa,2024-08-19,189639,0.92846168278324,2025-02-04,"Muyembe-Tamfum, Jean-Jacques; Wawina-Bokalanga, Tony; Merritt, Sydney; Kinganda-Lusamaki, Eddy; Jansen, Daan; Halbrook, Megan; OToole, Aine; Pukuta-Simbu, Elisabeth; Hasivirwe Vakaniaki, Emmanuel; Ola-Mpumbe, Rilia; Kwete-Mbokama, Papy; Akil-Bandali, Prince; Kacita, Cris; Ponga-Museme, Ange; Mapenzi-Kashali, Nelson; Amuri-Aziza, Adrienne; Tshiani-Mbaya, Olivier; Paku-Tshambu, Princesse; Dantas, Pedro H. L. F.; De Block, Tessa; Lokilo-Lofiko, Emmanuel; Muswamba-Kayembe, Chloe; Makangara-Cigolo, Jean-Claude; Luakanda-Ndelemo, Gradi; Kelvin, David J.; Pratt, Catherine; Ayouba, Ahidjo; Tessema, Sofonias; Mauro Rezende, Antonio; Hensley, Lisa E.; Delaporte, Eric; Mwamba, Dieudonne; Subissi, Lorenzo; Liesenborghs, Laurens; Hoff, Nicole A.; Peeters, Martine; Low, Nicola; Rimoin, Anne W.; Kindrachuk, Jason; Vercauteren, Koen; Rambaut, Andrew; Mbala-Kingebeni, Placide; Ahuka-Mundeke, Steve"
PP_0012ZHV,Ia,None,Democratic Republic of the Congo,Tshuapa,2024-08-20,189257,0.8798330704988109,2025-02-04,"Muyembe-Tamfum, Jean-Jacques; Wawina-Bokalanga, Tony; Merritt, Sydney; Kinganda-Lusamaki, Eddy; Jansen, Daan; Halbrook, Megan; OToole, Aine; Pukuta-Simbu, Elisabeth; Hasivirwe Vakaniaki, Emmanuel; Ola-Mpumbe, Rilia; Kwete-Mbokama, Papy; Akil-Bandali, Prince; Kacita, Cris; Ponga-Museme, Ange; Mapenzi-Kashali, Nelson; Amuri-Aziza, Adrienne; Tshiani-Mbaya, Olivier; Paku-Tshambu, Princesse; Dantas, Pedro H. L. F.; De Block, Tessa; Lokilo-Lofiko, Emmanuel; Muswamba-Kayembe, Chloe; Makangara-Cigolo, Jean-Claude; Luakanda-Ndelemo, Gradi; Kelvin, David J.; Pratt, Catherine; Ayouba, Ahidjo; Tessema, Sofonias; Mauro Rezende, Antonio; Hensley, Lisa E.; Delaporte, Eric; Mwamba, Dieudonne; Subissi, Lorenzo; Liesenborghs, Laurens; Hoff, Nicole A.; Peeters, Martine; Low, Nicola; Rimoin, Anne W.; Kindrachuk, Jason; Vercauteren, Koen; Rambaut, Andrew; Mbala-Kingebeni, Placide; Ahuka-Mundeke, Steve"
PP_0012ZJT,Ia,None,Democratic Republic of the Congo,Tshuapa,2024-08-20,189491,0.9283197014335044,2025-02-04,"Muyembe-Tamfum, Jean-Jacques; Wawina-Bokalanga, Tony; Merritt, Sydney; Kinganda-Lusamaki, Eddy; Jansen, Daan; Halbrook, Megan; OToole, Aine; Pukuta-Simbu, Elisabeth; Hasivirwe Vakaniaki, Emmanuel; Ola-Mpumbe, Rilia; Kwete-Mbokama, Papy; Akil-Bandali, Prince; Kacita, Cris; Ponga-Museme, Ange; Mapenzi-Kashali, Nelson; Amuri-Aziza, Adrienne; Tshiani-Mbaya, Olivier; Paku-Tshambu, Princesse; Dantas, Pedro H. L. F.; De Block, Tessa; Lokilo-Lofiko, Emmanuel; Muswamba-Kayembe, Chloe; Makangara-Cigolo, Jean-Claude; Luakanda-Ndelemo, Gradi; Kelvin, David J.; Pratt, Catherine; Ayouba, Ahidjo; Tessema, Sofonias; Mauro Rezende, Antonio; Hensley, Lisa E.; Delaporte, Eric; Mwamba, Dieudonne; Subissi, Lorenzo; Liesenborghs, Laurens; Hoff, Nicole A.; Peeters, Martine; Low, Nicola; Rimoin, Anne W.; Kindrachuk, Jason; Vercauteren, Koen; Rambaut, Andrew; Mbala-Kingebeni, Placide; Ahuka-Mundeke, Steve"
PP_0012ZKR,Ia,None,Democratic Republic of the Congo,Tshuapa,2024-08-28,189266,0.8184565613131246,2025-02-04,"Muyembe-Tamfum, Jean-Jacques; Wawina-Bokalanga, Tony; Merritt, Sydney; Kinganda-Lusamaki, Eddy; Jansen, Daan; Halbrook, Megan; OToole, Aine; Pukuta-Simbu, Elisabeth; Hasivirwe Vakaniaki, Emmanuel; Ola-Mpumbe, Rilia; Kwete-Mbokama, Papy; Akil-Bandali, Prince; Kacita, Cris; Ponga-Museme, Ange; Mapenzi-Kashali, Nelson; Amuri-Aziza, Adrienne; Tshiani-Mbaya, Olivier; Paku-Tshambu, Princesse; Dantas, Pedro H. L. F.; De Block, Tessa; Lokilo-Lofiko, Emmanuel; Muswamba-Kayembe, Chloe; Makangara-Cigolo, Jean-Claude; Luakanda-Ndelemo, Gradi; Kelvin, David J.; Pratt, Catherine; Ayouba, Ahidjo; Tessema, Sofonias; Mauro Rezende, Antonio; Hensley, Lisa E.; Delaporte, Eric; Mwamba, Dieudonne; Subissi, Lorenzo; Liesenborghs, Laurens; Hoff, Nicole A.; Peeters, Martine; Low, Nicola; Rimoin, Anne W.; Kindrachuk, Jason; Vercauteren, Koen; Rambaut, Andrew; Mbala-Kingebeni, Placide; Ahuka-Mundeke, Steve"
PP_0012ZLP,Ia,None,Democratic Republic of the Congo,Tshuapa,2024-07-11,189435,0.857907093489648,2025-02-04,"Muyembe-Tamfum, Jean-Jacques; Wawina-Bokalanga, Tony; Merritt, Sydney; Kinganda-Lusamaki, Eddy; Jansen, Daan; Halbrook, Megan; OToole, Aine; Pukuta-Simbu, Elisabeth; Hasivirwe Vakaniaki, Emmanuel; Ola-Mpumbe, Rilia; Kwete-Mbokama, Papy; Akil-Bandali, Prince; Kacita, Cris; Ponga-Museme, Ange; Mapenzi-Kashali, Nelson; Amuri-Aziza, Adrienne; Tshiani-Mbaya, Olivier; Paku-Tshambu, Princesse; Dantas, Pedro H. L. F.; De Block, Tessa; Lokilo-Lofiko, Emmanuel; Muswamba-Kayembe, Chloe; Makangara-Cigolo, Jean-Claude; Luakanda-Ndelemo, Gradi; Kelvin, David J.; Pratt, Catherine; Ayouba, Ahidjo; Tessema, Sofonias; Mauro Rezende, Antonio; Hensley, Lisa E.; Delaporte, Eric; Mwamba, Dieudonne; Subissi, Lorenzo; Liesenborghs, Laurens; Hoff, Nicole A.; Peeters, Martine; Low, Nicola; Rimoin, Anne W.; Kindrachuk, Jason; Vercauteren, Koen; Rambaut, Andrew; Mbala-Kingebeni, Placide; Ahuka-Mundeke, Steve"
PP_0012ZMM,Ia,None,Democratic Republic of the Congo,Tshuapa,2024-07-11,189304,0.8832710474674077,2025-02-04,"Muyembe-Tamfum, Jean-Jacques; Wawina-Bokalanga, Tony; Merritt, Sydney; Kinganda-Lusamaki, Eddy; Jansen, Daan; Halbrook, Megan; OToole, Aine; Pukuta-Simbu, Elisabeth; Hasivirwe Vakaniaki, Emmanuel; Ola-Mpumbe, Rilia; Kwete-Mbokama, Papy; Akil-Bandali, Prince; Kacita, Cris; Ponga-Museme, Ange; Mapenzi-Kashali, Nelson; Amuri-Aziza, Adrienne; Tshiani-Mbaya, Olivier; Paku-Tshambu, Princesse; Dantas, Pedro H. L. F.; De Block, Tessa; Lokilo-Lofiko, Emmanuel; Muswamba-Kayembe, Chloe; Makangara-Cigolo, Jean-Claude; Luakanda-Ndelemo, Gradi; Kelvin, David J.; Pratt, Catherine; Ayouba, Ahidjo; Tessema, Sofonias; Mauro Rezende, Antonio; Hensley, Lisa E.; Delaporte, Eric; Mwamba, Dieudonne; Subissi, Lorenzo; Liesenborghs, Laurens; Hoff, Nicole A.; Peeters, Martine; Low, Nicola; Rimoin, Anne W.; Kindrachuk, Jason; Vercauteren, Koen; Rambaut, Andrew; Mbala-Kingebeni, Placide; Ahuka-Mundeke, Steve"
PP_0012ZNK,Ia,None,Democratic Republic of the Congo,Tshuapa,2024-07-16,189291,0.8500829069667206,2025-02-04,"Muyembe-Tamfum, Jean-Jacques; Wawina-Bokalanga, Tony; Merritt, Sydney; Kinganda-Lusamaki, Eddy; Jansen, Daan; Halbrook, Megan; OToole, Aine; Pukuta-Simbu, Elisabeth; Hasivirwe Vakaniaki, Emmanuel; Ola-Mpumbe, Rilia; Kwete-Mbokama, Papy; Akil-Bandali, Prince; Kacita, Cris; Ponga-Museme, Ange; Mapenzi-Kashali, Nelson; Amuri-Aziza, Adrienne; Tshiani-Mbaya, Olivier; Paku-Tshambu, Princesse; Dantas, Pedro H. L. F.; De Block, Tessa; Lokilo-Lofiko, Emmanuel; Muswamba-Kayembe, Chloe; Makangara-Cigolo, Jean-Claude; Luakanda-Ndelemo, Gradi; Kelvin, David J.; Pratt, Catherine; Ayouba, Ahidjo; Tessema, Sofonias; Mauro Rezende, Antonio; Hensley, Lisa E.; Delaporte, Eric; Mwamba, Dieudonne; Subissi, Lorenzo; Liesenborghs, Laurens; Hoff, Nicole A.; Peeters, Martine; Low, Nicola; Rimoin, Anne W.; Kindrachuk, Jason; Vercauteren, Koen; Rambaut, Andrew; Mbala-Kingebeni, Placide; Ahuka-Mundeke, Steve"
PP_0012ZPH,Ia,None,Democratic Republic of the Congo,Kinshasa,2024-09-22,189232,0.9292932878316912,2025-02-04,"Wawina-Bokalanga, Tony; Merritt, Sydney; Kinganda-Lusamaki, Eddy; Jansen, Daan; Halbrook, Megan; OToole, Aine; Pukuta-Simbu, Elisabeth; Muyamuna, Elise; Hasivirwe Vakaniaki, Emmanuel; Ola-Mpumbe, Rilia; Kwete-Mbokama, Papy; Akil-Bandali, Prince; Kacita, Cris; Ponga-Museme, Ange; Mapenzi-Kashali, Nelson; Amuri-Aziza, Adrienne; Muyembe-Mawete, Francisca; Lumembe-Numbi, Raphael; Kabamba-Lungenyi, Gabriel; Tshiani-Mbaya, Olivier; Paku-Tshambu, Princesse; Dantas, Pedro Hlf; DeBlock, Tessa; Lokilo-Lofiko, Emmanuel; Muswamba-Kayembe, Chloe; Makangara-Cigolo, Jean-Claude; Luakanda-Ndelemo, Gradi; Kelvin, David J.; Pratt, Catherine; Ayouba, Ahidjo; Tessema, Sofonias; Mauro, Antonio R.; Hensley, Lisa E.; Delaporte, Eric; Mwamba, Dieudonne; Subissi, Lorenzo; Liesenborghs, Laurens; Hoff, Nicole A.; Peeters, Martine; Low, Nicola; Ahuka-Mundeke, Steve; Muyembe-Tamfum, Jean-Jacques; Rimoin, Anne W.; Kindrachuk, Jason; Vercauteren, Koen; Rambaut, Andrew; Mbala-Kingebeni, Placide"
PP_0012ZQF,Ia,None,Democratic Republic of the Congo,Kinshasa,2024-09-22,189236,0.9240704024664188,2025-02-04,"Wawina-Bokalanga, Tony; Merritt, Sydney; Kinganda-Lusamaki, Eddy; Jansen, Daan; Halbrook, Megan; OToole, Aine; Pukuta-Simbu, Elisabeth; Muyamuna, Elise; Hasivirwe Vakaniaki, Emmanuel; Ola-Mpumbe, Rilia; Kwete-Mbokama, Papy; Akil-Bandali, Prince; Kacita, Cris; Ponga-Museme, Ange; Mapenzi-Kashali, Nelson; Amuri-Aziza, Adrienne; Muyembe-Mawete, Francisca; Lumembe-Numbi, Raphael; Kabamba-Lungenyi, Gabriel; Tshiani-Mbaya, Olivier; Paku-Tshambu, Princesse; Dantas, Pedro Hlf; DeBlock, Tessa; Lokilo-Lofiko, Emmanuel; Muswamba-Kayembe, Chloe; Makangara-Cigolo, Jean-Claude; Luakanda-Ndelemo, Gradi; Kelvin, David J.; Pratt, Catherine; Ayouba, Ahidjo; Tessema, Sofonias; Mauro, Antonio R.; Hensley, Lisa E.; Delaporte, Eric; Mwamba, Dieudonne; Subissi, Lorenzo; Liesenborghs, Laurens; Hoff, Nicole A.; Peeters, Martine; Low, Nicola; Ahuka-Mundeke, Steve; Muyembe-Tamfum, Jean-Jacques; Rimoin, Anne W.; Kindrachuk, Jason; Vercauteren, Koen; Rambaut, Andrew; Mbala-Kingebeni, Placide"
PP_0012ZRD,Ia,None,Democratic Republic of the Congo,Kinshasa,2024-09-22,189236,0.9400990826990656,2025-02-04,"Wawina-Bokalanga, Tony; Merritt, Sydney; Kinganda-Lusamaki, Eddy; Jansen, Daan; Halbrook, Megan; OToole, Aine; Pukuta-Simbu, Elisabeth; Muyamuna, Elise; Hasivirwe Vakaniaki, Emmanuel; Ola-Mpumbe, Rilia; Kwete-Mbokama, Papy; Akil-Bandali, Prince; Kacita, Cris; Ponga-Museme, Ange; Mapenzi-Kashali, Nelson; Amuri-Aziza, Adrienne; Muyembe-Mawete, Francisca; Lumembe-Numbi, Raphael; Kabamba-Lungenyi, Gabriel; Tshiani-Mbaya, Olivier; Paku-Tshambu, Princesse; Dantas, Pedro Hlf; DeBlock, Tessa; Lokilo-Lofiko, Emmanuel; Muswamba-Kayembe, Chloe; Makangara-Cigolo, Jean-Claude; Luakanda-Ndelemo, Gradi; Kelvin, David J.; Pratt, Catherine; Ayouba, Ahidjo; Tessema, Sofonias; Mauro, Antonio R.; Hensley, Lisa E.; Delaporte, Eric; Mwamba, Dieudonne; Subissi, Lorenzo; Liesenborghs, Laurens; Hoff, Nicole A.; Peeters, Martine; Low, Nicola; Ahuka-Mundeke, Steve; Muyembe-Tamfum, Jean-Jacques; Rimoin, Anne W.; Kindrachuk, Jason; Vercauteren, Koen; Rambaut, Andrew; Mbala-Kingebeni, Placide"
PP_0012ZSB,Ia,None,Democratic Republic of the Congo,Kinshasa,2024-09-22,189229,0.9308449411538012,2025-02-04,"Wawina-Bokalanga, Tony; Merritt, Sydney; Kinganda-Lusamaki, Eddy; Jansen, Daan; Halbrook, Megan; OToole, Aine; Pukuta-Simbu, Elisabeth; Muyamuna, Elise; Hasivirwe Vakaniaki, Emmanuel; Ola-Mpumbe, Rilia; Kwete-Mbokama, Papy; Akil-Bandali, Prince; Kacita, Cris; Ponga-Museme, Ange; Mapenzi-Kashali, Nelson; Amuri-Aziza, Adrienne; Muyembe-Mawete, Francisca; Lumembe-Numbi, Raphael; Kabamba-Lungenyi, Gabriel; Tshiani-Mbaya, Olivier; Paku-Tshambu, Princesse; Dantas, Pedro Hlf; DeBlock, Tessa; Lokilo-Lofiko, Emmanuel; Muswamba-Kayembe, Chloe; Makangara-Cigolo, Jean-Claude; Luakanda-Ndelemo, Gradi; Kelvin, David J.; Pratt, Catherine; Ayouba, Ahidjo; Tessema, Sofonias; Mauro, Antonio R.; Hensley, Lisa E.; Delaporte, Eric; Mwamba, Dieudonne; Subissi, Lorenzo; Liesenborghs, Laurens; Hoff, Nicole A.; Peeters, Martine; Low, Nicola; Ahuka-Mundeke, Steve; Muyembe-Tamfum, Jean-Jacques; Rimoin, Anne W.; Kindrachuk, Jason; Vercauteren, Koen; Rambaut, Andrew; Mbala-Kingebeni, Placide"
PP_0012ZT9,Ia,None,Democratic Republic of the Congo,Kinshasa,2024-09-22,189245,0.9321177025389308,2025-02-04,"Wawina-Bokalanga, Tony; Merritt, Sydney; Kinganda-Lusamaki, Eddy; Jansen, Daan; Halbrook, Megan; OToole, Aine; Pukuta-Simbu, Elisabeth; Muyamuna, Elise; Hasivirwe Vakaniaki, Emmanuel; Ola-Mpumbe, Rilia; Kwete-Mbokama, Papy; Akil-Bandali, Prince; Kacita, Cris; Ponga-Museme, Ange; Mapenzi-Kashali, Nelson; Amuri-Aziza, Adrienne; Muyembe-Mawete, Francisca; Lumembe-Numbi, Raphael; Kabamba-Lungenyi, Gabriel; Tshiani-Mbaya, Olivier; Paku-Tshambu, Princesse; Dantas, Pedro Hlf; DeBlock, Tessa; Lokilo-Lofiko, Emmanuel; Muswamba-Kayembe, Chloe; Makangara-Cigolo, Jean-Claude; Luakanda-Ndelemo, Gradi; Kelvin, David J.; Pratt, Catherine; Ayouba, Ahidjo; Tessema, Sofonias; Mauro, Antonio R.; Hensley, Lisa E.; Delaporte, Eric; Mwamba, Dieudonne; Subissi, Lorenzo; Liesenborghs, Laurens; Hoff, Nicole A.; Peeters, Martine; Low, Nicola; Ahuka-Mundeke, Steve; Muyembe-Tamfum, Jean-Jacques; Rimoin, Anne W.; Kindrachuk, Jason; Vercauteren, Koen; Rambaut, Andrew; Mbala-Kingebeni, Placide"
PP_0012ZU7,Ib,A.1,Democratic Republic of the Congo,Kinshasa,2024-09-20,189287,0.7407927630077735,2025-02-04,"Wawina-Bokalanga, Tony; Merritt, Sydney; Kinganda-Lusamaki, Eddy; Jansen, Daan; Halbrook, Megan; OToole, Aine; Pukuta-Simbu, Elisabeth; Muyamuna, Elise; Hasivirwe Vakaniaki, Emmanuel; Ola-Mpumbe, Rilia; Kwete-Mbokama, Papy; Akil-Bandali, Prince; Kacita, Cris; Ponga-Museme, Ange; Mapenzi-Kashali, Nelson; Amuri-Aziza, Adrienne; Muyembe-Mawete, Francisca; Lumembe-Numbi, Raphael; Kabamba-Lungenyi, Gabriel; Tshiani-Mbaya, Olivier; Paku-Tshambu, Princesse; Dantas, Pedro Hlf; DeBlock, Tessa; Lokilo-Lofiko, Emmanuel; Muswamba-Kayembe, Chloe; Makangara-Cigolo, Jean-Claude; Luakanda-Ndelemo, Gradi; Kelvin, David J.; Pratt, Catherine; Ayouba, Ahidjo; Tessema, Sofonias; Mauro, Antonio R.; Hensley, Lisa E.; Delaporte, Eric; Mwamba, Dieudonne; Subissi, Lorenzo; Liesenborghs, Laurens; Hoff, Nicole A.; Peeters, Martine; Low, Nicola; Ahuka-Mundeke, Steve; Muyembe-Tamfum, Jean-Jacques; Rimoin, Anne W.; Kindrachuk, Jason; Vercauteren, Koen; Rambaut, Andrew; Mbala-Kingebeni, Placide"
PP_0012ZV5,Ia,None,Democratic Republic of the Congo,Kinshasa,2024-09-23,189256,0.9364937705682804,2025-02-04,"Wawina-Bokalanga, Tony; Merritt, Sydney; Kinganda-Lusamaki, Eddy; Jansen, Daan; Halbrook, Megan; OToole, Aine; Pukuta-Simbu, Elisabeth; Muyamuna, Elise; Hasivirwe Vakaniaki, Emmanuel; Ola-Mpumbe, Rilia; Kwete-Mbokama, Papy; Akil-Bandali, Prince; Kacita, Cris; Ponga-Museme, Ange; Mapenzi-Kashali, Nelson; Amuri-Aziza, Adrienne; Muyembe-Mawete, Francisca; Lumembe-Numbi, Raphael; Kabamba-Lungenyi, Gabriel; Tshiani-Mbaya, Olivier; Paku-Tshambu, Princesse; Dantas, Pedro Hlf; DeBlock, Tessa; Lokilo-Lofiko, Emmanuel; Muswamba-Kayembe, Chloe; Makangara-Cigolo, Jean-Claude; Luakanda-Ndelemo, Gradi; Kelvin, David J.; Pratt, Catherine; Ayouba, Ahidjo; Tessema, Sofonias; Mauro, Antonio R.; Hensley, Lisa E.; Delaporte, Eric; Mwamba, Dieudonne; Subissi, Lorenzo; Liesenborghs, Laurens; Hoff, Nicole A.; Peeters, Martine; Low, Nicola; Ahuka-Mundeke, Steve; Muyembe-Tamfum, Jean-Jacques; Rimoin, Anne W.; Kindrachuk, Jason; Vercauteren, Koen; Rambaut, Andrew; Mbala-Kingebeni, Placide"
PP_0012ZW3,Ib,A.1,Democratic Republic of the Congo,Kinshasa,2024-09-22,190041,0.9367929455552232,2025-02-04,"Wawina-Bokalanga, Tony; Merritt, Sydney; Kinganda-Lusamaki, Eddy; Jansen, Daan; Halbrook, Megan; OToole, Aine; Pukuta-Simbu, Elisabeth; Muyamuna, Elise; Hasivirwe Vakaniaki, Emmanuel; Ola-Mpumbe, Rilia; Kwete-Mbokama, Papy; Akil-Bandali, Prince; Kacita, Cris; Ponga-Museme, Ange; Mapenzi-Kashali, Nelson; Amuri-Aziza, Adrienne; Muyembe-Mawete, Francisca; Lumembe-Numbi, Raphael; Kabamba-Lungenyi, Gabriel; Tshiani-Mbaya, Olivier; Paku-Tshambu, Princesse; Dantas, Pedro Hlf; DeBlock, Tessa; Lokilo-Lofiko, Emmanuel; Muswamba-Kayembe, Chloe; Makangara-Cigolo, Jean-Claude; Luakanda-Ndelemo, Gradi; Kelvin, David J.; Pratt, Catherine; Ayouba, Ahidjo; Tessema, Sofonias; Mauro, Antonio R.; Hensley, Lisa E.; Delaporte, Eric; Mwamba, Dieudonne; Subissi, Lorenzo; Liesenborghs, Laurens; Hoff, Nicole A.; Peeters, Martine; Low, Nicola; Ahuka-Mundeke, Steve; Muyembe-Tamfum, Jean-Jacques; Rimoin, Anne W.; Kindrachuk, Jason; Vercauteren, Koen; Rambaut, Andrew; Mbala-Kingebeni, Placide"
PP_0012ZX1,Ib,A.1,Democratic Republic of the Congo,Kinshasa,2024-09-22,190069,0.9449365901150556,2025-02-04,"Wawina-Bokalanga, Tony; Merritt, Sydney; Kinganda-Lusamaki, Eddy; Jansen, Daan; Halbrook, Megan; OToole, Aine; Pukuta-Simbu, Elisabeth; Muyamuna, Elise; Hasivirwe Vakaniaki, Emmanuel; Ola-Mpumbe, Rilia; Kwete-Mbokama, Papy; Akil-Bandali, Prince; Kacita, Cris; Ponga-Museme, Ange; Mapenzi-Kashali, Nelson; Amuri-Aziza, Adrienne; Muyembe-Mawete, Francisca; Lumembe-Numbi, Raphael; Kabamba-Lungenyi, Gabriel; Tshiani-Mbaya, Olivier; Paku-Tshambu, Princesse; Dantas, Pedro Hlf; DeBlock, Tessa; Lokilo-Lofiko, Emmanuel; Muswamba-Kayembe, Chloe; Makangara-Cigolo, Jean-Claude; Luakanda-Ndelemo, Gradi; Kelvin, David J.; Pratt, Catherine; Ayouba, Ahidjo; Tessema, Sofonias; Mauro, Antonio R.; Hensley, Lisa E.; Delaporte, Eric; Mwamba, Dieudonne; Subissi, Lorenzo; Liesenborghs, Laurens; Hoff, Nicole A.; Peeters, Martine; Low, Nicola; Ahuka-Mundeke, Steve; Muyembe-Tamfum, Jean-Jacques; Rimoin, Anne W.; Kindrachuk, Jason; Vercauteren, Koen; Rambaut, Andrew; Mbala-Kingebeni, Placide"
PP_0012ZYZ,Ib,A.1,Democratic Republic of the Congo,Kinshasa,2024-09-23,189225,0.9221232296700456,2025-02-04,"Wawina-Bokalanga, Tony; Merritt, Sydney; Kinganda-Lusamaki, Eddy; Jansen, Daan; Halbrook, Megan; OToole, Aine; Pukuta-Simbu, Elisabeth; Muyamuna, Elise; Hasivirwe Vakaniaki, Emmanuel; Ola-Mpumbe, Rilia; Kwete-Mbokama, Papy; Akil-Bandali, Prince; Kacita, Cris; Ponga-Museme, Ange; Mapenzi-Kashali, Nelson; Amuri-Aziza, Adrienne; Muyembe-Mawete, Francisca; Lumembe-Numbi, Raphael; Kabamba-Lungenyi, Gabriel; Tshiani-Mbaya, Olivier; Paku-Tshambu, Princesse; Dantas, Pedro Hlf; DeBlock, Tessa; Lokilo-Lofiko, Emmanuel; Muswamba-Kayembe, Chloe; Makangara-Cigolo, Jean-Claude; Luakanda-Ndelemo, Gradi; Kelvin, David J.; Pratt, Catherine; Ayouba, Ahidjo; Tessema, Sofonias; Mauro, Antonio R.; Hensley, Lisa E.; Delaporte, Eric; Mwamba, Dieudonne; Subissi, Lorenzo; Liesenborghs, Laurens; Hoff, Nicole A.; Peeters, Martine; Low, Nicola; Ahuka-Mundeke, Steve; Muyembe-Tamfum, Jean-Jacques; Rimoin, Anne W.; Kindrachuk, Jason; Vercauteren, Koen; Rambaut, Andrew; Mbala-Kingebeni, Placide"
PP_0012ZZX,Ia,None,Democratic Republic of the Congo,Kinshasa,2024-09-23,189241,0.9354339812077542,2025-02-04,"Wawina-Bokalanga, Tony; Merritt, Sydney; Kinganda-Lusamaki, Eddy; Jansen, Daan; Halbrook, Megan; OToole, Aine; Pukuta-Simbu, Elisabeth; Muyamuna, Elise; Hasivirwe Vakaniaki, Emmanuel; Ola-Mpumbe, Rilia; Kwete-Mbokama, Papy; Akil-Bandali, Prince; Kacita, Cris; Ponga-Museme, Ange; Mapenzi-Kashali, Nelson; Amuri-Aziza, Adrienne; Muyembe-Mawete, Francisca; Lumembe-Numbi, Raphael; Kabamba-Lungenyi, Gabriel; Tshiani-Mbaya, Olivier; Paku-Tshambu, Princesse; Dantas, Pedro Hlf; DeBlock, Tessa; Lokilo-Lofiko, Emmanuel; Muswamba-Kayembe, Chloe; Makangara-Cigolo, Jean-Claude; Luakanda-Ndelemo, Gradi; Kelvin, David J.; Pratt, Catherine; Ayouba, Ahidjo; Tessema, Sofonias; Mauro, Antonio R.; Hensley, Lisa E.; Delaporte, Eric; Mwamba, Dieudonne; Subissi, Lorenzo; Liesenborghs, Laurens; Hoff, Nicole A.; Peeters, Martine; Low, Nicola; Ahuka-Mundeke, Steve; Muyembe-Tamfum, Jean-Jacques; Rimoin, Anne W.; Kindrachuk, Jason; Vercauteren, Koen; Rambaut, Andrew; Mbala-Kingebeni, Placide"
PP_001300T,Ia,None,Democratic Republic of the Congo,Kinshasa,2024-09-23,189982,0.950671622491874,2025-02-04,"Wawina-Bokalanga, Tony; Merritt, Sydney; Kinganda-Lusamaki, Eddy; Jansen, Daan; Halbrook, Megan; OToole, Aine; Pukuta-Simbu, Elisabeth; Muyamuna, Elise; Hasivirwe Vakaniaki, Emmanuel; Ola-Mpumbe, Rilia; Kwete-Mbokama, Papy; Akil-Bandali, Prince; Kacita, Cris; Ponga-Museme, Ange; Mapenzi-Kashali, Nelson; Amuri-Aziza, Adrienne; Muyembe-Mawete, Francisca; Lumembe-Numbi, Raphael; Kabamba-Lungenyi, Gabriel; Tshiani-Mbaya, Olivier; Paku-Tshambu, Princesse; Dantas, Pedro Hlf; DeBlock, Tessa; Lokilo-Lofiko, Emmanuel; Muswamba-Kayembe, Chloe; Makangara-Cigolo, Jean-Claude; Luakanda-Ndelemo, Gradi; Kelvin, David J.; Pratt, Catherine; Ayouba, Ahidjo; Tessema, Sofonias; Mauro, Antonio R.; Hensley, Lisa E.; Delaporte, Eric; Mwamba, Dieudonne; Subissi, Lorenzo; Liesenborghs, Laurens; Hoff, Nicole A.; Peeters, Martine; Low, Nicola; Ahuka-Mundeke, Steve; Muyembe-Tamfum, Jean-Jacques; Rimoin, Anne W.; Kindrachuk, Jason; Vercauteren, Koen; Rambaut, Andrew; Mbala-Kingebeni, Placide"
PP_001301R,Ia,None,Democratic Republic of the Congo,Kinshasa,2024-09-24,189245,0.9253735884264916,2025-02-04,"Wawina-Bokalanga, Tony; Merritt, Sydney; Kinganda-Lusamaki, Eddy; Jansen, Daan; Halbrook, Megan; OToole, Aine; Pukuta-Simbu, Elisabeth; Muyamuna, Elise; Hasivirwe Vakaniaki, Emmanuel; Ola-Mpumbe, Rilia; Kwete-Mbokama, Papy; Akil-Bandali, Prince; Kacita, Cris; Ponga-Museme, Ange; Mapenzi-Kashali, Nelson; Amuri-Aziza, Adrienne; Muyembe-Mawete, Francisca; Lumembe-Numbi, Raphael; Kabamba-Lungenyi, Gabriel; Tshiani-Mbaya, Olivier; Paku-Tshambu, Princesse; Dantas, Pedro Hlf; DeBlock, Tessa; Lokilo-Lofiko, Emmanuel; Muswamba-Kayembe, Chloe; Makangara-Cigolo, Jean-Claude; Luakanda-Ndelemo, Gradi; Kelvin, David J.; Pratt, Catherine; Ayouba, Ahidjo; Tessema, Sofonias; Mauro, Antonio R.; Hensley, Lisa E.; Delaporte, Eric; Mwamba, Dieudonne; Subissi, Lorenzo; Liesenborghs, Laurens; Hoff, Nicole A.; Peeters, Martine; Low, Nicola; Ahuka-Mundeke, Steve; Muyembe-Tamfum, Jean-Jacques; Rimoin, Anne W.; Kindrachuk, Jason; Vercauteren, Koen; Rambaut, Andrew; Mbala-Kingebeni, Placide"
PP_001302P,Ia,None,Democratic Republic of the Congo,Kinshasa,2024-09-24,189466,0.9464679603872034,2025-02-04,"Wawina-Bokalanga, Tony; Merritt, Sydney; Kinganda-Lusamaki, Eddy; Jansen, Daan; Halbrook, Megan; OToole, Aine; Pukuta-Simbu, Elisabeth; Muyamuna, Elise; Hasivirwe Vakaniaki, Emmanuel; Ola-Mpumbe, Rilia; Kwete-Mbokama, Papy; Akil-Bandali, Prince; Kacita, Cris; Ponga-Museme, Ange; Mapenzi-Kashali, Nelson; Amuri-Aziza, Adrienne; Muyembe-Mawete, Francisca; Lumembe-Numbi, Raphael; Kabamba-Lungenyi, Gabriel; Tshiani-Mbaya, Olivier; Paku-Tshambu, Princesse; Dantas, Pedro Hlf; DeBlock, Tessa; Lokilo-Lofiko, Emmanuel; Muswamba-Kayembe, Chloe; Makangara-Cigolo, Jean-Claude; Luakanda-Ndelemo, Gradi; Kelvin, David J.; Pratt, Catherine; Ayouba, Ahidjo; Tessema, Sofonias; Mauro, Antonio R.; Hensley, Lisa E.; Delaporte, Eric; Mwamba, Dieudonne; Subissi, Lorenzo; Liesenborghs, Laurens; Hoff, Nicole A.; Peeters, Martine; Low, Nicola; Ahuka-Mundeke, Steve; Muyembe-Tamfum, Jean-Jacques; Rimoin, Anne W.; Kindrachuk, Jason; Vercauteren, Koen; Rambaut, Andrew; Mbala-Kingebeni, Placide"
PP_001303M,Ia,None,Democratic Republic of the Congo,Kinshasa,2024-09-24,189993,0.9509403729038736,2025-02-04,"Wawina-Bokalanga, Tony; Merritt, Sydney; Kinganda-Lusamaki, Eddy; Jansen, Daan; Halbrook, Megan; OToole, Aine; Pukuta-Simbu, Elisabeth; Muyamuna, Elise; Hasivirwe Vakaniaki, Emmanuel; Ola-Mpumbe, Rilia; Kwete-Mbokama, Papy; Akil-Bandali, Prince; Kacita, Cris; Ponga-Museme, Ange; Mapenzi-Kashali, Nelson; Amuri-Aziza, Adrienne; Muyembe-Mawete, Francisca; Lumembe-Numbi, Raphael; Kabamba-Lungenyi, Gabriel; Tshiani-Mbaya, Olivier; Paku-Tshambu, Princesse; Dantas, Pedro Hlf; DeBlock, Tessa; Lokilo-Lofiko, Emmanuel; Muswamba-Kayembe, Chloe; Makangara-Cigolo, Jean-Claude; Luakanda-Ndelemo, Gradi; Kelvin, David J.; Pratt, Catherine; Ayouba, Ahidjo; Tessema, Sofonias; Mauro, Antonio R.; Hensley, Lisa E.; Delaporte, Eric; Mwamba, Dieudonne; Subissi, Lorenzo; Liesenborghs, Laurens; Hoff, Nicole A.; Peeters, Martine; Low, Nicola; Ahuka-Mundeke, Steve; Muyembe-Tamfum, Jean-Jacques; Rimoin, Anne W.; Kindrachuk, Jason; Vercauteren, Koen; Rambaut, Andrew; Mbala-Kingebeni, Placide"
PP_001304K,Ia,None,Democratic Republic of the Congo,Kinshasa,2024-09-24,189472,0.9438108808421524,2025-02-04,"Wawina-Bokalanga, Tony; Merritt, Sydney; Kinganda-Lusamaki, Eddy; Jansen, Daan; Halbrook, Megan; OToole, Aine; Pukuta-Simbu, Elisabeth; Muyamuna, Elise; Hasivirwe Vakaniaki, Emmanuel; Ola-Mpumbe, Rilia; Kwete-Mbokama, Papy; Akil-Bandali, Prince; Kacita, Cris; Ponga-Museme, Ange; Mapenzi-Kashali, Nelson; Amuri-Aziza, Adrienne; Muyembe-Mawete, Francisca; Lumembe-Numbi, Raphael; Kabamba-Lungenyi, Gabriel; Tshiani-Mbaya, Olivier; Paku-Tshambu, Princesse; Dantas, Pedro Hlf; DeBlock, Tessa; Lokilo-Lofiko, Emmanuel; Muswamba-Kayembe, Chloe; Makangara-Cigolo, Jean-Claude; Luakanda-Ndelemo, Gradi; Kelvin, David J.; Pratt, Catherine; Ayouba, Ahidjo; Tessema, Sofonias; Mauro, Antonio R.; Hensley, Lisa E.; Delaporte, Eric; Mwamba, Dieudonne; Subissi, Lorenzo; Liesenborghs, Laurens; Hoff, Nicole A.; Peeters, Martine; Low, Nicola; Ahuka-Mundeke, Steve; Muyembe-Tamfum, Jean-Jacques; Rimoin, Anne W.; Kindrachuk, Jason; Vercauteren, Koen; Rambaut, Andrew; Mbala-Kingebeni, Placide"
PP_001305H,Ia,None,Democratic Republic of the Congo,Kinshasa,2024-09-25,190051,0.9520914359892296,2025-02-04,"Wawina-Bokalanga, Tony; Merritt, Sydney; Kinganda-Lusamaki, Eddy; Jansen, Daan; Halbrook, Megan; OToole, Aine; Pukuta-Simbu, Elisabeth; Muyamuna, Elise; Hasivirwe Vakaniaki, Emmanuel; Ola-Mpumbe, Rilia; Kwete-Mbokama, Papy; Akil-Bandali, Prince; Kacita, Cris; Ponga-Museme, Ange; Mapenzi-Kashali, Nelson; Amuri-Aziza, Adrienne; Muyembe-Mawete, Francisca; Lumembe-Numbi, Raphael; Kabamba-Lungenyi, Gabriel; Tshiani-Mbaya, Olivier; Paku-Tshambu, Princesse; Dantas, Pedro Hlf; DeBlock, Tessa; Lokilo-Lofiko, Emmanuel; Muswamba-Kayembe, Chloe; Makangara-Cigolo, Jean-Claude; Luakanda-Ndelemo, Gradi; Kelvin, David J.; Pratt, Catherine; Ayouba, Ahidjo; Tessema, Sofonias; Mauro, Antonio R.; Hensley, Lisa E.; Delaporte, Eric; Mwamba, Dieudonne; Subissi, Lorenzo; Liesenborghs, Laurens; Hoff, Nicole A.; Peeters, Martine; Low, Nicola; Ahuka-Mundeke, Steve; Muyembe-Tamfum, Jean-Jacques; Rimoin, Anne W.; Kindrachuk, Jason; Vercauteren, Koen; Rambaut, Andrew; Mbala-Kingebeni, Placide"
PP_001306F,Ia,None,Democratic Republic of the Congo,Kinshasa,2024-09-25,189272,0.912382294925688,2025-02-04,"Wawina-Bokalanga, Tony; Merritt, Sydney; Kinganda-Lusamaki, Eddy; Jansen, Daan; Halbrook, Megan; OToole, Aine; Pukuta-Simbu, Elisabeth; Muyamuna, Elise; Hasivirwe Vakaniaki, Emmanuel; Ola-Mpumbe, Rilia; Kwete-Mbokama, Papy; Akil-Bandali, Prince; Kacita, Cris; Ponga-Museme, Ange; Mapenzi-Kashali, Nelson; Amuri-Aziza, Adrienne; Muyembe-Mawete, Francisca; Lumembe-Numbi, Raphael; Kabamba-Lungenyi, Gabriel; Tshiani-Mbaya, Olivier; Paku-Tshambu, Princesse; Dantas, Pedro Hlf; DeBlock, Tessa; Lokilo-Lofiko, Emmanuel; Muswamba-Kayembe, Chloe; Makangara-Cigolo, Jean-Claude; Luakanda-Ndelemo, Gradi; Kelvin, David J.; Pratt, Catherine; Ayouba, Ahidjo; Tessema, Sofonias; Mauro, Antonio R.; Hensley, Lisa E.; Delaporte, Eric; Mwamba, Dieudonne; Subissi, Lorenzo; Liesenborghs, Laurens; Hoff, Nicole A.; Peeters, Martine; Low, Nicola; Ahuka-Mundeke, Steve; Muyembe-Tamfum, Jean-Jacques; Rimoin, Anne W.; Kindrachuk, Jason; Vercauteren, Koen; Rambaut, Andrew; Mbala-Kingebeni, Placide"
PP_001307D,Ia,None,Democratic Republic of the Congo,Kinshasa,2024-09-25,189246,0.8970787337291909,2025-02-04,"Wawina-Bokalanga, Tony; Merritt, Sydney; Kinganda-Lusamaki, Eddy; Jansen, Daan; Halbrook, Megan; OToole, Aine; Pukuta-Simbu, Elisabeth; Muyamuna, Elise; Hasivirwe Vakaniaki, Emmanuel; Ola-Mpumbe, Rilia; Kwete-Mbokama, Papy; Akil-Bandali, Prince; Kacita, Cris; Ponga-Museme, Ange; Mapenzi-Kashali, Nelson; Amuri-Aziza, Adrienne; Muyembe-Mawete, Francisca; Lumembe-Numbi, Raphael; Kabamba-Lungenyi, Gabriel; Tshiani-Mbaya, Olivier; Paku-Tshambu, Princesse; Dantas, Pedro Hlf; DeBlock, Tessa; Lokilo-Lofiko, Emmanuel; Muswamba-Kayembe, Chloe; Makangara-Cigolo, Jean-Claude; Luakanda-Ndelemo, Gradi; Kelvin, David J.; Pratt, Catherine; Ayouba, Ahidjo; Tessema, Sofonias; Mauro, Antonio R.; Hensley, Lisa E.; Delaporte, Eric; Mwamba, Dieudonne; Subissi, Lorenzo; Liesenborghs, Laurens; Hoff, Nicole A.; Peeters, Martine; Low, Nicola; Ahuka-Mundeke, Steve; Muyembe-Tamfum, Jean-Jacques; Rimoin, Anne W.; Kindrachuk, Jason; Vercauteren, Koen; Rambaut, Andrew; Mbala-Kingebeni, Placide"
PP_001308B,Ia,None,Democratic Republic of the Congo,Kinshasa,2024-09-25,189467,0.9475784573726352,2025-02-04,"Wawina-Bokalanga, Tony; Merritt, Sydney; Kinganda-Lusamaki, Eddy; Jansen, Daan; Halbrook, Megan; OToole, Aine; Pukuta-Simbu, Elisabeth; Muyamuna, Elise; Hasivirwe Vakaniaki, Emmanuel; Ola-Mpumbe, Rilia; Kwete-Mbokama, Papy; Akil-Bandali, Prince; Kacita, Cris; Ponga-Museme, Ange; Mapenzi-Kashali, Nelson; Amuri-Aziza, Adrienne; Muyembe-Mawete, Francisca; Lumembe-Numbi, Raphael; Kabamba-Lungenyi, Gabriel; Tshiani-Mbaya, Olivier; Paku-Tshambu, Princesse; Dantas, Pedro Hlf; DeBlock, Tessa; Lokilo-Lofiko, Emmanuel; Muswamba-Kayembe, Chloe; Makangara-Cigolo, Jean-Claude; Luakanda-Ndelemo, Gradi; Kelvin, David J.; Pratt, Catherine; Ayouba, Ahidjo; Tessema, Sofonias; Mauro, Antonio R.; Hensley, Lisa E.; Delaporte, Eric; Mwamba, Dieudonne; Subissi, Lorenzo; Liesenborghs, Laurens; Hoff, Nicole A.; Peeters, Martine; Low, Nicola; Ahuka-Mundeke, Steve; Muyembe-Tamfum, Jean-Jacques; Rimoin, Anne W.; Kindrachuk, Jason; Vercauteren, Koen; Rambaut, Andrew; Mbala-Kingebeni, Placide"
PP_0013099,Ia,None,Democratic Republic of the Congo,Kinshasa,2024-09-25,189379,0.9483948501336146,2025-02-04,"Wawina-Bokalanga, Tony; Merritt, Sydney; Kinganda-Lusamaki, Eddy; Jansen, Daan; Halbrook, Megan; OToole, Aine; Pukuta-Simbu, Elisabeth; Muyamuna, Elise; Hasivirwe Vakaniaki, Emmanuel; Ola-Mpumbe, Rilia; Kwete-Mbokama, Papy; Akil-Bandali, Prince; Kacita, Cris; Ponga-Museme, Ange; Mapenzi-Kashali, Nelson; Amuri-Aziza, Adrienne; Muyembe-Mawete, Francisca; Lumembe-Numbi, Raphael; Kabamba-Lungenyi, Gabriel; Tshiani-Mbaya, Olivier; Paku-Tshambu, Princesse; Dantas, Pedro Hlf; DeBlock, Tessa; Lokilo-Lofiko, Emmanuel; Muswamba-Kayembe, Chloe; Makangara-Cigolo, Jean-Claude; Luakanda-Ndelemo, Gradi; Kelvin, David J.; Pratt, Catherine; Ayouba, Ahidjo; Tessema, Sofonias; Mauro, Antonio R.; Hensley, Lisa E.; Delaporte, Eric; Mwamba, Dieudonne; Subissi, Lorenzo; Liesenborghs, Laurens; Hoff, Nicole A.; Peeters, Martine; Low, Nicola; Ahuka-Mundeke, Steve; Muyembe-Tamfum, Jean-Jacques; Rimoin, Anne W.; Kindrachuk, Jason; Vercauteren, Koen; Rambaut, Andrew; Mbala-Kingebeni, Placide"
PP_00130A7,Ia,None,Democratic Republic of the Congo,Kinshasa,2024-09-25,189789,0.94452078759083,2025-02-04,"Wawina-Bokalanga, Tony; Merritt, Sydney; Kinganda-Lusamaki, Eddy; Jansen, Daan; Halbrook, Megan; OToole, Aine; Pukuta-Simbu, Elisabeth; Muyamuna, Elise; Hasivirwe Vakaniaki, Emmanuel; Ola-Mpumbe, Rilia; Kwete-Mbokama, Papy; Akil-Bandali, Prince; Kacita, Cris; Ponga-Museme, Ange; Mapenzi-Kashali, Nelson; Amuri-Aziza, Adrienne; Muyembe-Mawete, Francisca; Lumembe-Numbi, Raphael; Kabamba-Lungenyi, Gabriel; Tshiani-Mbaya, Olivier; Paku-Tshambu, Princesse; Dantas, Pedro Hlf; DeBlock, Tessa; Lokilo-Lofiko, Emmanuel; Muswamba-Kayembe, Chloe; Makangara-Cigolo, Jean-Claude; Luakanda-Ndelemo, Gradi; Kelvin, David J.; Pratt, Catherine; Ayouba, Ahidjo; Tessema, Sofonias; Mauro, Antonio R.; Hensley, Lisa E.; Delaporte, Eric; Mwamba, Dieudonne; Subissi, Lorenzo; Liesenborghs, Laurens; Hoff, Nicole A.; Peeters, Martine; Low, Nicola; Ahuka-Mundeke, Steve; Muyembe-Tamfum, Jean-Jacques; Rimoin, Anne W.; Kindrachuk, Jason; Vercauteren, Koen; Rambaut, Andrew; Mbala-Kingebeni, Placide"
PP_00130B5,Ia,None,Democratic Republic of the Congo,Kinshasa,2024-09-26,189799,0.9418028588958922,2025-02-04,"Wawina-Bokalanga, Tony; Merritt, Sydney; Kinganda-Lusamaki, Eddy; Jansen, Daan; Halbrook, Megan; OToole, Aine; Pukuta-Simbu, Elisabeth; Muyamuna, Elise; Hasivirwe Vakaniaki, Emmanuel; Ola-Mpumbe, Rilia; Kwete-Mbokama, Papy; Akil-Bandali, Prince; Kacita, Cris; Ponga-Museme, Ange; Mapenzi-Kashali, Nelson; Amuri-Aziza, Adrienne; Muyembe-Mawete, Francisca; Lumembe-Numbi, Raphael; Kabamba-Lungenyi, Gabriel; Tshiani-Mbaya, Olivier; Paku-Tshambu, Princesse; Dantas, Pedro Hlf; DeBlock, Tessa; Lokilo-Lofiko, Emmanuel; Muswamba-Kayembe, Chloe; Makangara-Cigolo, Jean-Claude; Luakanda-Ndelemo, Gradi; Kelvin, David J.; Pratt, Catherine; Ayouba, Ahidjo; Tessema, Sofonias; Mauro, Antonio R.; Hensley, Lisa E.; Delaporte, Eric; Mwamba, Dieudonne; Subissi, Lorenzo; Liesenborghs, Laurens; Hoff, Nicole A.; Peeters, Martine; Low, Nicola; Ahuka-Mundeke, Steve; Muyembe-Tamfum, Jean-Jacques; Rimoin, Anne W.; Kindrachuk, Jason; Vercauteren, Koen; Rambaut, Andrew; Mbala-Kingebeni, Placide"
PP_00130C3,Ia,None,Democratic Republic of the Congo,Kinshasa,2024-09-27,189669,0.9441861172664534,2025-02-04,"Wawina-Bokalanga, Tony; Merritt, Sydney; Kinganda-Lusamaki, Eddy; Jansen, Daan; Halbrook, Megan; OToole, Aine; Pukuta-Simbu, Elisabeth; Muyamuna, Elise; Hasivirwe Vakaniaki, Emmanuel; Ola-Mpumbe, Rilia; Kwete-Mbokama, Papy; Akil-Bandali, Prince; Kacita, Cris; Ponga-Museme, Ange; Mapenzi-Kashali, Nelson; Amuri-Aziza, Adrienne; Muyembe-Mawete, Francisca; Lumembe-Numbi, Raphael; Kabamba-Lungenyi, Gabriel; Tshiani-Mbaya, Olivier; Paku-Tshambu, Princesse; Dantas, Pedro Hlf; DeBlock, Tessa; Lokilo-Lofiko, Emmanuel; Muswamba-Kayembe, Chloe; Makangara-Cigolo, Jean-Claude; Luakanda-Ndelemo, Gradi; Kelvin, David J.; Pratt, Catherine; Ayouba, Ahidjo; Tessema, Sofonias; Mauro, Antonio R.; Hensley, Lisa E.; Delaporte, Eric; Mwamba, Dieudonne; Subissi, Lorenzo; Liesenborghs, Laurens; Hoff, Nicole A.; Peeters, Martine; Low, Nicola; Ahuka-Mundeke, Steve; Muyembe-Tamfum, Jean-Jacques; Rimoin, Anne W.; Kindrachuk, Jason; Vercauteren, Koen; Rambaut, Andrew; Mbala-Kingebeni, Placide"
PP_00130D1,Ia,None,Democratic Republic of the Congo,Kinshasa,2024-09-27,189065,0.9010237869468432,2025-02-04,"Wawina-Bokalanga, Tony; Merritt, Sydney; Kinganda-Lusamaki, Eddy; Jansen, Daan; Halbrook, Megan; OToole, Aine; Pukuta-Simbu, Elisabeth; Muyamuna, Elise; Hasivirwe Vakaniaki, Emmanuel; Ola-Mpumbe, Rilia; Kwete-Mbokama, Papy; Akil-Bandali, Prince; Kacita, Cris; Ponga-Museme, Ange; Mapenzi-Kashali, Nelson; Amuri-Aziza, Adrienne; Muyembe-Mawete, Francisca; Lumembe-Numbi, Raphael; Kabamba-Lungenyi, Gabriel; Tshiani-Mbaya, Olivier; Paku-Tshambu, Princesse; Dantas, Pedro Hlf; DeBlock, Tessa; Lokilo-Lofiko, Emmanuel; Muswamba-Kayembe, Chloe; Makangara-Cigolo, Jean-Claude; Luakanda-Ndelemo, Gradi; Kelvin, David J.; Pratt, Catherine; Ayouba, Ahidjo; Tessema, Sofonias; Mauro, Antonio R.; Hensley, Lisa E.; Delaporte, Eric; Mwamba, Dieudonne; Subissi, Lorenzo; Liesenborghs, Laurens; Hoff, Nicole A.; Peeters, Martine; Low, Nicola; Ahuka-Mundeke, Steve; Muyembe-Tamfum, Jean-Jacques; Rimoin, Anne W.; Kindrachuk, Jason; Vercauteren, Koen; Rambaut, Andrew; Mbala-Kingebeni, Placide"
PP_00130EZ,Ia,None,Democratic Republic of the Congo,Kinshasa,2024-09-26,189980,0.9268846756486772,2025-02-04,"Wawina-Bokalanga, Tony; Merritt, Sydney; Kinganda-Lusamaki, Eddy; Jansen, Daan; Halbrook, Megan; OToole, Aine; Pukuta-Simbu, Elisabeth; Muyamuna, Elise; Hasivirwe Vakaniaki, Emmanuel; Ola-Mpumbe, Rilia; Kwete-Mbokama, Papy; Akil-Bandali, Prince; Kacita, Cris; Ponga-Museme, Ange; Mapenzi-Kashali, Nelson; Amuri-Aziza, Adrienne; Muyembe-Mawete, Francisca; Lumembe-Numbi, Raphael; Kabamba-Lungenyi, Gabriel; Tshiani-Mbaya, Olivier; Paku-Tshambu, Princesse; Dantas, Pedro Hlf; DeBlock, Tessa; Lokilo-Lofiko, Emmanuel; Muswamba-Kayembe, Chloe; Makangara-Cigolo, Jean-Claude; Luakanda-Ndelemo, Gradi; Kelvin, David J.; Pratt, Catherine; Ayouba, Ahidjo; Tessema, Sofonias; Mauro, Antonio R.; Hensley, Lisa E.; Delaporte, Eric; Mwamba, Dieudonne; Subissi, Lorenzo; Liesenborghs, Laurens; Hoff, Nicole A.; Peeters, Martine; Low, Nicola; Ahuka-Mundeke, Steve; Muyembe-Tamfum, Jean-Jacques; Rimoin, Anne W.; Kindrachuk, Jason; Vercauteren, Koen; Rambaut, Andrew; Mbala-Kingebeni, Placide"
PP_00130FX,Ia,None,Democratic Republic of the Congo,Kinshasa,2024-09-23,188093,0.8711620666399607,2025-02-04,"Wawina-Bokalanga, Tony; Merritt, Sydney; Kinganda-Lusamaki, Eddy; Jansen, Daan; Halbrook, Megan; OToole, Aine; Pukuta-Simbu, Elisabeth; Muyamuna, Elise; Hasivirwe Vakaniaki, Emmanuel; Ola-Mpumbe, Rilia; Kwete-Mbokama, Papy; Akil-Bandali, Prince; Kacita, Cris; Ponga-Museme, Ange; Mapenzi-Kashali, Nelson; Amuri-Aziza, Adrienne; Muyembe-Mawete, Francisca; Lumembe-Numbi, Raphael; Kabamba-Lungenyi, Gabriel; Tshiani-Mbaya, Olivier; Paku-Tshambu, Princesse; Dantas, Pedro Hlf; DeBlock, Tessa; Lokilo-Lofiko, Emmanuel; Muswamba-Kayembe, Chloe; Makangara-Cigolo, Jean-Claude; Luakanda-Ndelemo, Gradi; Kelvin, David J.; Pratt, Catherine; Ayouba, Ahidjo; Tessema, Sofonias; Mauro, Antonio R.; Hensley, Lisa E.; Delaporte, Eric; Mwamba, Dieudonne; Subissi, Lorenzo; Liesenborghs, Laurens; Hoff, Nicole A.; Peeters, Martine; Low, Nicola; Ahuka-Mundeke, Steve; Muyembe-Tamfum, Jean-Jacques; Rimoin, Anne W.; Kindrachuk, Jason; Vercauteren, Koen; Rambaut, Andrew; Mbala-Kingebeni, Placide"
PP_00130GV,Ia,None,Democratic Republic of the Congo,Equateur,2024-08-29,187657,0.7725864438235578,2025-02-04,"Kinganda-Lusamaki, Eddy; Amuri-Aziza, Adrienne; Luakanda-Ndelemo, Gradi; Makangara-Cigolo, Jean-Claude; Kenye, Michel; Kavira, Sifa; Wawina-Bokalanga, Tony; Merritt, Sydney; Jansen, Daan; Halbrook, Megan; OToole, Aine; Pukuta-Simbu, Elisabeth; Hasivirwe Vakaniaki, Emmanuel; Ola-Mpumbe, Rilia; Kwete-Mbokama, Papy; Akil-Bandali, Prince; Kacita, Cris; Ponga-Museme, Ange; Mapenzi-Kashali, Nelson; Tshiani-Mbaya, Olivier; Paku-Tshambu, Princesse; Dantas, Pedro H. L. F.; De Block, Tessa; Lokilo-Lofiko, Emmanuel; Muswamba-Kayembe, Chloe; Kelvin, David J.; Pratt, Catherine; Ayouba, Ahidjo; Tessema, Sofonias; Mauro Rezende, Antonio; Hensley, Lisa E.; Delaporte, Eric; Mwamba, Dieudonne; Subissi, Lorenzo; Liesenborghs, Laurens; Hoff, Nicole A.; Peeters, Martine; Low, Nicola; Ahuka-Mundeke, Steve; Muyembe-Tamfum, Jean-Jacques; Rimoin, Anne W.; Kindrachuk, Jason; Vercauteren, Koen; Rambaut, Andrew; Mbala-Kingebeni, Placide"
PP_00130HS,Ia,None,Democratic Republic of the Congo,Kinshasa,2024-09-26,189479,0.8938080919227824,2025-02-04,"Wawina-Bokalanga, Tony; Merritt, Sydney; Kinganda-Lusamaki, Eddy; Jansen, Daan; Halbrook, Megan; OToole, Aine; Pukuta-Simbu, Elisabeth; Muyamuna, Elise; Hasivirwe Vakaniaki, Emmanuel; Ola-Mpumbe, Rilia; Kwete-Mbokama, Papy; Akil-Bandali, Prince; Kacita, Cris; Ponga-Museme, Ange; Mapenzi-Kashali, Nelson; Amuri-Aziza, Adrienne; Muyembe-Mawete, Francisca; Lumembe-Numbi, Raphael; Kabamba-Lungenyi, Gabriel; Tshiani-Mbaya, Olivier; Paku-Tshambu, Princesse; Dantas, Pedro Hlf; DeBlock, Tessa; Lokilo-Lofiko, Emmanuel; Muswamba-Kayembe, Chloe; Makangara-Cigolo, Jean-Claude; Luakanda-Ndelemo, Gradi; Kelvin, David J.; Pratt, Catherine; Ayouba, Ahidjo; Tessema, Sofonias; Mauro, Antonio R.; Hensley, Lisa E.; Delaporte, Eric; Mwamba, Dieudonne; Subissi, Lorenzo; Liesenborghs, Laurens; Hoff, Nicole A.; Peeters, Martine; Low, Nicola; Ahuka-Mundeke, Steve; Muyembe-Tamfum, Jean-Jacques; Rimoin, Anne W.; Kindrachuk, Jason; Vercauteren, Koen; Rambaut, Andrew; Mbala-Kingebeni, Placide"
PP_00130JQ,Ia,None,Democratic Republic of the Congo,Kinshasa,2024-09-27,187677,0.8417567149572281,2025-02-04,"Wawina-Bokalanga, Tony; Merritt, Sydney; Kinganda-Lusamaki, Eddy; Jansen, Daan; Halbrook, Megan; OToole, Aine; Pukuta-Simbu, Elisabeth; Muyamuna, Elise; Hasivirwe Vakaniaki, Emmanuel; Ola-Mpumbe, Rilia; Kwete-Mbokama, Papy; Akil-Bandali, Prince; Kacita, Cris; Ponga-Museme, Ange; Mapenzi-Kashali, Nelson; Amuri-Aziza, Adrienne; Muyembe-Mawete, Francisca; Lumembe-Numbi, Raphael; Kabamba-Lungenyi, Gabriel; Tshiani-Mbaya, Olivier; Paku-Tshambu, Princesse; Dantas, Pedro Hlf; DeBlock, Tessa; Lokilo-Lofiko, Emmanuel; Muswamba-Kayembe, Chloe; Makangara-Cigolo, Jean-Claude; Luakanda-Ndelemo, Gradi; Kelvin, David J.; Pratt, Catherine; Ayouba, Ahidjo; Tessema, Sofonias; Mauro, Antonio R.; Hensley, Lisa E.; Delaporte, Eric; Mwamba, Dieudonne; Subissi, Lorenzo; Liesenborghs, Laurens; Hoff, Nicole A.; Peeters, Martine; Low, Nicola; Ahuka-Mundeke, Steve; Muyembe-Tamfum, Jean-Jacques; Rimoin, Anne W.; Kindrachuk, Jason; Vercauteren, Koen; Rambaut, Andrew; Mbala-Kingebeni, Placide"
PP_00130KN,Ia,None,Democratic Republic of the Congo,Kinshasa,2024-09-26,188084,0.8559193545933502,2025-02-04,"Wawina-Bokalanga, Tony; Merritt, Sydney; Kinganda-Lusamaki, Eddy; Jansen, Daan; Halbrook, Megan; OToole, Aine; Pukuta-Simbu, Elisabeth; Muyamuna, Elise; Hasivirwe Vakaniaki, Emmanuel; Ola-Mpumbe, Rilia; Kwete-Mbokama, Papy; Akil-Bandali, Prince; Kacita, Cris; Ponga-Museme, Ange; Mapenzi-Kashali, Nelson; Amuri-Aziza, Adrienne; Muyembe-Mawete, Francisca; Lumembe-Numbi, Raphael; Kabamba-Lungenyi, Gabriel; Tshiani-Mbaya, Olivier; Paku-Tshambu, Princesse; Dantas, Pedro Hlf; DeBlock, Tessa; Lokilo-Lofiko, Emmanuel; Muswamba-Kayembe, Chloe; Makangara-Cigolo, Jean-Claude; Luakanda-Ndelemo, Gradi; Kelvin, David J.; Pratt, Catherine; Ayouba, Ahidjo; Tessema, Sofonias; Mauro, Antonio R.; Hensley, Lisa E.; Delaporte, Eric; Mwamba, Dieudonne; Subissi, Lorenzo; Liesenborghs, Laurens; Hoff, Nicole A.; Peeters, Martine; Low, Nicola; Ahuka-Mundeke, Steve; Muyembe-Tamfum, Jean-Jacques; Rimoin, Anne W.; Kindrachuk, Jason; Vercauteren, Koen; Rambaut, Andrew; Mbala-Kingebeni, Placide"
PP_00130LL,Ia,None,Democratic Republic of the Congo,Kinshasa,2024-09-27,187687,0.7996491032356535,2025-02-04,"Wawina-Bokalanga, Tony; Merritt, Sydney; Kinganda-Lusamaki, Eddy; Jansen, Daan; Halbrook, Megan; OToole, Aine; Pukuta-Simbu, Elisabeth; Muyamuna, Elise; Hasivirwe Vakaniaki, Emmanuel; Ola-Mpumbe, Rilia; Kwete-Mbokama, Papy; Akil-Bandali, Prince; Kacita, Cris; Ponga-Museme, Ange; Mapenzi-Kashali, Nelson; Amuri-Aziza, Adrienne; Muyembe-Mawete, Francisca; Lumembe-Numbi, Raphael; Kabamba-Lungenyi, Gabriel; Tshiani-Mbaya, Olivier; Paku-Tshambu, Princesse; Dantas, Pedro Hlf; DeBlock, Tessa; Lokilo-Lofiko, Emmanuel; Muswamba-Kayembe, Chloe; Makangara-Cigolo, Jean-Claude; Luakanda-Ndelemo, Gradi; Kelvin, David J.; Pratt, Catherine; Ayouba, Ahidjo; Tessema, Sofonias; Mauro, Antonio R.; Hensley, Lisa E.; Delaporte, Eric; Mwamba, Dieudonne; Subissi, Lorenzo; Liesenborghs, Laurens; Hoff, Nicole A.; Peeters, Martine; Low, Nicola; Ahuka-Mundeke, Steve; Muyembe-Tamfum, Jean-Jacques; Rimoin, Anne W.; Kindrachuk, Jason; Vercauteren, Koen; Rambaut, Andrew; Mbala-Kingebeni, Placide"
PP_00130MJ,Ia,None,Democratic Republic of the Congo,Kinshasa,2024-09-27,187666,0.7446769670755391,2025-02-04,"Wawina-Bokalanga, Tony; Merritt, Sydney; Kinganda-Lusamaki, Eddy; Jansen, Daan; Halbrook, Megan; OToole, Aine; Pukuta-Simbu, Elisabeth; Muyamuna, Elise; Hasivirwe Vakaniaki, Emmanuel; Ola-Mpumbe, Rilia; Kwete-Mbokama, Papy; Akil-Bandali, Prince; Kacita, Cris; Ponga-Museme, Ange; Mapenzi-Kashali, Nelson; Amuri-Aziza, Adrienne; Muyembe-Mawete, Francisca; Lumembe-Numbi, Raphael; Kabamba-Lungenyi, Gabriel; Tshiani-Mbaya, Olivier; Paku-Tshambu, Princesse; Dantas, Pedro Hlf; DeBlock, Tessa; Lokilo-Lofiko, Emmanuel; Muswamba-Kayembe, Chloe; Makangara-Cigolo, Jean-Claude; Luakanda-Ndelemo, Gradi; Kelvin, David J.; Pratt, Catherine; Ayouba, Ahidjo; Tessema, Sofonias; Mauro, Antonio R.; Hensley, Lisa E.; Delaporte, Eric; Mwamba, Dieudonne; Subissi, Lorenzo; Liesenborghs, Laurens; Hoff, Nicole A.; Peeters, Martine; Low, Nicola; Ahuka-Mundeke, Steve; Muyembe-Tamfum, Jean-Jacques; Rimoin, Anne W.; Kindrachuk, Jason; Vercauteren, Koen; Rambaut, Andrew; Mbala-Kingebeni, Placide"
PP_00130NG,Ia,None,Democratic Republic of the Congo,Kinshasa,2024-09-27,190104,0.9306116860792356,2025-02-04,"Wawina-Bokalanga, Tony; Merritt, Sydney; Kinganda-Lusamaki, Eddy; Jansen, Daan; Halbrook, Megan; OToole, Aine; Pukuta-Simbu, Elisabeth; Muyamuna, Elise; Hasivirwe Vakaniaki, Emmanuel; Ola-Mpumbe, Rilia; Kwete-Mbokama, Papy; Akil-Bandali, Prince; Kacita, Cris; Ponga-Museme, Ange; Mapenzi-Kashali, Nelson; Amuri-Aziza, Adrienne; Muyembe-Mawete, Francisca; Lumembe-Numbi, Raphael; Kabamba-Lungenyi, Gabriel; Tshiani-Mbaya, Olivier; Paku-Tshambu, Princesse; Dantas, Pedro Hlf; DeBlock, Tessa; Lokilo-Lofiko, Emmanuel; Muswamba-Kayembe, Chloe; Makangara-Cigolo, Jean-Claude; Luakanda-Ndelemo, Gradi; Kelvin, David J.; Pratt, Catherine; Ayouba, Ahidjo; Tessema, Sofonias; Mauro, Antonio R.; Hensley, Lisa E.; Delaporte, Eric; Mwamba, Dieudonne; Subissi, Lorenzo; Liesenborghs, Laurens; Hoff, Nicole A.; Peeters, Martine; Low, Nicola; Ahuka-Mundeke, Steve; Muyembe-Tamfum, Jean-Jacques; Rimoin, Anne W.; Kindrachuk, Jason; Vercauteren, Koen; Rambaut, Andrew; Mbala-Kingebeni, Placide"
PP_00130PE,Ia,None,Democratic Republic of the Congo,Kinshasa,2024-09-27,189825,0.921124289459406,2025-02-04,"Wawina-Bokalanga, Tony; Merritt, Sydney; Kinganda-Lusamaki, Eddy; Jansen, Daan; Halbrook, Megan; OToole, Aine; Pukuta-Simbu, Elisabeth; Muyamuna, Elise; Hasivirwe Vakaniaki, Emmanuel; Ola-Mpumbe, Rilia; Kwete-Mbokama, Papy; Akil-Bandali, Prince; Kacita, Cris; Ponga-Museme, Ange; Mapenzi-Kashali, Nelson; Amuri-Aziza, Adrienne; Muyembe-Mawete, Francisca; Lumembe-Numbi, Raphael; Kabamba-Lungenyi, Gabriel; Tshiani-Mbaya, Olivier; Paku-Tshambu, Princesse; Dantas, Pedro Hlf; DeBlock, Tessa; Lokilo-Lofiko, Emmanuel; Muswamba-Kayembe, Chloe; Makangara-Cigolo, Jean-Claude; Luakanda-Ndelemo, Gradi; Kelvin, David J.; Pratt, Catherine; Ayouba, Ahidjo; Tessema, Sofonias; Mauro, Antonio R.; Hensley, Lisa E.; Delaporte, Eric; Mwamba, Dieudonne; Subissi, Lorenzo; Liesenborghs, Laurens; Hoff, Nicole A.; Peeters, Martine; Low, Nicola; Ahuka-Mundeke, Steve; Muyembe-Tamfum, Jean-Jacques; Rimoin, Anne W.; Kindrachuk, Jason; Vercauteren, Koen; Rambaut, Andrew; Mbala-Kingebeni, Placide"
PP_00130QC,Ia,None,Democratic Republic of the Congo,Kinshasa,2024-09-17,189709,0.9255916312135856,2025-02-04,"Wawina-Bokalanga, Tony; Merritt, Sydney; Kinganda-Lusamaki, Eddy; Jansen, Daan; Halbrook, Megan; OToole, Aine; Pukuta-Simbu, Elisabeth; Muyamuna, Elise; Hasivirwe Vakaniaki, Emmanuel; Ola-Mpumbe, Rilia; Kwete-Mbokama, Papy; Akil-Bandali, Prince; Kacita, Cris; Ponga-Museme, Ange; Mapenzi-Kashali, Nelson; Amuri-Aziza, Adrienne; Muyembe-Mawete, Francisca; Lumembe-Numbi, Raphael; Kabamba-Lungenyi, Gabriel; Tshiani-Mbaya, Olivier; Paku-Tshambu, Princesse; Dantas, Pedro Hlf; DeBlock, Tessa; Lokilo-Lofiko, Emmanuel; Muswamba-Kayembe, Chloe; Makangara-Cigolo, Jean-Claude; Luakanda-Ndelemo, Gradi; Kelvin, David J.; Pratt, Catherine; Ayouba, Ahidjo; Tessema, Sofonias; Mauro, Antonio R.; Hensley, Lisa E.; Delaporte, Eric; Mwamba, Dieudonne; Subissi, Lorenzo; Liesenborghs, Laurens; Hoff, Nicole A.; Peeters, Martine; Low, Nicola; Ahuka-Mundeke, Steve; Muyembe-Tamfum, Jean-Jacques; Rimoin, Anne W.; Kindrachuk, Jason; Vercauteren, Koen; Rambaut, Andrew; Mbala-Kingebeni, Placide"
PP_00130RA,Ia,None,Democratic Republic of the Congo,Kinshasa,2024-09-27,186532,0.7089990821919893,2025-02-04,"Wawina-Bokalanga, Tony; Merritt, Sydney; Kinganda-Lusamaki, Eddy; Jansen, Daan; Halbrook, Megan; OToole, Aine; Pukuta-Simbu, Elisabeth; Muyamuna, Elise; Hasivirwe Vakaniaki, Emmanuel; Ola-Mpumbe, Rilia; Kwete-Mbokama, Papy; Akil-Bandali, Prince; Kacita, Cris; Ponga-Museme, Ange; Mapenzi-Kashali, Nelson; Amuri-Aziza, Adrienne; Muyembe-Mawete, Francisca; Lumembe-Numbi, Raphael; Kabamba-Lungenyi, Gabriel; Tshiani-Mbaya, Olivier; Paku-Tshambu, Princesse; Dantas, Pedro Hlf; DeBlock, Tessa; Lokilo-Lofiko, Emmanuel; Muswamba-Kayembe, Chloe; Makangara-Cigolo, Jean-Claude; Luakanda-Ndelemo, Gradi; Kelvin, David J.; Pratt, Catherine; Ayouba, Ahidjo; Tessema, Sofonias; Mauro, Antonio R.; Hensley, Lisa E.; Delaporte, Eric; Mwamba, Dieudonne; Subissi, Lorenzo; Liesenborghs, Laurens; Hoff, Nicole A.; Peeters, Martine; Low, Nicola; Ahuka-Mundeke, Steve; Muyembe-Tamfum, Jean-Jacques; Rimoin, Anne W.; Kindrachuk, Jason; Vercauteren, Koen; Rambaut, Andrew; Mbala-Kingebeni, Placide"
PP_00130S8,Ia,None,Democratic Republic of the Congo,Sud-Ubangi,2024-09-06,187685,0.8207891120587802,2025-02-04,"Amuri-Aziza, Adrienne; Luakanda-Ndelemo, Gradi; Kinganda-Lusamaki, Eddy; Makangara-Cigolo, Jean-Claude; Kenye, Michel; Kavira, Sifa; Wawina-Bokalanga, Tony; Merritt, Sydney; Jansen, Daan; Halbrook, Megan; OToole, Aine; Pukuta-Simbu, Elisabeth; Hasivirwe Vakaniaki, Emmanuel; Ola-Mpumbe, Rilia; Kwete-Mbokama, Papy; Akil-Bandali, Prince; Kacita, Cris; Ponga-Museme, Ange; Mapenzi-Kashali, Nelson; Tshiani-Mbaya, Olivier; Paku-Tshambu, Princesse; Dantas, Pedro H. L. F.; De Block, Tessa; Lokilo-Lofiko, Emmanuel; Muswamba-Kayembe, Chloe; Kelvin, David J.; Pratt, Catherine; Ayouba, Ahidjo; Tessema, Sofonias; Mauro Rezende, Antonio; Hensley, Lisa E.; Delaporte, Eric; Mwamba, Dieudonne; Subissi, Lorenzo; Liesenborghs, Laurens; Hoff, Nicole A.; Peeters, Martine; Low, Nicola; Ahuka-Mundeke, Steve; Muyembe-Tamfum, Jean-Jacques; Rimoin, Anne W.; Kindrachuk, Jason; Vercauteren, Koen; Rambaut, Andrew; Mbala-Kingebeni, Placide"
PP_00130T6,Ia,None,Democratic Republic of the Congo,Kinshasa,2024-09-30,189668,0.9225948105816671,2025-02-04,"Wawina-Bokalanga, Tony; Merritt, Sydney; Kinganda-Lusamaki, Eddy; Jansen, Daan; Halbrook, Megan; OToole, Aine; Pukuta-Simbu, Elisabeth; Muyamuna, Elise; Hasivirwe Vakaniaki, Emmanuel; Ola-Mpumbe, Rilia; Kwete-Mbokama, Papy; Akil-Bandali, Prince; Kacita, Cris; Ponga-Museme, Ange; Mapenzi-Kashali, Nelson; Amuri-Aziza, Adrienne; Muyembe-Mawete, Francisca; Lumembe-Numbi, Raphael; Kabamba-Lungenyi, Gabriel; Tshiani-Mbaya, Olivier; Paku-Tshambu, Princesse; Dantas, Pedro Hlf; DeBlock, Tessa; Lokilo-Lofiko, Emmanuel; Muswamba-Kayembe, Chloe; Makangara-Cigolo, Jean-Claude; Luakanda-Ndelemo, Gradi; Kelvin, David J.; Pratt, Catherine; Ayouba, Ahidjo; Tessema, Sofonias; Mauro, Antonio R.; Hensley, Lisa E.; Delaporte, Eric; Mwamba, Dieudonne; Subissi, Lorenzo; Liesenborghs, Laurens; Hoff, Nicole A.; Peeters, Martine; Low, Nicola; Ahuka-Mundeke, Steve; Muyembe-Tamfum, Jean-Jacques; Rimoin, Anne W.; Kindrachuk, Jason; Vercauteren, Koen; Rambaut, Andrew; Mbala-Kingebeni, Placide"
PP_00130U4,Ia,None,Democratic Republic of the Congo,Kinshasa,2024-09-30,188750,0.9239639164541172,2025-02-04,"Wawina-Bokalanga, Tony; Merritt, Sydney; Kinganda-Lusamaki, Eddy; Jansen, Daan; Halbrook, Megan; OToole, Aine; Pukuta-Simbu, Elisabeth; Muyamuna, Elise; Hasivirwe Vakaniaki, Emmanuel; Ola-Mpumbe, Rilia; Kwete-Mbokama, Papy; Akil-Bandali, Prince; Kacita, Cris; Ponga-Museme, Ange; Mapenzi-Kashali, Nelson; Amuri-Aziza, Adrienne; Muyembe-Mawete, Francisca; Lumembe-Numbi, Raphael; Kabamba-Lungenyi, Gabriel; Tshiani-Mbaya, Olivier; Paku-Tshambu, Princesse; Dantas, Pedro Hlf; DeBlock, Tessa; Lokilo-Lofiko, Emmanuel; Muswamba-Kayembe, Chloe; Makangara-Cigolo, Jean-Claude; Luakanda-Ndelemo, Gradi; Kelvin, David J.; Pratt, Catherine; Ayouba, Ahidjo; Tessema, Sofonias; Mauro, Antonio R.; Hensley, Lisa E.; Delaporte, Eric; Mwamba, Dieudonne; Subissi, Lorenzo; Liesenborghs, Laurens; Hoff, Nicole A.; Peeters, Martine; Low, Nicola; Ahuka-Mundeke, Steve; Muyembe-Tamfum, Jean-Jacques; Rimoin, Anne W.; Kindrachuk, Jason; Vercauteren, Koen; Rambaut, Andrew; Mbala-Kingebeni, Placide"
PP_00130V2,Ib,A.1,Democratic Republic of the Congo,Kinshasa,2024-09-30,188040,0.8932300249988591,2025-02-04,"Wawina-Bokalanga, Tony; Merritt, Sydney; Kinganda-Lusamaki, Eddy; Jansen, Daan; Halbrook, Megan; OToole, Aine; Pukuta-Simbu, Elisabeth; Muyamuna, Elise; Hasivirwe Vakaniaki, Emmanuel; Ola-Mpumbe, Rilia; Kwete-Mbokama, Papy; Akil-Bandali, Prince; Kacita, Cris; Ponga-Museme, Ange; Mapenzi-Kashali, Nelson; Amuri-Aziza, Adrienne; Muyembe-Mawete, Francisca; Lumembe-Numbi, Raphael; Kabamba-Lungenyi, Gabriel; Tshiani-Mbaya, Olivier; Paku-Tshambu, Princesse; Dantas, Pedro Hlf; DeBlock, Tessa; Lokilo-Lofiko, Emmanuel; Muswamba-Kayembe, Chloe; Makangara-Cigolo, Jean-Claude; Luakanda-Ndelemo, Gradi; Kelvin, David J.; Pratt, Catherine; Ayouba, Ahidjo; Tessema, Sofonias; Mauro, Antonio R.; Hensley, Lisa E.; Delaporte, Eric; Mwamba, Dieudonne; Subissi, Lorenzo; Liesenborghs, Laurens; Hoff, Nicole A.; Peeters, Martine; Low, Nicola; Ahuka-Mundeke, Steve; Muyembe-Tamfum, Jean-Jacques; Rimoin, Anne W.; Kindrachuk, Jason; Vercauteren, Koen; Rambaut, Andrew; Mbala-Kingebeni, Placide"
PP_00130W0,Ia,None,Democratic Republic of the Congo,Kinshasa,2024-09-30,186553,0.6796748627091056,2025-02-04,"Wawina-Bokalanga, Tony; Merritt, Sydney; Kinganda-Lusamaki, Eddy; Jansen, Daan; Halbrook, Megan; OToole, Aine; Pukuta-Simbu, Elisabeth; Muyamuna, Elise; Hasivirwe Vakaniaki, Emmanuel; Ola-Mpumbe, Rilia; Kwete-Mbokama, Papy; Akil-Bandali, Prince; Kacita, Cris; Ponga-Museme, Ange; Mapenzi-Kashali, Nelson; Amuri-Aziza, Adrienne; Muyembe-Mawete, Francisca; Lumembe-Numbi, Raphael; Kabamba-Lungenyi, Gabriel; Tshiani-Mbaya, Olivier; Paku-Tshambu, Princesse; Dantas, Pedro Hlf; DeBlock, Tessa; Lokilo-Lofiko, Emmanuel; Muswamba-Kayembe, Chloe; Makangara-Cigolo, Jean-Claude; Luakanda-Ndelemo, Gradi; Kelvin, David J.; Pratt, Catherine; Ayouba, Ahidjo; Tessema, Sofonias; Mauro, Antonio R.; Hensley, Lisa E.; Delaporte, Eric; Mwamba, Dieudonne; Subissi, Lorenzo; Liesenborghs, Laurens; Hoff, Nicole A.; Peeters, Martine; Low, Nicola; Ahuka-Mundeke, Steve; Muyembe-Tamfum, Jean-Jacques; Rimoin, Anne W.; Kindrachuk, Jason; Vercauteren, Koen; Rambaut, Andrew; Mbala-Kingebeni, Placide"
PP_00130XY,Ia,None,Democratic Republic of the Congo,Kinshasa,2024-09-30,189676,0.8942492482594607,2025-02-04,"Wawina-Bokalanga, Tony; Merritt, Sydney; Kinganda-Lusamaki, Eddy; Jansen, Daan; Halbrook, Megan; OToole, Aine; Pukuta-Simbu, Elisabeth; Muyamuna, Elise; Hasivirwe Vakaniaki, Emmanuel; Ola-Mpumbe, Rilia; Kwete-Mbokama, Papy; Akil-Bandali, Prince; Kacita, Cris; Ponga-Museme, Ange; Mapenzi-Kashali, Nelson; Amuri-Aziza, Adrienne; Muyembe-Mawete, Francisca; Lumembe-Numbi, Raphael; Kabamba-Lungenyi, Gabriel; Tshiani-Mbaya, Olivier; Paku-Tshambu, Princesse; Dantas, Pedro Hlf; DeBlock, Tessa; Lokilo-Lofiko, Emmanuel; Muswamba-Kayembe, Chloe; Makangara-Cigolo, Jean-Claude; Luakanda-Ndelemo, Gradi; Kelvin, David J.; Pratt, Catherine; Ayouba, Ahidjo; Tessema, Sofonias; Mauro, Antonio R.; Hensley, Lisa E.; Delaporte, Eric; Mwamba, Dieudonne; Subissi, Lorenzo; Liesenborghs, Laurens; Hoff, Nicole A.; Peeters, Martine; Low, Nicola; Ahuka-Mundeke, Steve; Muyembe-Tamfum, Jean-Jacques; Rimoin, Anne W.; Kindrachuk, Jason; Vercauteren, Koen; Rambaut, Andrew; Mbala-Kingebeni, Placide"
PP_00130YW,Ia,None,Democratic Republic of the Congo,Kinshasa,2024-09-30,186536,0.6663843942213591,2025-02-04,"Wawina-Bokalanga, Tony; Merritt, Sydney; Kinganda-Lusamaki, Eddy; Jansen, Daan; Halbrook, Megan; OToole, Aine; Pukuta-Simbu, Elisabeth; Muyamuna, Elise; Hasivirwe Vakaniaki, Emmanuel; Ola-Mpumbe, Rilia; Kwete-Mbokama, Papy; Akil-Bandali, Prince; Kacita, Cris; Ponga-Museme, Ange; Mapenzi-Kashali, Nelson; Amuri-Aziza, Adrienne; Muyembe-Mawete, Francisca; Lumembe-Numbi, Raphael; Kabamba-Lungenyi, Gabriel; Tshiani-Mbaya, Olivier; Paku-Tshambu, Princesse; Dantas, Pedro Hlf; DeBlock, Tessa; Lokilo-Lofiko, Emmanuel; Muswamba-Kayembe, Chloe; Makangara-Cigolo, Jean-Claude; Luakanda-Ndelemo, Gradi; Kelvin, David J.; Pratt, Catherine; Ayouba, Ahidjo; Tessema, Sofonias; Mauro, Antonio R.; Hensley, Lisa E.; Delaporte, Eric; Mwamba, Dieudonne; Subissi, Lorenzo; Liesenborghs, Laurens; Hoff, Nicole A.; Peeters, Martine; Low, Nicola; Ahuka-Mundeke, Steve; Muyembe-Tamfum, Jean-Jacques; Rimoin, Anne W.; Kindrachuk, Jason; Vercauteren, Koen; Rambaut, Andrew; Mbala-Kingebeni, Placide"
PP_00130ZU,Ia,None,Democratic Republic of the Congo,Kinshasa,2024-10-01,188875,0.915759422744398,2025-02-04,"Wawina-Bokalanga, Tony; Merritt, Sydney; Kinganda-Lusamaki, Eddy; Jansen, Daan; Halbrook, Megan; OToole, Aine; Pukuta-Simbu, Elisabeth; Muyamuna, Elise; Hasivirwe Vakaniaki, Emmanuel; Ola-Mpumbe, Rilia; Kwete-Mbokama, Papy; Akil-Bandali, Prince; Kacita, Cris; Ponga-Museme, Ange; Mapenzi-Kashali, Nelson; Amuri-Aziza, Adrienne; Muyembe-Mawete, Francisca; Lumembe-Numbi, Raphael; Kabamba-Lungenyi, Gabriel; Tshiani-Mbaya, Olivier; Paku-Tshambu, Princesse; Dantas, Pedro Hlf; DeBlock, Tessa; Lokilo-Lofiko, Emmanuel; Muswamba-Kayembe, Chloe; Makangara-Cigolo, Jean-Claude; Luakanda-Ndelemo, Gradi; Kelvin, David J.; Pratt, Catherine; Ayouba, Ahidjo; Tessema, Sofonias; Mauro, Antonio R.; Hensley, Lisa E.; Delaporte, Eric; Mwamba, Dieudonne; Subissi, Lorenzo; Liesenborghs, Laurens; Hoff, Nicole A.; Peeters, Martine; Low, Nicola; Ahuka-Mundeke, Steve; Muyembe-Tamfum, Jean-Jacques; Rimoin, Anne W.; Kindrachuk, Jason; Vercauteren, Koen; Rambaut, Andrew; Mbala-Kingebeni, Placide"
PP_001310S,Ia,None,Democratic Republic of the Congo,Mongala,2024-09-25,189135,0.8801474577732253,2025-02-04,"Mbala-Kingebeni, Placide; Wawina-Bokalanga, Tony; Merritt, Sydney; Kinganda-Lusamaki, Eddy; Jansen, Daan; Halbrook, Megan; OToole, Aine; Pukuta-Simbu, Elisabeth; Hasivirwe Vakaniaki, Emmanuel; Ola-Mpumbe, Rilia; Kwete-Mbokama, Papy; Akil-Bandali, Prince; Kacita, Cris; Ponga-Museme, Ange; Mapenzi-Kashali, Nelson; Amuri-Aziza, Adrienne; Tshiani-Mbaya, Olivier; Paku-Tshambu, Princesse; Dantas, Pedro H. L. F.; De Block, Tessa; Lokilo-Lofiko, Emmanuel; Muswamba-Kayembe, Chloe; Makangara-Cigolo, Jean-Claude; Luakanda-Ndelemo, Gradi; Kelvin, David J.; Pratt, Catherine; Ayouba, Ahidjo; Tessema, Sofonias; Mauro Rezende, Antonio; Hensley, Lisa E.; Delaporte, Eric; Mwamba, Dieudonne; Subissi, Lorenzo; Liesenborghs, Laurens; Hoff, Nicole A.; Peeters, Martine; Low, Nicola; Rimoin, Anne W.; Kindrachuk, Jason; Vercauteren, Koen; Rambaut, Andrew; Ahuka-Mundeke, Steve; Muyembe-Tamfum, Jean-Jacques"
PP_001311Q,Ia,None,Democratic Republic of the Congo,Mongala,2024-09-03,188112,0.8759691494810075,2025-02-04,"Mbala-Kingebeni, Placide; Wawina-Bokalanga, Tony; Merritt, Sydney; Kinganda-Lusamaki, Eddy; Jansen, Daan; Halbrook, Megan; OToole, Aine; Pukuta-Simbu, Elisabeth; Hasivirwe Vakaniaki, Emmanuel; Ola-Mpumbe, Rilia; Kwete-Mbokama, Papy; Akil-Bandali, Prince; Kacita, Cris; Ponga-Museme, Ange; Mapenzi-Kashali, Nelson; Amuri-Aziza, Adrienne; Tshiani-Mbaya, Olivier; Paku-Tshambu, Princesse; Dantas, Pedro H. L. F.; De Block, Tessa; Lokilo-Lofiko, Emmanuel; Muswamba-Kayembe, Chloe; Makangara-Cigolo, Jean-Claude; Luakanda-Ndelemo, Gradi; Kelvin, David J.; Pratt, Catherine; Ayouba, Ahidjo; Tessema, Sofonias; Mauro Rezende, Antonio; Hensley, Lisa E.; Delaporte, Eric; Mwamba, Dieudonne; Subissi, Lorenzo; Liesenborghs, Laurens; Hoff, Nicole A.; Peeters, Martine; Low, Nicola; Rimoin, Anne W.; Kindrachuk, Jason; Vercauteren, Koen; Rambaut, Andrew; Ahuka-Mundeke, Steve; Muyembe-Tamfum, Jean-Jacques"
PP_001312N,Ia,None,Democratic Republic of the Congo,Mongala,2024-09-05,188089,0.9115760436896896,2025-02-04,"Mbala-Kingebeni, Placide; Wawina-Bokalanga, Tony; Merritt, Sydney; Kinganda-Lusamaki, Eddy; Jansen, Daan; Halbrook, Megan; OToole, Aine; Pukuta-Simbu, Elisabeth; Hasivirwe Vakaniaki, Emmanuel; Ola-Mpumbe, Rilia; Kwete-Mbokama, Papy; Akil-Bandali, Prince; Kacita, Cris; Ponga-Museme, Ange; Mapenzi-Kashali, Nelson; Amuri-Aziza, Adrienne; Tshiani-Mbaya, Olivier; Paku-Tshambu, Princesse; Dantas, Pedro H. L. F.; De Block, Tessa; Lokilo-Lofiko, Emmanuel; Muswamba-Kayembe, Chloe; Makangara-Cigolo, Jean-Claude; Luakanda-Ndelemo, Gradi; Kelvin, David J.; Pratt, Catherine; Ayouba, Ahidjo; Tessema, Sofonias; Mauro Rezende, Antonio; Hensley, Lisa E.; Delaporte, Eric; Mwamba, Dieudonne; Subissi, Lorenzo; Liesenborghs, Laurens; Hoff, Nicole A.; Peeters, Martine; Low, Nicola; Rimoin, Anne W.; Kindrachuk, Jason; Vercauteren, Koen; Rambaut, Andrew; Ahuka-Mundeke, Steve; Muyembe-Tamfum, Jean-Jacques"
PP_001313L,Ia,None,Democratic Republic of the Congo,Mongala,2024-09-04,190125,0.954028467260622,2025-02-04,"Mbala-Kingebeni, Placide; Wawina-Bokalanga, Tony; Merritt, Sydney; Kinganda-Lusamaki, Eddy; Jansen, Daan; Halbrook, Megan; OToole, Aine; Pukuta-Simbu, Elisabeth; Hasivirwe Vakaniaki, Emmanuel; Ola-Mpumbe, Rilia; Kwete-Mbokama, Papy; Akil-Bandali, Prince; Kacita, Cris; Ponga-Museme, Ange; Mapenzi-Kashali, Nelson; Amuri-Aziza, Adrienne; Tshiani-Mbaya, Olivier; Paku-Tshambu, Princesse; Dantas, Pedro H. L. F.; De Block, Tessa; Lokilo-Lofiko, Emmanuel; Muswamba-Kayembe, Chloe; Makangara-Cigolo, Jean-Claude; Luakanda-Ndelemo, Gradi; Kelvin, David J.; Pratt, Catherine; Ayouba, Ahidjo; Tessema, Sofonias; Mauro Rezende, Antonio; Hensley, Lisa E.; Delaporte, Eric; Mwamba, Dieudonne; Subissi, Lorenzo; Liesenborghs, Laurens; Hoff, Nicole A.; Peeters, Martine; Low, Nicola; Rimoin, Anne W.; Kindrachuk, Jason; Vercauteren, Koen; Rambaut, Andrew; Ahuka-Mundeke, Steve; Muyembe-Tamfum, Jean-Jacques"
PP_001314J,Ia,None,Democratic Republic of the Congo,Mongala,2024-09-14,189905,0.9427054546192112,2025-02-04,"Mbala-Kingebeni, Placide; Wawina-Bokalanga, Tony; Merritt, Sydney; Kinganda-Lusamaki, Eddy; Jansen, Daan; Halbrook, Megan; OToole, Aine; Pukuta-Simbu, Elisabeth; Hasivirwe Vakaniaki, Emmanuel; Ola-Mpumbe, Rilia; Kwete-Mbokama, Papy; Akil-Bandali, Prince; Kacita, Cris; Ponga-Museme, Ange; Mapenzi-Kashali, Nelson; Amuri-Aziza, Adrienne; Tshiani-Mbaya, Olivier; Paku-Tshambu, Princesse; Dantas, Pedro H. L. F.; De Block, Tessa; Lokilo-Lofiko, Emmanuel; Muswamba-Kayembe, Chloe; Makangara-Cigolo, Jean-Claude; Luakanda-Ndelemo, Gradi; Kelvin, David J.; Pratt, Catherine; Ayouba, Ahidjo; Tessema, Sofonias; Mauro Rezende, Antonio; Hensley, Lisa E.; Delaporte, Eric; Mwamba, Dieudonne; Subissi, Lorenzo; Liesenborghs, Laurens; Hoff, Nicole A.; Peeters, Martine; Low, Nicola; Rimoin, Anne W.; Kindrachuk, Jason; Vercauteren, Koen; Rambaut, Andrew; Ahuka-Mundeke, Steve; Muyembe-Tamfum, Jean-Jacques"
PP_001315G,Ia,None,Democratic Republic of the Congo,Mongala,2024-09-25,190116,0.9560871968317876,2025-02-04,"Mbala-Kingebeni, Placide; Wawina-Bokalanga, Tony; Merritt, Sydney; Kinganda-Lusamaki, Eddy; Jansen, Daan; Halbrook, Megan; OToole, Aine; Pukuta-Simbu, Elisabeth; Hasivirwe Vakaniaki, Emmanuel; Ola-Mpumbe, Rilia; Kwete-Mbokama, Papy; Akil-Bandali, Prince; Kacita, Cris; Ponga-Museme, Ange; Mapenzi-Kashali, Nelson; Amuri-Aziza, Adrienne; Tshiani-Mbaya, Olivier; Paku-Tshambu, Princesse; Dantas, Pedro H. L. F.; De Block, Tessa; Lokilo-Lofiko, Emmanuel; Muswamba-Kayembe, Chloe; Makangara-Cigolo, Jean-Claude; Luakanda-Ndelemo, Gradi; Kelvin, David J.; Pratt, Catherine; Ayouba, Ahidjo; Tessema, Sofonias; Mauro Rezende, Antonio; Hensley, Lisa E.; Delaporte, Eric; Mwamba, Dieudonne; Subissi, Lorenzo; Liesenborghs, Laurens; Hoff, Nicole A.; Peeters, Martine; Low, Nicola; Rimoin, Anne W.; Kindrachuk, Jason; Vercauteren, Koen; Rambaut, Andrew; Ahuka-Mundeke, Steve; Muyembe-Tamfum, Jean-Jacques"
PP_001316E,Ia,None,Democratic Republic of the Congo,Mongala,2024-08-28,190132,0.9182846624646948,2025-02-04,"Mbala-Kingebeni, Placide; Wawina-Bokalanga, Tony; Merritt, Sydney; Kinganda-Lusamaki, Eddy; Jansen, Daan; Halbrook, Megan; OToole, Aine; Pukuta-Simbu, Elisabeth; Hasivirwe Vakaniaki, Emmanuel; Ola-Mpumbe, Rilia; Kwete-Mbokama, Papy; Akil-Bandali, Prince; Kacita, Cris; Ponga-Museme, Ange; Mapenzi-Kashali, Nelson; Amuri-Aziza, Adrienne; Tshiani-Mbaya, Olivier; Paku-Tshambu, Princesse; Dantas, Pedro H. L. F.; De Block, Tessa; Lokilo-Lofiko, Emmanuel; Muswamba-Kayembe, Chloe; Makangara-Cigolo, Jean-Claude; Luakanda-Ndelemo, Gradi; Kelvin, David J.; Pratt, Catherine; Ayouba, Ahidjo; Tessema, Sofonias; Mauro Rezende, Antonio; Hensley, Lisa E.; Delaporte, Eric; Mwamba, Dieudonne; Subissi, Lorenzo; Liesenborghs, Laurens; Hoff, Nicole A.; Peeters, Martine; Low, Nicola; Rimoin, Anne W.; Kindrachuk, Jason; Vercauteren, Koen; Rambaut, Andrew; Ahuka-Mundeke, Steve; Muyembe-Tamfum, Jean-Jacques"
PP_001317C,Ia,None,Democratic Republic of the Congo,Mongala,2024-07-24,190121,0.9461839976877324,2025-02-04,"Mbala-Kingebeni, Placide; Wawina-Bokalanga, Tony; Merritt, Sydney; Kinganda-Lusamaki, Eddy; Jansen, Daan; Halbrook, Megan; OToole, Aine; Pukuta-Simbu, Elisabeth; Hasivirwe Vakaniaki, Emmanuel; Ola-Mpumbe, Rilia; Kwete-Mbokama, Papy; Akil-Bandali, Prince; Kacita, Cris; Ponga-Museme, Ange; Mapenzi-Kashali, Nelson; Amuri-Aziza, Adrienne; Tshiani-Mbaya, Olivier; Paku-Tshambu, Princesse; Dantas, Pedro H. L. F.; De Block, Tessa; Lokilo-Lofiko, Emmanuel; Muswamba-Kayembe, Chloe; Makangara-Cigolo, Jean-Claude; Luakanda-Ndelemo, Gradi; Kelvin, David J.; Pratt, Catherine; Ayouba, Ahidjo; Tessema, Sofonias; Mauro Rezende, Antonio; Hensley, Lisa E.; Delaporte, Eric; Mwamba, Dieudonne; Subissi, Lorenzo; Liesenborghs, Laurens; Hoff, Nicole A.; Peeters, Martine; Low, Nicola; Rimoin, Anne W.; Kindrachuk, Jason; Vercauteren, Koen; Rambaut, Andrew; Ahuka-Mundeke, Steve; Muyembe-Tamfum, Jean-Jacques"
PP_001318A,Ia,None,Democratic Republic of the Congo,Kinshasa,2024-10-01,187662,0.6594678741842411,2025-02-04,"Wawina-Bokalanga, Tony; Merritt, Sydney; Kinganda-Lusamaki, Eddy; Jansen, Daan; Halbrook, Megan; OToole, Aine; Pukuta-Simbu, Elisabeth; Muyamuna, Elise; Hasivirwe Vakaniaki, Emmanuel; Ola-Mpumbe, Rilia; Kwete-Mbokama, Papy; Akil-Bandali, Prince; Kacita, Cris; Ponga-Museme, Ange; Mapenzi-Kashali, Nelson; Amuri-Aziza, Adrienne; Muyembe-Mawete, Francisca; Lumembe-Numbi, Raphael; Kabamba-Lungenyi, Gabriel; Tshiani-Mbaya, Olivier; Paku-Tshambu, Princesse; Dantas, Pedro Hlf; DeBlock, Tessa; Lokilo-Lofiko, Emmanuel; Muswamba-Kayembe, Chloe; Makangara-Cigolo, Jean-Claude; Luakanda-Ndelemo, Gradi; Kelvin, David J.; Pratt, Catherine; Ayouba, Ahidjo; Tessema, Sofonias; Mauro, Antonio R.; Hensley, Lisa E.; Delaporte, Eric; Mwamba, Dieudonne; Subissi, Lorenzo; Liesenborghs, Laurens; Hoff, Nicole A.; Peeters, Martine; Low, Nicola; Ahuka-Mundeke, Steve; Muyembe-Tamfum, Jean-Jacques; Rimoin, Anne W.; Kindrachuk, Jason; Vercauteren, Koen; Rambaut, Andrew; Mbala-Kingebeni, Placide"
PP_0013198,Ia,None,Democratic Republic of the Congo,Mongala,2024-07-12,190109,0.924673823202795,2025-02-04,"Mbala-Kingebeni, Placide; Wawina-Bokalanga, Tony; Merritt, Sydney; Kinganda-Lusamaki, Eddy; Jansen, Daan; Halbrook, Megan; OToole, Aine; Pukuta-Simbu, Elisabeth; Hasivirwe Vakaniaki, Emmanuel; Ola-Mpumbe, Rilia; Kwete-Mbokama, Papy; Akil-Bandali, Prince; Kacita, Cris; Ponga-Museme, Ange; Mapenzi-Kashali, Nelson; Amuri-Aziza, Adrienne; Tshiani-Mbaya, Olivier; Paku-Tshambu, Princesse; Dantas, Pedro H. L. F.; De Block, Tessa; Lokilo-Lofiko, Emmanuel; Muswamba-Kayembe, Chloe; Makangara-Cigolo, Jean-Claude; Luakanda-Ndelemo, Gradi; Kelvin, David J.; Pratt, Catherine; Ayouba, Ahidjo; Tessema, Sofonias; Mauro Rezende, Antonio; Hensley, Lisa E.; Delaporte, Eric; Mwamba, Dieudonne; Subissi, Lorenzo; Liesenborghs, Laurens; Hoff, Nicole A.; Peeters, Martine; Low, Nicola; Rimoin, Anne W.; Kindrachuk, Jason; Vercauteren, Koen; Rambaut, Andrew; Ahuka-Mundeke, Steve; Muyembe-Tamfum, Jean-Jacques"
PP_00131A6,Ia,None,Democratic Republic of the Congo,Kinshasa,2024-07-02,190078,0.9286188764204474,2025-02-04,"Wawina-Bokalanga, Tony; Merritt, Sydney; Kinganda-Lusamaki, Eddy; Jansen, Daan; Halbrook, Megan; OToole, Aine; Pukuta-Simbu, Elisabeth; Muyamuna, Elise; Hasivirwe Vakaniaki, Emmanuel; Ola-Mpumbe, Rilia; Kwete-Mbokama, Papy; Akil-Bandali, Prince; Kacita, Cris; Ponga-Museme, Ange; Mapenzi-Kashali, Nelson; Amuri-Aziza, Adrienne; Muyembe-Mawete, Francisca; Lumembe-Numbi, Raphael; Kabamba-Lungenyi, Gabriel; Tshiani-Mbaya, Olivier; Paku-Tshambu, Princesse; Dantas, Pedro Hlf; DeBlock, Tessa; Lokilo-Lofiko, Emmanuel; Muswamba-Kayembe, Chloe; Makangara-Cigolo, Jean-Claude; Luakanda-Ndelemo, Gradi; Kelvin, David J.; Pratt, Catherine; Ayouba, Ahidjo; Tessema, Sofonias; Mauro, Antonio R.; Hensley, Lisa E.; Delaporte, Eric; Mwamba, Dieudonne; Subissi, Lorenzo; Liesenborghs, Laurens; Hoff, Nicole A.; Peeters, Martine; Low, Nicola; Ahuka-Mundeke, Steve; Muyembe-Tamfum, Jean-Jacques; Rimoin, Anne W.; Kindrachuk, Jason; Vercauteren, Koen; Rambaut, Andrew; Mbala-Kingebeni, Placide"
PP_00131B4,Ia,None,Democratic Republic of the Congo,Kinshasa,2024-10-02,188097,0.8448955169388821,2025-02-04,"Wawina-Bokalanga, Tony; Merritt, Sydney; Kinganda-Lusamaki, Eddy; Jansen, Daan; Halbrook, Megan; OToole, Aine; Pukuta-Simbu, Elisabeth; Muyamuna, Elise; Hasivirwe Vakaniaki, Emmanuel; Ola-Mpumbe, Rilia; Kwete-Mbokama, Papy; Akil-Bandali, Prince; Kacita, Cris; Ponga-Museme, Ange; Mapenzi-Kashali, Nelson; Amuri-Aziza, Adrienne; Muyembe-Mawete, Francisca; Lumembe-Numbi, Raphael; Kabamba-Lungenyi, Gabriel; Tshiani-Mbaya, Olivier; Paku-Tshambu, Princesse; Dantas, Pedro Hlf; DeBlock, Tessa; Lokilo-Lofiko, Emmanuel; Muswamba-Kayembe, Chloe; Makangara-Cigolo, Jean-Claude; Luakanda-Ndelemo, Gradi; Kelvin, David J.; Pratt, Catherine; Ayouba, Ahidjo; Tessema, Sofonias; Mauro, Antonio R.; Hensley, Lisa E.; Delaporte, Eric; Mwamba, Dieudonne; Subissi, Lorenzo; Liesenborghs, Laurens; Hoff, Nicole A.; Peeters, Martine; Low, Nicola; Ahuka-Mundeke, Steve; Muyembe-Tamfum, Jean-Jacques; Rimoin, Anne W.; Kindrachuk, Jason; Vercauteren, Koen; Rambaut, Andrew; Mbala-Kingebeni, Placide"
PP_00131C2,Ia,None,Democratic Republic of the Congo,Maindombe,2024-09-09,189474,0.922473112281894,2025-02-04,"Mbala-Kingebeni, Placide; Wawina-Bokalanga, Tony; Merritt, Sydney; Kinganda-Lusamaki, Eddy; Jansen, Daan; Halbrook, Megan; OToole, Aine; Pukuta-Simbu, Elisabeth; Hasivirwe Vakaniaki, Emmanuel; Ola-Mpumbe, Rilia; Kwete-Mbokama, Papy; Akil-Bandali, Prince; Kacita, Cris; Ponga-Museme, Ange; Mapenzi-Kashali, Nelson; Amuri-Aziza, Adrienne; Tshiani-Mbaya, Olivier; Paku-Tshambu, Princesse; Dantas, Pedro H. L. F.; De Block, Tessa; Lokilo-Lofiko, Emmanuel; Muswamba-Kayembe, Chloe; Makangara-Cigolo, Jean-Claude; Luakanda-Ndelemo, Gradi; Kelvin, David J.; Pratt, Catherine; Ayouba, Ahidjo; Tessema, Sofonias; Mauro Rezende, Antonio; Hensley, Lisa E.; Delaporte, Eric; Mwamba, Dieudonne; Subissi, Lorenzo; Liesenborghs, Laurens; Hoff, Nicole A.; Peeters, Martine; Low, Nicola; Rimoin, Anne W.; Kindrachuk, Jason; Vercauteren, Koen; Rambaut, Andrew; Ahuka-Mundeke, Steve; Muyembe-Tamfum, Jean-Jacques"
PP_00131D0,Ia,None,Democratic Republic of the Congo,Maindombe,2024-09-06,188063,0.8577448290899502,2025-02-04,"Mbala-Kingebeni, Placide; Wawina-Bokalanga, Tony; Merritt, Sydney; Kinganda-Lusamaki, Eddy; Jansen, Daan; Halbrook, Megan; OToole, Aine; Pukuta-Simbu, Elisabeth; Hasivirwe Vakaniaki, Emmanuel; Ola-Mpumbe, Rilia; Kwete-Mbokama, Papy; Akil-Bandali, Prince; Kacita, Cris; Ponga-Museme, Ange; Mapenzi-Kashali, Nelson; Amuri-Aziza, Adrienne; Tshiani-Mbaya, Olivier; Paku-Tshambu, Princesse; Dantas, Pedro H. L. F.; De Block, Tessa; Lokilo-Lofiko, Emmanuel; Muswamba-Kayembe, Chloe; Makangara-Cigolo, Jean-Claude; Luakanda-Ndelemo, Gradi; Kelvin, David J.; Pratt, Catherine; Ayouba, Ahidjo; Tessema, Sofonias; Mauro Rezende, Antonio; Hensley, Lisa E.; Delaporte, Eric; Mwamba, Dieudonne; Subissi, Lorenzo; Liesenborghs, Laurens; Hoff, Nicole A.; Peeters, Martine; Low, Nicola; Rimoin, Anne W.; Kindrachuk, Jason; Vercauteren, Koen; Rambaut, Andrew; Ahuka-Mundeke, Steve; Muyembe-Tamfum, Jean-Jacques"
PP_00131EY,Ia,None,Democratic Republic of the Congo,Maindombe,2024-09-17,188898,0.8624910627811104,2025-02-04,"Mbala-Kingebeni, Placide; Wawina-Bokalanga, Tony; Merritt, Sydney; Kinganda-Lusamaki, Eddy; Jansen, Daan; Halbrook, Megan; OToole, Aine; Pukuta-Simbu, Elisabeth; Hasivirwe Vakaniaki, Emmanuel; Ola-Mpumbe, Rilia; Kwete-Mbokama, Papy; Akil-Bandali, Prince; Kacita, Cris; Ponga-Museme, Ange; Mapenzi-Kashali, Nelson; Amuri-Aziza, Adrienne; Tshiani-Mbaya, Olivier; Paku-Tshambu, Princesse; Dantas, Pedro H. L. F.; De Block, Tessa; Lokilo-Lofiko, Emmanuel; Muswamba-Kayembe, Chloe; Makangara-Cigolo, Jean-Claude; Luakanda-Ndelemo, Gradi; Kelvin, David J.; Pratt, Catherine; Ayouba, Ahidjo; Tessema, Sofonias; Mauro Rezende, Antonio; Hensley, Lisa E.; Delaporte, Eric; Mwamba, Dieudonne; Subissi, Lorenzo; Liesenborghs, Laurens; Hoff, Nicole A.; Peeters, Martine; Low, Nicola; Rimoin, Anne W.; Kindrachuk, Jason; Vercauteren, Koen; Rambaut, Andrew; Ahuka-Mundeke, Steve; Muyembe-Tamfum, Jean-Jacques"
PP_00131FW,Ia,None,Democratic Republic of the Congo,Maindombe,2024-09-20,187661,0.801276817995122,2025-02-04,"Mbala-Kingebeni, Placide; Wawina-Bokalanga, Tony; Merritt, Sydney; Kinganda-Lusamaki, Eddy; Jansen, Daan; Halbrook, Megan; OToole, Aine; Pukuta-Simbu, Elisabeth; Hasivirwe Vakaniaki, Emmanuel; Ola-Mpumbe, Rilia; Kwete-Mbokama, Papy; Akil-Bandali, Prince; Kacita, Cris; Ponga-Museme, Ange; Mapenzi-Kashali, Nelson; Amuri-Aziza, Adrienne; Tshiani-Mbaya, Olivier; Paku-Tshambu, Princesse; Dantas, Pedro H. L. F.; De Block, Tessa; Lokilo-Lofiko, Emmanuel; Muswamba-Kayembe, Chloe; Makangara-Cigolo, Jean-Claude; Luakanda-Ndelemo, Gradi; Kelvin, David J.; Pratt, Catherine; Ayouba, Ahidjo; Tessema, Sofonias; Mauro Rezende, Antonio; Hensley, Lisa E.; Delaporte, Eric; Mwamba, Dieudonne; Subissi, Lorenzo; Liesenborghs, Laurens; Hoff, Nicole A.; Peeters, Martine; Low, Nicola; Rimoin, Anne W.; Kindrachuk, Jason; Vercauteren, Koen; Rambaut, Andrew; Ahuka-Mundeke, Steve; Muyembe-Tamfum, Jean-Jacques"
PP_00131GU,Ia,None,Democratic Republic of the Congo,Maindombe,2024-09-20,186515,0.5885684730412912,2025-02-04,"Mbala-Kingebeni, Placide; Wawina-Bokalanga, Tony; Merritt, Sydney; Kinganda-Lusamaki, Eddy; Jansen, Daan; Halbrook, Megan; OToole, Aine; Pukuta-Simbu, Elisabeth; Hasivirwe Vakaniaki, Emmanuel; Ola-Mpumbe, Rilia; Kwete-Mbokama, Papy; Akil-Bandali, Prince; Kacita, Cris; Ponga-Museme, Ange; Mapenzi-Kashali, Nelson; Amuri-Aziza, Adrienne; Tshiani-Mbaya, Olivier; Paku-Tshambu, Princesse; Dantas, Pedro H. L. F.; De Block, Tessa; Lokilo-Lofiko, Emmanuel; Muswamba-Kayembe, Chloe; Makangara-Cigolo, Jean-Claude; Luakanda-Ndelemo, Gradi; Kelvin, David J.; Pratt, Catherine; Ayouba, Ahidjo; Tessema, Sofonias; Mauro Rezende, Antonio; Hensley, Lisa E.; Delaporte, Eric; Mwamba, Dieudonne; Subissi, Lorenzo; Liesenborghs, Laurens; Hoff, Nicole A.; Peeters, Martine; Low, Nicola; Rimoin, Anne W.; Kindrachuk, Jason; Vercauteren, Koen; Rambaut, Andrew; Ahuka-Mundeke, Steve; Muyembe-Tamfum, Jean-Jacques"
PP_00131HR,Ia,None,Democratic Republic of the Congo,Maindombe,2024-09-26,188880,0.8910597386529012,2025-02-04,"Mbala-Kingebeni, Placide; Wawina-Bokalanga, Tony; Merritt, Sydney; Kinganda-Lusamaki, Eddy; Jansen, Daan; Halbrook, Megan; OToole, Aine; Pukuta-Simbu, Elisabeth; Hasivirwe Vakaniaki, Emmanuel; Ola-Mpumbe, Rilia; Kwete-Mbokama, Papy; Akil-Bandali, Prince; Kacita, Cris; Ponga-Museme, Ange; Mapenzi-Kashali, Nelson; Amuri-Aziza, Adrienne; Tshiani-Mbaya, Olivier; Paku-Tshambu, Princesse; Dantas, Pedro H. L. F.; De Block, Tessa; Lokilo-Lofiko, Emmanuel; Muswamba-Kayembe, Chloe; Makangara-Cigolo, Jean-Claude; Luakanda-Ndelemo, Gradi; Kelvin, David J.; Pratt, Catherine; Ayouba, Ahidjo; Tessema, Sofonias; Mauro Rezende, Antonio; Hensley, Lisa E.; Delaporte, Eric; Mwamba, Dieudonne; Subissi, Lorenzo; Liesenborghs, Laurens; Hoff, Nicole A.; Peeters, Martine; Low, Nicola; Rimoin, Anne W.; Kindrachuk, Jason; Vercauteren, Koen; Rambaut, Andrew; Ahuka-Mundeke, Steve; Muyembe-Tamfum, Jean-Jacques"
PP_00131JP,Ia,None,Democratic Republic of the Congo,Maindombe,2024-08-26,189784,0.9317881029770446,2025-02-04,"Mbala-Kingebeni, Placide; Wawina-Bokalanga, Tony; Merritt, Sydney; Kinganda-Lusamaki, Eddy; Jansen, Daan; Halbrook, Megan; OToole, Aine; Pukuta-Simbu, Elisabeth; Hasivirwe Vakaniaki, Emmanuel; Ola-Mpumbe, Rilia; Kwete-Mbokama, Papy; Akil-Bandali, Prince; Kacita, Cris; Ponga-Museme, Ange; Mapenzi-Kashali, Nelson; Amuri-Aziza, Adrienne; Tshiani-Mbaya, Olivier; Paku-Tshambu, Princesse; Dantas, Pedro H. L. F.; De Block, Tessa; Lokilo-Lofiko, Emmanuel; Muswamba-Kayembe, Chloe; Makangara-Cigolo, Jean-Claude; Luakanda-Ndelemo, Gradi; Kelvin, David J.; Pratt, Catherine; Ayouba, Ahidjo; Tessema, Sofonias; Mauro Rezende, Antonio; Hensley, Lisa E.; Delaporte, Eric; Mwamba, Dieudonne; Subissi, Lorenzo; Liesenborghs, Laurens; Hoff, Nicole A.; Peeters, Martine; Low, Nicola; Rimoin, Anne W.; Kindrachuk, Jason; Vercauteren, Koen; Rambaut, Andrew; Ahuka-Mundeke, Steve; Muyembe-Tamfum, Jean-Jacques"
PP_00131KM,Ia,None,Democratic Republic of the Congo,Maindombe,2024-08-26,189765,0.9093246251438828,2025-02-04,"Mbala-Kingebeni, Placide; Wawina-Bokalanga, Tony; Merritt, Sydney; Kinganda-Lusamaki, Eddy; Jansen, Daan; Halbrook, Megan; OToole, Aine; Pukuta-Simbu, Elisabeth; Hasivirwe Vakaniaki, Emmanuel; Ola-Mpumbe, Rilia; Kwete-Mbokama, Papy; Akil-Bandali, Prince; Kacita, Cris; Ponga-Museme, Ange; Mapenzi-Kashali, Nelson; Amuri-Aziza, Adrienne; Tshiani-Mbaya, Olivier; Paku-Tshambu, Princesse; Dantas, Pedro H. L. F.; De Block, Tessa; Lokilo-Lofiko, Emmanuel; Muswamba-Kayembe, Chloe; Makangara-Cigolo, Jean-Claude; Luakanda-Ndelemo, Gradi; Kelvin, David J.; Pratt, Catherine; Ayouba, Ahidjo; Tessema, Sofonias; Mauro Rezende, Antonio; Hensley, Lisa E.; Delaporte, Eric; Mwamba, Dieudonne; Subissi, Lorenzo; Liesenborghs, Laurens; Hoff, Nicole A.; Peeters, Martine; Low, Nicola; Rimoin, Anne W.; Kindrachuk, Jason; Vercauteren, Koen; Rambaut, Andrew; Ahuka-Mundeke, Steve; Muyembe-Tamfum, Jean-Jacques"
PP_00131LK,Ia,None,Democratic Republic of the Congo,Maindombe,2024-08-26,187669,0.6365226739144765,2025-02-04,"Mbala-Kingebeni, Placide; Wawina-Bokalanga, Tony; Merritt, Sydney; Kinganda-Lusamaki, Eddy; Jansen, Daan; Halbrook, Megan; OToole, Aine; Pukuta-Simbu, Elisabeth; Hasivirwe Vakaniaki, Emmanuel; Ola-Mpumbe, Rilia; Kwete-Mbokama, Papy; Akil-Bandali, Prince; Kacita, Cris; Ponga-Museme, Ange; Mapenzi-Kashali, Nelson; Amuri-Aziza, Adrienne; Tshiani-Mbaya, Olivier; Paku-Tshambu, Princesse; Dantas, Pedro H. L. F.; De Block, Tessa; Lokilo-Lofiko, Emmanuel; Muswamba-Kayembe, Chloe; Makangara-Cigolo, Jean-Claude; Luakanda-Ndelemo, Gradi; Kelvin, David J.; Pratt, Catherine; Ayouba, Ahidjo; Tessema, Sofonias; Mauro Rezende, Antonio; Hensley, Lisa E.; Delaporte, Eric; Mwamba, Dieudonne; Subissi, Lorenzo; Liesenborghs, Laurens; Hoff, Nicole A.; Peeters, Martine; Low, Nicola; Rimoin, Anne W.; Kindrachuk, Jason; Vercauteren, Koen; Rambaut, Andrew; Ahuka-Mundeke, Steve; Muyembe-Tamfum, Jean-Jacques"
PP_00131MH,Ia,None,Democratic Republic of the Congo,Maindombe,2024-08-26,189479,0.925322880801586,2025-02-04,"Mbala-Kingebeni, Placide; Wawina-Bokalanga, Tony; Merritt, Sydney; Kinganda-Lusamaki, Eddy; Jansen, Daan; Halbrook, Megan; OToole, Aine; Pukuta-Simbu, Elisabeth; Hasivirwe Vakaniaki, Emmanuel; Ola-Mpumbe, Rilia; Kwete-Mbokama, Papy; Akil-Bandali, Prince; Kacita, Cris; Ponga-Museme, Ange; Mapenzi-Kashali, Nelson; Amuri-Aziza, Adrienne; Tshiani-Mbaya, Olivier; Paku-Tshambu, Princesse; Dantas, Pedro H. L. F.; De Block, Tessa; Lokilo-Lofiko, Emmanuel; Muswamba-Kayembe, Chloe; Makangara-Cigolo, Jean-Claude; Luakanda-Ndelemo, Gradi; Kelvin, David J.; Pratt, Catherine; Ayouba, Ahidjo; Tessema, Sofonias; Mauro Rezende, Antonio; Hensley, Lisa E.; Delaporte, Eric; Mwamba, Dieudonne; Subissi, Lorenzo; Liesenborghs, Laurens; Hoff, Nicole A.; Peeters, Martine; Low, Nicola; Rimoin, Anne W.; Kindrachuk, Jason; Vercauteren, Koen; Rambaut, Andrew; Ahuka-Mundeke, Steve; Muyembe-Tamfum, Jean-Jacques"
PP_00131NF,Ia,None,Democratic Republic of the Congo,Maindombe,2024-09-07,189111,0.9391508501133315,2025-02-04,"Mbala-Kingebeni, Placide; Wawina-Bokalanga, Tony; Merritt, Sydney; Kinganda-Lusamaki, Eddy; Jansen, Daan; Halbrook, Megan; OToole, Aine; Pukuta-Simbu, Elisabeth; Hasivirwe Vakaniaki, Emmanuel; Ola-Mpumbe, Rilia; Kwete-Mbokama, Papy; Akil-Bandali, Prince; Kacita, Cris; Ponga-Museme, Ange; Mapenzi-Kashali, Nelson; Amuri-Aziza, Adrienne; Tshiani-Mbaya, Olivier; Paku-Tshambu, Princesse; Dantas, Pedro H. L. F.; De Block, Tessa; Lokilo-Lofiko, Emmanuel; Muswamba-Kayembe, Chloe; Makangara-Cigolo, Jean-Claude; Luakanda-Ndelemo, Gradi; Kelvin, David J.; Pratt, Catherine; Ayouba, Ahidjo; Tessema, Sofonias; Mauro Rezende, Antonio; Hensley, Lisa E.; Delaporte, Eric; Mwamba, Dieudonne; Subissi, Lorenzo; Liesenborghs, Laurens; Hoff, Nicole A.; Peeters, Martine; Low, Nicola; Rimoin, Anne W.; Kindrachuk, Jason; Vercauteren, Koen; Rambaut, Andrew; Ahuka-Mundeke, Steve; Muyembe-Tamfum, Jean-Jacques"
PP_00131PD,Ia,None,Democratic Republic of the Congo,Maindombe,2024-09-16,189159,0.8624504966811859,2025-02-04,"Mbala-Kingebeni, Placide; Wawina-Bokalanga, Tony; Merritt, Sydney; Kinganda-Lusamaki, Eddy; Jansen, Daan; Halbrook, Megan; OToole, Aine; Pukuta-Simbu, Elisabeth; Hasivirwe Vakaniaki, Emmanuel; Ola-Mpumbe, Rilia; Kwete-Mbokama, Papy; Akil-Bandali, Prince; Kacita, Cris; Ponga-Museme, Ange; Mapenzi-Kashali, Nelson; Amuri-Aziza, Adrienne; Tshiani-Mbaya, Olivier; Paku-Tshambu, Princesse; Dantas, Pedro H. L. F.; De Block, Tessa; Lokilo-Lofiko, Emmanuel; Muswamba-Kayembe, Chloe; Makangara-Cigolo, Jean-Claude; Luakanda-Ndelemo, Gradi; Kelvin, David J.; Pratt, Catherine; Ayouba, Ahidjo; Tessema, Sofonias; Mauro Rezende, Antonio; Hensley, Lisa E.; Delaporte, Eric; Mwamba, Dieudonne; Subissi, Lorenzo; Liesenborghs, Laurens; Hoff, Nicole A.; Peeters, Martine; Low, Nicola; Rimoin, Anne W.; Kindrachuk, Jason; Vercauteren, Koen; Rambaut, Andrew; Ahuka-Mundeke, Steve; Muyembe-Tamfum, Jean-Jacques"
PP_00131QB,Ia,None,Democratic Republic of the Congo,Maindombe,2024-09-20,188086,0.7532059895846538,2025-02-04,"Mbala-Kingebeni, Placide; Wawina-Bokalanga, Tony; Merritt, Sydney; Kinganda-Lusamaki, Eddy; Jansen, Daan; Halbrook, Megan; OToole, Aine; Pukuta-Simbu, Elisabeth; Hasivirwe Vakaniaki, Emmanuel; Ola-Mpumbe, Rilia; Kwete-Mbokama, Papy; Akil-Bandali, Prince; Kacita, Cris; Ponga-Museme, Ange; Mapenzi-Kashali, Nelson; Amuri-Aziza, Adrienne; Tshiani-Mbaya, Olivier; Paku-Tshambu, Princesse; Dantas, Pedro H. L. F.; De Block, Tessa; Lokilo-Lofiko, Emmanuel; Muswamba-Kayembe, Chloe; Makangara-Cigolo, Jean-Claude; Luakanda-Ndelemo, Gradi; Kelvin, David J.; Pratt, Catherine; Ayouba, Ahidjo; Tessema, Sofonias; Mauro Rezende, Antonio; Hensley, Lisa E.; Delaporte, Eric; Mwamba, Dieudonne; Subissi, Lorenzo; Liesenborghs, Laurens; Hoff, Nicole A.; Peeters, Martine; Low, Nicola; Rimoin, Anne W.; Kindrachuk, Jason; Vercauteren, Koen; Rambaut, Andrew; Ahuka-Mundeke, Steve; Muyembe-Tamfum, Jean-Jacques"
PP_00131R9,Ia,None,Democratic Republic of the Congo,Maindombe,2024-09-19,188788,0.7955874224807185,2025-02-04,"Mbala-Kingebeni, Placide; Wawina-Bokalanga, Tony; Merritt, Sydney; Kinganda-Lusamaki, Eddy; Jansen, Daan; Halbrook, Megan; OToole, Aine; Pukuta-Simbu, Elisabeth; Hasivirwe Vakaniaki, Emmanuel; Ola-Mpumbe, Rilia; Kwete-Mbokama, Papy; Akil-Bandali, Prince; Kacita, Cris; Ponga-Museme, Ange; Mapenzi-Kashali, Nelson; Amuri-Aziza, Adrienne; Tshiani-Mbaya, Olivier; Paku-Tshambu, Princesse; Dantas, Pedro H. L. F.; De Block, Tessa; Lokilo-Lofiko, Emmanuel; Muswamba-Kayembe, Chloe; Makangara-Cigolo, Jean-Claude; Luakanda-Ndelemo, Gradi; Kelvin, David J.; Pratt, Catherine; Ayouba, Ahidjo; Tessema, Sofonias; Mauro Rezende, Antonio; Hensley, Lisa E.; Delaporte, Eric; Mwamba, Dieudonne; Subissi, Lorenzo; Liesenborghs, Laurens; Hoff, Nicole A.; Peeters, Martine; Low, Nicola; Rimoin, Anne W.; Kindrachuk, Jason; Vercauteren, Koen; Rambaut, Andrew; Ahuka-Mundeke, Steve; Muyembe-Tamfum, Jean-Jacques"
PP_00131S7,Ia,None,Democratic Republic of the Congo,Maindombe,2024-09-07,189191,0.8868155104483061,2025-02-04,"Mbala-Kingebeni, Placide; Wawina-Bokalanga, Tony; Merritt, Sydney; Kinganda-Lusamaki, Eddy; Jansen, Daan; Halbrook, Megan; OToole, Aine; Pukuta-Simbu, Elisabeth; Hasivirwe Vakaniaki, Emmanuel; Ola-Mpumbe, Rilia; Kwete-Mbokama, Papy; Akil-Bandali, Prince; Kacita, Cris; Ponga-Museme, Ange; Mapenzi-Kashali, Nelson; Amuri-Aziza, Adrienne; Tshiani-Mbaya, Olivier; Paku-Tshambu, Princesse; Dantas, Pedro H. L. F.; De Block, Tessa; Lokilo-Lofiko, Emmanuel; Muswamba-Kayembe, Chloe; Makangara-Cigolo, Jean-Claude; Luakanda-Ndelemo, Gradi; Kelvin, David J.; Pratt, Catherine; Ayouba, Ahidjo; Tessema, Sofonias; Mauro Rezende, Antonio; Hensley, Lisa E.; Delaporte, Eric; Mwamba, Dieudonne; Subissi, Lorenzo; Liesenborghs, Laurens; Hoff, Nicole A.; Peeters, Martine; Low, Nicola; Rimoin, Anne W.; Kindrachuk, Jason; Vercauteren, Koen; Rambaut, Andrew; Ahuka-Mundeke, Steve; Muyembe-Tamfum, Jean-Jacques"
PP_00131T5,Ia,None,Democratic Republic of the Congo,Kinshasa,2024-10-03,188380,0.8089691646932949,2025-02-04,"Wawina-Bokalanga, Tony; Merritt, Sydney; Kinganda-Lusamaki, Eddy; Jansen, Daan; Halbrook, Megan; OToole, Aine; Pukuta-Simbu, Elisabeth; Muyamuna, Elise; Hasivirwe Vakaniaki, Emmanuel; Ola-Mpumbe, Rilia; Kwete-Mbokama, Papy; Akil-Bandali, Prince; Kacita, Cris; Ponga-Museme, Ange; Mapenzi-Kashali, Nelson; Amuri-Aziza, Adrienne; Muyembe-Mawete, Francisca; Lumembe-Numbi, Raphael; Kabamba-Lungenyi, Gabriel; Tshiani-Mbaya, Olivier; Paku-Tshambu, Princesse; Dantas, Pedro Hlf; DeBlock, Tessa; Lokilo-Lofiko, Emmanuel; Muswamba-Kayembe, Chloe; Makangara-Cigolo, Jean-Claude; Luakanda-Ndelemo, Gradi; Kelvin, David J.; Pratt, Catherine; Ayouba, Ahidjo; Tessema, Sofonias; Mauro, Antonio R.; Hensley, Lisa E.; Delaporte, Eric; Mwamba, Dieudonne; Subissi, Lorenzo; Liesenborghs, Laurens; Hoff, Nicole A.; Peeters, Martine; Low, Nicola; Ahuka-Mundeke, Steve; Muyembe-Tamfum, Jean-Jacques; Rimoin, Anne W.; Kindrachuk, Jason; Vercauteren, Koen; Rambaut, Andrew; Mbala-Kingebeni, Placide"
PP_0013BFL,Ia,None,Democratic Republic of the Congo,Sud-Ubangi,2024-09-30,189252,0.8619941280570359,2025-02-04,"Ahuka-Mundeke, Steve; Pukuta-Simbu, Elisabeth; Amuri-Aziza, Adrienne; Wawina-Bokalanga, Tony; Merritt, Sydney; Kinganda-Lusamaki, Eddy; Jansen, Daan; Halbrook, Megan; OToole, Aine; Hasivirwe Vakaniaki, Emmanuel; Ola-Mpumbe, Rilia; Kwete-Mbokama, Papy; Akil-Bandali, Prince; Kacita, Cris; Ponga-Museme, Ange; Mapenzi-Kashali, Nelson; Tshiani-Mbaya, Olivier; Paku-Tshambu, Princesse; Dantas, Pedro H. L. F.; De Block, Tessa; Lokilo-Lofiko, Emmanuel; Muswamba-Kayembe, Chloe; Makangara-Cigolo, Jean-Claude; Luakanda-Ndelemo, Gradi; Kelvin, David J.; Pratt, Catherine; Ayouba, Ahidjo; Tessema, Sofonias; Mauro Rezende, Antonio; Hensley, Lisa E.; Delaporte, Eric; Mwamba, Dieudonne; Subissi, Lorenzo; Liesenborghs, Laurens; Hoff, Nicole A.; Peeters, Martine; Low, Nicola; Rimoin, Anne W.; Kindrachuk, Jason; Vercauteren, Koen; Rambaut, Andrew; Mbala-Kingebeni, Placide; Muyembe-Tamfum, Jean-Jacques"
PP_0013BGJ,Ia,None,Democratic Republic of the Congo,Tshopo,2024-08-23,188863,0.7217774036681895,2025-02-04,"Ahuka-Mundeke, Steve; Pukuta-Simbu, Elisabeth; Amuri-Aziza, Adrienne; Wawina-Bokalanga, Tony; Merritt, Sydney; Kinganda-Lusamaki, Eddy; Jansen, Daan; Halbrook, Megan; OToole, Aine; Hasivirwe Vakaniaki, Emmanuel; Ola-Mpumbe, Rilia; Kwete-Mbokama, Papy; Akil-Bandali, Prince; Kacita, Cris; Ponga-Museme, Ange; Mapenzi-Kashali, Nelson; Tshiani-Mbaya, Olivier; Paku-Tshambu, Princesse; Dantas, Pedro H. L. F.; De Block, Tessa; Lokilo-Lofiko, Emmanuel; Muswamba-Kayembe, Chloe; Makangara-Cigolo, Jean-Claude; Luakanda-Ndelemo, Gradi; Kelvin, David J.; Pratt, Catherine; Ayouba, Ahidjo; Tessema, Sofonias; Mauro Rezende, Antonio; Hensley, Lisa E.; Delaporte, Eric; Mwamba, Dieudonne; Subissi, Lorenzo; Liesenborghs, Laurens; Hoff, Nicole A.; Peeters, Martine; Low, Nicola; Rimoin, Anne W.; Kindrachuk, Jason; Vercauteren, Koen; Rambaut, Andrew; Mbala-Kingebeni, Placide; Muyembe-Tamfum, Jean-Jacques"
PP_0013BHF,Ia,None,Democratic Republic of the Congo,Tshopo,2024-09-19,188842,0.6311375241495064,2025-02-04,"Ahuka-Mundeke, Steve; Pukuta-Simbu, Elisabeth; Amuri-Aziza, Adrienne; Wawina-Bokalanga, Tony; Merritt, Sydney; Kinganda-Lusamaki, Eddy; Jansen, Daan; Halbrook, Megan; OToole, Aine; Hasivirwe Vakaniaki, Emmanuel; Ola-Mpumbe, Rilia; Kwete-Mbokama, Papy; Akil-Bandali, Prince; Kacita, Cris; Ponga-Museme, Ange; Mapenzi-Kashali, Nelson; Tshiani-Mbaya, Olivier; Paku-Tshambu, Princesse; Dantas, Pedro H. L. F.; De Block, Tessa; Lokilo-Lofiko, Emmanuel; Muswamba-Kayembe, Chloe; Makangara-Cigolo, Jean-Claude; Luakanda-Ndelemo, Gradi; Kelvin, David J.; Pratt, Catherine; Ayouba, Ahidjo; Tessema, Sofonias; Mauro Rezende, Antonio; Hensley, Lisa E.; Delaporte, Eric; Mwamba, Dieudonne; Subissi, Lorenzo; Liesenborghs, Laurens; Hoff, Nicole A.; Peeters, Martine; Low, Nicola; Rimoin, Anne W.; Kindrachuk, Jason; Vercauteren, Koen; Rambaut, Andrew; Mbala-Kingebeni, Placide; Muyembe-Tamfum, Jean-Jacques"
PP_0013BJD,Ia,None,Democratic Republic of the Congo,Mongala,2024-09-27,187460,0.9303682894796892,2025-02-04,"Mbala-Kingebeni, Placide; Wawina-Bokalanga, Tony; Merritt, Sydney; Kinganda-Lusamaki, Eddy; Jansen, Daan; Halbrook, Megan; OToole, Aine; Pukuta-Simbu, Elisabeth; Hasivirwe Vakaniaki, Emmanuel; Ola-Mpumbe, Rilia; Kwete-Mbokama, Papy; Akil-Bandali, Prince; Kacita, Cris; Ponga-Museme, Ange; Mapenzi-Kashali, Nelson; Amuri-Aziza, Adrienne; Tshiani-Mbaya, Olivier; Paku-Tshambu, Princesse; Dantas, Pedro H. L. F.; De Block, Tessa; Lokilo-Lofiko, Emmanuel; Muswamba-Kayembe, Chloe; Makangara-Cigolo, Jean-Claude; Luakanda-Ndelemo, Gradi; Kelvin, David J.; Pratt, Catherine; Ayouba, Ahidjo; Tessema, Sofonias; Mauro Rezende, Antonio; Hensley, Lisa E.; Delaporte, Eric; Mwamba, Dieudonne; Subissi, Lorenzo; Liesenborghs, Laurens; Hoff, Nicole A.; Peeters, Martine; Low, Nicola; Rimoin, Anne W.; Kindrachuk, Jason; Vercauteren, Koen; Rambaut, Andrew; Ahuka-Mundeke, Steve; Muyembe-Tamfum, Jean-Jacques"
PP_0013BKB,Ia,None,Democratic Republic of the Congo,Sud-Ubangi,2024-09-30,187478,0.8132083221353995,2025-02-04,"Ahuka-Mundeke, Steve; Pukuta-Simbu, Elisabeth; Amuri-Aziza, Adrienne; Wawina-Bokalanga, Tony; Merritt, Sydney; Kinganda-Lusamaki, Eddy; Jansen, Daan; Halbrook, Megan; OToole, Aine; Hasivirwe Vakaniaki, Emmanuel; Ola-Mpumbe, Rilia; Kwete-Mbokama, Papy; Akil-Bandali, Prince; Kacita, Cris; Ponga-Museme, Ange; Mapenzi-Kashali, Nelson; Tshiani-Mbaya, Olivier; Paku-Tshambu, Princesse; Dantas, Pedro H. L. F.; De Block, Tessa; Lokilo-Lofiko, Emmanuel; Muswamba-Kayembe, Chloe; Makangara-Cigolo, Jean-Claude; Luakanda-Ndelemo, Gradi; Kelvin, David J.; Pratt, Catherine; Ayouba, Ahidjo; Tessema, Sofonias; Mauro Rezende, Antonio; Hensley, Lisa E.; Delaporte, Eric; Mwamba, Dieudonne; Subissi, Lorenzo; Liesenborghs, Laurens; Hoff, Nicole A.; Peeters, Martine; Low, Nicola; Rimoin, Anne W.; Kindrachuk, Jason; Vercauteren, Koen; Rambaut, Andrew; Mbala-Kingebeni, Placide; Muyembe-Tamfum, Jean-Jacques"
PP_0013BL9,Ia,None,Democratic Republic of the Congo,Maindombe,2024-09-06,189246,0.802372102693082,2025-02-04,"Mbala-Kingebeni, Placide; Wawina-Bokalanga, Tony; Merritt, Sydney; Kinganda-Lusamaki, Eddy; Jansen, Daan; Halbrook, Megan; OToole, Aine; Pukuta-Simbu, Elisabeth; Hasivirwe Vakaniaki, Emmanuel; Ola-Mpumbe, Rilia; Kwete-Mbokama, Papy; Akil-Bandali, Prince; Kacita, Cris; Ponga-Museme, Ange; Mapenzi-Kashali, Nelson; Amuri-Aziza, Adrienne; Tshiani-Mbaya, Olivier; Paku-Tshambu, Princesse; Dantas, Pedro H. L. F.; De Block, Tessa; Lokilo-Lofiko, Emmanuel; Muswamba-Kayembe, Chloe; Makangara-Cigolo, Jean-Claude; Luakanda-Ndelemo, Gradi; Kelvin, David J.; Pratt, Catherine; Ayouba, Ahidjo; Tessema, Sofonias; Mauro Rezende, Antonio; Hensley, Lisa E.; Delaporte, Eric; Mwamba, Dieudonne; Subissi, Lorenzo; Liesenborghs, Laurens; Hoff, Nicole A.; Peeters, Martine; Low, Nicola; Rimoin, Anne W.; Kindrachuk, Jason; Vercauteren, Koen; Rambaut, Andrew; Ahuka-Mundeke, Steve; Muyembe-Tamfum, Jean-Jacques"
PP_0013BM7,Ia,None,Democratic Republic of the Congo,Maindombe,2024-10-01,189420,0.9154653185199458,2025-02-04,"Mbala-Kingebeni, Placide; Wawina-Bokalanga, Tony; Merritt, Sydney; Kinganda-Lusamaki, Eddy; Jansen, Daan; Halbrook, Megan; OToole, Aine; Pukuta-Simbu, Elisabeth; Hasivirwe Vakaniaki, Emmanuel; Ola-Mpumbe, Rilia; Kwete-Mbokama, Papy; Akil-Bandali, Prince; Kacita, Cris; Ponga-Museme, Ange; Mapenzi-Kashali, Nelson; Amuri-Aziza, Adrienne; Tshiani-Mbaya, Olivier; Paku-Tshambu, Princesse; Dantas, Pedro H. L. F.; De Block, Tessa; Lokilo-Lofiko, Emmanuel; Muswamba-Kayembe, Chloe; Makangara-Cigolo, Jean-Claude; Luakanda-Ndelemo, Gradi; Kelvin, David J.; Pratt, Catherine; Ayouba, Ahidjo; Tessema, Sofonias; Mauro Rezende, Antonio; Hensley, Lisa E.; Delaporte, Eric; Mwamba, Dieudonne; Subissi, Lorenzo; Liesenborghs, Laurens; Hoff, Nicole A.; Peeters, Martine; Low, Nicola; Rimoin, Anne W.; Kindrachuk, Jason; Vercauteren, Koen; Rambaut, Andrew; Ahuka-Mundeke, Steve; Muyembe-Tamfum, Jean-Jacques"
PP_0013BN5,Ia,None,Democratic Republic of the Congo,Sankuru,2024-09-05,189239,0.9215654457960843,2025-02-04,"Muyembe-Tamfum, Jean-Jacques; Wawina-Bokalanga, Tony; Merritt, Sydney; Kinganda-Lusamaki, Eddy; Jansen, Daan; Halbrook, Megan; OToole, Aine; Pukuta-Simbu, Elisabeth; Hasivirwe Vakaniaki, Emmanuel; Ola-Mpumbe, Rilia; Kwete-Mbokama, Papy; Akil-Bandali, Prince; Kacita, Cris; Ponga-Museme, Ange; Mapenzi-Kashali, Nelson; Amuri-Aziza, Adrienne; Tshiani-Mbaya, Olivier; Paku-Tshambu, Princesse; Dantas, Pedro H. L. F.; De Block, Tessa; Lokilo-Lofiko, Emmanuel; Muswamba-Kayembe, Chloe; Makangara-Cigolo, Jean-Claude; Luakanda-Ndelemo, Gradi; Kelvin, David J.; Pratt, Catherine; Ayouba, Ahidjo; Tessema, Sofonias; Mauro Rezende, Antonio; Hensley, Lisa E.; Delaporte, Eric; Mwamba, Dieudonne; Subissi, Lorenzo; Liesenborghs, Laurens; Hoff, Nicole A.; Peeters, Martine; Low, Nicola; Rimoin, Anne W.; Kindrachuk, Jason; Vercauteren, Koen; Rambaut, Andrew; Mbala-Kingebeni, Placide; Ahuka-Mundeke, Steve"
PP_0013BP3,Ia,None,Democratic Republic of the Congo,Sankuru,2024-09-08,189238,0.9167431506675658,2025-02-04,"Muyembe-Tamfum, Jean-Jacques; Wawina-Bokalanga, Tony; Merritt, Sydney; Kinganda-Lusamaki, Eddy; Jansen, Daan; Halbrook, Megan; OToole, Aine; Pukuta-Simbu, Elisabeth; Hasivirwe Vakaniaki, Emmanuel; Ola-Mpumbe, Rilia; Kwete-Mbokama, Papy; Akil-Bandali, Prince; Kacita, Cris; Ponga-Museme, Ange; Mapenzi-Kashali, Nelson; Amuri-Aziza, Adrienne; Tshiani-Mbaya, Olivier; Paku-Tshambu, Princesse; Dantas, Pedro H. L. F.; De Block, Tessa; Lokilo-Lofiko, Emmanuel; Muswamba-Kayembe, Chloe; Makangara-Cigolo, Jean-Claude; Luakanda-Ndelemo, Gradi; Kelvin, David J.; Pratt, Catherine; Ayouba, Ahidjo; Tessema, Sofonias; Mauro Rezende, Antonio; Hensley, Lisa E.; Delaporte, Eric; Mwamba, Dieudonne; Subissi, Lorenzo; Liesenborghs, Laurens; Hoff, Nicole A.; Peeters, Martine; Low, Nicola; Rimoin, Anne W.; Kindrachuk, Jason; Vercauteren, Koen; Rambaut, Andrew; Mbala-Kingebeni, Placide; Ahuka-Mundeke, Steve"
PP_0013BQ1,Ia,None,Democratic Republic of the Congo,Sankuru,2024-09-08,189163,0.912346799588254,2025-02-04,"Muyembe-Tamfum, Jean-Jacques; Wawina-Bokalanga, Tony; Merritt, Sydney; Kinganda-Lusamaki, Eddy; Jansen, Daan; Halbrook, Megan; OToole, Aine; Pukuta-Simbu, Elisabeth; Hasivirwe Vakaniaki, Emmanuel; Ola-Mpumbe, Rilia; Kwete-Mbokama, Papy; Akil-Bandali, Prince; Kacita, Cris; Ponga-Museme, Ange; Mapenzi-Kashali, Nelson; Amuri-Aziza, Adrienne; Tshiani-Mbaya, Olivier; Paku-Tshambu, Princesse; Dantas, Pedro H. L. F.; De Block, Tessa; Lokilo-Lofiko, Emmanuel; Muswamba-Kayembe, Chloe; Makangara-Cigolo, Jean-Claude; Luakanda-Ndelemo, Gradi; Kelvin, David J.; Pratt, Catherine; Ayouba, Ahidjo; Tessema, Sofonias; Mauro Rezende, Antonio; Hensley, Lisa E.; Delaporte, Eric; Mwamba, Dieudonne; Subissi, Lorenzo; Liesenborghs, Laurens; Hoff, Nicole A.; Peeters, Martine; Low, Nicola; Rimoin, Anne W.; Kindrachuk, Jason; Vercauteren, Koen; Rambaut, Andrew; Mbala-Kingebeni, Placide; Ahuka-Mundeke, Steve"
PP_0013BRZ,Ia,None,Democratic Republic of the Congo,Kinshasa,2024-10-03,189447,0.9158811210441714,2025-02-04,"Wawina-Bokalanga, Tony; Merritt, Sydney; Kinganda-Lusamaki, Eddy; Jansen, Daan; Halbrook, Megan; OToole, Aine; Pukuta-Simbu, Elisabeth; Muyamuna, Elise; Hasivirwe Vakaniaki, Emmanuel; Ola-Mpumbe, Rilia; Kwete-Mbokama, Papy; Akil-Bandali, Prince; Kacita, Cris; Ponga-Museme, Ange; Mapenzi-Kashali, Nelson; Amuri-Aziza, Adrienne; Muyembe-Mawete, Francisca; Lumembe-Numbi, Raphael; Kabamba-Lungenyi, Gabriel; Tshiani-Mbaya, Olivier; Paku-Tshambu, Princesse; Dantas, Pedro Hlf; DeBlock, Tessa; Lokilo-Lofiko, Emmanuel; Muswamba-Kayembe, Chloe; Makangara-Cigolo, Jean-Claude; Luakanda-Ndelemo, Gradi; Kelvin, David J.; Pratt, Catherine; Ayouba, Ahidjo; Tessema, Sofonias; Mauro, Antonio R.; Hensley, Lisa E.; Delaporte, Eric; Mwamba, Dieudonne; Subissi, Lorenzo; Liesenborghs, Laurens; Hoff, Nicole A.; Peeters, Martine; Low, Nicola; Ahuka-Mundeke, Steve; Muyembe-Tamfum, Jean-Jacques; Rimoin, Anne W.; Kindrachuk, Jason; Vercauteren, Koen; Rambaut, Andrew; Mbala-Kingebeni, Placide"
PP_0013BSX,Ia,None,Democratic Republic of the Congo,Kinshasa,2024-10-01,189944,0.9088479734697706,2025-02-04,"Wawina-Bokalanga, Tony; Merritt, Sydney; Kinganda-Lusamaki, Eddy; Jansen, Daan; Halbrook, Megan; OToole, Aine; Pukuta-Simbu, Elisabeth; Muyamuna, Elise; Hasivirwe Vakaniaki, Emmanuel; Ola-Mpumbe, Rilia; Kwete-Mbokama, Papy; Akil-Bandali, Prince; Kacita, Cris; Ponga-Museme, Ange; Mapenzi-Kashali, Nelson; Amuri-Aziza, Adrienne; Muyembe-Mawete, Francisca; Lumembe-Numbi, Raphael; Kabamba-Lungenyi, Gabriel; Tshiani-Mbaya, Olivier; Paku-Tshambu, Princesse; Dantas, Pedro Hlf; DeBlock, Tessa; Lokilo-Lofiko, Emmanuel; Muswamba-Kayembe, Chloe; Makangara-Cigolo, Jean-Claude; Luakanda-Ndelemo, Gradi; Kelvin, David J.; Pratt, Catherine; Ayouba, Ahidjo; Tessema, Sofonias; Mauro, Antonio R.; Hensley, Lisa E.; Delaporte, Eric; Mwamba, Dieudonne; Subissi, Lorenzo; Liesenborghs, Laurens; Hoff, Nicole A.; Peeters, Martine; Low, Nicola; Ahuka-Mundeke, Steve; Muyembe-Tamfum, Jean-Jacques; Rimoin, Anne W.; Kindrachuk, Jason; Vercauteren, Koen; Rambaut, Andrew; Mbala-Kingebeni, Placide"
PP_0013BTV,Ia,None,Democratic Republic of the Congo,Kinshasa,2024-10-01,189165,0.7127768002474532,2025-02-04,"Wawina-Bokalanga, Tony; Merritt, Sydney; Kinganda-Lusamaki, Eddy; Jansen, Daan; Halbrook, Megan; OToole, Aine; Pukuta-Simbu, Elisabeth; Muyamuna, Elise; Hasivirwe Vakaniaki, Emmanuel; Ola-Mpumbe, Rilia; Kwete-Mbokama, Papy; Akil-Bandali, Prince; Kacita, Cris; Ponga-Museme, Ange; Mapenzi-Kashali, Nelson; Amuri-Aziza, Adrienne; Muyembe-Mawete, Francisca; Lumembe-Numbi, Raphael; Kabamba-Lungenyi, Gabriel; Tshiani-Mbaya, Olivier; Paku-Tshambu, Princesse; Dantas, Pedro Hlf; DeBlock, Tessa; Lokilo-Lofiko, Emmanuel; Muswamba-Kayembe, Chloe; Makangara-Cigolo, Jean-Claude; Luakanda-Ndelemo, Gradi; Kelvin, David J.; Pratt, Catherine; Ayouba, Ahidjo; Tessema, Sofonias; Mauro, Antonio R.; Hensley, Lisa E.; Delaporte, Eric; Mwamba, Dieudonne; Subissi, Lorenzo; Liesenborghs, Laurens; Hoff, Nicole A.; Peeters, Martine; Low, Nicola; Ahuka-Mundeke, Steve; Muyembe-Tamfum, Jean-Jacques; Rimoin, Anne W.; Kindrachuk, Jason; Vercauteren, Koen; Rambaut, Andrew; Mbala-Kingebeni, Placide"
PP_0013BUT,Ia,None,Democratic Republic of the Congo,Kinshasa,2024-10-03,189254,0.782854737866933,2025-02-04,"Wawina-Bokalanga, Tony; Merritt, Sydney; Kinganda-Lusamaki, Eddy; Jansen, Daan; Halbrook, Megan; OToole, Aine; Pukuta-Simbu, Elisabeth; Muyamuna, Elise; Hasivirwe Vakaniaki, Emmanuel; Ola-Mpumbe, Rilia; Kwete-Mbokama, Papy; Akil-Bandali, Prince; Kacita, Cris; Ponga-Museme, Ange; Mapenzi-Kashali, Nelson; Amuri-Aziza, Adrienne; Muyembe-Mawete, Francisca; Lumembe-Numbi, Raphael; Kabamba-Lungenyi, Gabriel; Tshiani-Mbaya, Olivier; Paku-Tshambu, Princesse; Dantas, Pedro Hlf; DeBlock, Tessa; Lokilo-Lofiko, Emmanuel; Muswamba-Kayembe, Chloe; Makangara-Cigolo, Jean-Claude; Luakanda-Ndelemo, Gradi; Kelvin, David J.; Pratt, Catherine; Ayouba, Ahidjo; Tessema, Sofonias; Mauro, Antonio R.; Hensley, Lisa E.; Delaporte, Eric; Mwamba, Dieudonne; Subissi, Lorenzo; Liesenborghs, Laurens; Hoff, Nicole A.; Peeters, Martine; Low, Nicola; Ahuka-Mundeke, Steve; Muyembe-Tamfum, Jean-Jacques; Rimoin, Anne W.; Kindrachuk, Jason; Vercauteren, Koen; Rambaut, Andrew; Mbala-Kingebeni, Placide"
PP_0013BVR,Ia,None,Democratic Republic of the Congo,Equateur,2024-09-13,189151,0.6889898534042564,2025-02-04,"Kinganda-Lusamaki, Eddy; Amuri-Aziza, Adrienne; Luakanda-Ndelemo, Gradi; Makangara-Cigolo, Jean-Claude; Kenye, Michel; Kavira, Sifa; Wawina-Bokalanga, Tony; Merritt, Sydney; Jansen, Daan; Halbrook, Megan; OToole, Aine; Pukuta-Simbu, Elisabeth; Hasivirwe Vakaniaki, Emmanuel; Ola-Mpumbe, Rilia; Kwete-Mbokama, Papy; Akil-Bandali, Prince; Kacita, Cris; Ponga-Museme, Ange; Mapenzi-Kashali, Nelson; Tshiani-Mbaya, Olivier; Paku-Tshambu, Princesse; Dantas, Pedro H. L. F.; De Block, Tessa; Lokilo-Lofiko, Emmanuel; Muswamba-Kayembe, Chloe; Kelvin, David J.; Pratt, Catherine; Ayouba, Ahidjo; Tessema, Sofonias; Mauro Rezende, Antonio; Hensley, Lisa E.; Delaporte, Eric; Mwamba, Dieudonne; Subissi, Lorenzo; Liesenborghs, Laurens; Hoff, Nicole A.; Peeters, Martine; Low, Nicola; Ahuka-Mundeke, Steve; Muyembe-Tamfum, Jean-Jacques; Rimoin, Anne W.; Kindrachuk, Jason; Vercauteren, Koen; Rambaut, Andrew; Mbala-Kingebeni, Placide"
PP_0013BWP,Ia,None,Democratic Republic of the Congo,Equateur,2024-09-13,189269,0.9096745077557312,2025-02-04,"Kinganda-Lusamaki, Eddy; Amuri-Aziza, Adrienne; Luakanda-Ndelemo, Gradi; Makangara-Cigolo, Jean-Claude; Kenye, Michel; Kavira, Sifa; Wawina-Bokalanga, Tony; Merritt, Sydney; Jansen, Daan; Halbrook, Megan; OToole, Aine; Pukuta-Simbu, Elisabeth; Hasivirwe Vakaniaki, Emmanuel; Ola-Mpumbe, Rilia; Kwete-Mbokama, Papy; Akil-Bandali, Prince; Kacita, Cris; Ponga-Museme, Ange; Mapenzi-Kashali, Nelson; Tshiani-Mbaya, Olivier; Paku-Tshambu, Princesse; Dantas, Pedro H. L. F.; De Block, Tessa; Lokilo-Lofiko, Emmanuel; Muswamba-Kayembe, Chloe; Kelvin, David J.; Pratt, Catherine; Ayouba, Ahidjo; Tessema, Sofonias; Mauro Rezende, Antonio; Hensley, Lisa E.; Delaporte, Eric; Mwamba, Dieudonne; Subissi, Lorenzo; Liesenborghs, Laurens; Hoff, Nicole A.; Peeters, Martine; Low, Nicola; Ahuka-Mundeke, Steve; Muyembe-Tamfum, Jean-Jacques; Rimoin, Anne W.; Kindrachuk, Jason; Vercauteren, Koen; Rambaut, Andrew; Mbala-Kingebeni, Placide"
PP_0013BXM,Ia,None,Democratic Republic of the Congo,Equateur,2024-09-09,189663,0.938517004802012,2025-02-04,"Kinganda-Lusamaki, Eddy; Amuri-Aziza, Adrienne; Luakanda-Ndelemo, Gradi; Makangara-Cigolo, Jean-Claude; Kenye, Michel; Kavira, Sifa; Wawina-Bokalanga, Tony; Merritt, Sydney; Jansen, Daan; Halbrook, Megan; OToole, Aine; Pukuta-Simbu, Elisabeth; Hasivirwe Vakaniaki, Emmanuel; Ola-Mpumbe, Rilia; Kwete-Mbokama, Papy; Akil-Bandali, Prince; Kacita, Cris; Ponga-Museme, Ange; Mapenzi-Kashali, Nelson; Tshiani-Mbaya, Olivier; Paku-Tshambu, Princesse; Dantas, Pedro H. L. F.; De Block, Tessa; Lokilo-Lofiko, Emmanuel; Muswamba-Kayembe, Chloe; Kelvin, David J.; Pratt, Catherine; Ayouba, Ahidjo; Tessema, Sofonias; Mauro Rezende, Antonio; Hensley, Lisa E.; Delaporte, Eric; Mwamba, Dieudonne; Subissi, Lorenzo; Liesenborghs, Laurens; Hoff, Nicole A.; Peeters, Martine; Low, Nicola; Ahuka-Mundeke, Steve; Muyembe-Tamfum, Jean-Jacques; Rimoin, Anne W.; Kindrachuk, Jason; Vercauteren, Koen; Rambaut, Andrew; Mbala-Kingebeni, Placide"
PP_0013BYK,Ia,None,Democratic Republic of the Congo,Equateur,2024-09-09,189355,0.9039546876663844,2025-02-04,"Kinganda-Lusamaki, Eddy; Amuri-Aziza, Adrienne; Luakanda-Ndelemo, Gradi; Makangara-Cigolo, Jean-Claude; Kenye, Michel; Kavira, Sifa; Wawina-Bokalanga, Tony; Merritt, Sydney; Jansen, Daan; Halbrook, Megan; OToole, Aine; Pukuta-Simbu, Elisabeth; Hasivirwe Vakaniaki, Emmanuel; Ola-Mpumbe, Rilia; Kwete-Mbokama, Papy; Akil-Bandali, Prince; Kacita, Cris; Ponga-Museme, Ange; Mapenzi-Kashali, Nelson; Tshiani-Mbaya, Olivier; Paku-Tshambu, Princesse; Dantas, Pedro H. L. F.; De Block, Tessa; Lokilo-Lofiko, Emmanuel; Muswamba-Kayembe, Chloe; Kelvin, David J.; Pratt, Catherine; Ayouba, Ahidjo; Tessema, Sofonias; Mauro Rezende, Antonio; Hensley, Lisa E.; Delaporte, Eric; Mwamba, Dieudonne; Subissi, Lorenzo; Liesenborghs, Laurens; Hoff, Nicole A.; Peeters, Martine; Low, Nicola; Ahuka-Mundeke, Steve; Muyembe-Tamfum, Jean-Jacques; Rimoin, Anne W.; Kindrachuk, Jason; Vercauteren, Koen; Rambaut, Andrew; Mbala-Kingebeni, Placide"
PP_0013BZH,Ia,None,Democratic Republic of the Congo,Equateur,2024-09-09,190108,0.9359410574568098,2025-02-04,"Kinganda-Lusamaki, Eddy; Amuri-Aziza, Adrienne; Luakanda-Ndelemo, Gradi; Makangara-Cigolo, Jean-Claude; Kenye, Michel; Kavira, Sifa; Wawina-Bokalanga, Tony; Merritt, Sydney; Jansen, Daan; Halbrook, Megan; OToole, Aine; Pukuta-Simbu, Elisabeth; Hasivirwe Vakaniaki, Emmanuel; Ola-Mpumbe, Rilia; Kwete-Mbokama, Papy; Akil-Bandali, Prince; Kacita, Cris; Ponga-Museme, Ange; Mapenzi-Kashali, Nelson; Tshiani-Mbaya, Olivier; Paku-Tshambu, Princesse; Dantas, Pedro H. L. F.; De Block, Tessa; Lokilo-Lofiko, Emmanuel; Muswamba-Kayembe, Chloe; Kelvin, David J.; Pratt, Catherine; Ayouba, Ahidjo; Tessema, Sofonias; Mauro Rezende, Antonio; Hensley, Lisa E.; Delaporte, Eric; Mwamba, Dieudonne; Subissi, Lorenzo; Liesenborghs, Laurens; Hoff, Nicole A.; Peeters, Martine; Low, Nicola; Ahuka-Mundeke, Steve; Muyembe-Tamfum, Jean-Jacques; Rimoin, Anne W.; Kindrachuk, Jason; Vercauteren, Koen; Rambaut, Andrew; Mbala-Kingebeni, Placide"
PP_0013C0F,Ia,None,Democratic Republic of the Congo,Equateur,2024-09-15,190118,0.9414935423839684,2025-02-04,"Kinganda-Lusamaki, Eddy; Amuri-Aziza, Adrienne; Luakanda-Ndelemo, Gradi; Makangara-Cigolo, Jean-Claude; Kenye, Michel; Kavira, Sifa; Wawina-Bokalanga, Tony; Merritt, Sydney; Jansen, Daan; Halbrook, Megan; OToole, Aine; Pukuta-Simbu, Elisabeth; Hasivirwe Vakaniaki, Emmanuel; Ola-Mpumbe, Rilia; Kwete-Mbokama, Papy; Akil-Bandali, Prince; Kacita, Cris; Ponga-Museme, Ange; Mapenzi-Kashali, Nelson; Tshiani-Mbaya, Olivier; Paku-Tshambu, Princesse; Dantas, Pedro H. L. F.; De Block, Tessa; Lokilo-Lofiko, Emmanuel; Muswamba-Kayembe, Chloe; Kelvin, David J.; Pratt, Catherine; Ayouba, Ahidjo; Tessema, Sofonias; Mauro Rezende, Antonio; Hensley, Lisa E.; Delaporte, Eric; Mwamba, Dieudonne; Subissi, Lorenzo; Liesenborghs, Laurens; Hoff, Nicole A.; Peeters, Martine; Low, Nicola; Ahuka-Mundeke, Steve; Muyembe-Tamfum, Jean-Jacques; Rimoin, Anne W.; Kindrachuk, Jason; Vercauteren, Koen; Rambaut, Andrew; Mbala-Kingebeni, Placide"
PP_0013C1D,Ia,None,Democratic Republic of the Congo,Equateur,2024-09-15,189927,0.9370160591048076,2025-02-04,"Kinganda-Lusamaki, Eddy; Amuri-Aziza, Adrienne; Luakanda-Ndelemo, Gradi; Makangara-Cigolo, Jean-Claude; Kenye, Michel; Kavira, Sifa; Wawina-Bokalanga, Tony; Merritt, Sydney; Jansen, Daan; Halbrook, Megan; OToole, Aine; Pukuta-Simbu, Elisabeth; Hasivirwe Vakaniaki, Emmanuel; Ola-Mpumbe, Rilia; Kwete-Mbokama, Papy; Akil-Bandali, Prince; Kacita, Cris; Ponga-Museme, Ange; Mapenzi-Kashali, Nelson; Tshiani-Mbaya, Olivier; Paku-Tshambu, Princesse; Dantas, Pedro H. L. F.; De Block, Tessa; Lokilo-Lofiko, Emmanuel; Muswamba-Kayembe, Chloe; Kelvin, David J.; Pratt, Catherine; Ayouba, Ahidjo; Tessema, Sofonias; Mauro Rezende, Antonio; Hensley, Lisa E.; Delaporte, Eric; Mwamba, Dieudonne; Subissi, Lorenzo; Liesenborghs, Laurens; Hoff, Nicole A.; Peeters, Martine; Low, Nicola; Ahuka-Mundeke, Steve; Muyembe-Tamfum, Jean-Jacques; Rimoin, Anne W.; Kindrachuk, Jason; Vercauteren, Koen; Rambaut, Andrew; Mbala-Kingebeni, Placide"
PP_0013C2B,Ia,None,Democratic Republic of the Congo,Equateur,2024-09-16,187013,0.6366798675516837,2025-02-04,"Kinganda-Lusamaki, Eddy; Amuri-Aziza, Adrienne; Luakanda-Ndelemo, Gradi; Makangara-Cigolo, Jean-Claude; Kenye, Michel; Kavira, Sifa; Wawina-Bokalanga, Tony; Merritt, Sydney; Jansen, Daan; Halbrook, Megan; OToole, Aine; Pukuta-Simbu, Elisabeth; Hasivirwe Vakaniaki, Emmanuel; Ola-Mpumbe, Rilia; Kwete-Mbokama, Papy; Akil-Bandali, Prince; Kacita, Cris; Ponga-Museme, Ange; Mapenzi-Kashali, Nelson; Tshiani-Mbaya, Olivier; Paku-Tshambu, Princesse; Dantas, Pedro H. L. F.; De Block, Tessa; Lokilo-Lofiko, Emmanuel; Muswamba-Kayembe, Chloe; Kelvin, David J.; Pratt, Catherine; Ayouba, Ahidjo; Tessema, Sofonias; Mauro Rezende, Antonio; Hensley, Lisa E.; Delaporte, Eric; Mwamba, Dieudonne; Subissi, Lorenzo; Liesenborghs, Laurens; Hoff, Nicole A.; Peeters, Martine; Low, Nicola; Ahuka-Mundeke, Steve; Muyembe-Tamfum, Jean-Jacques; Rimoin, Anne W.; Kindrachuk, Jason; Vercauteren, Koen; Rambaut, Andrew; Mbala-Kingebeni, Placide"
PP_0013C39,Ia,None,Democratic Republic of the Congo,Equateur,2024-09-19,188075,0.7815667641943319,2025-02-04,"Kinganda-Lusamaki, Eddy; Amuri-Aziza, Adrienne; Luakanda-Ndelemo, Gradi; Makangara-Cigolo, Jean-Claude; Kenye, Michel; Kavira, Sifa; Wawina-Bokalanga, Tony; Merritt, Sydney; Jansen, Daan; Halbrook, Megan; OToole, Aine; Pukuta-Simbu, Elisabeth; Hasivirwe Vakaniaki, Emmanuel; Ola-Mpumbe, Rilia; Kwete-Mbokama, Papy; Akil-Bandali, Prince; Kacita, Cris; Ponga-Museme, Ange; Mapenzi-Kashali, Nelson; Tshiani-Mbaya, Olivier; Paku-Tshambu, Princesse; Dantas, Pedro H. L. F.; De Block, Tessa; Lokilo-Lofiko, Emmanuel; Muswamba-Kayembe, Chloe; Kelvin, David J.; Pratt, Catherine; Ayouba, Ahidjo; Tessema, Sofonias; Mauro Rezende, Antonio; Hensley, Lisa E.; Delaporte, Eric; Mwamba, Dieudonne; Subissi, Lorenzo; Liesenborghs, Laurens; Hoff, Nicole A.; Peeters, Martine; Low, Nicola; Ahuka-Mundeke, Steve; Muyembe-Tamfum, Jean-Jacques; Rimoin, Anne W.; Kindrachuk, Jason; Vercauteren, Koen; Rambaut, Andrew; Mbala-Kingebeni, Placide"
PP_0013C47,Ia,None,Democratic Republic of the Congo,Equateur,2024-09-20,188794,0.8110431065519322,2025-02-04,"Kinganda-Lusamaki, Eddy; Amuri-Aziza, Adrienne; Luakanda-Ndelemo, Gradi; Makangara-Cigolo, Jean-Claude; Kenye, Michel; Kavira, Sifa; Wawina-Bokalanga, Tony; Merritt, Sydney; Jansen, Daan; Halbrook, Megan; OToole, Aine; Pukuta-Simbu, Elisabeth; Hasivirwe Vakaniaki, Emmanuel; Ola-Mpumbe, Rilia; Kwete-Mbokama, Papy; Akil-Bandali, Prince; Kacita, Cris; Ponga-Museme, Ange; Mapenzi-Kashali, Nelson; Tshiani-Mbaya, Olivier; Paku-Tshambu, Princesse; Dantas, Pedro H. L. F.; De Block, Tessa; Lokilo-Lofiko, Emmanuel; Muswamba-Kayembe, Chloe; Kelvin, David J.; Pratt, Catherine; Ayouba, Ahidjo; Tessema, Sofonias; Mauro Rezende, Antonio; Hensley, Lisa E.; Delaporte, Eric; Mwamba, Dieudonne; Subissi, Lorenzo; Liesenborghs, Laurens; Hoff, Nicole A.; Peeters, Martine; Low, Nicola; Ahuka-Mundeke, Steve; Muyembe-Tamfum, Jean-Jacques; Rimoin, Anne W.; Kindrachuk, Jason; Vercauteren, Koen; Rambaut, Andrew; Mbala-Kingebeni, Placide"
PP_0013C55,Ia,None,Democratic Republic of the Congo,Equateur,2024-09-24,189493,0.931397654265272,2025-02-04,"Kinganda-Lusamaki, Eddy; Amuri-Aziza, Adrienne; Luakanda-Ndelemo, Gradi; Makangara-Cigolo, Jean-Claude; Kenye, Michel; Kavira, Sifa; Wawina-Bokalanga, Tony; Merritt, Sydney; Jansen, Daan; Halbrook, Megan; OToole, Aine; Pukuta-Simbu, Elisabeth; Hasivirwe Vakaniaki, Emmanuel; Ola-Mpumbe, Rilia; Kwete-Mbokama, Papy; Akil-Bandali, Prince; Kacita, Cris; Ponga-Museme, Ange; Mapenzi-Kashali, Nelson; Tshiani-Mbaya, Olivier; Paku-Tshambu, Princesse; Dantas, Pedro H. L. F.; De Block, Tessa; Lokilo-Lofiko, Emmanuel; Muswamba-Kayembe, Chloe; Kelvin, David J.; Pratt, Catherine; Ayouba, Ahidjo; Tessema, Sofonias; Mauro Rezende, Antonio; Hensley, Lisa E.; Delaporte, Eric; Mwamba, Dieudonne; Subissi, Lorenzo; Liesenborghs, Laurens; Hoff, Nicole A.; Peeters, Martine; Low, Nicola; Ahuka-Mundeke, Steve; Muyembe-Tamfum, Jean-Jacques; Rimoin, Anne W.; Kindrachuk, Jason; Vercauteren, Koen; Rambaut, Andrew; Mbala-Kingebeni, Placide"
PP_0013C63,Ia,None,Democratic Republic of the Congo,Equateur,2024-09-13,188862,0.8495403353802311,2025-02-04,"Kinganda-Lusamaki, Eddy; Amuri-Aziza, Adrienne; Luakanda-Ndelemo, Gradi; Makangara-Cigolo, Jean-Claude; Kenye, Michel; Kavira, Sifa; Wawina-Bokalanga, Tony; Merritt, Sydney; Jansen, Daan; Halbrook, Megan; OToole, Aine; Pukuta-Simbu, Elisabeth; Hasivirwe Vakaniaki, Emmanuel; Ola-Mpumbe, Rilia; Kwete-Mbokama, Papy; Akil-Bandali, Prince; Kacita, Cris; Ponga-Museme, Ange; Mapenzi-Kashali, Nelson; Tshiani-Mbaya, Olivier; Paku-Tshambu, Princesse; Dantas, Pedro H. L. F.; De Block, Tessa; Lokilo-Lofiko, Emmanuel; Muswamba-Kayembe, Chloe; Kelvin, David J.; Pratt, Catherine; Ayouba, Ahidjo; Tessema, Sofonias; Mauro Rezende, Antonio; Hensley, Lisa E.; Delaporte, Eric; Mwamba, Dieudonne; Subissi, Lorenzo; Liesenborghs, Laurens; Hoff, Nicole A.; Peeters, Martine; Low, Nicola; Ahuka-Mundeke, Steve; Muyembe-Tamfum, Jean-Jacques; Rimoin, Anne W.; Kindrachuk, Jason; Vercauteren, Koen; Rambaut, Andrew; Mbala-Kingebeni, Placide"
PP_0013C71,Ia,None,Democratic Republic of the Congo,Equateur,2024-09-13,189223,0.92353290164242,2025-02-04,"Kinganda-Lusamaki, Eddy; Amuri-Aziza, Adrienne; Luakanda-Ndelemo, Gradi; Makangara-Cigolo, Jean-Claude; Kenye, Michel; Kavira, Sifa; Wawina-Bokalanga, Tony; Merritt, Sydney; Jansen, Daan; Halbrook, Megan; OToole, Aine; Pukuta-Simbu, Elisabeth; Hasivirwe Vakaniaki, Emmanuel; Ola-Mpumbe, Rilia; Kwete-Mbokama, Papy; Akil-Bandali, Prince; Kacita, Cris; Ponga-Museme, Ange; Mapenzi-Kashali, Nelson; Tshiani-Mbaya, Olivier; Paku-Tshambu, Princesse; Dantas, Pedro H. L. F.; De Block, Tessa; Lokilo-Lofiko, Emmanuel; Muswamba-Kayembe, Chloe; Kelvin, David J.; Pratt, Catherine; Ayouba, Ahidjo; Tessema, Sofonias; Mauro Rezende, Antonio; Hensley, Lisa E.; Delaporte, Eric; Mwamba, Dieudonne; Subissi, Lorenzo; Liesenborghs, Laurens; Hoff, Nicole A.; Peeters, Martine; Low, Nicola; Ahuka-Mundeke, Steve; Muyembe-Tamfum, Jean-Jacques; Rimoin, Anne W.; Kindrachuk, Jason; Vercauteren, Koen; Rambaut, Andrew; Mbala-Kingebeni, Placide"
PP_0013C8Z,Ia,None,Democratic Republic of the Congo,Equateur,2024-09-13,189515,0.93196050890172355,2025-02-04,"Kinganda-Lusamaki, Eddy; Amuri-Aziza, Adrienne; Luakanda-Ndelemo, Gradi; Makangara-Cigolo, Jean-Claude; Kenye, Michel; Kavira, Sifa; Wawina-Bokalanga, Tony; Merritt, Sydney; Jansen, Daan; Halbrook, Megan; OToole, Aine; Pukuta-Simbu, Elisabeth; Hasivirwe Vakaniaki, Emmanuel; Ola-Mpumbe, Rilia; Kwete-Mbokama, Papy; Akil-Bandali, Prince; Kacita, Cris; Ponga-Museme, Ange; Mapenzi-Kashali, Nelson; Tshiani-Mbaya, Olivier; Paku-Tshambu, Princesse; Dantas, Pedro H. L. F.; De Block, Tessa; Lokilo-Lofiko, Emmanuel; Muswamba-Kayembe, Chloe; Kelvin, David J.; Pratt, Catherine; Ayouba, Ahidjo; Tessema, Sofonias; Mauro Rezende, Antonio; Hensley, Lisa E.; Delaporte, Eric; Mwamba, Dieudonne; Subissi, Lorenzo; Liesenborghs, Laurens; Hoff, Nicole A.; Peeters, Martine; Low, Nicola; Ahuka-Mundeke, Steve; Muyembe-Tamfum, Jean-Jacques; Rimoin, Anne W.; Kindrachuk, Jason; Vercauteren, Koen; Rambaut, Andrew; Mbala-Kingebeni, Placide"
PP_0013C9X,Ia,None,Democratic Republic of the Congo,Equateur,2024-09-15,189265,0.8830580754428043,2025-02-04,"Kinganda-Lusamaki, Eddy; Amuri-Aziza, Adrienne; Luakanda-Ndelemo, Gradi; Makangara-Cigolo, Jean-Claude; Kenye, Michel; Kavira, Sifa; Wawina-Bokalanga, Tony; Merritt, Sydney; Jansen, Daan; Halbrook, Megan; OToole, Aine; Pukuta-Simbu, Elisabeth; Hasivirwe Vakaniaki, Emmanuel; Ola-Mpumbe, Rilia; Kwete-Mbokama, Papy; Akil-Bandali, Prince; Kacita, Cris; Ponga-Museme, Ange; Mapenzi-Kashali, Nelson; Tshiani-Mbaya, Olivier; Paku-Tshambu, Princesse; Dantas, Pedro H. L. F.; De Block, Tessa; Lokilo-Lofiko, Emmanuel; Muswamba-Kayembe, Chloe; Kelvin, David J.; Pratt, Catherine; Ayouba, Ahidjo; Tessema, Sofonias; Mauro Rezende, Antonio; Hensley, Lisa E.; Delaporte, Eric; Mwamba, Dieudonne; Subissi, Lorenzo; Liesenborghs, Laurens; Hoff, Nicole A.; Peeters, Martine; Low, Nicola; Ahuka-Mundeke, Steve; Muyembe-Tamfum, Jean-Jacques; Rimoin, Anne W.; Kindrachuk, Jason; Vercauteren, Koen; Rambaut, Andrew; Mbala-Kingebeni, Placide"
PP_0013CAV,Ia,None,Democratic Republic of the Congo,Equateur,2024-09-15,189262,0.9214386767338204,2025-02-04,"Kinganda-Lusamaki, Eddy; Amuri-Aziza, Adrienne; Luakanda-Ndelemo, Gradi; Makangara-Cigolo, Jean-Claude; Kenye, Michel; Kavira, Sifa; Wawina-Bokalanga, Tony; Merritt, Sydney; Jansen, Daan; Halbrook, Megan; OToole, Aine; Pukuta-Simbu, Elisabeth; Hasivirwe Vakaniaki, Emmanuel; Ola-Mpumbe, Rilia; Kwete-Mbokama, Papy; Akil-Bandali, Prince; Kacita, Cris; Ponga-Museme, Ange; Mapenzi-Kashali, Nelson; Tshiani-Mbaya, Olivier; Paku-Tshambu, Princesse; Dantas, Pedro H. L. F.; De Block, Tessa; Lokilo-Lofiko, Emmanuel; Muswamba-Kayembe, Chloe; Kelvin, David J.; Pratt, Catherine; Ayouba, Ahidjo; Tessema, Sofonias; Mauro Rezende, Antonio; Hensley, Lisa E.; Delaporte, Eric; Mwamba, Dieudonne; Subissi, Lorenzo; Liesenborghs, Laurens; Hoff, Nicole A.; Peeters, Martine; Low, Nicola; Ahuka-Mundeke, Steve; Muyembe-Tamfum, Jean-Jacques; Rimoin, Anne W.; Kindrachuk, Jason; Vercauteren, Koen; Rambaut, Andrew; Mbala-Kingebeni, Placide"
PP_0013CBT,Ia,None,Democratic Republic of the Congo,Equateur,2024-09-17,189248,0.8880477057335111,2025-02-04,"Kinganda-Lusamaki, Eddy; Amuri-Aziza, Adrienne; Luakanda-Ndelemo, Gradi; Makangara-Cigolo, Jean-Claude; Kenye, Michel; Kavira, Sifa; Wawina-Bokalanga, Tony; Merritt, Sydney; Jansen, Daan; Halbrook, Megan; OToole, Aine; Pukuta-Simbu, Elisabeth; Hasivirwe Vakaniaki, Emmanuel; Ola-Mpumbe, Rilia; Kwete-Mbokama, Papy; Akil-Bandali, Prince; Kacita, Cris; Ponga-Museme, Ange; Mapenzi-Kashali, Nelson; Tshiani-Mbaya, Olivier; Paku-Tshambu, Princesse; Dantas, Pedro H. L. F.; De Block, Tessa; Lokilo-Lofiko, Emmanuel; Muswamba-Kayembe, Chloe; Kelvin, David J.; Pratt, Catherine; Ayouba, Ahidjo; Tessema, Sofonias; Mauro Rezende, Antonio; Hensley, Lisa E.; Delaporte, Eric; Mwamba, Dieudonne; Subissi, Lorenzo; Liesenborghs, Laurens; Hoff, Nicole A.; Peeters, Martine; Low, Nicola; Ahuka-Mundeke, Steve; Muyembe-Tamfum, Jean-Jacques; Rimoin, Anne W.; Kindrachuk, Jason; Vercauteren, Koen; Rambaut, Andrew; Mbala-Kingebeni, Placide"
PP_0013CCR,Ia,None,Democratic Republic of the Congo,Equateur,2024-09-17,190095,0.9476900141474274,2025-02-04,"Kinganda-Lusamaki, Eddy; Amuri-Aziza, Adrienne; Luakanda-Ndelemo, Gradi; Makangara-Cigolo, Jean-Claude; Kenye, Michel; Kavira, Sifa; Wawina-Bokalanga, Tony; Merritt, Sydney; Jansen, Daan; Halbrook, Megan; OToole, Aine; Pukuta-Simbu, Elisabeth; Hasivirwe Vakaniaki, Emmanuel; Ola-Mpumbe, Rilia; Kwete-Mbokama, Papy; Akil-Bandali, Prince; Kacita, Cris; Ponga-Museme, Ange; Mapenzi-Kashali, Nelson; Tshiani-Mbaya, Olivier; Paku-Tshambu, Princesse; Dantas, Pedro H. L. F.; De Block, Tessa; Lokilo-Lofiko, Emmanuel; Muswamba-Kayembe, Chloe; Kelvin, David J.; Pratt, Catherine; Ayouba, Ahidjo; Tessema, Sofonias; Mauro Rezende, Antonio; Hensley, Lisa E.; Delaporte, Eric; Mwamba, Dieudonne; Subissi, Lorenzo; Liesenborghs, Laurens; Hoff, Nicole A.; Peeters, Martine; Low, Nicola; Ahuka-Mundeke, Steve; Muyembe-Tamfum, Jean-Jacques; Rimoin, Anne W.; Kindrachuk, Jason; Vercauteren, Koen; Rambaut, Andrew; Mbala-Kingebeni, Placide"
PP_0013CDP,Ia,None,Democratic Republic of the Congo,Equateur,2024-09-19,187566,0.6063313540457078,2025-02-04,"Kinganda-Lusamaki, Eddy; Amuri-Aziza, Adrienne; Luakanda-Ndelemo, Gradi; Makangara-Cigolo, Jean-Claude; Kenye, Michel; Kavira, Sifa; Wawina-Bokalanga, Tony; Merritt, Sydney; Jansen, Daan; Halbrook, Megan; OToole, Aine; Pukuta-Simbu, Elisabeth; Hasivirwe Vakaniaki, Emmanuel; Ola-Mpumbe, Rilia; Kwete-Mbokama, Papy; Akil-Bandali, Prince; Kacita, Cris; Ponga-Museme, Ange; Mapenzi-Kashali, Nelson; Tshiani-Mbaya, Olivier; Paku-Tshambu, Princesse; Dantas, Pedro H. L. F.; De Block, Tessa; Lokilo-Lofiko, Emmanuel; Muswamba-Kayembe, Chloe; Kelvin, David J.; Pratt, Catherine; Ayouba, Ahidjo; Tessema, Sofonias; Mauro Rezende, Antonio; Hensley, Lisa E.; Delaporte, Eric; Mwamba, Dieudonne; Subissi, Lorenzo; Liesenborghs, Laurens; Hoff, Nicole A.; Peeters, Martine; Low, Nicola; Ahuka-Mundeke, Steve; Muyembe-Tamfum, Jean-Jacques; Rimoin, Anne W.; Kindrachuk, Jason; Vercauteren, Koen; Rambaut, Andrew; Mbala-Kingebeni, Placide"
PP_0013CEM,Ia,None,Democratic Republic of the Congo,Equateur,2024-09-19,189152,0.902190062319671,2025-02-04,"Kinganda-Lusamaki, Eddy; Amuri-Aziza, Adrienne; Luakanda-Ndelemo, Gradi; Makangara-Cigolo, Jean-Claude; Kenye, Michel; Kavira, Sifa; Wawina-Bokalanga, Tony; Merritt, Sydney; Jansen, Daan; Halbrook, Megan; OToole, Aine; Pukuta-Simbu, Elisabeth; Hasivirwe Vakaniaki, Emmanuel; Ola-Mpumbe, Rilia; Kwete-Mbokama, Papy; Akil-Bandali, Prince; Kacita, Cris; Ponga-Museme, Ange; Mapenzi-Kashali, Nelson; Tshiani-Mbaya, Olivier; Paku-Tshambu, Princesse; Dantas, Pedro H. L. F.; De Block, Tessa; Lokilo-Lofiko, Emmanuel; Muswamba-Kayembe, Chloe; Kelvin, David J.; Pratt, Catherine; Ayouba, Ahidjo; Tessema, Sofonias; Mauro Rezende, Antonio; Hensley, Lisa E.; Delaporte, Eric; Mwamba, Dieudonne; Subissi, Lorenzo; Liesenborghs, Laurens; Hoff, Nicole A.; Peeters, Martine; Low, Nicola; Ahuka-Mundeke, Steve; Muyembe-Tamfum, Jean-Jacques; Rimoin, Anne W.; Kindrachuk, Jason; Vercauteren, Koen; Rambaut, Andrew; Mbala-Kingebeni, Placide"
PP_0013CFK,Ia,None,Democratic Republic of the Congo,Equateur,2024-09-19,189497,0.9354390519702448,2025-02-04,"Kinganda-Lusamaki, Eddy; Amuri-Aziza, Adrienne; Luakanda-Ndelemo, Gradi; Makangara-Cigolo, Jean-Claude; Kenye, Michel; Kavira, Sifa; Wawina-Bokalanga, Tony; Merritt, Sydney; Jansen, Daan; Halbrook, Megan; OToole, Aine; Pukuta-Simbu, Elisabeth; Hasivirwe Vakaniaki, Emmanuel; Ola-Mpumbe, Rilia; Kwete-Mbokama, Papy; Akil-Bandali, Prince; Kacita, Cris; Ponga-Museme, Ange; Mapenzi-Kashali, Nelson; Tshiani-Mbaya, Olivier; Paku-Tshambu, Princesse; Dantas, Pedro H. L. F.; De Block, Tessa; Lokilo-Lofiko, Emmanuel; Muswamba-Kayembe, Chloe; Kelvin, David J.; Pratt, Catherine; Ayouba, Ahidjo; Tessema, Sofonias; Mauro Rezende, Antonio; Hensley, Lisa E.; Delaporte, Eric; Mwamba, Dieudonne; Subissi, Lorenzo; Liesenborghs, Laurens; Hoff, Nicole A.; Peeters, Martine; Low, Nicola; Ahuka-Mundeke, Steve; Muyembe-Tamfum, Jean-Jacques; Rimoin, Anne W.; Kindrachuk, Jason; Vercauteren, Koen; Rambaut, Andrew; Mbala-Kingebeni, Placide"
PP_0013CGH,Ia,None,Democratic Republic of the Congo,Equateur,2024-09-17,190063,0.9357585100071498,2025-02-04,"Kinganda-Lusamaki, Eddy; Amuri-Aziza, Adrienne; Luakanda-Ndelemo, Gradi; Makangara-Cigolo, Jean-Claude; Kenye, Michel; Kavira, Sifa; Wawina-Bokalanga, Tony; Merritt, Sydney; Jansen, Daan; Halbrook, Megan; OToole, Aine; Pukuta-Simbu, Elisabeth; Hasivirwe Vakaniaki, Emmanuel; Ola-Mpumbe, Rilia; Kwete-Mbokama, Papy; Akil-Bandali, Prince; Kacita, Cris; Ponga-Museme, Ange; Mapenzi-Kashali, Nelson; Tshiani-Mbaya, Olivier; Paku-Tshambu, Princesse; Dantas, Pedro H. L. F.; De Block, Tessa; Lokilo-Lofiko, Emmanuel; Muswamba-Kayembe, Chloe; Kelvin, David J.; Pratt, Catherine; Ayouba, Ahidjo; Tessema, Sofonias; Mauro Rezende, Antonio; Hensley, Lisa E.; Delaporte, Eric; Mwamba, Dieudonne; Subissi, Lorenzo; Liesenborghs, Laurens; Hoff, Nicole A.; Peeters, Martine; Low, Nicola; Ahuka-Mundeke, Steve; Muyembe-Tamfum, Jean-Jacques; Rimoin, Anne W.; Kindrachuk, Jason; Vercauteren, Koen; Rambaut, Andrew; Mbala-Kingebeni, Placide"
PP_0013CHE,Ia,None,Democratic Republic of the Congo,Equateur,2024-08-23,189471,0.878245921839267,2025-02-04,"Kinganda-Lusamaki, Eddy; Amuri-Aziza, Adrienne; Luakanda-Ndelemo, Gradi; Makangara-Cigolo, Jean-Claude; Kenye, Michel; Kavira, Sifa; Wawina-Bokalanga, Tony; Merritt, Sydney; Jansen, Daan; Halbrook, Megan; OToole, Aine; Pukuta-Simbu, Elisabeth; Hasivirwe Vakaniaki, Emmanuel; Ola-Mpumbe, Rilia; Kwete-Mbokama, Papy; Akil-Bandali, Prince; Kacita, Cris; Ponga-Museme, Ange; Mapenzi-Kashali, Nelson; Tshiani-Mbaya, Olivier; Paku-Tshambu, Princesse; Dantas, Pedro H. L. F.; De Block, Tessa; Lokilo-Lofiko, Emmanuel; Muswamba-Kayembe, Chloe; Kelvin, David J.; Pratt, Catherine; Ayouba, Ahidjo; Tessema, Sofonias; Mauro Rezende, Antonio; Hensley, Lisa E.; Delaporte, Eric; Mwamba, Dieudonne; Subissi, Lorenzo; Liesenborghs, Laurens; Hoff, Nicole A.; Peeters, Martine; Low, Nicola; Ahuka-Mundeke, Steve; Muyembe-Tamfum, Jean-Jacques; Rimoin, Anne W.; Kindrachuk, Jason; Vercauteren, Koen; Rambaut, Andrew; Mbala-Kingebeni, Placide"
PP_0013CJC,Ia,None,Democratic Republic of the Congo,Equateur,2024-08-24,189398,0.921387969108915,2025-02-04,"Kinganda-Lusamaki, Eddy; Amuri-Aziza, Adrienne; Luakanda-Ndelemo, Gradi; Makangara-Cigolo, Jean-Claude; Kenye, Michel; Kavira, Sifa; Wawina-Bokalanga, Tony; Merritt, Sydney; Jansen, Daan; Halbrook, Megan; OToole, Aine; Pukuta-Simbu, Elisabeth; Hasivirwe Vakaniaki, Emmanuel; Ola-Mpumbe, Rilia; Kwete-Mbokama, Papy; Akil-Bandali, Prince; Kacita, Cris; Ponga-Museme, Ange; Mapenzi-Kashali, Nelson; Tshiani-Mbaya, Olivier; Paku-Tshambu, Princesse; Dantas, Pedro H. L. F.; De Block, Tessa; Lokilo-Lofiko, Emmanuel; Muswamba-Kayembe, Chloe; Kelvin, David J.; Pratt, Catherine; Ayouba, Ahidjo; Tessema, Sofonias; Mauro Rezende, Antonio; Hensley, Lisa E.; Delaporte, Eric; Mwamba, Dieudonne; Subissi, Lorenzo; Liesenborghs, Laurens; Hoff, Nicole A.; Peeters, Martine; Low, Nicola; Ahuka-Mundeke, Steve; Muyembe-Tamfum, Jean-Jacques; Rimoin, Anne W.; Kindrachuk, Jason; Vercauteren, Koen; Rambaut, Andrew; Mbala-Kingebeni, Placide"
PP_0013CKA,Ia,None,Democratic Republic of the Congo,Equateur,2024-08-29,188058,0.8202617527597624,2025-02-04,"Kinganda-Lusamaki, Eddy; Amuri-Aziza, Adrienne; Luakanda-Ndelemo, Gradi; Makangara-Cigolo, Jean-Claude; Kenye, Michel; Kavira, Sifa; Wawina-Bokalanga, Tony; Merritt, Sydney; Jansen, Daan; Halbrook, Megan; OToole, Aine; Pukuta-Simbu, Elisabeth; Hasivirwe Vakaniaki, Emmanuel; Ola-Mpumbe, Rilia; Kwete-Mbokama, Papy; Akil-Bandali, Prince; Kacita, Cris; Ponga-Museme, Ange; Mapenzi-Kashali, Nelson; Tshiani-Mbaya, Olivier; Paku-Tshambu, Princesse; Dantas, Pedro H. L. F.; De Block, Tessa; Lokilo-Lofiko, Emmanuel; Muswamba-Kayembe, Chloe; Kelvin, David J.; Pratt, Catherine; Ayouba, Ahidjo; Tessema, Sofonias; Mauro Rezende, Antonio; Hensley, Lisa E.; Delaporte, Eric; Mwamba, Dieudonne; Subissi, Lorenzo; Liesenborghs, Laurens; Hoff, Nicole A.; Peeters, Martine; Low, Nicola; Ahuka-Mundeke, Steve; Muyembe-Tamfum, Jean-Jacques; Rimoin, Anne W.; Kindrachuk, Jason; Vercauteren, Koen; Rambaut, Andrew; Mbala-Kingebeni, Placide"
PP_0013CL8,Ia,None,Democratic Republic of the Congo,Equateur,2024-09-05,189925,0.925221465551775,2025-02-04,"Kinganda-Lusamaki, Eddy; Amuri-Aziza, Adrienne; Luakanda-Ndelemo, Gradi; Makangara-Cigolo, Jean-Claude; Kenye, Michel; Kavira, Sifa; Wawina-Bokalanga, Tony; Merritt, Sydney; Jansen, Daan; Halbrook, Megan; OToole, Aine; Pukuta-Simbu, Elisabeth; Hasivirwe Vakaniaki, Emmanuel; Ola-Mpumbe, Rilia; Kwete-Mbokama, Papy; Akil-Bandali, Prince; Kacita, Cris; Ponga-Museme, Ange; Mapenzi-Kashali, Nelson; Tshiani-Mbaya, Olivier; Paku-Tshambu, Princesse; Dantas, Pedro H. L. F.; De Block, Tessa; Lokilo-Lofiko, Emmanuel; Muswamba-Kayembe, Chloe; Kelvin, David J.; Pratt, Catherine; Ayouba, Ahidjo; Tessema, Sofonias; Mauro Rezende, Antonio; Hensley, Lisa E.; Delaporte, Eric; Mwamba, Dieudonne; Subissi, Lorenzo; Liesenborghs, Laurens; Hoff, Nicole A.; Peeters, Martine; Low, Nicola; Ahuka-Mundeke, Steve; Muyembe-Tamfum, Jean-Jacques; Rimoin, Anne W.; Kindrachuk, Jason; Vercauteren, Koen; Rambaut, Andrew; Mbala-Kingebeni, Placide"
PP_0013CM6,Ia,None,Democratic Republic of the Congo,Kinshasa,2024-10-01,188875,0.8483689892449128,2025-02-04,"Wawina-Bokalanga, Tony; Merritt, Sydney; Kinganda-Lusamaki, Eddy; Jansen, Daan; Halbrook, Megan; OToole, Aine; Pukuta-Simbu, Elisabeth; Muyamuna, Elise; Hasivirwe Vakaniaki, Emmanuel; Ola-Mpumbe, Rilia; Kwete-Mbokama, Papy; Akil-Bandali, Prince; Kacita, Cris; Ponga-Museme, Ange; Mapenzi-Kashali, Nelson; Amuri-Aziza, Adrienne; Muyembe-Mawete, Francisca; Lumembe-Numbi, Raphael; Kabamba-Lungenyi, Gabriel; Tshiani-Mbaya, Olivier; Paku-Tshambu, Princesse; Dantas, Pedro Hlf; DeBlock, Tessa; Lokilo-Lofiko, Emmanuel; Muswamba-Kayembe, Chloe; Makangara-Cigolo, Jean-Claude; Luakanda-Ndelemo, Gradi; Kelvin, David J.; Pratt, Catherine; Ayouba, Ahidjo; Tessema, Sofonias; Mauro, Antonio R.; Hensley, Lisa E.; Delaporte, Eric; Mwamba, Dieudonne; Subissi, Lorenzo; Liesenborghs, Laurens; Hoff, Nicole A.; Peeters, Martine; Low, Nicola; Ahuka-Mundeke, Steve; Muyembe-Tamfum, Jean-Jacques; Rimoin, Anne W.; Kindrachuk, Jason; Vercauteren, Koen; Rambaut, Andrew; Mbala-Kingebeni, Placide"
PP_0013CN4,Ib,A.1,Democratic Republic of the Congo,Kinshasa,2024-10-06,189610,0.8972004320289642,2025-02-04,"Wawina-Bokalanga, Tony; Merritt, Sydney; Kinganda-Lusamaki, Eddy; Jansen, Daan; Halbrook, Megan; OToole, Aine; Pukuta-Simbu, Elisabeth; Muyamuna, Elise; Hasivirwe Vakaniaki, Emmanuel; Ola-Mpumbe, Rilia; Kwete-Mbokama, Papy; Akil-Bandali, Prince; Kacita, Cris; Ponga-Museme, Ange; Mapenzi-Kashali, Nelson; Amuri-Aziza, Adrienne; Muyembe-Mawete, Francisca; Lumembe-Numbi, Raphael; Kabamba-Lungenyi, Gabriel; Tshiani-Mbaya, Olivier; Paku-Tshambu, Princesse; Dantas, Pedro Hlf; DeBlock, Tessa; Lokilo-Lofiko, Emmanuel; Muswamba-Kayembe, Chloe; Makangara-Cigolo, Jean-Claude; Luakanda-Ndelemo, Gradi; Kelvin, David J.; Pratt, Catherine; Ayouba, Ahidjo; Tessema, Sofonias; Mauro, Antonio R.; Hensley, Lisa E.; Delaporte, Eric; Mwamba, Dieudonne; Subissi, Lorenzo; Liesenborghs, Laurens; Hoff, Nicole A.; Peeters, Martine; Low, Nicola; Ahuka-Mundeke, Steve; Muyembe-Tamfum, Jean-Jacques; Rimoin, Anne W.; Kindrachuk, Jason; Vercauteren, Koen; Rambaut, Andrew; Mbala-Kingebeni, Placide"
PP_0013CP2,Ib,A.1,Democratic Republic of the Congo,Kinshasa,2024-10-06,189843,0.8992287370251865,2025-02-04,"Wawina-Bokalanga, Tony; Merritt, Sydney; Kinganda-Lusamaki, Eddy; Jansen, Daan; Halbrook, Megan; OToole, Aine; Pukuta-Simbu, Elisabeth; Muyamuna, Elise; Hasivirwe Vakaniaki, Emmanuel; Ola-Mpumbe, Rilia; Kwete-Mbokama, Papy; Akil-Bandali, Prince; Kacita, Cris; Ponga-Museme, Ange; Mapenzi-Kashali, Nelson; Amuri-Aziza, Adrienne; Muyembe-Mawete, Francisca; Lumembe-Numbi, Raphael; Kabamba-Lungenyi, Gabriel; Tshiani-Mbaya, Olivier; Paku-Tshambu, Princesse; Dantas, Pedro Hlf; DeBlock, Tessa; Lokilo-Lofiko, Emmanuel; Muswamba-Kayembe, Chloe; Makangara-Cigolo, Jean-Claude; Luakanda-Ndelemo, Gradi; Kelvin, David J.; Pratt, Catherine; Ayouba, Ahidjo; Tessema, Sofonias; Mauro, Antonio R.; Hensley, Lisa E.; Delaporte, Eric; Mwamba, Dieudonne; Subissi, Lorenzo; Liesenborghs, Laurens; Hoff, Nicole A.; Peeters, Martine; Low, Nicola; Ahuka-Mundeke, Steve; Muyembe-Tamfum, Jean-Jacques; Rimoin, Anne W.; Kindrachuk, Jason; Vercauteren, Koen; Rambaut, Andrew; Mbala-Kingebeni, Placide"
PP_0013CQ0,Ia,None,Democratic Republic of the Congo,Kinshasa,2024-10-06,187664,0.7178526335004994,2025-02-04,"Wawina-Bokalanga, Tony; Merritt, Sydney; Kinganda-Lusamaki, Eddy; Jansen, Daan; Halbrook, Megan; OToole, Aine; Pukuta-Simbu, Elisabeth; Muyamuna, Elise; Hasivirwe Vakaniaki, Emmanuel; Ola-Mpumbe, Rilia; Kwete-Mbokama, Papy; Akil-Bandali, Prince; Kacita, Cris; Ponga-Museme, Ange; Mapenzi-Kashali, Nelson; Amuri-Aziza, Adrienne; Muyembe-Mawete, Francisca; Lumembe-Numbi, Raphael; Kabamba-Lungenyi, Gabriel; Tshiani-Mbaya, Olivier; Paku-Tshambu, Princesse; Dantas, Pedro Hlf; DeBlock, Tessa; Lokilo-Lofiko, Emmanuel; Muswamba-Kayembe, Chloe; Makangara-Cigolo, Jean-Claude; Luakanda-Ndelemo, Gradi; Kelvin, David J.; Pratt, Catherine; Ayouba, Ahidjo; Tessema, Sofonias; Mauro, Antonio R.; Hensley, Lisa E.; Delaporte, Eric; Mwamba, Dieudonne; Subissi, Lorenzo; Liesenborghs, Laurens; Hoff, Nicole A.; Peeters, Martine; Low, Nicola; Ahuka-Mundeke, Steve; Muyembe-Tamfum, Jean-Jacques; Rimoin, Anne W.; Kindrachuk, Jason; Vercauteren, Koen; Rambaut, Andrew; Mbala-Kingebeni, Placide"
PP_0013CRY,Ia,None,Democratic Republic of the Congo,Kinshasa,2024-10-06,189232,0.8964195346054186,2025-02-04,"Wawina-Bokalanga, Tony; Merritt, Sydney; Kinganda-Lusamaki, Eddy; Jansen, Daan; Halbrook, Megan; OToole, Aine; Pukuta-Simbu, Elisabeth; Muyamuna, Elise; Hasivirwe Vakaniaki, Emmanuel; Ola-Mpumbe, Rilia; Kwete-Mbokama, Papy; Akil-Bandali, Prince; Kacita, Cris; Ponga-Museme, Ange; Mapenzi-Kashali, Nelson; Amuri-Aziza, Adrienne; Muyembe-Mawete, Francisca; Lumembe-Numbi, Raphael; Kabamba-Lungenyi, Gabriel; Tshiani-Mbaya, Olivier; Paku-Tshambu, Princesse; Dantas, Pedro Hlf; DeBlock, Tessa; Lokilo-Lofiko, Emmanuel; Muswamba-Kayembe, Chloe; Makangara-Cigolo, Jean-Claude; Luakanda-Ndelemo, Gradi; Kelvin, David J.; Pratt, Catherine; Ayouba, Ahidjo; Tessema, Sofonias; Mauro, Antonio R.; Hensley, Lisa E.; Delaporte, Eric; Mwamba, Dieudonne; Subissi, Lorenzo; Liesenborghs, Laurens; Hoff, Nicole A.; Peeters, Martine; Low, Nicola; Ahuka-Mundeke, Steve; Muyembe-Tamfum, Jean-Jacques; Rimoin, Anne W.; Kindrachuk, Jason; Vercauteren, Koen; Rambaut, Andrew; Mbala-Kingebeni, Placide"
PP_0013CSW,Ia,None,Democratic Republic of the Congo,Kinshasa,2024-10-06,189389,0.8411177988834181,2025-02-04,"Wawina-Bokalanga, Tony; Merritt, Sydney; Kinganda-Lusamaki, Eddy; Jansen, Daan; Halbrook, Megan; OToole, Aine; Pukuta-Simbu, Elisabeth; Muyamuna, Elise; Hasivirwe Vakaniaki, Emmanuel; Ola-Mpumbe, Rilia; Kwete-Mbokama, Papy; Akil-Bandali, Prince; Kacita, Cris; Ponga-Museme, Ange; Mapenzi-Kashali, Nelson; Amuri-Aziza, Adrienne; Muyembe-Mawete, Francisca; Lumembe-Numbi, Raphael; Kabamba-Lungenyi, Gabriel; Tshiani-Mbaya, Olivier; Paku-Tshambu, Princesse; Dantas, Pedro Hlf; DeBlock, Tessa; Lokilo-Lofiko, Emmanuel; Muswamba-Kayembe, Chloe; Makangara-Cigolo, Jean-Claude; Luakanda-Ndelemo, Gradi; Kelvin, David J.; Pratt, Catherine; Ayouba, Ahidjo; Tessema, Sofonias; Mauro, Antonio R.; Hensley, Lisa E.; Delaporte, Eric; Mwamba, Dieudonne; Subissi, Lorenzo; Liesenborghs, Laurens; Hoff, Nicole A.; Peeters, Martine; Low, Nicola; Ahuka-Mundeke, Steve; Muyembe-Tamfum, Jean-Jacques; Rimoin, Anne W.; Kindrachuk, Jason; Vercauteren, Koen; Rambaut, Andrew; Mbala-Kingebeni, Placide"
PP_0013CTU,Ia,None,Democratic Republic of the Congo,Kinshasa,2024-10-06,188094,0.812701245886344,2025-02-04,"Wawina-Bokalanga, Tony; Merritt, Sydney; Kinganda-Lusamaki, Eddy; Jansen, Daan; Halbrook, Megan; OToole, Aine; Pukuta-Simbu, Elisabeth; Muyamuna, Elise; Hasivirwe Vakaniaki, Emmanuel; Ola-Mpumbe, Rilia; Kwete-Mbokama, Papy; Akil-Bandali, Prince; Kacita, Cris; Ponga-Museme, Ange; Mapenzi-Kashali, Nelson; Amuri-Aziza, Adrienne; Muyembe-Mawete, Francisca; Lumembe-Numbi, Raphael; Kabamba-Lungenyi, Gabriel; Tshiani-Mbaya, Olivier; Paku-Tshambu, Princesse; Dantas, Pedro Hlf; DeBlock, Tessa; Lokilo-Lofiko, Emmanuel; Muswamba-Kayembe, Chloe; Makangara-Cigolo, Jean-Claude; Luakanda-Ndelemo, Gradi; Kelvin, David J.; Pratt, Catherine; Ayouba, Ahidjo; Tessema, Sofonias; Mauro, Antonio R.; Hensley, Lisa E.; Delaporte, Eric; Mwamba, Dieudonne; Subissi, Lorenzo; Liesenborghs, Laurens; Hoff, Nicole A.; Peeters, Martine; Low, Nicola; Ahuka-Mundeke, Steve; Muyembe-Tamfum, Jean-Jacques; Rimoin, Anne W.; Kindrachuk, Jason; Vercauteren, Koen; Rambaut, Andrew; Mbala-Kingebeni, Placide"
PP_0013CUS,Ib,A.1,Democratic Republic of the Congo,Kinshasa,2024-10-06,188568,0.833780405559584,2025-02-04,"Wawina-Bokalanga, Tony; Merritt, Sydney; Kinganda-Lusamaki, Eddy; Jansen, Daan; Halbrook, Megan; OToole, Aine; Pukuta-Simbu, Elisabeth; Muyamuna, Elise; Hasivirwe Vakaniaki, Emmanuel; Ola-Mpumbe, Rilia; Kwete-Mbokama, Papy; Akil-Bandali, Prince; Kacita, Cris; Ponga-Museme, Ange; Mapenzi-Kashali, Nelson; Amuri-Aziza, Adrienne; Muyembe-Mawete, Francisca; Lumembe-Numbi, Raphael; Kabamba-Lungenyi, Gabriel; Tshiani-Mbaya, Olivier; Paku-Tshambu, Princesse; Dantas, Pedro Hlf; DeBlock, Tessa; Lokilo-Lofiko, Emmanuel; Muswamba-Kayembe, Chloe; Makangara-Cigolo, Jean-Claude; Luakanda-Ndelemo, Gradi; Kelvin, David J.; Pratt, Catherine; Ayouba, Ahidjo; Tessema, Sofonias; Mauro, Antonio R.; Hensley, Lisa E.; Delaporte, Eric; Mwamba, Dieudonne; Subissi, Lorenzo; Liesenborghs, Laurens; Hoff, Nicole A.; Peeters, Martine; Low, Nicola; Ahuka-Mundeke, Steve; Muyembe-Tamfum, Jean-Jacques; Rimoin, Anne W.; Kindrachuk, Jason; Vercauteren, Koen; Rambaut, Andrew; Mbala-Kingebeni, Placide"
PP_0013CVQ,Ia,None,Democratic Republic of the Congo,Kinshasa,2024-10-06,188075,0.8205152908842903,2025-02-04,"Wawina-Bokalanga, Tony; Merritt, Sydney; Kinganda-Lusamaki, Eddy; Jansen, Daan; Halbrook, Megan; OToole, Aine; Pukuta-Simbu, Elisabeth; Muyamuna, Elise; Hasivirwe Vakaniaki, Emmanuel; Ola-Mpumbe, Rilia; Kwete-Mbokama, Papy; Akil-Bandali, Prince; Kacita, Cris; Ponga-Museme, Ange; Mapenzi-Kashali, Nelson; Amuri-Aziza, Adrienne; Muyembe-Mawete, Francisca; Lumembe-Numbi, Raphael; Kabamba-Lungenyi, Gabriel; Tshiani-Mbaya, Olivier; Paku-Tshambu, Princesse; Dantas, Pedro Hlf; DeBlock, Tessa; Lokilo-Lofiko, Emmanuel; Muswamba-Kayembe, Chloe; Makangara-Cigolo, Jean-Claude; Luakanda-Ndelemo, Gradi; Kelvin, David J.; Pratt, Catherine; Ayouba, Ahidjo; Tessema, Sofonias; Mauro, Antonio R.; Hensley, Lisa E.; Delaporte, Eric; Mwamba, Dieudonne; Subissi, Lorenzo; Liesenborghs, Laurens; Hoff, Nicole A.; Peeters, Martine; Low, Nicola; Ahuka-Mundeke, Steve; Muyembe-Tamfum, Jean-Jacques; Rimoin, Anne W.; Kindrachuk, Jason; Vercauteren, Koen; Rambaut, Andrew; Mbala-Kingebeni, Placide"
PP_0013CWN,Ib,A.1,Democratic Republic of the Congo,Kinshasa,2024-10-05,187618,0.7410158765573579,2025-02-04,"Wawina-Bokalanga, Tony; Merritt, Sydney; Kinganda-Lusamaki, Eddy; Jansen, Daan; Halbrook, Megan; OToole, Aine; Pukuta-Simbu, Elisabeth; Muyamuna, Elise; Hasivirwe Vakaniaki, Emmanuel; Ola-Mpumbe, Rilia; Kwete-Mbokama, Papy; Akil-Bandali, Prince; Kacita, Cris; Ponga-Museme, Ange; Mapenzi-Kashali, Nelson; Amuri-Aziza, Adrienne; Muyembe-Mawete, Francisca; Lumembe-Numbi, Raphael; Kabamba-Lungenyi, Gabriel; Tshiani-Mbaya, Olivier; Paku-Tshambu, Princesse; Dantas, Pedro Hlf; DeBlock, Tessa; Lokilo-Lofiko, Emmanuel; Muswamba-Kayembe, Chloe; Makangara-Cigolo, Jean-Claude; Luakanda-Ndelemo, Gradi; Kelvin, David J.; Pratt, Catherine; Ayouba, Ahidjo; Tessema, Sofonias; Mauro, Antonio R.; Hensley, Lisa E.; Delaporte, Eric; Mwamba, Dieudonne; Subissi, Lorenzo; Liesenborghs, Laurens; Hoff, Nicole A.; Peeters, Martine; Low, Nicola; Ahuka-Mundeke, Steve; Muyembe-Tamfum, Jean-Jacques; Rimoin, Anne W.; Kindrachuk, Jason; Vercauteren, Koen; Rambaut, Andrew; Mbala-Kingebeni, Placide"
PP_0013CXL,Ia,None,Democratic Republic of the Congo,Kinshasa,2024-10-07,189140,0.8436683924161676,2025-02-04,"Wawina-Bokalanga, Tony; Merritt, Sydney; Kinganda-Lusamaki, Eddy; Jansen, Daan; Halbrook, Megan; OToole, Aine; Pukuta-Simbu, Elisabeth; Muyamuna, Elise; Hasivirwe Vakaniaki, Emmanuel; Ola-Mpumbe, Rilia; Kwete-Mbokama, Papy; Akil-Bandali, Prince; Kacita, Cris; Ponga-Museme, Ange; Mapenzi-Kashali, Nelson; Amuri-Aziza, Adrienne; Muyembe-Mawete, Francisca; Lumembe-Numbi, Raphael; Kabamba-Lungenyi, Gabriel; Tshiani-Mbaya, Olivier; Paku-Tshambu, Princesse; Dantas, Pedro Hlf; DeBlock, Tessa; Lokilo-Lofiko, Emmanuel; Muswamba-Kayembe, Chloe; Makangara-Cigolo, Jean-Claude; Luakanda-Ndelemo, Gradi; Kelvin, David J.; Pratt, Catherine; Ayouba, Ahidjo; Tessema, Sofonias; Mauro, Antonio R.; Hensley, Lisa E.; Delaporte, Eric; Mwamba, Dieudonne; Subissi, Lorenzo; Liesenborghs, Laurens; Hoff, Nicole A.; Peeters, Martine; Low, Nicola; Ahuka-Mundeke, Steve; Muyembe-Tamfum, Jean-Jacques; Rimoin, Anne W.; Kindrachuk, Jason; Vercauteren, Koen; Rambaut, Andrew; Mbala-Kingebeni, Placide"
PP_0013CYJ,Ia,None,Democratic Republic of the Congo,Kinshasa,2024-10-07,189236,0.8732055839236545,2025-02-04,"Wawina-Bokalanga, Tony; Merritt, Sydney; Kinganda-Lusamaki, Eddy; Jansen, Daan; Halbrook, Megan; OToole, Aine; Pukuta-Simbu, Elisabeth; Muyamuna, Elise; Hasivirwe Vakaniaki, Emmanuel; Ola-Mpumbe, Rilia; Kwete-Mbokama, Papy; Akil-Bandali, Prince; Kacita, Cris; Ponga-Museme, Ange; Mapenzi-Kashali, Nelson; Amuri-Aziza, Adrienne; Muyembe-Mawete, Francisca; Lumembe-Numbi, Raphael; Kabamba-Lungenyi, Gabriel; Tshiani-Mbaya, Olivier; Paku-Tshambu, Princesse; Dantas, Pedro Hlf; DeBlock, Tessa; Lokilo-Lofiko, Emmanuel; Muswamba-Kayembe, Chloe; Makangara-Cigolo, Jean-Claude; Luakanda-Ndelemo, Gradi; Kelvin, David J.; Pratt, Catherine; Ayouba, Ahidjo; Tessema, Sofonias; Mauro, Antonio R.; Hensley, Lisa E.; Delaporte, Eric; Mwamba, Dieudonne; Subissi, Lorenzo; Liesenborghs, Laurens; Hoff, Nicole A.; Peeters, Martine; Low, Nicola; Ahuka-Mundeke, Steve; Muyembe-Tamfum, Jean-Jacques; Rimoin, Anne W.; Kindrachuk, Jason; Vercauteren, Koen; Rambaut, Andrew; Mbala-Kingebeni, Placide"
PP_0013CZG,Ia,None,Democratic Republic of the Congo,Kinshasa,2024-10-07,189954,0.8904715302039967,2025-02-04,"Wawina-Bokalanga, Tony; Merritt, Sydney; Kinganda-Lusamaki, Eddy; Jansen, Daan; Halbrook, Megan; OToole, Aine; Pukuta-Simbu, Elisabeth; Muyamuna, Elise; Hasivirwe Vakaniaki, Emmanuel; Ola-Mpumbe, Rilia; Kwete-Mbokama, Papy; Akil-Bandali, Prince; Kacita, Cris; Ponga-Museme, Ange; Mapenzi-Kashali, Nelson; Amuri-Aziza, Adrienne; Muyembe-Mawete, Francisca; Lumembe-Numbi, Raphael; Kabamba-Lungenyi, Gabriel; Tshiani-Mbaya, Olivier; Paku-Tshambu, Princesse; Dantas, Pedro Hlf; DeBlock, Tessa; Lokilo-Lofiko, Emmanuel; Muswamba-Kayembe, Chloe; Makangara-Cigolo, Jean-Claude; Luakanda-Ndelemo, Gradi; Kelvin, David J.; Pratt, Catherine; Ayouba, Ahidjo; Tessema, Sofonias; Mauro, Antonio R.; Hensley, Lisa E.; Delaporte, Eric; Mwamba, Dieudonne; Subissi, Lorenzo; Liesenborghs, Laurens; Hoff, Nicole A.; Peeters, Martine; Low, Nicola; Ahuka-Mundeke, Steve; Muyembe-Tamfum, Jean-Jacques; Rimoin, Anne W.; Kindrachuk, Jason; Vercauteren, Koen; Rambaut, Andrew; Mbala-Kingebeni, Placide"
PP_0013D0E,Ib,A.1,Democratic Republic of the Congo,Kinshasa,2024-10-07,189170,0.8491397451434772,2025-02-04,"Wawina-Bokalanga, Tony; Merritt, Sydney; Kinganda-Lusamaki, Eddy; Jansen, Daan; Halbrook, Megan; OToole, Aine; Pukuta-Simbu, Elisabeth; Muyamuna, Elise; Hasivirwe Vakaniaki, Emmanuel; Ola-Mpumbe, Rilia; Kwete-Mbokama, Papy; Akil-Bandali, Prince; Kacita, Cris; Ponga-Museme, Ange; Mapenzi-Kashali, Nelson; Amuri-Aziza, Adrienne; Muyembe-Mawete, Francisca; Lumembe-Numbi, Raphael; Kabamba-Lungenyi, Gabriel; Tshiani-Mbaya, Olivier; Paku-Tshambu, Princesse; Dantas, Pedro Hlf; DeBlock, Tessa; Lokilo-Lofiko, Emmanuel; Muswamba-Kayembe, Chloe; Makangara-Cigolo, Jean-Claude; Luakanda-Ndelemo, Gradi; Kelvin, David J.; Pratt, Catherine; Ayouba, Ahidjo; Tessema, Sofonias; Mauro, Antonio R.; Hensley, Lisa E.; Delaporte, Eric; Mwamba, Dieudonne; Subissi, Lorenzo; Liesenborghs, Laurens; Hoff, Nicole A.; Peeters, Martine; Low, Nicola; Ahuka-Mundeke, Steve; Muyembe-Tamfum, Jean-Jacques; Rimoin, Anne W.; Kindrachuk, Jason; Vercauteren, Koen; Rambaut, Andrew; Mbala-Kingebeni, Placide"
PP_0013D1C,Ia,None,Democratic Republic of the Congo,Kinshasa,2024-10-07,190095,0.9374876400164291,2025-02-04,"Wawina-Bokalanga, Tony; Merritt, Sydney; Kinganda-Lusamaki, Eddy; Jansen, Daan; Halbrook, Megan; OToole, Aine; Pukuta-Simbu, Elisabeth; Muyamuna, Elise; Hasivirwe Vakaniaki, Emmanuel; Ola-Mpumbe, Rilia; Kwete-Mbokama, Papy; Akil-Bandali, Prince; Kacita, Cris; Ponga-Museme, Ange; Mapenzi-Kashali, Nelson; Amuri-Aziza, Adrienne; Muyembe-Mawete, Francisca; Lumembe-Numbi, Raphael; Kabamba-Lungenyi, Gabriel; Tshiani-Mbaya, Olivier; Paku-Tshambu, Princesse; Dantas, Pedro Hlf; DeBlock, Tessa; Lokilo-Lofiko, Emmanuel; Muswamba-Kayembe, Chloe; Makangara-Cigolo, Jean-Claude; Luakanda-Ndelemo, Gradi; Kelvin, David J.; Pratt, Catherine; Ayouba, Ahidjo; Tessema, Sofonias; Mauro, Antonio R.; Hensley, Lisa E.; Delaporte, Eric; Mwamba, Dieudonne; Subissi, Lorenzo; Liesenborghs, Laurens; Hoff, Nicole A.; Peeters, Martine; Low, Nicola; Ahuka-Mundeke, Steve; Muyembe-Tamfum, Jean-Jacques; Rimoin, Anne W.; Kindrachuk, Jason; Vercauteren, Koen; Rambaut, Andrew; Mbala-Kingebeni, Placide"
PP_0013D2A,Ia,None,Democratic Republic of the Congo,Maindombe,2024-09-09,188118,0.7532820510220122,2025-02-04,"Mbala-Kingebeni, Placide; Wawina-Bokalanga, Tony; Merritt, Sydney; Kinganda-Lusamaki, Eddy; Jansen, Daan; Halbrook, Megan; OToole, Aine; Pukuta-Simbu, Elisabeth; Hasivirwe Vakaniaki, Emmanuel; Ola-Mpumbe, Rilia; Kwete-Mbokama, Papy; Akil-Bandali, Prince; Kacita, Cris; Ponga-Museme, Ange; Mapenzi-Kashali, Nelson; Amuri-Aziza, Adrienne; Tshiani-Mbaya, Olivier; Paku-Tshambu, Princesse; Dantas, Pedro H. L. F.; De Block, Tessa; Lokilo-Lofiko, Emmanuel; Muswamba-Kayembe, Chloe; Makangara-Cigolo, Jean-Claude; Luakanda-Ndelemo, Gradi; Kelvin, David J.; Pratt, Catherine; Ayouba, Ahidjo; Tessema, Sofonias; Mauro Rezende, Antonio; Hensley, Lisa E.; Delaporte, Eric; Mwamba, Dieudonne; Subissi, Lorenzo; Liesenborghs, Laurens; Hoff, Nicole A.; Peeters, Martine; Low, Nicola; Rimoin, Anne W.; Kindrachuk, Jason; Vercauteren, Koen; Rambaut, Andrew; Ahuka-Mundeke, Steve; Muyembe-Tamfum, Jean-Jacques"
PP_0013D38,Ia,None,Democratic Republic of the Congo,Kinshasa,2024-10-09,188397,0.6448539366864595,2025-02-04,"Wawina-Bokalanga, Tony; Merritt, Sydney; Kinganda-Lusamaki, Eddy; Jansen, Daan; Halbrook, Megan; OToole, Aine; Pukuta-Simbu, Elisabeth; Muyamuna, Elise; Hasivirwe Vakaniaki, Emmanuel; Ola-Mpumbe, Rilia; Kwete-Mbokama, Papy; Akil-Bandali, Prince; Kacita, Cris; Ponga-Museme, Ange; Mapenzi-Kashali, Nelson; Amuri-Aziza, Adrienne; Muyembe-Mawete, Francisca; Lumembe-Numbi, Raphael; Kabamba-Lungenyi, Gabriel; Tshiani-Mbaya, Olivier; Paku-Tshambu, Princesse; Dantas, Pedro Hlf; DeBlock, Tessa; Lokilo-Lofiko, Emmanuel; Muswamba-Kayembe, Chloe; Makangara-Cigolo, Jean-Claude; Luakanda-Ndelemo, Gradi; Kelvin, David J.; Pratt, Catherine; Ayouba, Ahidjo; Tessema, Sofonias; Mauro, Antonio R.; Hensley, Lisa E.; Delaporte, Eric; Mwamba, Dieudonne; Subissi, Lorenzo; Liesenborghs, Laurens; Hoff, Nicole A.; Peeters, Martine; Low, Nicola; Ahuka-Mundeke, Steve; Muyembe-Tamfum, Jean-Jacques; Rimoin, Anne W.; Kindrachuk, Jason; Vercauteren, Koen; Rambaut, Andrew; Mbala-Kingebeni, Placide"
PP_0013D46,Ia,None,Democratic Republic of the Congo,Kinshasa,2024-10-09,189243,0.8767145515671192,2025-02-04,"Wawina-Bokalanga, Tony; Merritt, Sydney; Kinganda-Lusamaki, Eddy; Jansen, Daan; Halbrook, Megan; OToole, Aine; Pukuta-Simbu, Elisabeth; Muyamuna, Elise; Hasivirwe Vakaniaki, Emmanuel; Ola-Mpumbe, Rilia; Kwete-Mbokama, Papy; Akil-Bandali, Prince; Kacita, Cris; Ponga-Museme, Ange; Mapenzi-Kashali, Nelson; Amuri-Aziza, Adrienne; Muyembe-Mawete, Francisca; Lumembe-Numbi, Raphael; Kabamba-Lungenyi, Gabriel; Tshiani-Mbaya, Olivier; Paku-Tshambu, Princesse; Dantas, Pedro Hlf; DeBlock, Tessa; Lokilo-Lofiko, Emmanuel; Muswamba-Kayembe, Chloe; Makangara-Cigolo, Jean-Claude; Luakanda-Ndelemo, Gradi; Kelvin, David J.; Pratt, Catherine; Ayouba, Ahidjo; Tessema, Sofonias; Mauro, Antonio R.; Hensley, Lisa E.; Delaporte, Eric; Mwamba, Dieudonne; Subissi, Lorenzo; Liesenborghs, Laurens; Hoff, Nicole A.; Peeters, Martine; Low, Nicola; Ahuka-Mundeke, Steve; Muyembe-Tamfum, Jean-Jacques; Rimoin, Anne W.; Kindrachuk, Jason; Vercauteren, Koen; Rambaut, Andrew; Mbala-Kingebeni, Placide"
PP_0013D54,Ia,None,Democratic Republic of the Congo,Kinshasa,2024-10-09,189804,0.9143953876344386,2025-02-04,"Wawina-Bokalanga, Tony; Merritt, Sydney; Kinganda-Lusamaki, Eddy; Jansen, Daan; Halbrook, Megan; OToole, Aine; Pukuta-Simbu, Elisabeth; Muyamuna, Elise; Hasivirwe Vakaniaki, Emmanuel; Ola-Mpumbe, Rilia; Kwete-Mbokama, Papy; Akil-Bandali, Prince; Kacita, Cris; Ponga-Museme, Ange; Mapenzi-Kashali, Nelson; Amuri-Aziza, Adrienne; Muyembe-Mawete, Francisca; Lumembe-Numbi, Raphael; Kabamba-Lungenyi, Gabriel; Tshiani-Mbaya, Olivier; Paku-Tshambu, Princesse; Dantas, Pedro Hlf; DeBlock, Tessa; Lokilo-Lofiko, Emmanuel; Muswamba-Kayembe, Chloe; Makangara-Cigolo, Jean-Claude; Luakanda-Ndelemo, Gradi; Kelvin, David J.; Pratt, Catherine; Ayouba, Ahidjo; Tessema, Sofonias; Mauro, Antonio R.; Hensley, Lisa E.; Delaporte, Eric; Mwamba, Dieudonne; Subissi, Lorenzo; Liesenborghs, Laurens; Hoff, Nicole A.; Peeters, Martine; Low, Nicola; Ahuka-Mundeke, Steve; Muyembe-Tamfum, Jean-Jacques; Rimoin, Anne W.; Kindrachuk, Jason; Vercauteren, Koen; Rambaut, Andrew; Mbala-Kingebeni, Placide"
PP_0013D62,Ia,None,Democratic Republic of the Congo,Kinshasa,2024-10-09,188843,0.7195766927472884,2025-02-04,"Wawina-Bokalanga, Tony; Merritt, Sydney; Kinganda-Lusamaki, Eddy; Jansen, Daan; Halbrook, Megan; OToole, Aine; Pukuta-Simbu, Elisabeth; Muyamuna, Elise; Hasivirwe Vakaniaki, Emmanuel; Ola-Mpumbe, Rilia; Kwete-Mbokama, Papy; Akil-Bandali, Prince; Kacita, Cris; Ponga-Museme, Ange; Mapenzi-Kashali, Nelson; Amuri-Aziza, Adrienne; Muyembe-Mawete, Francisca; Lumembe-Numbi, Raphael; Kabamba-Lungenyi, Gabriel; Tshiani-Mbaya, Olivier; Paku-Tshambu, Princesse; Dantas, Pedro Hlf; DeBlock, Tessa; Lokilo-Lofiko, Emmanuel; Muswamba-Kayembe, Chloe; Makangara-Cigolo, Jean-Claude; Luakanda-Ndelemo, Gradi; Kelvin, David J.; Pratt, Catherine; Ayouba, Ahidjo; Tessema, Sofonias; Mauro, Antonio R.; Hensley, Lisa E.; Delaporte, Eric; Mwamba, Dieudonne; Subissi, Lorenzo; Liesenborghs, Laurens; Hoff, Nicole A.; Peeters, Martine; Low, Nicola; Ahuka-Mundeke, Steve; Muyembe-Tamfum, Jean-Jacques; Rimoin, Anne W.; Kindrachuk, Jason; Vercauteren, Koen; Rambaut, Andrew; Mbala-Kingebeni, Placide"
PP_0013D70,Ia,None,Democratic Republic of the Congo,Kinshasa,2024-10-09,189467,0.8842902707280094,2025-02-04,"Wawina-Bokalanga, Tony; Merritt, Sydney; Kinganda-Lusamaki, Eddy; Jansen, Daan; Halbrook, Megan; OToole, Aine; Pukuta-Simbu, Elisabeth; Muyamuna, Elise; Hasivirwe Vakaniaki, Emmanuel; Ola-Mpumbe, Rilia; Kwete-Mbokama, Papy; Akil-Bandali, Prince; Kacita, Cris; Ponga-Museme, Ange; Mapenzi-Kashali, Nelson; Amuri-Aziza, Adrienne; Muyembe-Mawete, Francisca; Lumembe-Numbi, Raphael; Kabamba-Lungenyi, Gabriel; Tshiani-Mbaya, Olivier; Paku-Tshambu, Princesse; Dantas, Pedro Hlf; DeBlock, Tessa; Lokilo-Lofiko, Emmanuel; Muswamba-Kayembe, Chloe; Makangara-Cigolo, Jean-Claude; Luakanda-Ndelemo, Gradi; Kelvin, David J.; Pratt, Catherine; Ayouba, Ahidjo; Tessema, Sofonias; Mauro, Antonio R.; Hensley, Lisa E.; Delaporte, Eric; Mwamba, Dieudonne; Subissi, Lorenzo; Liesenborghs, Laurens; Hoff, Nicole A.; Peeters, Martine; Low, Nicola; Ahuka-Mundeke, Steve; Muyembe-Tamfum, Jean-Jacques; Rimoin, Anne W.; Kindrachuk, Jason; Vercauteren, Koen; Rambaut, Andrew; Mbala-Kingebeni, Placide"
PP_0013D8Y,Ia,None,Democratic Republic of the Congo,Kinshasa,2024-10-09,189769,0.8739611275347474,2025-02-04,"Wawina-Bokalanga, Tony; Merritt, Sydney; Kinganda-Lusamaki, Eddy; Jansen, Daan; Halbrook, Megan; OToole, Aine; Pukuta-Simbu, Elisabeth; Muyamuna, Elise; Hasivirwe Vakaniaki, Emmanuel; Ola-Mpumbe, Rilia; Kwete-Mbokama, Papy; Akil-Bandali, Prince; Kacita, Cris; Ponga-Museme, Ange; Mapenzi-Kashali, Nelson; Amuri-Aziza, Adrienne; Muyembe-Mawete, Francisca; Lumembe-Numbi, Raphael; Kabamba-Lungenyi, Gabriel; Tshiani-Mbaya, Olivier; Paku-Tshambu, Princesse; Dantas, Pedro Hlf; DeBlock, Tessa; Lokilo-Lofiko, Emmanuel; Muswamba-Kayembe, Chloe; Makangara-Cigolo, Jean-Claude; Luakanda-Ndelemo, Gradi; Kelvin, David J.; Pratt, Catherine; Ayouba, Ahidjo; Tessema, Sofonias; Mauro, Antonio R.; Hensley, Lisa E.; Delaporte, Eric; Mwamba, Dieudonne; Subissi, Lorenzo; Liesenborghs, Laurens; Hoff, Nicole A.; Peeters, Martine; Low, Nicola; Ahuka-Mundeke, Steve; Muyembe-Tamfum, Jean-Jacques; Rimoin, Anne W.; Kindrachuk, Jason; Vercauteren, Koen; Rambaut, Andrew; Mbala-Kingebeni, Placide"
PP_0013D9W,Ia,None,Democratic Republic of the Congo,Kinshasa,2024-10-09,189680,0.880837081471941,2025-02-04,"Wawina-Bokalanga, Tony; Merritt, Sydney; Kinganda-Lusamaki, Eddy; Jansen, Daan; Halbrook, Megan; OToole, Aine; Pukuta-Simbu, Elisabeth; Muyamuna, Elise; Hasivirwe Vakaniaki, Emmanuel; Ola-Mpumbe, Rilia; Kwete-Mbokama, Papy; Akil-Bandali, Prince; Kacita, Cris; Ponga-Museme, Ange; Mapenzi-Kashali, Nelson; Amuri-Aziza, Adrienne; Muyembe-Mawete, Francisca; Lumembe-Numbi, Raphael; Kabamba-Lungenyi, Gabriel; Tshiani-Mbaya, Olivier; Paku-Tshambu, Princesse; Dantas, Pedro Hlf; DeBlock, Tessa; Lokilo-Lofiko, Emmanuel; Muswamba-Kayembe, Chloe; Makangara-Cigolo, Jean-Claude; Luakanda-Ndelemo, Gradi; Kelvin, David J.; Pratt, Catherine; Ayouba, Ahidjo; Tessema, Sofonias; Mauro, Antonio R.; Hensley, Lisa E.; Delaporte, Eric; Mwamba, Dieudonne; Subissi, Lorenzo; Liesenborghs, Laurens; Hoff, Nicole A.; Peeters, Martine; Low, Nicola; Ahuka-Mundeke, Steve; Muyembe-Tamfum, Jean-Jacques; Rimoin, Anne W.; Kindrachuk, Jason; Vercauteren, Koen; Rambaut, Andrew; Mbala-Kingebeni, Placide"
PP_0013DAU,Ia,None,Democratic Republic of the Congo,Kinshasa,2024-10-09,189118,0.8496417506300422,2025-02-04,"Wawina-Bokalanga, Tony; Merritt, Sydney; Kinganda-Lusamaki, Eddy; Jansen, Daan; Halbrook, Megan; OToole, Aine; Pukuta-Simbu, Elisabeth; Muyamuna, Elise; Hasivirwe Vakaniaki, Emmanuel; Ola-Mpumbe, Rilia; Kwete-Mbokama, Papy; Akil-Bandali, Prince; Kacita, Cris; Ponga-Museme, Ange; Mapenzi-Kashali, Nelson; Amuri-Aziza, Adrienne; Muyembe-Mawete, Francisca; Lumembe-Numbi, Raphael; Kabamba-Lungenyi, Gabriel; Tshiani-Mbaya, Olivier; Paku-Tshambu, Princesse; Dantas, Pedro Hlf; DeBlock, Tessa; Lokilo-Lofiko, Emmanuel; Muswamba-Kayembe, Chloe; Makangara-Cigolo, Jean-Claude; Luakanda-Ndelemo, Gradi; Kelvin, David J.; Pratt, Catherine; Ayouba, Ahidjo; Tessema, Sofonias; Mauro, Antonio R.; Hensley, Lisa E.; Delaporte, Eric; Mwamba, Dieudonne; Subissi, Lorenzo; Liesenborghs, Laurens; Hoff, Nicole A.; Peeters, Martine; Low, Nicola; Ahuka-Mundeke, Steve; Muyembe-Tamfum, Jean-Jacques; Rimoin, Anne W.; Kindrachuk, Jason; Vercauteren, Koen; Rambaut, Andrew; Mbala-Kingebeni, Placide"
PP_0013DBS,Ia,None,Democratic Republic of the Congo,Kinshasa,2024-10-09,189122,0.818030617263918,2025-02-04,"Wawina-Bokalanga, Tony; Merritt, Sydney; Kinganda-Lusamaki, Eddy; Jansen, Daan; Halbrook, Megan; OToole, Aine; Pukuta-Simbu, Elisabeth; Muyamuna, Elise; Hasivirwe Vakaniaki, Emmanuel; Ola-Mpumbe, Rilia; Kwete-Mbokama, Papy; Akil-Bandali, Prince; Kacita, Cris; Ponga-Museme, Ange; Mapenzi-Kashali, Nelson; Amuri-Aziza, Adrienne; Muyembe-Mawete, Francisca; Lumembe-Numbi, Raphael; Kabamba-Lungenyi, Gabriel; Tshiani-Mbaya, Olivier; Paku-Tshambu, Princesse; Dantas, Pedro Hlf; DeBlock, Tessa; Lokilo-Lofiko, Emmanuel; Muswamba-Kayembe, Chloe; Makangara-Cigolo, Jean-Claude; Luakanda-Ndelemo, Gradi; Kelvin, David J.; Pratt, Catherine; Ayouba, Ahidjo; Tessema, Sofonias; Mauro, Antonio R.; Hensley, Lisa E.; Delaporte, Eric; Mwamba, Dieudonne; Subissi, Lorenzo; Liesenborghs, Laurens; Hoff, Nicole A.; Peeters, Martine; Low, Nicola; Ahuka-Mundeke, Steve; Muyembe-Tamfum, Jean-Jacques; Rimoin, Anne W.; Kindrachuk, Jason; Vercauteren, Koen; Rambaut, Andrew; Mbala-Kingebeni, Placide"
PP_0013DCQ,Ia,None,Democratic Republic of the Congo,Kinshasa,2024-10-09,189230,0.8657211384875944,2025-02-04,"Wawina-Bokalanga, Tony; Merritt, Sydney; Kinganda-Lusamaki, Eddy; Jansen, Daan; Halbrook, Megan; OToole, Aine; Pukuta-Simbu, Elisabeth; Muyamuna, Elise; Hasivirwe Vakaniaki, Emmanuel; Ola-Mpumbe, Rilia; Kwete-Mbokama, Papy; Akil-Bandali, Prince; Kacita, Cris; Ponga-Museme, Ange; Mapenzi-Kashali, Nelson; Amuri-Aziza, Adrienne; Muyembe-Mawete, Francisca; Lumembe-Numbi, Raphael; Kabamba-Lungenyi, Gabriel; Tshiani-Mbaya, Olivier; Paku-Tshambu, Princesse; Dantas, Pedro Hlf; DeBlock, Tessa; Lokilo-Lofiko, Emmanuel; Muswamba-Kayembe, Chloe; Makangara-Cigolo, Jean-Claude; Luakanda-Ndelemo, Gradi; Kelvin, David J.; Pratt, Catherine; Ayouba, Ahidjo; Tessema, Sofonias; Mauro, Antonio R.; Hensley, Lisa E.; Delaporte, Eric; Mwamba, Dieudonne; Subissi, Lorenzo; Liesenborghs, Laurens; Hoff, Nicole A.; Peeters, Martine; Low, Nicola; Ahuka-Mundeke, Steve; Muyembe-Tamfum, Jean-Jacques; Rimoin, Anne W.; Kindrachuk, Jason; Vercauteren, Koen; Rambaut, Andrew; Mbala-Kingebeni, Placide"
PP_0013DDN,Ia,None,Democratic Republic of the Congo,Kinshasa,2024-10-09,189234,0.831726746750909,2025-02-04,"Wawina-Bokalanga, Tony; Merritt, Sydney; Kinganda-Lusamaki, Eddy; Jansen, Daan; Halbrook, Megan; OToole, Aine; Pukuta-Simbu, Elisabeth; Muyamuna, Elise; Hasivirwe Vakaniaki, Emmanuel; Ola-Mpumbe, Rilia; Kwete-Mbokama, Papy; Akil-Bandali, Prince; Kacita, Cris; Ponga-Museme, Ange; Mapenzi-Kashali, Nelson; Amuri-Aziza, Adrienne; Muyembe-Mawete, Francisca; Lumembe-Numbi, Raphael; Kabamba-Lungenyi, Gabriel; Tshiani-Mbaya, Olivier; Paku-Tshambu, Princesse; Dantas, Pedro Hlf; DeBlock, Tessa; Lokilo-Lofiko, Emmanuel; Muswamba-Kayembe, Chloe; Makangara-Cigolo, Jean-Claude; Luakanda-Ndelemo, Gradi; Kelvin, David J.; Pratt, Catherine; Ayouba, Ahidjo; Tessema, Sofonias; Mauro, Antonio R.; Hensley, Lisa E.; Delaporte, Eric; Mwamba, Dieudonne; Subissi, Lorenzo; Liesenborghs, Laurens; Hoff, Nicole A.; Peeters, Martine; Low, Nicola; Ahuka-Mundeke, Steve; Muyembe-Tamfum, Jean-Jacques; Rimoin, Anne W.; Kindrachuk, Jason; Vercauteren, Koen; Rambaut, Andrew; Mbala-Kingebeni, Placide"
PP_0013DEL,Ia,None,Democratic Republic of the Congo,Kinshasa,2024-10-09,188083,0.7137199620706965,2025-02-04,"Wawina-Bokalanga, Tony; Merritt, Sydney; Kinganda-Lusamaki, Eddy; Jansen, Daan; Halbrook, Megan; OToole, Aine; Pukuta-Simbu, Elisabeth; Muyamuna, Elise; Hasivirwe Vakaniaki, Emmanuel; Ola-Mpumbe, Rilia; Kwete-Mbokama, Papy; Akil-Bandali, Prince; Kacita, Cris; Ponga-Museme, Ange; Mapenzi-Kashali, Nelson; Amuri-Aziza, Adrienne; Muyembe-Mawete, Francisca; Lumembe-Numbi, Raphael; Kabamba-Lungenyi, Gabriel; Tshiani-Mbaya, Olivier; Paku-Tshambu, Princesse; Dantas, Pedro Hlf; DeBlock, Tessa; Lokilo-Lofiko, Emmanuel; Muswamba-Kayembe, Chloe; Makangara-Cigolo, Jean-Claude; Luakanda-Ndelemo, Gradi; Kelvin, David J.; Pratt, Catherine; Ayouba, Ahidjo; Tessema, Sofonias; Mauro, Antonio R.; Hensley, Lisa E.; Delaporte, Eric; Mwamba, Dieudonne; Subissi, Lorenzo; Liesenborghs, Laurens; Hoff, Nicole A.; Peeters, Martine; Low, Nicola; Ahuka-Mundeke, Steve; Muyembe-Tamfum, Jean-Jacques; Rimoin, Anne W.; Kindrachuk, Jason; Vercauteren, Koen; Rambaut, Andrew; Mbala-Kingebeni, Placide"
PP_0013DFJ,Ia,None,Democratic Republic of the Congo,Kinshasa,2024-10-10,187678,0.6909218139131581,2025-02-04,"Wawina-Bokalanga, Tony; Merritt, Sydney; Kinganda-Lusamaki, Eddy; Jansen, Daan; Halbrook, Megan; OToole, Aine; Pukuta-Simbu, Elisabeth; Muyamuna, Elise; Hasivirwe Vakaniaki, Emmanuel; Ola-Mpumbe, Rilia; Kwete-Mbokama, Papy; Akil-Bandali, Prince; Kacita, Cris; Ponga-Museme, Ange; Mapenzi-Kashali, Nelson; Amuri-Aziza, Adrienne; Muyembe-Mawete, Francisca; Lumembe-Numbi, Raphael; Kabamba-Lungenyi, Gabriel; Tshiani-Mbaya, Olivier; Paku-Tshambu, Princesse; Dantas, Pedro Hlf; DeBlock, Tessa; Lokilo-Lofiko, Emmanuel; Muswamba-Kayembe, Chloe; Makangara-Cigolo, Jean-Claude; Luakanda-Ndelemo, Gradi; Kelvin, David J.; Pratt, Catherine; Ayouba, Ahidjo; Tessema, Sofonias; Mauro, Antonio R.; Hensley, Lisa E.; Delaporte, Eric; Mwamba, Dieudonne; Subissi, Lorenzo; Liesenborghs, Laurens; Hoff, Nicole A.; Peeters, Martine; Low, Nicola; Ahuka-Mundeke, Steve; Muyembe-Tamfum, Jean-Jacques; Rimoin, Anne W.; Kindrachuk, Jason; Vercauteren, Koen; Rambaut, Andrew; Mbala-Kingebeni, Placide"
PP_0013DGG,Ia,None,Democratic Republic of the Congo,Kinshasa,2024-10-10,190085,0.9099077628302968,2025-02-04,"Wawina-Bokalanga, Tony; Merritt, Sydney; Kinganda-Lusamaki, Eddy; Jansen, Daan; Halbrook, Megan; OToole, Aine; Pukuta-Simbu, Elisabeth; Muyamuna, Elise; Hasivirwe Vakaniaki, Emmanuel; Ola-Mpumbe, Rilia; Kwete-Mbokama, Papy; Akil-Bandali, Prince; Kacita, Cris; Ponga-Museme, Ange; Mapenzi-Kashali, Nelson; Amuri-Aziza, Adrienne; Muyembe-Mawete, Francisca; Lumembe-Numbi, Raphael; Kabamba-Lungenyi, Gabriel; Tshiani-Mbaya, Olivier; Paku-Tshambu, Princesse; Dantas, Pedro Hlf; DeBlock, Tessa; Lokilo-Lofiko, Emmanuel; Muswamba-Kayembe, Chloe; Makangara-Cigolo, Jean-Claude; Luakanda-Ndelemo, Gradi; Kelvin, David J.; Pratt, Catherine; Ayouba, Ahidjo; Tessema, Sofonias; Mauro, Antonio R.; Hensley, Lisa E.; Delaporte, Eric; Mwamba, Dieudonne; Subissi, Lorenzo; Liesenborghs, Laurens; Hoff, Nicole A.; Peeters, Martine; Low, Nicola; Ahuka-Mundeke, Steve; Muyembe-Tamfum, Jean-Jacques; Rimoin, Anne W.; Kindrachuk, Jason; Vercauteren, Koen; Rambaut, Andrew; Mbala-Kingebeni, Placide"
PP_0013DHD,Ia,None,Democratic Republic of the Congo,Kinshasa,2024-10-10,188078,0.8176148147396924,2025-02-04,"Wawina-Bokalanga, Tony; Merritt, Sydney; Kinganda-Lusamaki, Eddy; Jansen, Daan; Halbrook, Megan; OToole, Aine; Pukuta-Simbu, Elisabeth; Muyamuna, Elise; Hasivirwe Vakaniaki, Emmanuel; Ola-Mpumbe, Rilia; Kwete-Mbokama, Papy; Akil-Bandali, Prince; Kacita, Cris; Ponga-Museme, Ange; Mapenzi-Kashali, Nelson; Amuri-Aziza, Adrienne; Muyembe-Mawete, Francisca; Lumembe-Numbi, Raphael; Kabamba-Lungenyi, Gabriel; Tshiani-Mbaya, Olivier; Paku-Tshambu, Princesse; Dantas, Pedro Hlf; DeBlock, Tessa; Lokilo-Lofiko, Emmanuel; Muswamba-Kayembe, Chloe; Makangara-Cigolo, Jean-Claude; Luakanda-Ndelemo, Gradi; Kelvin, David J.; Pratt, Catherine; Ayouba, Ahidjo; Tessema, Sofonias; Mauro, Antonio R.; Hensley, Lisa E.; Delaporte, Eric; Mwamba, Dieudonne; Subissi, Lorenzo; Liesenborghs, Laurens; Hoff, Nicole A.; Peeters, Martine; Low, Nicola; Ahuka-Mundeke, Steve; Muyembe-Tamfum, Jean-Jacques; Rimoin, Anne W.; Kindrachuk, Jason; Vercauteren, Koen; Rambaut, Andrew; Mbala-Kingebeni, Placide"
PP_0013DJB,Ia,None,Democratic Republic of the Congo,Kinshasa,2024-10-10,190070,0.8725210309874296,2025-02-04,"Wawina-Bokalanga, Tony; Merritt, Sydney; Kinganda-Lusamaki, Eddy; Jansen, Daan; Halbrook, Megan; OToole, Aine; Pukuta-Simbu, Elisabeth; Muyamuna, Elise; Hasivirwe Vakaniaki, Emmanuel; Ola-Mpumbe, Rilia; Kwete-Mbokama, Papy; Akil-Bandali, Prince; Kacita, Cris; Ponga-Museme, Ange; Mapenzi-Kashali, Nelson; Amuri-Aziza, Adrienne; Muyembe-Mawete, Francisca; Lumembe-Numbi, Raphael; Kabamba-Lungenyi, Gabriel; Tshiani-Mbaya, Olivier; Paku-Tshambu, Princesse; Dantas, Pedro Hlf; DeBlock, Tessa; Lokilo-Lofiko, Emmanuel; Muswamba-Kayembe, Chloe; Makangara-Cigolo, Jean-Claude; Luakanda-Ndelemo, Gradi; Kelvin, David J.; Pratt, Catherine; Ayouba, Ahidjo; Tessema, Sofonias; Mauro, Antonio R.; Hensley, Lisa E.; Delaporte, Eric; Mwamba, Dieudonne; Subissi, Lorenzo; Liesenborghs, Laurens; Hoff, Nicole A.; Peeters, Martine; Low, Nicola; Ahuka-Mundeke, Steve; Muyembe-Tamfum, Jean-Jacques; Rimoin, Anne W.; Kindrachuk, Jason; Vercauteren, Koen; Rambaut, Andrew; Mbala-Kingebeni, Placide"
PP_0013DK9,Ia,None,Democratic Republic of the Congo,Kinshasa,2024-10-10,188079,0.796277046179434,2025-02-04,"Wawina-Bokalanga, Tony; Merritt, Sydney; Kinganda-Lusamaki, Eddy; Jansen, Daan; Halbrook, Megan; OToole, Aine; Pukuta-Simbu, Elisabeth; Muyamuna, Elise; Hasivirwe Vakaniaki, Emmanuel; Ola-Mpumbe, Rilia; Kwete-Mbokama, Papy; Akil-Bandali, Prince; Kacita, Cris; Ponga-Museme, Ange; Mapenzi-Kashali, Nelson; Amuri-Aziza, Adrienne; Muyembe-Mawete, Francisca; Lumembe-Numbi, Raphael; Kabamba-Lungenyi, Gabriel; Tshiani-Mbaya, Olivier; Paku-Tshambu, Princesse; Dantas, Pedro Hlf; DeBlock, Tessa; Lokilo-Lofiko, Emmanuel; Muswamba-Kayembe, Chloe; Makangara-Cigolo, Jean-Claude; Luakanda-Ndelemo, Gradi; Kelvin, David J.; Pratt, Catherine; Ayouba, Ahidjo; Tessema, Sofonias; Mauro, Antonio R.; Hensley, Lisa E.; Delaporte, Eric; Mwamba, Dieudonne; Subissi, Lorenzo; Liesenborghs, Laurens; Hoff, Nicole A.; Peeters, Martine; Low, Nicola; Ahuka-Mundeke, Steve; Muyembe-Tamfum, Jean-Jacques; Rimoin, Anne W.; Kindrachuk, Jason; Vercauteren, Koen; Rambaut, Andrew; Mbala-Kingebeni, Placide"
PP_0013DL7,Ia,None,Democratic Republic of the Congo,Kinshasa,2024-10-10,189467,0.8712584111272812,2025-02-04,"Wawina-Bokalanga, Tony; Merritt, Sydney; Kinganda-Lusamaki, Eddy; Jansen, Daan; Halbrook, Megan; OToole, Aine; Pukuta-Simbu, Elisabeth; Muyamuna, Elise; Hasivirwe Vakaniaki, Emmanuel; Ola-Mpumbe, Rilia; Kwete-Mbokama, Papy; Akil-Bandali, Prince; Kacita, Cris; Ponga-Museme, Ange; Mapenzi-Kashali, Nelson; Amuri-Aziza, Adrienne; Muyembe-Mawete, Francisca; Lumembe-Numbi, Raphael; Kabamba-Lungenyi, Gabriel; Tshiani-Mbaya, Olivier; Paku-Tshambu, Princesse; Dantas, Pedro Hlf; DeBlock, Tessa; Lokilo-Lofiko, Emmanuel; Muswamba-Kayembe, Chloe; Makangara-Cigolo, Jean-Claude; Luakanda-Ndelemo, Gradi; Kelvin, David J.; Pratt, Catherine; Ayouba, Ahidjo; Tessema, Sofonias; Mauro, Antonio R.; Hensley, Lisa E.; Delaporte, Eric; Mwamba, Dieudonne; Subissi, Lorenzo; Liesenborghs, Laurens; Hoff, Nicole A.; Peeters, Martine; Low, Nicola; Ahuka-Mundeke, Steve; Muyembe-Tamfum, Jean-Jacques; Rimoin, Anne W.; Kindrachuk, Jason; Vercauteren, Koen; Rambaut, Andrew; Mbala-Kingebeni, Placide"
PP_0013DM5,Ia,None,Democratic Republic of the Congo,Kinshasa,2024-10-11,190077,0.9126510453376876,2025-02-04,"Wawina-Bokalanga, Tony; Merritt, Sydney; Kinganda-Lusamaki, Eddy; Jansen, Daan; Halbrook, Megan; OToole, Aine; Pukuta-Simbu, Elisabeth; Muyamuna, Elise; Hasivirwe Vakaniaki, Emmanuel; Ola-Mpumbe, Rilia; Kwete-Mbokama, Papy; Akil-Bandali, Prince; Kacita, Cris; Ponga-Museme, Ange; Mapenzi-Kashali, Nelson; Amuri-Aziza, Adrienne; Muyembe-Mawete, Francisca; Lumembe-Numbi, Raphael; Kabamba-Lungenyi, Gabriel; Tshiani-Mbaya, Olivier; Paku-Tshambu, Princesse; Dantas, Pedro Hlf; DeBlock, Tessa; Lokilo-Lofiko, Emmanuel; Muswamba-Kayembe, Chloe; Makangara-Cigolo, Jean-Claude; Luakanda-Ndelemo, Gradi; Kelvin, David J.; Pratt, Catherine; Ayouba, Ahidjo; Tessema, Sofonias; Mauro, Antonio R.; Hensley, Lisa E.; Delaporte, Eric; Mwamba, Dieudonne; Subissi, Lorenzo; Liesenborghs, Laurens; Hoff, Nicole A.; Peeters, Martine; Low, Nicola; Ahuka-Mundeke, Steve; Muyembe-Tamfum, Jean-Jacques; Rimoin, Anne W.; Kindrachuk, Jason; Vercauteren, Koen; Rambaut, Andrew; Mbala-Kingebeni, Placide"
PP_0013DN3,Ia,None,Democratic Republic of the Congo,Kinshasa,2024-10-11,188995,0.6879807716686358,2025-02-04,"Wawina-Bokalanga, Tony; Merritt, Sydney; Kinganda-Lusamaki, Eddy; Jansen, Daan; Halbrook, Megan; OToole, Aine; Pukuta-Simbu, Elisabeth; Muyamuna, Elise; Hasivirwe Vakaniaki, Emmanuel; Ola-Mpumbe, Rilia; Kwete-Mbokama, Papy; Akil-Bandali, Prince; Kacita, Cris; Ponga-Museme, Ange; Mapenzi-Kashali, Nelson; Amuri-Aziza, Adrienne; Muyembe-Mawete, Francisca; Lumembe-Numbi, Raphael; Kabamba-Lungenyi, Gabriel; Tshiani-Mbaya, Olivier; Paku-Tshambu, Princesse; Dantas, Pedro Hlf; DeBlock, Tessa; Lokilo-Lofiko, Emmanuel; Muswamba-Kayembe, Chloe; Makangara-Cigolo, Jean-Claude; Luakanda-Ndelemo, Gradi; Kelvin, David J.; Pratt, Catherine; Ayouba, Ahidjo; Tessema, Sofonias; Mauro, Antonio R.; Hensley, Lisa E.; Delaporte, Eric; Mwamba, Dieudonne; Subissi, Lorenzo; Liesenborghs, Laurens; Hoff, Nicole A.; Peeters, Martine; Low, Nicola; Ahuka-Mundeke, Steve; Muyembe-Tamfum, Jean-Jacques; Rimoin, Anne W.; Kindrachuk, Jason; Vercauteren, Koen; Rambaut, Andrew; Mbala-Kingebeni, Placide"
PP_0013DP1,Ib,A.1,Democratic Republic of the Congo,Kinshasa,2024-10-04,189080,0.8362397253675035,2025-02-04,"Wawina-Bokalanga, Tony; Merritt, Sydney; Kinganda-Lusamaki, Eddy; Jansen, Daan; Halbrook, Megan; OToole, Aine; Pukuta-Simbu, Elisabeth; Muyamuna, Elise; Hasivirwe Vakaniaki, Emmanuel; Ola-Mpumbe, Rilia; Kwete-Mbokama, Papy; Akil-Bandali, Prince; Kacita, Cris; Ponga-Museme, Ange; Mapenzi-Kashali, Nelson; Amuri-Aziza, Adrienne; Muyembe-Mawete, Francisca; Lumembe-Numbi, Raphael; Kabamba-Lungenyi, Gabriel; Tshiani-Mbaya, Olivier; Paku-Tshambu, Princesse; Dantas, Pedro Hlf; DeBlock, Tessa; Lokilo-Lofiko, Emmanuel; Muswamba-Kayembe, Chloe; Makangara-Cigolo, Jean-Claude; Luakanda-Ndelemo, Gradi; Kelvin, David J.; Pratt, Catherine; Ayouba, Ahidjo; Tessema, Sofonias; Mauro, Antonio R.; Hensley, Lisa E.; Delaporte, Eric; Mwamba, Dieudonne; Subissi, Lorenzo; Liesenborghs, Laurens; Hoff, Nicole A.; Peeters, Martine; Low, Nicola; Ahuka-Mundeke, Steve; Muyembe-Tamfum, Jean-Jacques; Rimoin, Anne W.; Kindrachuk, Jason; Vercauteren, Koen; Rambaut, Andrew; Mbala-Kingebeni, Placide"
PP_0013DQZ,Ia,None,Democratic Republic of the Congo,Kinshasa,2024-10-07,188829,0.8437698076659788,2025-02-04,"Wawina-Bokalanga, Tony; Merritt, Sydney; Kinganda-Lusamaki, Eddy; Jansen, Daan; Halbrook, Megan; OToole, Aine; Pukuta-Simbu, Elisabeth; Muyamuna, Elise; Hasivirwe Vakaniaki, Emmanuel; Ola-Mpumbe, Rilia; Kwete-Mbokama, Papy; Akil-Bandali, Prince; Kacita, Cris; Ponga-Museme, Ange; Mapenzi-Kashali, Nelson; Amuri-Aziza, Adrienne; Muyembe-Mawete, Francisca; Lumembe-Numbi, Raphael; Kabamba-Lungenyi, Gabriel; Tshiani-Mbaya, Olivier; Paku-Tshambu, Princesse; Dantas, Pedro Hlf; DeBlock, Tessa; Lokilo-Lofiko, Emmanuel; Muswamba-Kayembe, Chloe; Makangara-Cigolo, Jean-Claude; Luakanda-Ndelemo, Gradi; Kelvin, David J.; Pratt, Catherine; Ayouba, Ahidjo; Tessema, Sofonias; Mauro, Antonio R.; Hensley, Lisa E.; Delaporte, Eric; Mwamba, Dieudonne; Subissi, Lorenzo; Liesenborghs, Laurens; Hoff, Nicole A.; Peeters, Martine; Low, Nicola; Ahuka-Mundeke, Steve; Muyembe-Tamfum, Jean-Jacques; Rimoin, Anne W.; Kindrachuk, Jason; Vercauteren, Koen; Rambaut, Andrew; Mbala-Kingebeni, Placide"
PP_0013DRX,Ia,None,Democratic Republic of the Congo,Kinshasa,2024-10-12,189231,0.9070579943106044,2025-02-04,"Wawina-Bokalanga, Tony; Merritt, Sydney; Kinganda-Lusamaki, Eddy; Jansen, Daan; Halbrook, Megan; OToole, Aine; Pukuta-Simbu, Elisabeth; Muyamuna, Elise; Hasivirwe Vakaniaki, Emmanuel; Ola-Mpumbe, Rilia; Kwete-Mbokama, Papy; Akil-Bandali, Prince; Kacita, Cris; Ponga-Museme, Ange; Mapenzi-Kashali, Nelson; Amuri-Aziza, Adrienne; Muyembe-Mawete, Francisca; Lumembe-Numbi, Raphael; Kabamba-Lungenyi, Gabriel; Tshiani-Mbaya, Olivier; Paku-Tshambu, Princesse; Dantas, Pedro Hlf; DeBlock, Tessa; Lokilo-Lofiko, Emmanuel; Muswamba-Kayembe, Chloe; Makangara-Cigolo, Jean-Claude; Luakanda-Ndelemo, Gradi; Kelvin, David J.; Pratt, Catherine; Ayouba, Ahidjo; Tessema, Sofonias; Mauro, Antonio R.; Hensley, Lisa E.; Delaporte, Eric; Mwamba, Dieudonne; Subissi, Lorenzo; Liesenborghs, Laurens; Hoff, Nicole A.; Peeters, Martine; Low, Nicola; Ahuka-Mundeke, Steve; Muyembe-Tamfum, Jean-Jacques; Rimoin, Anne W.; Kindrachuk, Jason; Vercauteren, Koen; Rambaut, Andrew; Mbala-Kingebeni, Placide"
PP_0013DSV,Ia,None,Democratic Republic of the Congo,Kinshasa,2024-10-12,190070,0.9204955149105772,2025-02-04,"Wawina-Bokalanga, Tony; Merritt, Sydney; Kinganda-Lusamaki, Eddy; Jansen, Daan; Halbrook, Megan; OToole, Aine; Pukuta-Simbu, Elisabeth; Muyamuna, Elise; Hasivirwe Vakaniaki, Emmanuel; Ola-Mpumbe, Rilia; Kwete-Mbokama, Papy; Akil-Bandali, Prince; Kacita, Cris; Ponga-Museme, Ange; Mapenzi-Kashali, Nelson; Amuri-Aziza, Adrienne; Muyembe-Mawete, Francisca; Lumembe-Numbi, Raphael; Kabamba-Lungenyi, Gabriel; Tshiani-Mbaya, Olivier; Paku-Tshambu, Princesse; Dantas, Pedro Hlf; DeBlock, Tessa; Lokilo-Lofiko, Emmanuel; Muswamba-Kayembe, Chloe; Makangara-Cigolo, Jean-Claude; Luakanda-Ndelemo, Gradi; Kelvin, David J.; Pratt, Catherine; Ayouba, Ahidjo; Tessema, Sofonias; Mauro, Antonio R.; Hensley, Lisa E.; Delaporte, Eric; Mwamba, Dieudonne; Subissi, Lorenzo; Liesenborghs, Laurens; Hoff, Nicole A.; Peeters, Martine; Low, Nicola; Ahuka-Mundeke, Steve; Muyembe-Tamfum, Jean-Jacques; Rimoin, Anne W.; Kindrachuk, Jason; Vercauteren, Koen; Rambaut, Andrew; Mbala-Kingebeni, Placide"
PP_0013DTT,Ia,None,Democratic Republic of the Congo,Kinshasa,2024-10-12,189998,0.9152168511579086,2025-02-04,"Wawina-Bokalanga, Tony; Merritt, Sydney; Kinganda-Lusamaki, Eddy; Jansen, Daan; Halbrook, Megan; OToole, Aine; Pukuta-Simbu, Elisabeth; Muyamuna, Elise; Hasivirwe Vakaniaki, Emmanuel; Ola-Mpumbe, Rilia; Kwete-Mbokama, Papy; Akil-Bandali, Prince; Kacita, Cris; Ponga-Museme, Ange; Mapenzi-Kashali, Nelson; Amuri-Aziza, Adrienne; Muyembe-Mawete, Francisca; Lumembe-Numbi, Raphael; Kabamba-Lungenyi, Gabriel; Tshiani-Mbaya, Olivier; Paku-Tshambu, Princesse; Dantas, Pedro Hlf; DeBlock, Tessa; Lokilo-Lofiko, Emmanuel; Muswamba-Kayembe, Chloe; Makangara-Cigolo, Jean-Claude; Luakanda-Ndelemo, Gradi; Kelvin, David J.; Pratt, Catherine; Ayouba, Ahidjo; Tessema, Sofonias; Mauro, Antonio R.; Hensley, Lisa E.; Delaporte, Eric; Mwamba, Dieudonne; Subissi, Lorenzo; Liesenborghs, Laurens; Hoff, Nicole A.; Peeters, Martine; Low, Nicola; Ahuka-Mundeke, Steve; Muyembe-Tamfum, Jean-Jacques; Rimoin, Anne W.; Kindrachuk, Jason; Vercauteren, Koen; Rambaut, Andrew; Mbala-Kingebeni, Placide"
PP_0013DUR,Ia,None,Democratic Republic of the Congo,Sud-Ubangi,2024-09-23,189254,0.8746152558960291,2025-02-04,"Ahuka-Mundeke, Steve; Pukuta-Simbu, Elisabeth; Amuri-Aziza, Adrienne; Wawina-Bokalanga, Tony; Merritt, Sydney; Kinganda-Lusamaki, Eddy; Jansen, Daan; Halbrook, Megan; OToole, Aine; Hasivirwe Vakaniaki, Emmanuel; Ola-Mpumbe, Rilia; Kwete-Mbokama, Papy; Akil-Bandali, Prince; Kacita, Cris; Ponga-Museme, Ange; Mapenzi-Kashali, Nelson; Tshiani-Mbaya, Olivier; Paku-Tshambu, Princesse; Dantas, Pedro H. L. F.; De Block, Tessa; Lokilo-Lofiko, Emmanuel; Muswamba-Kayembe, Chloe; Makangara-Cigolo, Jean-Claude; Luakanda-Ndelemo, Gradi; Kelvin, David J.; Pratt, Catherine; Ayouba, Ahidjo; Tessema, Sofonias; Mauro Rezende, Antonio; Hensley, Lisa E.; Delaporte, Eric; Mwamba, Dieudonne; Subissi, Lorenzo; Liesenborghs, Laurens; Hoff, Nicole A.; Peeters, Martine; Low, Nicola; Rimoin, Anne W.; Kindrachuk, Jason; Vercauteren, Koen; Rambaut, Andrew; Mbala-Kingebeni, Placide; Muyembe-Tamfum, Jean-Jacques"
PP_0013DVP,Ia,None,Democratic Republic of the Congo,Sud-Ubangi,2024-09-25,189264,0.8260018558990715,2025-02-04,"Ahuka-Mundeke, Steve; Pukuta-Simbu, Elisabeth; Amuri-Aziza, Adrienne; Wawina-Bokalanga, Tony; Merritt, Sydney; Kinganda-Lusamaki, Eddy; Jansen, Daan; Halbrook, Megan; OToole, Aine; Hasivirwe Vakaniaki, Emmanuel; Ola-Mpumbe, Rilia; Kwete-Mbokama, Papy; Akil-Bandali, Prince; Kacita, Cris; Ponga-Museme, Ange; Mapenzi-Kashali, Nelson; Tshiani-Mbaya, Olivier; Paku-Tshambu, Princesse; Dantas, Pedro H. L. F.; De Block, Tessa; Lokilo-Lofiko, Emmanuel; Muswamba-Kayembe, Chloe; Makangara-Cigolo, Jean-Claude; Luakanda-Ndelemo, Gradi; Kelvin, David J.; Pratt, Catherine; Ayouba, Ahidjo; Tessema, Sofonias; Mauro Rezende, Antonio; Hensley, Lisa E.; Delaporte, Eric; Mwamba, Dieudonne; Subissi, Lorenzo; Liesenborghs, Laurens; Hoff, Nicole A.; Peeters, Martine; Low, Nicola; Rimoin, Anne W.; Kindrachuk, Jason; Vercauteren, Koen; Rambaut, Andrew; Mbala-Kingebeni, Placide; Muyembe-Tamfum, Jean-Jacques"
PP_0013DWM,Ia,None,Democratic Republic of the Congo,Sud-Ubangi,2024-09-26,189289,0.7893655969048066,2025-02-04,"Ahuka-Mundeke, Steve; Pukuta-Simbu, Elisabeth; Amuri-Aziza, Adrienne; Wawina-Bokalanga, Tony; Merritt, Sydney; Kinganda-Lusamaki, Eddy; Jansen, Daan; Halbrook, Megan; OToole, Aine; Hasivirwe Vakaniaki, Emmanuel; Ola-Mpumbe, Rilia; Kwete-Mbokama, Papy; Akil-Bandali, Prince; Kacita, Cris; Ponga-Museme, Ange; Mapenzi-Kashali, Nelson; Tshiani-Mbaya, Olivier; Paku-Tshambu, Princesse; Dantas, Pedro H. L. F.; De Block, Tessa; Lokilo-Lofiko, Emmanuel; Muswamba-Kayembe, Chloe; Makangara-Cigolo, Jean-Claude; Luakanda-Ndelemo, Gradi; Kelvin, David J.; Pratt, Catherine; Ayouba, Ahidjo; Tessema, Sofonias; Mauro Rezende, Antonio; Hensley, Lisa E.; Delaporte, Eric; Mwamba, Dieudonne; Subissi, Lorenzo; Liesenborghs, Laurens; Hoff, Nicole A.; Peeters, Martine; Low, Nicola; Rimoin, Anne W.; Kindrachuk, Jason; Vercauteren, Koen; Rambaut, Andrew; Mbala-Kingebeni, Placide; Muyembe-Tamfum, Jean-Jacques"
PP_0013DXK,Ia,None,Democratic Republic of the Congo,Kinshasa,2024-10-13,189242,0.8615276179079048,2025-02-04,"Wawina-Bokalanga, Tony; Merritt, Sydney; Kinganda-Lusamaki, Eddy; Jansen, Daan; Halbrook, Megan; OToole, Aine; Pukuta-Simbu, Elisabeth; Muyamuna, Elise; Hasivirwe Vakaniaki, Emmanuel; Ola-Mpumbe, Rilia; Kwete-Mbokama, Papy; Akil-Bandali, Prince; Kacita, Cris; Ponga-Museme, Ange; Mapenzi-Kashali, Nelson; Amuri-Aziza, Adrienne; Muyembe-Mawete, Francisca; Lumembe-Numbi, Raphael; Kabamba-Lungenyi, Gabriel; Tshiani-Mbaya, Olivier; Paku-Tshambu, Princesse; Dantas, Pedro Hlf; DeBlock, Tessa; Lokilo-Lofiko, Emmanuel; Muswamba-Kayembe, Chloe; Makangara-Cigolo, Jean-Claude; Luakanda-Ndelemo, Gradi; Kelvin, David J.; Pratt, Catherine; Ayouba, Ahidjo; Tessema, Sofonias; Mauro, Antonio R.; Hensley, Lisa E.; Delaporte, Eric; Mwamba, Dieudonne; Subissi, Lorenzo; Liesenborghs, Laurens; Hoff, Nicole A.; Peeters, Martine; Low, Nicola; Ahuka-Mundeke, Steve; Muyembe-Tamfum, Jean-Jacques; Rimoin, Anne W.; Kindrachuk, Jason; Vercauteren, Koen; Rambaut, Andrew; Mbala-Kingebeni, Placide"
PP_0013DYH,Ia,None,Democratic Republic of the Congo,Kinshasa,2024-10-13,189242,0.7655837208241003,2025-02-04,"Wawina-Bokalanga, Tony; Merritt, Sydney; Kinganda-Lusamaki, Eddy; Jansen, Daan; Halbrook, Megan; OToole, Aine; Pukuta-Simbu, Elisabeth; Muyamuna, Elise; Hasivirwe Vakaniaki, Emmanuel; Ola-Mpumbe, Rilia; Kwete-Mbokama, Papy; Akil-Bandali, Prince; Kacita, Cris; Ponga-Museme, Ange; Mapenzi-Kashali, Nelson; Amuri-Aziza, Adrienne; Muyembe-Mawete, Francisca; Lumembe-Numbi, Raphael; Kabamba-Lungenyi, Gabriel; Tshiani-Mbaya, Olivier; Paku-Tshambu, Princesse; Dantas, Pedro Hlf; DeBlock, Tessa; Lokilo-Lofiko, Emmanuel; Muswamba-Kayembe, Chloe; Makangara-Cigolo, Jean-Claude; Luakanda-Ndelemo, Gradi; Kelvin, David J.; Pratt, Catherine; Ayouba, Ahidjo; Tessema, Sofonias; Mauro, Antonio R.; Hensley, Lisa E.; Delaporte, Eric; Mwamba, Dieudonne; Subissi, Lorenzo; Liesenborghs, Laurens; Hoff, Nicole A.; Peeters, Martine; Low, Nicola; Ahuka-Mundeke, Steve; Muyembe-Tamfum, Jean-Jacques; Rimoin, Anne W.; Kindrachuk, Jason; Vercauteren, Koen; Rambaut, Andrew; Mbala-Kingebeni, Placide"
PP_0013DZF,Ia,None,Democratic Republic of the Congo,Kinshasa,2024-10-12,188911,0.7504474947897916,2025-02-04,"Wawina-Bokalanga, Tony; Merritt, Sydney; Kinganda-Lusamaki, Eddy; Jansen, Daan; Halbrook, Megan; OToole, Aine; Pukuta-Simbu, Elisabeth; Muyamuna, Elise; Hasivirwe Vakaniaki, Emmanuel; Ola-Mpumbe, Rilia; Kwete-Mbokama, Papy; Akil-Bandali, Prince; Kacita, Cris; Ponga-Museme, Ange; Mapenzi-Kashali, Nelson; Amuri-Aziza, Adrienne; Muyembe-Mawete, Francisca; Lumembe-Numbi, Raphael; Kabamba-Lungenyi, Gabriel; Tshiani-Mbaya, Olivier; Paku-Tshambu, Princesse; Dantas, Pedro Hlf; DeBlock, Tessa; Lokilo-Lofiko, Emmanuel; Muswamba-Kayembe, Chloe; Makangara-Cigolo, Jean-Claude; Luakanda-Ndelemo, Gradi; Kelvin, David J.; Pratt, Catherine; Ayouba, Ahidjo; Tessema, Sofonias; Mauro, Antonio R.; Hensley, Lisa E.; Delaporte, Eric; Mwamba, Dieudonne; Subissi, Lorenzo; Liesenborghs, Laurens; Hoff, Nicole A.; Peeters, Martine; Low, Nicola; Ahuka-Mundeke, Steve; Muyembe-Tamfum, Jean-Jacques; Rimoin, Anne W.; Kindrachuk, Jason; Vercauteren, Koen; Rambaut, Andrew; Mbala-Kingebeni, Placide"
PP_0013E0D,Ia,None,Democratic Republic of the Congo,Maniema,2024-10-06,189207,0.899188170925262,2025-02-04,"Mbala-Kingebeni, Placide; Wawina-Bokalanga, Tony; Merritt, Sydney; Kinganda-Lusamaki, Eddy; Jansen, Daan; Halbrook, Megan; OToole, Aine; Pukuta-Simbu, Elisabeth; Hasivirwe Vakaniaki, Emmanuel; Ola-Mpumbe, Rilia; Kwete-Mbokama, Papy; Akil-Bandali, Prince; Kacita, Cris; Ponga-Museme, Ange; Mapenzi-Kashali, Nelson; Amuri-Aziza, Adrienne; Tshiani-Mbaya, Olivier; Paku-Tshambu, Princesse; Dantas, Pedro H. L. F.; De Block, Tessa; Lokilo-Lofiko, Emmanuel; Muswamba-Kayembe, Chloe; Makangara-Cigolo, Jean-Claude; Luakanda-Ndelemo, Gradi; Kelvin, David J.; Pratt, Catherine; Ayouba, Ahidjo; Tessema, Sofonias; Mauro Rezende, Antonio; Hensley, Lisa E.; Delaporte, Eric; Mwamba, Dieudonne; Subissi, Lorenzo; Liesenborghs, Laurens; Hoff, Nicole A.; Peeters, Martine; Low, Nicola; Rimoin, Anne W.; Kindrachuk, Jason; Vercauteren, Koen; Rambaut, Andrew; Ahuka-Mundeke, Steve; Muyembe-Tamfum, Jean-Jacques"
PP_0013E1B,Ia,None,Democratic Republic of the Congo,Tshopo,2024-09-29,188818,0.6447474506741578,2025-02-04,"Ahuka-Mundeke, Steve; Pukuta-Simbu, Elisabeth; Amuri-Aziza, Adrienne; Wawina-Bokalanga, Tony; Merritt, Sydney; Kinganda-Lusamaki, Eddy; Jansen, Daan; Halbrook, Megan; OToole, Aine; Hasivirwe Vakaniaki, Emmanuel; Ola-Mpumbe, Rilia; Kwete-Mbokama, Papy; Akil-Bandali, Prince; Kacita, Cris; Ponga-Museme, Ange; Mapenzi-Kashali, Nelson; Tshiani-Mbaya, Olivier; Paku-Tshambu, Princesse; Dantas, Pedro H. L. F.; De Block, Tessa; Lokilo-Lofiko, Emmanuel; Muswamba-Kayembe, Chloe; Makangara-Cigolo, Jean-Claude; Luakanda-Ndelemo, Gradi; Kelvin, David J.; Pratt, Catherine; Ayouba, Ahidjo; Tessema, Sofonias; Mauro Rezende, Antonio; Hensley, Lisa E.; Delaporte, Eric; Mwamba, Dieudonne; Subissi, Lorenzo; Liesenborghs, Laurens; Hoff, Nicole A.; Peeters, Martine; Low, Nicola; Rimoin, Anne W.; Kindrachuk, Jason; Vercauteren, Koen; Rambaut, Andrew; Mbala-Kingebeni, Placide; Muyembe-Tamfum, Jean-Jacques"
PP_0013E29,Ia,None,Democratic Republic of the Congo,Bas-Uele,2024-09-06,189262,0.8684086426075889,2025-02-04,"Amuri-Aziza, Adrienne; Luakanda-Ndelemo, Gradi; Kinganda-Lusamaki, Eddy; Makangara-Cigolo, Jean-Claude; Kenye, Michel; Kavira, Sifa; Wawina-Bokalanga, Tony; Merritt, Sydney; Jansen, Daan; Halbrook, Megan; OToole, Aine; Pukuta-Simbu, Elisabeth; Hasivirwe Vakaniaki, Emmanuel; Ola-Mpumbe, Rilia; Kwete-Mbokama, Papy; Akil-Bandali, Prince; Kacita, Cris; Ponga-Museme, Ange; Mapenzi-Kashali, Nelson; Tshiani-Mbaya, Olivier; Paku-Tshambu, Princesse; Dantas, Pedro H. L. F.; De Block, Tessa; Lokilo-Lofiko, Emmanuel; Muswamba-Kayembe, Chloe; Kelvin, David J.; Pratt, Catherine; Ayouba, Ahidjo; Tessema, Sofonias; Mauro Rezende, Antonio; Hensley, Lisa E.; Delaporte, Eric; Mwamba, Dieudonne; Subissi, Lorenzo; Liesenborghs, Laurens; Hoff, Nicole A.; Peeters, Martine; Low, Nicola; Ahuka-Mundeke, Steve; Muyembe-Tamfum, Jean-Jacques; Rimoin, Anne W.; Kindrachuk, Jason; Vercauteren, Koen; Rambaut, Andrew; Mbala-Kingebeni, Placide"
PP_0013E37,Ia,None,Democratic Republic of the Congo,Bas-Uele,2024-09-20,189254,0.8638855224660132,2025-02-04,"Amuri-Aziza, Adrienne; Luakanda-Ndelemo, Gradi; Kinganda-Lusamaki, Eddy; Makangara-Cigolo, Jean-Claude; Kenye, Michel; Kavira, Sifa; Wawina-Bokalanga, Tony; Merritt, Sydney; Jansen, Daan; Halbrook, Megan; OToole, Aine; Pukuta-Simbu, Elisabeth; Hasivirwe Vakaniaki, Emmanuel; Ola-Mpumbe, Rilia; Kwete-Mbokama, Papy; Akil-Bandali, Prince; Kacita, Cris; Ponga-Museme, Ange; Mapenzi-Kashali, Nelson; Tshiani-Mbaya, Olivier; Paku-Tshambu, Princesse; Dantas, Pedro H. L. F.; De Block, Tessa; Lokilo-Lofiko, Emmanuel; Muswamba-Kayembe, Chloe; Kelvin, David J.; Pratt, Catherine; Ayouba, Ahidjo; Tessema, Sofonias; Mauro Rezende, Antonio; Hensley, Lisa E.; Delaporte, Eric; Mwamba, Dieudonne; Subissi, Lorenzo; Liesenborghs, Laurens; Hoff, Nicole A.; Peeters, Martine; Low, Nicola; Ahuka-Mundeke, Steve; Muyembe-Tamfum, Jean-Jacques; Rimoin, Anne W.; Kindrachuk, Jason; Vercauteren, Koen; Rambaut, Andrew; Mbala-Kingebeni, Placide"
PP_0013E45,Ia,None,Democratic Republic of the Congo,Bas-Uele,2024-09-26,189221,0.8874949926220406,2025-02-04,"Amuri-Aziza, Adrienne; Luakanda-Ndelemo, Gradi; Kinganda-Lusamaki, Eddy; Makangara-Cigolo, Jean-Claude; Kenye, Michel; Kavira, Sifa; Wawina-Bokalanga, Tony; Merritt, Sydney; Jansen, Daan; Halbrook, Megan; OToole, Aine; Pukuta-Simbu, Elisabeth; Hasivirwe Vakaniaki, Emmanuel; Ola-Mpumbe, Rilia; Kwete-Mbokama, Papy; Akil-Bandali, Prince; Kacita, Cris; Ponga-Museme, Ange; Mapenzi-Kashali, Nelson; Tshiani-Mbaya, Olivier; Paku-Tshambu, Princesse; Dantas, Pedro H. L. F.; De Block, Tessa; Lokilo-Lofiko, Emmanuel; Muswamba-Kayembe, Chloe; Kelvin, David J.; Pratt, Catherine; Ayouba, Ahidjo; Tessema, Sofonias; Mauro Rezende, Antonio; Hensley, Lisa E.; Delaporte, Eric; Mwamba, Dieudonne; Subissi, Lorenzo; Liesenborghs, Laurens; Hoff, Nicole A.; Peeters, Martine; Low, Nicola; Ahuka-Mundeke, Steve; Muyembe-Tamfum, Jean-Jacques; Rimoin, Anne W.; Kindrachuk, Jason; Vercauteren, Koen; Rambaut, Andrew; Mbala-Kingebeni, Placide"
PP_0013E53,Ia,None,Democratic Republic of the Congo,Tshopo,2024-08-21,189247,0.8307683726401939,2025-02-04,"Ahuka-Mundeke, Steve; Pukuta-Simbu, Elisabeth; Amuri-Aziza, Adrienne; Wawina-Bokalanga, Tony; Merritt, Sydney; Kinganda-Lusamaki, Eddy; Jansen, Daan; Halbrook, Megan; OToole, Aine; Hasivirwe Vakaniaki, Emmanuel; Ola-Mpumbe, Rilia; Kwete-Mbokama, Papy; Akil-Bandali, Prince; Kacita, Cris; Ponga-Museme, Ange; Mapenzi-Kashali, Nelson; Tshiani-Mbaya, Olivier; Paku-Tshambu, Princesse; Dantas, Pedro H. L. F.; De Block, Tessa; Lokilo-Lofiko, Emmanuel; Muswamba-Kayembe, Chloe; Makangara-Cigolo, Jean-Claude; Luakanda-Ndelemo, Gradi; Kelvin, David J.; Pratt, Catherine; Ayouba, Ahidjo; Tessema, Sofonias; Mauro Rezende, Antonio; Hensley, Lisa E.; Delaporte, Eric; Mwamba, Dieudonne; Subissi, Lorenzo; Liesenborghs, Laurens; Hoff, Nicole A.; Peeters, Martine; Low, Nicola; Rimoin, Anne W.; Kindrachuk, Jason; Vercauteren, Koen; Rambaut, Andrew; Mbala-Kingebeni, Placide; Muyembe-Tamfum, Jean-Jacques"
PP_0013E61,Ia,None,Democratic Republic of the Congo,Kinshasa,2024-10-14,188697,0.7540629484455578,2025-02-04,"Wawina-Bokalanga, Tony; Merritt, Sydney; Kinganda-Lusamaki, Eddy; Jansen, Daan; Halbrook, Megan; OToole, Aine; Pukuta-Simbu, Elisabeth; Muyamuna, Elise; Hasivirwe Vakaniaki, Emmanuel; Ola-Mpumbe, Rilia; Kwete-Mbokama, Papy; Akil-Bandali, Prince; Kacita, Cris; Ponga-Museme, Ange; Mapenzi-Kashali, Nelson; Amuri-Aziza, Adrienne; Muyembe-Mawete, Francisca; Lumembe-Numbi, Raphael; Kabamba-Lungenyi, Gabriel; Tshiani-Mbaya, Olivier; Paku-Tshambu, Princesse; Dantas, Pedro Hlf; DeBlock, Tessa; Lokilo-Lofiko, Emmanuel; Muswamba-Kayembe, Chloe; Makangara-Cigolo, Jean-Claude; Luakanda-Ndelemo, Gradi; Kelvin, David J.; Pratt, Catherine; Ayouba, Ahidjo; Tessema, Sofonias; Mauro, Antonio R.; Hensley, Lisa E.; Delaporte, Eric; Mwamba, Dieudonne; Subissi, Lorenzo; Liesenborghs, Laurens; Hoff, Nicole A.; Peeters, Martine; Low, Nicola; Ahuka-Mundeke, Steve; Muyembe-Tamfum, Jean-Jacques; Rimoin, Anne W.; Kindrachuk, Jason; Vercauteren, Koen; Rambaut, Andrew; Mbala-Kingebeni, Placide"
PP_0013E7Z,Ia,None,Democratic Republic of the Congo,Kinshasa,2024-10-15,189240,0.8854311922883844,2025-02-04,"Wawina-Bokalanga, Tony; Merritt, Sydney; Kinganda-Lusamaki, Eddy; Jansen, Daan; Halbrook, Megan; OToole, Aine; Pukuta-Simbu, Elisabeth; Muyamuna, Elise; Hasivirwe Vakaniaki, Emmanuel; Ola-Mpumbe, Rilia; Kwete-Mbokama, Papy; Akil-Bandali, Prince; Kacita, Cris; Ponga-Museme, Ange; Mapenzi-Kashali, Nelson; Amuri-Aziza, Adrienne; Muyembe-Mawete, Francisca; Lumembe-Numbi, Raphael; Kabamba-Lungenyi, Gabriel; Tshiani-Mbaya, Olivier; Paku-Tshambu, Princesse; Dantas, Pedro Hlf; DeBlock, Tessa; Lokilo-Lofiko, Emmanuel; Muswamba-Kayembe, Chloe; Makangara-Cigolo, Jean-Claude; Luakanda-Ndelemo, Gradi; Kelvin, David J.; Pratt, Catherine; Ayouba, Ahidjo; Tessema, Sofonias; Mauro, Antonio R.; Hensley, Lisa E.; Delaporte, Eric; Mwamba, Dieudonne; Subissi, Lorenzo; Liesenborghs, Laurens; Hoff, Nicole A.; Peeters, Martine; Low, Nicola; Ahuka-Mundeke, Steve; Muyembe-Tamfum, Jean-Jacques; Rimoin, Anne W.; Kindrachuk, Jason; Vercauteren, Koen; Rambaut, Andrew; Mbala-Kingebeni, Placide"
PP_0013E8X,Ia,None,Democratic Republic of the Congo,Kinshasa,2024-10-15,189228,0.8574608663904791,2025-02-04,"Wawina-Bokalanga, Tony; Merritt, Sydney; Kinganda-Lusamaki, Eddy; Jansen, Daan; Halbrook, Megan; OToole, Aine; Pukuta-Simbu, Elisabeth; Muyamuna, Elise; Hasivirwe Vakaniaki, Emmanuel; Ola-Mpumbe, Rilia; Kwete-Mbokama, Papy; Akil-Bandali, Prince; Kacita, Cris; Ponga-Museme, Ange; Mapenzi-Kashali, Nelson; Amuri-Aziza, Adrienne; Muyembe-Mawete, Francisca; Lumembe-Numbi, Raphael; Kabamba-Lungenyi, Gabriel; Tshiani-Mbaya, Olivier; Paku-Tshambu, Princesse; Dantas, Pedro Hlf; DeBlock, Tessa; Lokilo-Lofiko, Emmanuel; Muswamba-Kayembe, Chloe; Makangara-Cigolo, Jean-Claude; Luakanda-Ndelemo, Gradi; Kelvin, David J.; Pratt, Catherine; Ayouba, Ahidjo; Tessema, Sofonias; Mauro, Antonio R.; Hensley, Lisa E.; Delaporte, Eric; Mwamba, Dieudonne; Subissi, Lorenzo; Liesenborghs, Laurens; Hoff, Nicole A.; Peeters, Martine; Low, Nicola; Ahuka-Mundeke, Steve; Muyembe-Tamfum, Jean-Jacques; Rimoin, Anne W.; Kindrachuk, Jason; Vercauteren, Koen; Rambaut, Andrew; Mbala-Kingebeni, Placide"
PP_0013E9V,Ia,None,Democratic Republic of the Congo,Kinshasa,2024-10-03,189237,0.8027270560674209,2025-02-04,"Wawina-Bokalanga, Tony; Merritt, Sydney; Kinganda-Lusamaki, Eddy; Jansen, Daan; Halbrook, Megan; OToole, Aine; Pukuta-Simbu, Elisabeth; Muyamuna, Elise; Hasivirwe Vakaniaki, Emmanuel; Ola-Mpumbe, Rilia; Kwete-Mbokama, Papy; Akil-Bandali, Prince; Kacita, Cris; Ponga-Museme, Ange; Mapenzi-Kashali, Nelson; Amuri-Aziza, Adrienne; Muyembe-Mawete, Francisca; Lumembe-Numbi, Raphael; Kabamba-Lungenyi, Gabriel; Tshiani-Mbaya, Olivier; Paku-Tshambu, Princesse; Dantas, Pedro Hlf; DeBlock, Tessa; Lokilo-Lofiko, Emmanuel; Muswamba-Kayembe, Chloe; Makangara-Cigolo, Jean-Claude; Luakanda-Ndelemo, Gradi; Kelvin, David J.; Pratt, Catherine; Ayouba, Ahidjo; Tessema, Sofonias; Mauro, Antonio R.; Hensley, Lisa E.; Delaporte, Eric; Mwamba, Dieudonne; Subissi, Lorenzo; Liesenborghs, Laurens; Hoff, Nicole A.; Peeters, Martine; Low, Nicola; Ahuka-Mundeke, Steve; Muyembe-Tamfum, Jean-Jacques; Rimoin, Anne W.; Kindrachuk, Jason; Vercauteren, Koen; Rambaut, Andrew; Mbala-Kingebeni, Placide"
PP_0013EAT,Ia,None,Democratic Republic of the Congo,Kongo-central,2024-10-04,189243,0.8202465404722908,2025-02-04,"Mbala-Kingebeni, Placide; Wawina-Bokalanga, Tony; Merritt, Sydney; Kinganda-Lusamaki, Eddy; Jansen, Daan; Halbrook, Megan; OToole, Aine; Pukuta-Simbu, Elisabeth; Hasivirwe Vakaniaki, Emmanuel; Ola-Mpumbe, Rilia; Kwete-Mbokama, Papy; Akil-Bandali, Prince; Kacita, Cris; Ponga-Museme, Ange; Mapenzi-Kashali, Nelson; Amuri-Aziza, Adrienne; Tshiani-Mbaya, Olivier; Paku-Tshambu, Princesse; Dantas, Pedro H. L. F.; De Block, Tessa; Lokilo-Lofiko, Emmanuel; Muswamba-Kayembe, Chloe; Makangara-Cigolo, Jean-Claude; Luakanda-Ndelemo, Gradi; Kelvin, David J.; Pratt, Catherine; Ayouba, Ahidjo; Tessema, Sofonias; Mauro Rezende, Antonio; Hensley, Lisa E.; Delaporte, Eric; Mwamba, Dieudonne; Subissi, Lorenzo; Liesenborghs, Laurens; Hoff, Nicole A.; Peeters, Martine; Low, Nicola; Rimoin, Anne W.; Kindrachuk, Jason; Vercauteren, Koen; Rambaut, Andrew; Ahuka-Mundeke, Steve; Muyembe-Tamfum, Jean-Jacques"
PP_0013EBR,Ia,None,Democratic Republic of the Congo,Kinshasa,2024-10-16,189195,0.8092835519677094,2025-02-04,"Wawina-Bokalanga, Tony; Merritt, Sydney; Kinganda-Lusamaki, Eddy; Jansen, Daan; Halbrook, Megan; OToole, Aine; Pukuta-Simbu, Elisabeth; Muyamuna, Elise; Hasivirwe Vakaniaki, Emmanuel; Ola-Mpumbe, Rilia; Kwete-Mbokama, Papy; Akil-Bandali, Prince; Kacita, Cris; Ponga-Museme, Ange; Mapenzi-Kashali, Nelson; Amuri-Aziza, Adrienne; Muyembe-Mawete, Francisca; Lumembe-Numbi, Raphael; Kabamba-Lungenyi, Gabriel; Tshiani-Mbaya, Olivier; Paku-Tshambu, Princesse; Dantas, Pedro Hlf; DeBlock, Tessa; Lokilo-Lofiko, Emmanuel; Muswamba-Kayembe, Chloe; Makangara-Cigolo, Jean-Claude; Luakanda-Ndelemo, Gradi; Kelvin, David J.; Pratt, Catherine; Ayouba, Ahidjo; Tessema, Sofonias; Mauro, Antonio R.; Hensley, Lisa E.; Delaporte, Eric; Mwamba, Dieudonne; Subissi, Lorenzo; Liesenborghs, Laurens; Hoff, Nicole A.; Peeters, Martine; Low, Nicola; Ahuka-Mundeke, Steve; Muyembe-Tamfum, Jean-Jacques; Rimoin, Anne W.; Kindrachuk, Jason; Vercauteren, Koen; Rambaut, Andrew; Mbala-Kingebeni, Placide"
PP_0013ECP,Ia,None,Democratic Republic of the Congo,Kinshasa,2024-10-16,186533,0.5565821032508659,2025-02-04,"Wawina-Bokalanga, Tony; Merritt, Sydney; Kinganda-Lusamaki, Eddy; Jansen, Daan; Halbrook, Megan; OToole, Aine; Pukuta-Simbu, Elisabeth; Muyamuna, Elise; Hasivirwe Vakaniaki, Emmanuel; Ola-Mpumbe, Rilia; Kwete-Mbokama, Papy; Akil-Bandali, Prince; Kacita, Cris; Ponga-Museme, Ange; Mapenzi-Kashali, Nelson; Amuri-Aziza, Adrienne; Muyembe-Mawete, Francisca; Lumembe-Numbi, Raphael; Kabamba-Lungenyi, Gabriel; Tshiani-Mbaya, Olivier; Paku-Tshambu, Princesse; Dantas, Pedro Hlf; DeBlock, Tessa; Lokilo-Lofiko, Emmanuel; Muswamba-Kayembe, Chloe; Makangara-Cigolo, Jean-Claude; Luakanda-Ndelemo, Gradi; Kelvin, David J.; Pratt, Catherine; Ayouba, Ahidjo; Tessema, Sofonias; Mauro, Antonio R.; Hensley, Lisa E.; Delaporte, Eric; Mwamba, Dieudonne; Subissi, Lorenzo; Liesenborghs, Laurens; Hoff, Nicole A.; Peeters, Martine; Low, Nicola; Ahuka-Mundeke, Steve; Muyembe-Tamfum, Jean-Jacques; Rimoin, Anne W.; Kindrachuk, Jason; Vercauteren, Koen; Rambaut, Andrew; Mbala-Kingebeni, Placide"
PP_0013EDM,Ia,None,Democratic Republic of the Congo,Kinshasa,2024-10-16,187687,0.6653448879107952,2025-02-04,"Wawina-Bokalanga, Tony; Merritt, Sydney; Kinganda-Lusamaki, Eddy; Jansen, Daan; Halbrook, Megan; OToole, Aine; Pukuta-Simbu, Elisabeth; Muyamuna, Elise; Hasivirwe Vakaniaki, Emmanuel; Ola-Mpumbe, Rilia; Kwete-Mbokama, Papy; Akil-Bandali, Prince; Kacita, Cris; Ponga-Museme, Ange; Mapenzi-Kashali, Nelson; Amuri-Aziza, Adrienne; Muyembe-Mawete, Francisca; Lumembe-Numbi, Raphael; Kabamba-Lungenyi, Gabriel; Tshiani-Mbaya, Olivier; Paku-Tshambu, Princesse; Dantas, Pedro Hlf; DeBlock, Tessa; Lokilo-Lofiko, Emmanuel; Muswamba-Kayembe, Chloe; Makangara-Cigolo, Jean-Claude; Luakanda-Ndelemo, Gradi; Kelvin, David J.; Pratt, Catherine; Ayouba, Ahidjo; Tessema, Sofonias; Mauro, Antonio R.; Hensley, Lisa E.; Delaporte, Eric; Mwamba, Dieudonne; Subissi, Lorenzo; Liesenborghs, Laurens; Hoff, Nicole A.; Peeters, Martine; Low, Nicola; Ahuka-Mundeke, Steve; Muyembe-Tamfum, Jean-Jacques; Rimoin, Anne W.; Kindrachuk, Jason; Vercauteren, Koen; Rambaut, Andrew; Mbala-Kingebeni, Placide"
PP_0013EEK,Ib,A.1,Democratic Republic of the Congo,Kinshasa,2024-10-16,188076,0.7773225359897368,2025-02-04,"Wawina-Bokalanga, Tony; Merritt, Sydney; Kinganda-Lusamaki, Eddy; Jansen, Daan; Halbrook, Megan; OToole, Aine; Pukuta-Simbu, Elisabeth; Muyamuna, Elise; Hasivirwe Vakaniaki, Emmanuel; Ola-Mpumbe, Rilia; Kwete-Mbokama, Papy; Akil-Bandali, Prince; Kacita, Cris; Ponga-Museme, Ange; Mapenzi-Kashali, Nelson; Amuri-Aziza, Adrienne; Muyembe-Mawete, Francisca; Lumembe-Numbi, Raphael; Kabamba-Lungenyi, Gabriel; Tshiani-Mbaya, Olivier; Paku-Tshambu, Princesse; Dantas, Pedro Hlf; DeBlock, Tessa; Lokilo-Lofiko, Emmanuel; Muswamba-Kayembe, Chloe; Makangara-Cigolo, Jean-Claude; Luakanda-Ndelemo, Gradi; Kelvin, David J.; Pratt, Catherine; Ayouba, Ahidjo; Tessema, Sofonias; Mauro, Antonio R.; Hensley, Lisa E.; Delaporte, Eric; Mwamba, Dieudonne; Subissi, Lorenzo; Liesenborghs, Laurens; Hoff, Nicole A.; Peeters, Martine; Low, Nicola; Ahuka-Mundeke, Steve; Muyembe-Tamfum, Jean-Jacques; Rimoin, Anne W.; Kindrachuk, Jason; Vercauteren, Koen; Rambaut, Andrew; Mbala-Kingebeni, Placide"
PP_0013EFH,Ia,None,Democratic Republic of the Congo,Kinshasa,2024-10-15,188882,0.7949231525944557,2025-02-04,"Wawina-Bokalanga, Tony; Merritt, Sydney; Kinganda-Lusamaki, Eddy; Jansen, Daan; Halbrook, Megan; OToole, Aine; Pukuta-Simbu, Elisabeth; Muyamuna, Elise; Hasivirwe Vakaniaki, Emmanuel; Ola-Mpumbe, Rilia; Kwete-Mbokama, Papy; Akil-Bandali, Prince; Kacita, Cris; Ponga-Museme, Ange; Mapenzi-Kashali, Nelson; Amuri-Aziza, Adrienne; Muyembe-Mawete, Francisca; Lumembe-Numbi, Raphael; Kabamba-Lungenyi, Gabriel; Tshiani-Mbaya, Olivier; Paku-Tshambu, Princesse; Dantas, Pedro Hlf; DeBlock, Tessa; Lokilo-Lofiko, Emmanuel; Muswamba-Kayembe, Chloe; Makangara-Cigolo, Jean-Claude; Luakanda-Ndelemo, Gradi; Kelvin, David J.; Pratt, Catherine; Ayouba, Ahidjo; Tessema, Sofonias; Mauro, Antonio R.; Hensley, Lisa E.; Delaporte, Eric; Mwamba, Dieudonne; Subissi, Lorenzo; Liesenborghs, Laurens; Hoff, Nicole A.; Peeters, Martine; Low, Nicola; Ahuka-Mundeke, Steve; Muyembe-Tamfum, Jean-Jacques; Rimoin, Anne W.; Kindrachuk, Jason; Vercauteren, Koen; Rambaut, Andrew; Mbala-Kingebeni, Placide"
PP_0013EGF,Ia,None,Democratic Republic of the Congo,Kinshasa,2024-10-15,189258,0.8213874620326659,2025-02-04,"Wawina-Bokalanga, Tony; Merritt, Sydney; Kinganda-Lusamaki, Eddy; Jansen, Daan; Halbrook, Megan; OToole, Aine; Pukuta-Simbu, Elisabeth; Muyamuna, Elise; Hasivirwe Vakaniaki, Emmanuel; Ola-Mpumbe, Rilia; Kwete-Mbokama, Papy; Akil-Bandali, Prince; Kacita, Cris; Ponga-Museme, Ange; Mapenzi-Kashali, Nelson; Amuri-Aziza, Adrienne; Muyembe-Mawete, Francisca; Lumembe-Numbi, Raphael; Kabamba-Lungenyi, Gabriel; Tshiani-Mbaya, Olivier; Paku-Tshambu, Princesse; Dantas, Pedro Hlf; DeBlock, Tessa; Lokilo-Lofiko, Emmanuel; Muswamba-Kayembe, Chloe; Makangara-Cigolo, Jean-Claude; Luakanda-Ndelemo, Gradi; Kelvin, David J.; Pratt, Catherine; Ayouba, Ahidjo; Tessema, Sofonias; Mauro, Antonio R.; Hensley, Lisa E.; Delaporte, Eric; Mwamba, Dieudonne; Subissi, Lorenzo; Liesenborghs, Laurens; Hoff, Nicole A.; Peeters, Martine; Low, Nicola; Ahuka-Mundeke, Steve; Muyembe-Tamfum, Jean-Jacques; Rimoin, Anne W.; Kindrachuk, Jason; Vercauteren, Koen; Rambaut, Andrew; Mbala-Kingebeni, Placide"
PP_0013EHC,Ia,None,Democratic Republic of the Congo,Kinshasa,2024-10-17,189064,0.823304210254096,2025-02-04,"Wawina-Bokalanga, Tony; Merritt, Sydney; Kinganda-Lusamaki, Eddy; Jansen, Daan; Halbrook, Megan; OToole, Aine; Pukuta-Simbu, Elisabeth; Muyamuna, Elise; Hasivirwe Vakaniaki, Emmanuel; Ola-Mpumbe, Rilia; Kwete-Mbokama, Papy; Akil-Bandali, Prince; Kacita, Cris; Ponga-Museme, Ange; Mapenzi-Kashali, Nelson; Amuri-Aziza, Adrienne; Muyembe-Mawete, Francisca; Lumembe-Numbi, Raphael; Kabamba-Lungenyi, Gabriel; Tshiani-Mbaya, Olivier; Paku-Tshambu, Princesse; Dantas, Pedro Hlf; DeBlock, Tessa; Lokilo-Lofiko, Emmanuel; Muswamba-Kayembe, Chloe; Makangara-Cigolo, Jean-Claude; Luakanda-Ndelemo, Gradi; Kelvin, David J.; Pratt, Catherine; Ayouba, Ahidjo; Tessema, Sofonias; Mauro, Antonio R.; Hensley, Lisa E.; Delaporte, Eric; Mwamba, Dieudonne; Subissi, Lorenzo; Liesenborghs, Laurens; Hoff, Nicole A.; Peeters, Martine; Low, Nicola; Ahuka-Mundeke, Steve; Muyembe-Tamfum, Jean-Jacques; Rimoin, Anne W.; Kindrachuk, Jason; Vercauteren, Koen; Rambaut, Andrew; Mbala-Kingebeni, Placide"
PP_0013EJA,Ia,None,Democratic Republic of the Congo,Kinshasa,2024-10-14,189237,0.8022453336308181,2025-02-04,"Wawina-Bokalanga, Tony; Merritt, Sydney; Kinganda-Lusamaki, Eddy; Jansen, Daan; Halbrook, Megan; OToole, Aine; Pukuta-Simbu, Elisabeth; Muyamuna, Elise; Hasivirwe Vakaniaki, Emmanuel; Ola-Mpumbe, Rilia; Kwete-Mbokama, Papy; Akil-Bandali, Prince; Kacita, Cris; Ponga-Museme, Ange; Mapenzi-Kashali, Nelson; Amuri-Aziza, Adrienne; Muyembe-Mawete, Francisca; Lumembe-Numbi, Raphael; Kabamba-Lungenyi, Gabriel; Tshiani-Mbaya, Olivier; Paku-Tshambu, Princesse; Dantas, Pedro Hlf; DeBlock, Tessa; Lokilo-Lofiko, Emmanuel; Muswamba-Kayembe, Chloe; Makangara-Cigolo, Jean-Claude; Luakanda-Ndelemo, Gradi; Kelvin, David J.; Pratt, Catherine; Ayouba, Ahidjo; Tessema, Sofonias; Mauro, Antonio R.; Hensley, Lisa E.; Delaporte, Eric; Mwamba, Dieudonne; Subissi, Lorenzo; Liesenborghs, Laurens; Hoff, Nicole A.; Peeters, Martine; Low, Nicola; Ahuka-Mundeke, Steve; Muyembe-Tamfum, Jean-Jacques; Rimoin, Anne W.; Kindrachuk, Jason; Vercauteren, Koen; Rambaut, Andrew; Mbala-Kingebeni, Placide"
PP_0013EK8,Ia,None,Democratic Republic of the Congo,Kinshasa,2024-10-18,189237,0.9082952603583,2025-02-04,"Wawina-Bokalanga, Tony; Merritt, Sydney; Kinganda-Lusamaki, Eddy; Jansen, Daan; Halbrook, Megan; OToole, Aine; Pukuta-Simbu, Elisabeth; Muyamuna, Elise; Hasivirwe Vakaniaki, Emmanuel; Ola-Mpumbe, Rilia; Kwete-Mbokama, Papy; Akil-Bandali, Prince; Kacita, Cris; Ponga-Museme, Ange; Mapenzi-Kashali, Nelson; Amuri-Aziza, Adrienne; Muyembe-Mawete, Francisca; Lumembe-Numbi, Raphael; Kabamba-Lungenyi, Gabriel; Tshiani-Mbaya, Olivier; Paku-Tshambu, Princesse; Dantas, Pedro Hlf; DeBlock, Tessa; Lokilo-Lofiko, Emmanuel; Muswamba-Kayembe, Chloe; Makangara-Cigolo, Jean-Claude; Luakanda-Ndelemo, Gradi; Kelvin, David J.; Pratt, Catherine; Ayouba, Ahidjo; Tessema, Sofonias; Mauro, Antonio R.; Hensley, Lisa E.; Delaporte, Eric; Mwamba, Dieudonne; Subissi, Lorenzo; Liesenborghs, Laurens; Hoff, Nicole A.; Peeters, Martine; Low, Nicola; Ahuka-Mundeke, Steve; Muyembe-Tamfum, Jean-Jacques; Rimoin, Anne W.; Kindrachuk, Jason; Vercauteren, Koen; Rambaut, Andrew; Mbala-Kingebeni, Placide"
PP_0013EL6,Ia,None,Democratic Republic of the Congo,Kinshasa,2024-10-18,188867,0.8174271965275418,2025-02-04,"Wawina-Bokalanga, Tony; Merritt, Sydney; Kinganda-Lusamaki, Eddy; Jansen, Daan; Halbrook, Megan; OToole, Aine; Pukuta-Simbu, Elisabeth; Muyamuna, Elise; Hasivirwe Vakaniaki, Emmanuel; Ola-Mpumbe, Rilia; Kwete-Mbokama, Papy; Akil-Bandali, Prince; Kacita, Cris; Ponga-Museme, Ange; Mapenzi-Kashali, Nelson; Amuri-Aziza, Adrienne; Muyembe-Mawete, Francisca; Lumembe-Numbi, Raphael; Kabamba-Lungenyi, Gabriel; Tshiani-Mbaya, Olivier; Paku-Tshambu, Princesse; Dantas, Pedro Hlf; DeBlock, Tessa; Lokilo-Lofiko, Emmanuel; Muswamba-Kayembe, Chloe; Makangara-Cigolo, Jean-Claude; Luakanda-Ndelemo, Gradi; Kelvin, David J.; Pratt, Catherine; Ayouba, Ahidjo; Tessema, Sofonias; Mauro, Antonio R.; Hensley, Lisa E.; Delaporte, Eric; Mwamba, Dieudonne; Subissi, Lorenzo; Liesenborghs, Laurens; Hoff, Nicole A.; Peeters, Martine; Low, Nicola; Ahuka-Mundeke, Steve; Muyembe-Tamfum, Jean-Jacques; Rimoin, Anne W.; Kindrachuk, Jason; Vercauteren, Koen; Rambaut, Andrew; Mbala-Kingebeni, Placide"
PP_0013EM4,Ia,None,Democratic Republic of the Congo,Maindombe,2024-10-17,188697,0.6998159313215928,2025-02-04,"Mbala-Kingebeni, Placide; Wawina-Bokalanga, Tony; Merritt, Sydney; Kinganda-Lusamaki, Eddy; Jansen, Daan; Halbrook, Megan; OToole, Aine; Pukuta-Simbu, Elisabeth; Hasivirwe Vakaniaki, Emmanuel; Ola-Mpumbe, Rilia; Kwete-Mbokama, Papy; Akil-Bandali, Prince; Kacita, Cris; Ponga-Museme, Ange; Mapenzi-Kashali, Nelson; Amuri-Aziza, Adrienne; Tshiani-Mbaya, Olivier; Paku-Tshambu, Princesse; Dantas, Pedro H. L. F.; De Block, Tessa; Lokilo-Lofiko, Emmanuel; Muswamba-Kayembe, Chloe; Makangara-Cigolo, Jean-Claude; Luakanda-Ndelemo, Gradi; Kelvin, David J.; Pratt, Catherine; Ayouba, Ahidjo; Tessema, Sofonias; Mauro Rezende, Antonio; Hensley, Lisa E.; Delaporte, Eric; Mwamba, Dieudonne; Subissi, Lorenzo; Liesenborghs, Laurens; Hoff, Nicole A.; Peeters, Martine; Low, Nicola; Rimoin, Anne W.; Kindrachuk, Jason; Vercauteren, Koen; Rambaut, Andrew; Ahuka-Mundeke, Steve; Muyembe-Tamfum, Jean-Jacques"
PP_0013EN2,Ib,A.1,Democratic Republic of the Congo,Kinshasa,2024-10-21,187445,0.8932604495738025,2025-02-04,"Wawina-Bokalanga, Tony; Merritt, Sydney; Kinganda-Lusamaki, Eddy; Jansen, Daan; Halbrook, Megan; OToole, Aine; Pukuta-Simbu, Elisabeth; Muyamuna, Elise; Hasivirwe Vakaniaki, Emmanuel; Ola-Mpumbe, Rilia; Kwete-Mbokama, Papy; Akil-Bandali, Prince; Kacita, Cris; Ponga-Museme, Ange; Mapenzi-Kashali, Nelson; Amuri-Aziza, Adrienne; Muyembe-Mawete, Francisca; Lumembe-Numbi, Raphael; Kabamba-Lungenyi, Gabriel; Tshiani-Mbaya, Olivier; Paku-Tshambu, Princesse; Dantas, Pedro Hlf; DeBlock, Tessa; Lokilo-Lofiko, Emmanuel; Muswamba-Kayembe, Chloe; Makangara-Cigolo, Jean-Claude; Luakanda-Ndelemo, Gradi; Kelvin, David J.; Pratt, Catherine; Ayouba, Ahidjo; Tessema, Sofonias; Mauro, Antonio R.; Hensley, Lisa E.; Delaporte, Eric; Mwamba, Dieudonne; Subissi, Lorenzo; Liesenborghs, Laurens; Hoff, Nicole A.; Peeters, Martine; Low, Nicola; Ahuka-Mundeke, Steve; Muyembe-Tamfum, Jean-Jacques; Rimoin, Anne W.; Kindrachuk, Jason; Vercauteren, Koen; Rambaut, Andrew; Mbala-Kingebeni, Placide"
PP_0013EP0,Ib,A.1,Democratic Republic of the Congo,Kinshasa,2024-10-21,187453,0.8865822553737406,2025-02-04,"Wawina-Bokalanga, Tony; Merritt, Sydney; Kinganda-Lusamaki, Eddy; Jansen, Daan; Halbrook, Megan; OToole, Aine; Pukuta-Simbu, Elisabeth; Muyamuna, Elise; Hasivirwe Vakaniaki, Emmanuel; Ola-Mpumbe, Rilia; Kwete-Mbokama, Papy; Akil-Bandali, Prince; Kacita, Cris; Ponga-Museme, Ange; Mapenzi-Kashali, Nelson; Amuri-Aziza, Adrienne; Muyembe-Mawete, Francisca; Lumembe-Numbi, Raphael; Kabamba-Lungenyi, Gabriel; Tshiani-Mbaya, Olivier; Paku-Tshambu, Princesse; Dantas, Pedro Hlf; DeBlock, Tessa; Lokilo-Lofiko, Emmanuel; Muswamba-Kayembe, Chloe; Makangara-Cigolo, Jean-Claude; Luakanda-Ndelemo, Gradi; Kelvin, David J.; Pratt, Catherine; Ayouba, Ahidjo; Tessema, Sofonias; Mauro, Antonio R.; Hensley, Lisa E.; Delaporte, Eric; Mwamba, Dieudonne; Subissi, Lorenzo; Liesenborghs, Laurens; Hoff, Nicole A.; Peeters, Martine; Low, Nicola; Ahuka-Mundeke, Steve; Muyembe-Tamfum, Jean-Jacques; Rimoin, Anne W.; Kindrachuk, Jason; Vercauteren, Koen; Rambaut, Andrew; Mbala-Kingebeni, Placide"
PP_0013EQY,Ia,None,Democratic Republic of the Congo,Kinshasa,2024-10-21,188080,0.8919014852263335,2025-02-04,"Wawina-Bokalanga, Tony; Merritt, Sydney; Kinganda-Lusamaki, Eddy; Jansen, Daan; Halbrook, Megan; OToole, Aine; Pukuta-Simbu, Elisabeth; Muyamuna, Elise; Hasivirwe Vakaniaki, Emmanuel; Ola-Mpumbe, Rilia; Kwete-Mbokama, Papy; Akil-Bandali, Prince; Kacita, Cris; Ponga-Museme, Ange; Mapenzi-Kashali, Nelson; Amuri-Aziza, Adrienne; Muyembe-Mawete, Francisca; Lumembe-Numbi, Raphael; Kabamba-Lungenyi, Gabriel; Tshiani-Mbaya, Olivier; Paku-Tshambu, Princesse; Dantas, Pedro Hlf; DeBlock, Tessa; Lokilo-Lofiko, Emmanuel; Muswamba-Kayembe, Chloe; Makangara-Cigolo, Jean-Claude; Luakanda-Ndelemo, Gradi; Kelvin, David J.; Pratt, Catherine; Ayouba, Ahidjo; Tessema, Sofonias; Mauro, Antonio R.; Hensley, Lisa E.; Delaporte, Eric; Mwamba, Dieudonne; Subissi, Lorenzo; Liesenborghs, Laurens; Hoff, Nicole A.; Peeters, Martine; Low, Nicola; Ahuka-Mundeke, Steve; Muyembe-Tamfum, Jean-Jacques; Rimoin, Anne W.; Kindrachuk, Jason; Vercauteren, Koen; Rambaut, Andrew; Mbala-Kingebeni, Placide"
PP_0013ERW,Ia,None,Democratic Republic of the Congo,Kinshasa,2024-10-21,187444,0.9136094194484023,2025-02-04,"Wawina-Bokalanga, Tony; Merritt, Sydney; Kinganda-Lusamaki, Eddy; Jansen, Daan; Halbrook, Megan; OToole, Aine; Pukuta-Simbu, Elisabeth; Muyamuna, Elise; Hasivirwe Vakaniaki, Emmanuel; Ola-Mpumbe, Rilia; Kwete-Mbokama, Papy; Akil-Bandali, Prince; Kacita, Cris; Ponga-Museme, Ange; Mapenzi-Kashali, Nelson; Amuri-Aziza, Adrienne; Muyembe-Mawete, Francisca; Lumembe-Numbi, Raphael; Kabamba-Lungenyi, Gabriel; Tshiani-Mbaya, Olivier; Paku-Tshambu, Princesse; Dantas, Pedro Hlf; DeBlock, Tessa; Lokilo-Lofiko, Emmanuel; Muswamba-Kayembe, Chloe; Makangara-Cigolo, Jean-Claude; Luakanda-Ndelemo, Gradi; Kelvin, David J.; Pratt, Catherine; Ayouba, Ahidjo; Tessema, Sofonias; Mauro, Antonio R.; Hensley, Lisa E.; Delaporte, Eric; Mwamba, Dieudonne; Subissi, Lorenzo; Liesenborghs, Laurens; Hoff, Nicole A.; Peeters, Martine; Low, Nicola; Ahuka-Mundeke, Steve; Muyembe-Tamfum, Jean-Jacques; Rimoin, Anne W.; Kindrachuk, Jason; Vercauteren, Koen; Rambaut, Andrew; Mbala-Kingebeni, Placide"
PP_0013ESU,Ia,None,Democratic Republic of the Congo,Kinshasa,2024-10-22,187464,0.9195117869874092,2025-02-04,"Wawina-Bokalanga, Tony; Merritt, Sydney; Kinganda-Lusamaki, Eddy; Jansen, Daan; Halbrook, Megan; OToole, Aine; Pukuta-Simbu, Elisabeth; Muyamuna, Elise; Hasivirwe Vakaniaki, Emmanuel; Ola-Mpumbe, Rilia; Kwete-Mbokama, Papy; Akil-Bandali, Prince; Kacita, Cris; Ponga-Museme, Ange; Mapenzi-Kashali, Nelson; Amuri-Aziza, Adrienne; Muyembe-Mawete, Francisca; Lumembe-Numbi, Raphael; Kabamba-Lungenyi, Gabriel; Tshiani-Mbaya, Olivier; Paku-Tshambu, Princesse; Dantas, Pedro Hlf; DeBlock, Tessa; Lokilo-Lofiko, Emmanuel; Muswamba-Kayembe, Chloe; Makangara-Cigolo, Jean-Claude; Luakanda-Ndelemo, Gradi; Kelvin, David J.; Pratt, Catherine; Ayouba, Ahidjo; Tessema, Sofonias; Mauro, Antonio R.; Hensley, Lisa E.; Delaporte, Eric; Mwamba, Dieudonne; Subissi, Lorenzo; Liesenborghs, Laurens; Hoff, Nicole A.; Peeters, Martine; Low, Nicola; Ahuka-Mundeke, Steve; Muyembe-Tamfum, Jean-Jacques; Rimoin, Anne W.; Kindrachuk, Jason; Vercauteren, Koen; Rambaut, Andrew; Mbala-Kingebeni, Placide"
PP_0013ETS,Ia,None,Democratic Republic of the Congo,Kinshasa,2024-10-22,187440,0.9212814830966132,2025-02-04,"Wawina-Bokalanga, Tony; Merritt, Sydney; Kinganda-Lusamaki, Eddy; Jansen, Daan; Halbrook, Megan; OToole, Aine; Pukuta-Simbu, Elisabeth; Muyamuna, Elise; Hasivirwe Vakaniaki, Emmanuel; Ola-Mpumbe, Rilia; Kwete-Mbokama, Papy; Akil-Bandali, Prince; Kacita, Cris; Ponga-Museme, Ange; Mapenzi-Kashali, Nelson; Amuri-Aziza, Adrienne; Muyembe-Mawete, Francisca; Lumembe-Numbi, Raphael; Kabamba-Lungenyi, Gabriel; Tshiani-Mbaya, Olivier; Paku-Tshambu, Princesse; Dantas, Pedro Hlf; DeBlock, Tessa; Lokilo-Lofiko, Emmanuel; Muswamba-Kayembe, Chloe; Makangara-Cigolo, Jean-Claude; Luakanda-Ndelemo, Gradi; Kelvin, David J.; Pratt, Catherine; Ayouba, Ahidjo; Tessema, Sofonias; Mauro, Antonio R.; Hensley, Lisa E.; Delaporte, Eric; Mwamba, Dieudonne; Subissi, Lorenzo; Liesenborghs, Laurens; Hoff, Nicole A.; Peeters, Martine; Low, Nicola; Ahuka-Mundeke, Steve; Muyembe-Tamfum, Jean-Jacques; Rimoin, Anne W.; Kindrachuk, Jason; Vercauteren, Koen; Rambaut, Andrew; Mbala-Kingebeni, Placide"
PP_0013EUQ,Ia,None,Democratic Republic of the Congo,Kinshasa,2024-10-22,187444,0.9237864397669476,2025-02-04,"Wawina-Bokalanga, Tony; Merritt, Sydney; Kinganda-Lusamaki, Eddy; Jansen, Daan; Halbrook, Megan; OToole, Aine; Pukuta-Simbu, Elisabeth; Muyamuna, Elise; Hasivirwe Vakaniaki, Emmanuel; Ola-Mpumbe, Rilia; Kwete-Mbokama, Papy; Akil-Bandali, Prince; Kacita, Cris; Ponga-Museme, Ange; Mapenzi-Kashali, Nelson; Amuri-Aziza, Adrienne; Muyembe-Mawete, Francisca; Lumembe-Numbi, Raphael; Kabamba-Lungenyi, Gabriel; Tshiani-Mbaya, Olivier; Paku-Tshambu, Princesse; Dantas, Pedro Hlf; DeBlock, Tessa; Lokilo-Lofiko, Emmanuel; Muswamba-Kayembe, Chloe; Makangara-Cigolo, Jean-Claude; Luakanda-Ndelemo, Gradi; Kelvin, David J.; Pratt, Catherine; Ayouba, Ahidjo; Tessema, Sofonias; Mauro, Antonio R.; Hensley, Lisa E.; Delaporte, Eric; Mwamba, Dieudonne; Subissi, Lorenzo; Liesenborghs, Laurens; Hoff, Nicole A.; Peeters, Martine; Low, Nicola; Ahuka-Mundeke, Steve; Muyembe-Tamfum, Jean-Jacques; Rimoin, Anne W.; Kindrachuk, Jason; Vercauteren, Koen; Rambaut, Andrew; Mbala-Kingebeni, Placide"
PP_0013EVN,Ia,None,Democratic Republic of the Congo,Kinshasa,2024-10-18,187432,0.927995172634109,2025-02-04,"Wawina-Bokalanga, Tony; Merritt, Sydney; Kinganda-Lusamaki, Eddy; Jansen, Daan; Halbrook, Megan; OToole, Aine; Pukuta-Simbu, Elisabeth; Muyamuna, Elise; Hasivirwe Vakaniaki, Emmanuel; Ola-Mpumbe, Rilia; Kwete-Mbokama, Papy; Akil-Bandali, Prince; Kacita, Cris; Ponga-Museme, Ange; Mapenzi-Kashali, Nelson; Amuri-Aziza, Adrienne; Muyembe-Mawete, Francisca; Lumembe-Numbi, Raphael; Kabamba-Lungenyi, Gabriel; Tshiani-Mbaya, Olivier; Paku-Tshambu, Princesse; Dantas, Pedro Hlf; DeBlock, Tessa; Lokilo-Lofiko, Emmanuel; Muswamba-Kayembe, Chloe; Makangara-Cigolo, Jean-Claude; Luakanda-Ndelemo, Gradi; Kelvin, David J.; Pratt, Catherine; Ayouba, Ahidjo; Tessema, Sofonias; Mauro, Antonio R.; Hensley, Lisa E.; Delaporte, Eric; Mwamba, Dieudonne; Subissi, Lorenzo; Liesenborghs, Laurens; Hoff, Nicole A.; Peeters, Martine; Low, Nicola; Ahuka-Mundeke, Steve; Muyembe-Tamfum, Jean-Jacques; Rimoin, Anne W.; Kindrachuk, Jason; Vercauteren, Koen; Rambaut, Andrew; Mbala-Kingebeni, Placide"
PP_0013EWL,Ia,None,Democratic Republic of the Congo,Kinshasa,2024-10-22,187443,0.923497406304986,2025-02-04,"Wawina-Bokalanga, Tony; Merritt, Sydney; Kinganda-Lusamaki, Eddy; Jansen, Daan; Halbrook, Megan; OToole, Aine; Pukuta-Simbu, Elisabeth; Muyamuna, Elise; Hasivirwe Vakaniaki, Emmanuel; Ola-Mpumbe, Rilia; Kwete-Mbokama, Papy; Akil-Bandali, Prince; Kacita, Cris; Ponga-Museme, Ange; Mapenzi-Kashali, Nelson; Amuri-Aziza, Adrienne; Muyembe-Mawete, Francisca; Lumembe-Numbi, Raphael; Kabamba-Lungenyi, Gabriel; Tshiani-Mbaya, Olivier; Paku-Tshambu, Princesse; Dantas, Pedro Hlf; DeBlock, Tessa; Lokilo-Lofiko, Emmanuel; Muswamba-Kayembe, Chloe; Makangara-Cigolo, Jean-Claude; Luakanda-Ndelemo, Gradi; Kelvin, David J.; Pratt, Catherine; Ayouba, Ahidjo; Tessema, Sofonias; Mauro, Antonio R.; Hensley, Lisa E.; Delaporte, Eric; Mwamba, Dieudonne; Subissi, Lorenzo; Liesenborghs, Laurens; Hoff, Nicole A.; Peeters, Martine; Low, Nicola; Ahuka-Mundeke, Steve; Muyembe-Tamfum, Jean-Jacques; Rimoin, Anne W.; Kindrachuk, Jason; Vercauteren, Koen; Rambaut, Andrew; Mbala-Kingebeni, Placide"
PP_0013EXJ,Ia,None,Democratic Republic of the Congo,Kinshasa,2024-10-22,187441,0.9257488248507928,2025-02-04,"Wawina-Bokalanga, Tony; Merritt, Sydney; Kinganda-Lusamaki, Eddy; Jansen, Daan; Halbrook, Megan; OToole, Aine; Pukuta-Simbu, Elisabeth; Muyamuna, Elise; Hasivirwe Vakaniaki, Emmanuel; Ola-Mpumbe, Rilia; Kwete-Mbokama, Papy; Akil-Bandali, Prince; Kacita, Cris; Ponga-Museme, Ange; Mapenzi-Kashali, Nelson; Amuri-Aziza, Adrienne; Muyembe-Mawete, Francisca; Lumembe-Numbi, Raphael; Kabamba-Lungenyi, Gabriel; Tshiani-Mbaya, Olivier; Paku-Tshambu, Princesse; Dantas, Pedro Hlf; DeBlock, Tessa; Lokilo-Lofiko, Emmanuel; Muswamba-Kayembe, Chloe; Makangara-Cigolo, Jean-Claude; Luakanda-Ndelemo, Gradi; Kelvin, David J.; Pratt, Catherine; Ayouba, Ahidjo; Tessema, Sofonias; Mauro, Antonio R.; Hensley, Lisa E.; Delaporte, Eric; Mwamba, Dieudonne; Subissi, Lorenzo; Liesenborghs, Laurens; Hoff, Nicole A.; Peeters, Martine; Low, Nicola; Ahuka-Mundeke, Steve; Muyembe-Tamfum, Jean-Jacques; Rimoin, Anne W.; Kindrachuk, Jason; Vercauteren, Koen; Rambaut, Andrew; Mbala-Kingebeni, Placide"
PP_0013EYG,Ia,None,Democratic Republic of the Congo,Kinshasa,2024-10-22,187423,0.9268288972612811,2025-02-04,"Wawina-Bokalanga, Tony; Merritt, Sydney; Kinganda-Lusamaki, Eddy; Jansen, Daan; Halbrook, Megan; OToole, Aine; Pukuta-Simbu, Elisabeth; Muyamuna, Elise; Hasivirwe Vakaniaki, Emmanuel; Ola-Mpumbe, Rilia; Kwete-Mbokama, Papy; Akil-Bandali, Prince; Kacita, Cris; Ponga-Museme, Ange; Mapenzi-Kashali, Nelson; Amuri-Aziza, Adrienne; Muyembe-Mawete, Francisca; Lumembe-Numbi, Raphael; Kabamba-Lungenyi, Gabriel; Tshiani-Mbaya, Olivier; Paku-Tshambu, Princesse; Dantas, Pedro Hlf; DeBlock, Tessa; Lokilo-Lofiko, Emmanuel; Muswamba-Kayembe, Chloe; Makangara-Cigolo, Jean-Claude; Luakanda-Ndelemo, Gradi; Kelvin, David J.; Pratt, Catherine; Ayouba, Ahidjo; Tessema, Sofonias; Mauro, Antonio R.; Hensley, Lisa E.; Delaporte, Eric; Mwamba, Dieudonne; Subissi, Lorenzo; Liesenborghs, Laurens; Hoff, Nicole A.; Peeters, Martine; Low, Nicola; Ahuka-Mundeke, Steve; Muyembe-Tamfum, Jean-Jacques; Rimoin, Anne W.; Kindrachuk, Jason; Vercauteren, Koen; Rambaut, Andrew; Mbala-Kingebeni, Placide"
PP_0013EZE,Ib,A.1,Democratic Republic of the Congo,Kinshasa,2024-10-23,189981,0.9315802017149318,2025-02-04,"Wawina-Bokalanga, Tony; Merritt, Sydney; Kinganda-Lusamaki, Eddy; Jansen, Daan; Halbrook, Megan; OToole, Aine; Pukuta-Simbu, Elisabeth; Muyamuna, Elise; Hasivirwe Vakaniaki, Emmanuel; Ola-Mpumbe, Rilia; Kwete-Mbokama, Papy; Akil-Bandali, Prince; Kacita, Cris; Ponga-Museme, Ange; Mapenzi-Kashali, Nelson; Amuri-Aziza, Adrienne; Muyembe-Mawete, Francisca; Lumembe-Numbi, Raphael; Kabamba-Lungenyi, Gabriel; Tshiani-Mbaya, Olivier; Paku-Tshambu, Princesse; Dantas, Pedro Hlf; DeBlock, Tessa; Lokilo-Lofiko, Emmanuel; Muswamba-Kayembe, Chloe; Makangara-Cigolo, Jean-Claude; Luakanda-Ndelemo, Gradi; Kelvin, David J.; Pratt, Catherine; Ayouba, Ahidjo; Tessema, Sofonias; Mauro, Antonio R.; Hensley, Lisa E.; Delaporte, Eric; Mwamba, Dieudonne; Subissi, Lorenzo; Liesenborghs, Laurens; Hoff, Nicole A.; Peeters, Martine; Low, Nicola; Ahuka-Mundeke, Steve; Muyembe-Tamfum, Jean-Jacques; Rimoin, Anne W.; Kindrachuk, Jason; Vercauteren, Koen; Rambaut, Andrew; Mbala-Kingebeni, Placide"
PP_0013F0C,Ia,None,Democratic Republic of the Congo,Sud-Ubangi,2024-10-05,189283,0.9022762652820104,2025-02-04,"Ahuka-Mundeke, Steve; Pukuta-Simbu, Elisabeth; Amuri-Aziza, Adrienne; Wawina-Bokalanga, Tony; Merritt, Sydney; Kinganda-Lusamaki, Eddy; Jansen, Daan; Halbrook, Megan; OToole, Aine; Hasivirwe Vakaniaki, Emmanuel; Ola-Mpumbe, Rilia; Kwete-Mbokama, Papy; Akil-Bandali, Prince; Kacita, Cris; Ponga-Museme, Ange; Mapenzi-Kashali, Nelson; Tshiani-Mbaya, Olivier; Paku-Tshambu, Princesse; Dantas, Pedro H. L. F.; De Block, Tessa; Lokilo-Lofiko, Emmanuel; Muswamba-Kayembe, Chloe; Makangara-Cigolo, Jean-Claude; Luakanda-Ndelemo, Gradi; Kelvin, David J.; Pratt, Catherine; Ayouba, Ahidjo; Tessema, Sofonias; Mauro Rezende, Antonio; Hensley, Lisa E.; Delaporte, Eric; Mwamba, Dieudonne; Subissi, Lorenzo; Liesenborghs, Laurens; Hoff, Nicole A.; Peeters, Martine; Low, Nicola; Rimoin, Anne W.; Kindrachuk, Jason; Vercauteren, Koen; Rambaut, Andrew; Mbala-Kingebeni, Placide; Muyembe-Tamfum, Jean-Jacques"
PP_0013F1A,Ia,None,Democratic Republic of the Congo,Kinshasa,2024-10-24,187446,0.8908822619657318,2025-02-04,"Wawina-Bokalanga, Tony; Merritt, Sydney; Kinganda-Lusamaki, Eddy; Jansen, Daan; Halbrook, Megan; OToole, Aine; Pukuta-Simbu, Elisabeth; Muyamuna, Elise; Hasivirwe Vakaniaki, Emmanuel; Ola-Mpumbe, Rilia; Kwete-Mbokama, Papy; Akil-Bandali, Prince; Kacita, Cris; Ponga-Museme, Ange; Mapenzi-Kashali, Nelson; Amuri-Aziza, Adrienne; Muyembe-Mawete, Francisca; Lumembe-Numbi, Raphael; Kabamba-Lungenyi, Gabriel; Tshiani-Mbaya, Olivier; Paku-Tshambu, Princesse; Dantas, Pedro Hlf; DeBlock, Tessa; Lokilo-Lofiko, Emmanuel; Muswamba-Kayembe, Chloe; Makangara-Cigolo, Jean-Claude; Luakanda-Ndelemo, Gradi; Kelvin, David J.; Pratt, Catherine; Ayouba, Ahidjo; Tessema, Sofonias; Mauro, Antonio R.; Hensley, Lisa E.; Delaporte, Eric; Mwamba, Dieudonne; Subissi, Lorenzo; Liesenborghs, Laurens; Hoff, Nicole A.; Peeters, Martine; Low, Nicola; Ahuka-Mundeke, Steve; Muyembe-Tamfum, Jean-Jacques; Rimoin, Anne W.; Kindrachuk, Jason; Vercauteren, Koen; Rambaut, Andrew; Mbala-Kingebeni, Placide"
PP_0013F28,Ia,None,Democratic Republic of the Congo,Sud-Ubangi,2024-10-13,188033,0.7883210198317521,2025-02-04,"Ahuka-Mundeke, Steve; Pukuta-Simbu, Elisabeth; Amuri-Aziza, Adrienne; Wawina-Bokalanga, Tony; Merritt, Sydney; Kinganda-Lusamaki, Eddy; Jansen, Daan; Halbrook, Megan; OToole, Aine; Hasivirwe Vakaniaki, Emmanuel; Ola-Mpumbe, Rilia; Kwete-Mbokama, Papy; Akil-Bandali, Prince; Kacita, Cris; Ponga-Museme, Ange; Mapenzi-Kashali, Nelson; Tshiani-Mbaya, Olivier; Paku-Tshambu, Princesse; Dantas, Pedro H. L. F.; De Block, Tessa; Lokilo-Lofiko, Emmanuel; Muswamba-Kayembe, Chloe; Makangara-Cigolo, Jean-Claude; Luakanda-Ndelemo, Gradi; Kelvin, David J.; Pratt, Catherine; Ayouba, Ahidjo; Tessema, Sofonias; Mauro Rezende, Antonio; Hensley, Lisa E.; Delaporte, Eric; Mwamba, Dieudonne; Subissi, Lorenzo; Liesenborghs, Laurens; Hoff, Nicole A.; Peeters, Martine; Low, Nicola; Rimoin, Anne W.; Kindrachuk, Jason; Vercauteren, Koen; Rambaut, Andrew; Mbala-Kingebeni, Placide; Muyembe-Tamfum, Jean-Jacques"
PP_0013F36,Ia,None,Democratic Republic of the Congo,Kinshasa,2024-10-24,187445,0.8923274292755402,2025-02-04,"Wawina-Bokalanga, Tony; Merritt, Sydney; Kinganda-Lusamaki, Eddy; Jansen, Daan; Halbrook, Megan; OToole, Aine; Pukuta-Simbu, Elisabeth; Muyamuna, Elise; Hasivirwe Vakaniaki, Emmanuel; Ola-Mpumbe, Rilia; Kwete-Mbokama, Papy; Akil-Bandali, Prince; Kacita, Cris; Ponga-Museme, Ange; Mapenzi-Kashali, Nelson; Amuri-Aziza, Adrienne; Muyembe-Mawete, Francisca; Lumembe-Numbi, Raphael; Kabamba-Lungenyi, Gabriel; Tshiani-Mbaya, Olivier; Paku-Tshambu, Princesse; Dantas, Pedro Hlf; DeBlock, Tessa; Lokilo-Lofiko, Emmanuel; Muswamba-Kayembe, Chloe; Makangara-Cigolo, Jean-Claude; Luakanda-Ndelemo, Gradi; Kelvin, David J.; Pratt, Catherine; Ayouba, Ahidjo; Tessema, Sofonias; Mauro, Antonio R.; Hensley, Lisa E.; Delaporte, Eric; Mwamba, Dieudonne; Subissi, Lorenzo; Liesenborghs, Laurens; Hoff, Nicole A.; Peeters, Martine; Low, Nicola; Ahuka-Mundeke, Steve; Muyembe-Tamfum, Jean-Jacques; Rimoin, Anne W.; Kindrachuk, Jason; Vercauteren, Koen; Rambaut, Andrew; Mbala-Kingebeni, Placide"
PP_0013F44,Ia,None,Democratic Republic of the Congo,Kinshasa,2024-10-24,189243,0.6928791282345126,2025-02-04,"Wawina-Bokalanga, Tony; Merritt, Sydney; Kinganda-Lusamaki, Eddy; Jansen, Daan; Halbrook, Megan; OToole, Aine; Pukuta-Simbu, Elisabeth; Muyamuna, Elise; Hasivirwe Vakaniaki, Emmanuel; Ola-Mpumbe, Rilia; Kwete-Mbokama, Papy; Akil-Bandali, Prince; Kacita, Cris; Ponga-Museme, Ange; Mapenzi-Kashali, Nelson; Amuri-Aziza, Adrienne; Muyembe-Mawete, Francisca; Lumembe-Numbi, Raphael; Kabamba-Lungenyi, Gabriel; Tshiani-Mbaya, Olivier; Paku-Tshambu, Princesse; Dantas, Pedro Hlf; DeBlock, Tessa; Lokilo-Lofiko, Emmanuel; Muswamba-Kayembe, Chloe; Makangara-Cigolo, Jean-Claude; Luakanda-Ndelemo, Gradi; Kelvin, David J.; Pratt, Catherine; Ayouba, Ahidjo; Tessema, Sofonias; Mauro, Antonio R.; Hensley, Lisa E.; Delaporte, Eric; Mwamba, Dieudonne; Subissi, Lorenzo; Liesenborghs, Laurens; Hoff, Nicole A.; Peeters, Martine; Low, Nicola; Ahuka-Mundeke, Steve; Muyembe-Tamfum, Jean-Jacques; Rimoin, Anne W.; Kindrachuk, Jason; Vercauteren, Koen; Rambaut, Andrew; Mbala-Kingebeni, Placide"
PP_0013F52,Ia,None,Democratic Republic of the Congo,Kinshasa,2024-10-24,187458,0.7647825403505926,2025-02-04,"Wawina-Bokalanga, Tony; Merritt, Sydney; Kinganda-Lusamaki, Eddy; Jansen, Daan; Halbrook, Megan; OToole, Aine; Pukuta-Simbu, Elisabeth; Muyamuna, Elise; Hasivirwe Vakaniaki, Emmanuel; Ola-Mpumbe, Rilia; Kwete-Mbokama, Papy; Akil-Bandali, Prince; Kacita, Cris; Ponga-Museme, Ange; Mapenzi-Kashali, Nelson; Amuri-Aziza, Adrienne; Muyembe-Mawete, Francisca; Lumembe-Numbi, Raphael; Kabamba-Lungenyi, Gabriel; Tshiani-Mbaya, Olivier; Paku-Tshambu, Princesse; Dantas, Pedro Hlf; DeBlock, Tessa; Lokilo-Lofiko, Emmanuel; Muswamba-Kayembe, Chloe; Makangara-Cigolo, Jean-Claude; Luakanda-Ndelemo, Gradi; Kelvin, David J.; Pratt, Catherine; Ayouba, Ahidjo; Tessema, Sofonias; Mauro, Antonio R.; Hensley, Lisa E.; Delaporte, Eric; Mwamba, Dieudonne; Subissi, Lorenzo; Liesenborghs, Laurens; Hoff, Nicole A.; Peeters, Martine; Low, Nicola; Ahuka-Mundeke, Steve; Muyembe-Tamfum, Jean-Jacques; Rimoin, Anne W.; Kindrachuk, Jason; Vercauteren, Koen; Rambaut, Andrew; Mbala-Kingebeni, Placide"
PP_0013F60,Ia,None,Democratic Republic of the Congo,Kinshasa,2024-10-24,188082,0.8923020754630874,2025-02-04,"Wawina-Bokalanga, Tony; Merritt, Sydney; Kinganda-Lusamaki, Eddy; Jansen, Daan; Halbrook, Megan; OToole, Aine; Pukuta-Simbu, Elisabeth; Muyamuna, Elise; Hasivirwe Vakaniaki, Emmanuel; Ola-Mpumbe, Rilia; Kwete-Mbokama, Papy; Akil-Bandali, Prince; Kacita, Cris; Ponga-Museme, Ange; Mapenzi-Kashali, Nelson; Amuri-Aziza, Adrienne; Muyembe-Mawete, Francisca; Lumembe-Numbi, Raphael; Kabamba-Lungenyi, Gabriel; Tshiani-Mbaya, Olivier; Paku-Tshambu, Princesse; Dantas, Pedro Hlf; DeBlock, Tessa; Lokilo-Lofiko, Emmanuel; Muswamba-Kayembe, Chloe; Makangara-Cigolo, Jean-Claude; Luakanda-Ndelemo, Gradi; Kelvin, David J.; Pratt, Catherine; Ayouba, Ahidjo; Tessema, Sofonias; Mauro, Antonio R.; Hensley, Lisa E.; Delaporte, Eric; Mwamba, Dieudonne; Subissi, Lorenzo; Liesenborghs, Laurens; Hoff, Nicole A.; Peeters, Martine; Low, Nicola; Ahuka-Mundeke, Steve; Muyembe-Tamfum, Jean-Jacques; Rimoin, Anne W.; Kindrachuk, Jason; Vercauteren, Koen; Rambaut, Andrew; Mbala-Kingebeni, Placide"
PP_0013F7Y,Ib,A.1,Democratic Republic of the Congo,Kinshasa,2024-10-25,189012,0.8659696058496316,2025-02-04,"Wawina-Bokalanga, Tony; Merritt, Sydney; Kinganda-Lusamaki, Eddy; Jansen, Daan; Halbrook, Megan; OToole, Aine; Pukuta-Simbu, Elisabeth; Muyamuna, Elise; Hasivirwe Vakaniaki, Emmanuel; Ola-Mpumbe, Rilia; Kwete-Mbokama, Papy; Akil-Bandali, Prince; Kacita, Cris; Ponga-Museme, Ange; Mapenzi-Kashali, Nelson; Amuri-Aziza, Adrienne; Muyembe-Mawete, Francisca; Lumembe-Numbi, Raphael; Kabamba-Lungenyi, Gabriel; Tshiani-Mbaya, Olivier; Paku-Tshambu, Princesse; Dantas, Pedro Hlf; DeBlock, Tessa; Lokilo-Lofiko, Emmanuel; Muswamba-Kayembe, Chloe; Makangara-Cigolo, Jean-Claude; Luakanda-Ndelemo, Gradi; Kelvin, David J.; Pratt, Catherine; Ayouba, Ahidjo; Tessema, Sofonias; Mauro, Antonio R.; Hensley, Lisa E.; Delaporte, Eric; Mwamba, Dieudonne; Subissi, Lorenzo; Liesenborghs, Laurens; Hoff, Nicole A.; Peeters, Martine; Low, Nicola; Ahuka-Mundeke, Steve; Muyembe-Tamfum, Jean-Jacques; Rimoin, Anne W.; Kindrachuk, Jason; Vercauteren, Koen; Rambaut, Andrew; Mbala-Kingebeni, Placide"
PP_0013F8W,Ia,None,Democratic Republic of the Congo,Kinshasa,2024-10-27,190090,0.9447134765654712,2025-02-04,"Wawina-Bokalanga, Tony; Merritt, Sydney; Kinganda-Lusamaki, Eddy; Jansen, Daan; Halbrook, Megan; OToole, Aine; Pukuta-Simbu, Elisabeth; Muyamuna, Elise; Hasivirwe Vakaniaki, Emmanuel; Ola-Mpumbe, Rilia; Kwete-Mbokama, Papy; Akil-Bandali, Prince; Kacita, Cris; Ponga-Museme, Ange; Mapenzi-Kashali, Nelson; Amuri-Aziza, Adrienne; Muyembe-Mawete, Francisca; Lumembe-Numbi, Raphael; Kabamba-Lungenyi, Gabriel; Tshiani-Mbaya, Olivier; Paku-Tshambu, Princesse; Dantas, Pedro Hlf; DeBlock, Tessa; Lokilo-Lofiko, Emmanuel; Muswamba-Kayembe, Chloe; Makangara-Cigolo, Jean-Claude; Luakanda-Ndelemo, Gradi; Kelvin, David J.; Pratt, Catherine; Ayouba, Ahidjo; Tessema, Sofonias; Mauro, Antonio R.; Hensley, Lisa E.; Delaporte, Eric; Mwamba, Dieudonne; Subissi, Lorenzo; Liesenborghs, Laurens; Hoff, Nicole A.; Peeters, Martine; Low, Nicola; Ahuka-Mundeke, Steve; Muyembe-Tamfum, Jean-Jacques; Rimoin, Anne W.; Kindrachuk, Jason; Vercauteren, Koen; Rambaut, Andrew; Mbala-Kingebeni, Placide"
PP_0013F9U,Ia,None,Democratic Republic of the Congo,Kinshasa,2024-10-27,188484,0.5888169404033284,2025-02-04,"Wawina-Bokalanga, Tony; Merritt, Sydney; Kinganda-Lusamaki, Eddy; Jansen, Daan; Halbrook, Megan; OToole, Aine; Pukuta-Simbu, Elisabeth; Muyamuna, Elise; Hasivirwe Vakaniaki, Emmanuel; Ola-Mpumbe, Rilia; Kwete-Mbokama, Papy; Akil-Bandali, Prince; Kacita, Cris; Ponga-Museme, Ange; Mapenzi-Kashali, Nelson; Amuri-Aziza, Adrienne; Muyembe-Mawete, Francisca; Lumembe-Numbi, Raphael; Kabamba-Lungenyi, Gabriel; Tshiani-Mbaya, Olivier; Paku-Tshambu, Princesse; Dantas, Pedro Hlf; DeBlock, Tessa; Lokilo-Lofiko, Emmanuel; Muswamba-Kayembe, Chloe; Makangara-Cigolo, Jean-Claude; Luakanda-Ndelemo, Gradi; Kelvin, David J.; Pratt, Catherine; Ayouba, Ahidjo; Tessema, Sofonias; Mauro, Antonio R.; Hensley, Lisa E.; Delaporte, Eric; Mwamba, Dieudonne; Subissi, Lorenzo; Liesenborghs, Laurens; Hoff, Nicole A.; Peeters, Martine; Low, Nicola; Ahuka-Mundeke, Steve; Muyembe-Tamfum, Jean-Jacques; Rimoin, Anne W.; Kindrachuk, Jason; Vercauteren, Koen; Rambaut, Andrew; Mbala-Kingebeni, Placide"
PP_0013FAS,Ia,None,Democratic Republic of the Congo,Kinshasa,2024-10-27,190072,0.9363365769310732,2025-02-04,"Wawina-Bokalanga, Tony; Merritt, Sydney; Kinganda-Lusamaki, Eddy; Jansen, Daan; Halbrook, Megan; OToole, Aine; Pukuta-Simbu, Elisabeth; Muyamuna, Elise; Hasivirwe Vakaniaki, Emmanuel; Ola-Mpumbe, Rilia; Kwete-Mbokama, Papy; Akil-Bandali, Prince; Kacita, Cris; Ponga-Museme, Ange; Mapenzi-Kashali, Nelson; Amuri-Aziza, Adrienne; Muyembe-Mawete, Francisca; Lumembe-Numbi, Raphael; Kabamba-Lungenyi, Gabriel; Tshiani-Mbaya, Olivier; Paku-Tshambu, Princesse; Dantas, Pedro Hlf; DeBlock, Tessa; Lokilo-Lofiko, Emmanuel; Muswamba-Kayembe, Chloe; Makangara-Cigolo, Jean-Claude; Luakanda-Ndelemo, Gradi; Kelvin, David J.; Pratt, Catherine; Ayouba, Ahidjo; Tessema, Sofonias; Mauro, Antonio R.; Hensley, Lisa E.; Delaporte, Eric; Mwamba, Dieudonne; Subissi, Lorenzo; Liesenborghs, Laurens; Hoff, Nicole A.; Peeters, Martine; Low, Nicola; Ahuka-Mundeke, Steve; Muyembe-Tamfum, Jean-Jacques; Rimoin, Anne W.; Kindrachuk, Jason; Vercauteren, Koen; Rambaut, Andrew; Mbala-Kingebeni, Placide"
PP_0013FBQ,Ia,None,Democratic Republic of the Congo,Kinshasa,2024-10-27,190092,0.944921377827584,2025-02-04,"Wawina-Bokalanga, Tony; Merritt, Sydney; Kinganda-Lusamaki, Eddy; Jansen, Daan; Halbrook, Megan; OToole, Aine; Pukuta-Simbu, Elisabeth; Muyamuna, Elise; Hasivirwe Vakaniaki, Emmanuel; Ola-Mpumbe, Rilia; Kwete-Mbokama, Papy; Akil-Bandali, Prince; Kacita, Cris; Ponga-Museme, Ange; Mapenzi-Kashali, Nelson; Amuri-Aziza, Adrienne; Muyembe-Mawete, Francisca; Lumembe-Numbi, Raphael; Kabamba-Lungenyi, Gabriel; Tshiani-Mbaya, Olivier; Paku-Tshambu, Princesse; Dantas, Pedro Hlf; DeBlock, Tessa; Lokilo-Lofiko, Emmanuel; Muswamba-Kayembe, Chloe; Makangara-Cigolo, Jean-Claude; Luakanda-Ndelemo, Gradi; Kelvin, David J.; Pratt, Catherine; Ayouba, Ahidjo; Tessema, Sofonias; Mauro, Antonio R.; Hensley, Lisa E.; Delaporte, Eric; Mwamba, Dieudonne; Subissi, Lorenzo; Liesenborghs, Laurens; Hoff, Nicole A.; Peeters, Martine; Low, Nicola; Ahuka-Mundeke, Steve; Muyembe-Tamfum, Jean-Jacques; Rimoin, Anne W.; Kindrachuk, Jason; Vercauteren, Koen; Rambaut, Andrew; Mbala-Kingebeni, Placide"
PP_0013FCN,Ib,A.1,Democratic Republic of the Congo,Kinshasa,2024-10-28,189976,0.9313215928279136,2025-02-04,"Wawina-Bokalanga, Tony; Merritt, Sydney; Kinganda-Lusamaki, Eddy; Jansen, Daan; Halbrook, Megan; OToole, Aine; Pukuta-Simbu, Elisabeth; Muyamuna, Elise; Hasivirwe Vakaniaki, Emmanuel; Ola-Mpumbe, Rilia; Kwete-Mbokama, Papy; Akil-Bandali, Prince; Kacita, Cris; Ponga-Museme, Ange; Mapenzi-Kashali, Nelson; Amuri-Aziza, Adrienne; Muyembe-Mawete, Francisca; Lumembe-Numbi, Raphael; Kabamba-Lungenyi, Gabriel; Tshiani-Mbaya, Olivier; Paku-Tshambu, Princesse; Dantas, Pedro Hlf; DeBlock, Tessa; Lokilo-Lofiko, Emmanuel; Muswamba-Kayembe, Chloe; Makangara-Cigolo, Jean-Claude; Luakanda-Ndelemo, Gradi; Kelvin, David J.; Pratt, Catherine; Ayouba, Ahidjo; Tessema, Sofonias; Mauro, Antonio R.; Hensley, Lisa E.; Delaporte, Eric; Mwamba, Dieudonne; Subissi, Lorenzo; Liesenborghs, Laurens; Hoff, Nicole A.; Peeters, Martine; Low, Nicola; Ahuka-Mundeke, Steve; Muyembe-Tamfum, Jean-Jacques; Rimoin, Anne W.; Kindrachuk, Jason; Vercauteren, Koen; Rambaut, Andrew; Mbala-Kingebeni, Placide"
PP_0013FDL,Ia,None,Democratic Republic of the Congo,Kinshasa,2024-10-28,189656,0.9492619505194996,2025-02-04,"Wawina-Bokalanga, Tony; Merritt, Sydney; Kinganda-Lusamaki, Eddy; Jansen, Daan; Halbrook, Megan; OToole, Aine; Pukuta-Simbu, Elisabeth; Muyamuna, Elise; Hasivirwe Vakaniaki, Emmanuel; Ola-Mpumbe, Rilia; Kwete-Mbokama, Papy; Akil-Bandali, Prince; Kacita, Cris; Ponga-Museme, Ange; Mapenzi-Kashali, Nelson; Amuri-Aziza, Adrienne; Muyembe-Mawete, Francisca; Lumembe-Numbi, Raphael; Kabamba-Lungenyi, Gabriel; Tshiani-Mbaya, Olivier; Paku-Tshambu, Princesse; Dantas, Pedro Hlf; DeBlock, Tessa; Lokilo-Lofiko, Emmanuel; Muswamba-Kayembe, Chloe; Makangara-Cigolo, Jean-Claude; Luakanda-Ndelemo, Gradi; Kelvin, David J.; Pratt, Catherine; Ayouba, Ahidjo; Tessema, Sofonias; Mauro, Antonio R.; Hensley, Lisa E.; Delaporte, Eric; Mwamba, Dieudonne; Subissi, Lorenzo; Liesenborghs, Laurens; Hoff, Nicole A.; Peeters, Martine; Low, Nicola; Ahuka-Mundeke, Steve; Muyembe-Tamfum, Jean-Jacques; Rimoin, Anne W.; Kindrachuk, Jason; Vercauteren, Koen; Rambaut, Andrew; Mbala-Kingebeni, Placide"
PP_0013FEJ,Ia,None,Democratic Republic of the Congo,Kinshasa,2024-10-28,189863,0.906332875274455,2025-02-04,"Wawina-Bokalanga, Tony; Merritt, Sydney; Kinganda-Lusamaki, Eddy; Jansen, Daan; Halbrook, Megan; OToole, Aine; Pukuta-Simbu, Elisabeth; Muyamuna, Elise; Hasivirwe Vakaniaki, Emmanuel; Ola-Mpumbe, Rilia; Kwete-Mbokama, Papy; Akil-Bandali, Prince; Kacita, Cris; Ponga-Museme, Ange; Mapenzi-Kashali, Nelson; Amuri-Aziza, Adrienne; Muyembe-Mawete, Francisca; Lumembe-Numbi, Raphael; Kabamba-Lungenyi, Gabriel; Tshiani-Mbaya, Olivier; Paku-Tshambu, Princesse; Dantas, Pedro Hlf; DeBlock, Tessa; Lokilo-Lofiko, Emmanuel; Muswamba-Kayembe, Chloe; Makangara-Cigolo, Jean-Claude; Luakanda-Ndelemo, Gradi; Kelvin, David J.; Pratt, Catherine; Ayouba, Ahidjo; Tessema, Sofonias; Mauro, Antonio R.; Hensley, Lisa E.; Delaporte, Eric; Mwamba, Dieudonne; Subissi, Lorenzo; Liesenborghs, Laurens; Hoff, Nicole A.; Peeters, Martine; Low, Nicola; Ahuka-Mundeke, Steve; Muyembe-Tamfum, Jean-Jacques; Rimoin, Anne W.; Kindrachuk, Jason; Vercauteren, Koen; Rambaut, Andrew; Mbala-Kingebeni, Placide"
PP_0013FFG,Ia,None,Democratic Republic of the Congo,Kinshasa,2024-10-27,189811,0.9345263147219448,2025-02-04,"Wawina-Bokalanga, Tony; Merritt, Sydney; Kinganda-Lusamaki, Eddy; Jansen, Daan; Halbrook, Megan; OToole, Aine; Pukuta-Simbu, Elisabeth; Muyamuna, Elise; Hasivirwe Vakaniaki, Emmanuel; Ola-Mpumbe, Rilia; Kwete-Mbokama, Papy; Akil-Bandali, Prince; Kacita, Cris; Ponga-Museme, Ange; Mapenzi-Kashali, Nelson; Amuri-Aziza, Adrienne; Muyembe-Mawete, Francisca; Lumembe-Numbi, Raphael; Kabamba-Lungenyi, Gabriel; Tshiani-Mbaya, Olivier; Paku-Tshambu, Princesse; Dantas, Pedro Hlf; DeBlock, Tessa; Lokilo-Lofiko, Emmanuel; Muswamba-Kayembe, Chloe; Makangara-Cigolo, Jean-Claude; Luakanda-Ndelemo, Gradi; Kelvin, David J.; Pratt, Catherine; Ayouba, Ahidjo; Tessema, Sofonias; Mauro, Antonio R.; Hensley, Lisa E.; Delaporte, Eric; Mwamba, Dieudonne; Subissi, Lorenzo; Liesenborghs, Laurens; Hoff, Nicole A.; Peeters, Martine; Low, Nicola; Ahuka-Mundeke, Steve; Muyembe-Tamfum, Jean-Jacques; Rimoin, Anne W.; Kindrachuk, Jason; Vercauteren, Koen; Rambaut, Andrew; Mbala-Kingebeni, Placide"
PP_0013FGE,Ia,None,Democratic Republic of the Congo,Kinshasa,2024-10-25,189769,0.9321430563513836,2025-02-04,"Wawina-Bokalanga, Tony; Merritt, Sydney; Kinganda-Lusamaki, Eddy; Jansen, Daan; Halbrook, Megan; OToole, Aine; Pukuta-Simbu, Elisabeth; Muyamuna, Elise; Hasivirwe Vakaniaki, Emmanuel; Ola-Mpumbe, Rilia; Kwete-Mbokama, Papy; Akil-Bandali, Prince; Kacita, Cris; Ponga-Museme, Ange; Mapenzi-Kashali, Nelson; Amuri-Aziza, Adrienne; Muyembe-Mawete, Francisca; Lumembe-Numbi, Raphael; Kabamba-Lungenyi, Gabriel; Tshiani-Mbaya, Olivier; Paku-Tshambu, Princesse; Dantas, Pedro Hlf; DeBlock, Tessa; Lokilo-Lofiko, Emmanuel; Muswamba-Kayembe, Chloe; Makangara-Cigolo, Jean-Claude; Luakanda-Ndelemo, Gradi; Kelvin, David J.; Pratt, Catherine; Ayouba, Ahidjo; Tessema, Sofonias; Mauro, Antonio R.; Hensley, Lisa E.; Delaporte, Eric; Mwamba, Dieudonne; Subissi, Lorenzo; Liesenborghs, Laurens; Hoff, Nicole A.; Peeters, Martine; Low, Nicola; Ahuka-Mundeke, Steve; Muyembe-Tamfum, Jean-Jacques; Rimoin, Anne W.; Kindrachuk, Jason; Vercauteren, Koen; Rambaut, Andrew; Mbala-Kingebeni, Placide"
PP_0013FHB,Ia,None,Democratic Republic of the Congo,Sankuru,2024-10-14,189443,0.9147858363462114,2025-02-04,"Muyembe-Tamfum, Jean-Jacques; Wawina-Bokalanga, Tony; Merritt, Sydney; Kinganda-Lusamaki, Eddy; Jansen, Daan; Halbrook, Megan; OToole, Aine; Pukuta-Simbu, Elisabeth; Hasivirwe Vakaniaki, Emmanuel; Ola-Mpumbe, Rilia; Kwete-Mbokama, Papy; Akil-Bandali, Prince; Kacita, Cris; Ponga-Museme, Ange; Mapenzi-Kashali, Nelson; Amuri-Aziza, Adrienne; Tshiani-Mbaya, Olivier; Paku-Tshambu, Princesse; Dantas, Pedro H. L. F.; De Block, Tessa; Lokilo-Lofiko, Emmanuel; Muswamba-Kayembe, Chloe; Makangara-Cigolo, Jean-Claude; Luakanda-Ndelemo, Gradi; Kelvin, David J.; Pratt, Catherine; Ayouba, Ahidjo; Tessema, Sofonias; Mauro Rezende, Antonio; Hensley, Lisa E.; Delaporte, Eric; Mwamba, Dieudonne; Subissi, Lorenzo; Liesenborghs, Laurens; Hoff, Nicole A.; Peeters, Martine; Low, Nicola; Rimoin, Anne W.; Kindrachuk, Jason; Vercauteren, Koen; Rambaut, Andrew; Mbala-Kingebeni, Placide; Ahuka-Mundeke, Steve"
PP_0013FJ9,Ia,None,Democratic Republic of the Congo,Sankuru,2024-09-09,189226,0.9190300645508064,2025-02-04,"Muyembe-Tamfum, Jean-Jacques; Wawina-Bokalanga, Tony; Merritt, Sydney; Kinganda-Lusamaki, Eddy; Jansen, Daan; Halbrook, Megan; OToole, Aine; Pukuta-Simbu, Elisabeth; Hasivirwe Vakaniaki, Emmanuel; Ola-Mpumbe, Rilia; Kwete-Mbokama, Papy; Akil-Bandali, Prince; Kacita, Cris; Ponga-Museme, Ange; Mapenzi-Kashali, Nelson; Amuri-Aziza, Adrienne; Tshiani-Mbaya, Olivier; Paku-Tshambu, Princesse; Dantas, Pedro H. L. F.; De Block, Tessa; Lokilo-Lofiko, Emmanuel; Muswamba-Kayembe, Chloe; Makangara-Cigolo, Jean-Claude; Luakanda-Ndelemo, Gradi; Kelvin, David J.; Pratt, Catherine; Ayouba, Ahidjo; Tessema, Sofonias; Mauro Rezende, Antonio; Hensley, Lisa E.; Delaporte, Eric; Mwamba, Dieudonne; Subissi, Lorenzo; Liesenborghs, Laurens; Hoff, Nicole A.; Peeters, Martine; Low, Nicola; Rimoin, Anne W.; Kindrachuk, Jason; Vercauteren, Koen; Rambaut, Andrew; Mbala-Kingebeni, Placide; Ahuka-Mundeke, Steve"
PP_0013FK7,Ia,None,Democratic Republic of the Congo,Sankuru,2024-09-09,187478,0.6370246794010416,2025-02-04,"Muyembe-Tamfum, Jean-Jacques; Wawina-Bokalanga, Tony; Merritt, Sydney; Kinganda-Lusamaki, Eddy; Jansen, Daan; Halbrook, Megan; OToole, Aine; Pukuta-Simbu, Elisabeth; Hasivirwe Vakaniaki, Emmanuel; Ola-Mpumbe, Rilia; Kwete-Mbokama, Papy; Akil-Bandali, Prince; Kacita, Cris; Ponga-Museme, Ange; Mapenzi-Kashali, Nelson; Amuri-Aziza, Adrienne; Tshiani-Mbaya, Olivier; Paku-Tshambu, Princesse; Dantas, Pedro H. L. F.; De Block, Tessa; Lokilo-Lofiko, Emmanuel; Muswamba-Kayembe, Chloe; Makangara-Cigolo, Jean-Claude; Luakanda-Ndelemo, Gradi; Kelvin, David J.; Pratt, Catherine; Ayouba, Ahidjo; Tessema, Sofonias; Mauro Rezende, Antonio; Hensley, Lisa E.; Delaporte, Eric; Mwamba, Dieudonne; Subissi, Lorenzo; Liesenborghs, Laurens; Hoff, Nicole A.; Peeters, Martine; Low, Nicola; Rimoin, Anne W.; Kindrachuk, Jason; Vercauteren, Koen; Rambaut, Andrew; Mbala-Kingebeni, Placide; Ahuka-Mundeke, Steve"
PP_0013FL5,Ib,A.1,Democratic Republic of the Congo,Kinshasa,2024-10-26,189441,0.9231120283557038,2025-02-04,"Wawina-Bokalanga, Tony; Merritt, Sydney; Kinganda-Lusamaki, Eddy; Jansen, Daan; Halbrook, Megan; OToole, Aine; Pukuta-Simbu, Elisabeth; Muyamuna, Elise; Hasivirwe Vakaniaki, Emmanuel; Ola-Mpumbe, Rilia; Kwete-Mbokama, Papy; Akil-Bandali, Prince; Kacita, Cris; Ponga-Museme, Ange; Mapenzi-Kashali, Nelson; Amuri-Aziza, Adrienne; Muyembe-Mawete, Francisca; Lumembe-Numbi, Raphael; Kabamba-Lungenyi, Gabriel; Tshiani-Mbaya, Olivier; Paku-Tshambu, Princesse; Dantas, Pedro Hlf; DeBlock, Tessa; Lokilo-Lofiko, Emmanuel; Muswamba-Kayembe, Chloe; Makangara-Cigolo, Jean-Claude; Luakanda-Ndelemo, Gradi; Kelvin, David J.; Pratt, Catherine; Ayouba, Ahidjo; Tessema, Sofonias; Mauro, Antonio R.; Hensley, Lisa E.; Delaporte, Eric; Mwamba, Dieudonne; Subissi, Lorenzo; Liesenborghs, Laurens; Hoff, Nicole A.; Peeters, Martine; Low, Nicola; Ahuka-Mundeke, Steve; Muyembe-Tamfum, Jean-Jacques; Rimoin, Anne W.; Kindrachuk, Jason; Vercauteren, Koen; Rambaut, Andrew; Mbala-Kingebeni, Placide"
PP_0013FM3,Ib,A.1,Democratic Republic of the Congo,Kinshasa,2024-10-26,189924,0.9379997870279754,2025-02-04,"Wawina-Bokalanga, Tony; Merritt, Sydney; Kinganda-Lusamaki, Eddy; Jansen, Daan; Halbrook, Megan; OToole, Aine; Pukuta-Simbu, Elisabeth; Muyamuna, Elise; Hasivirwe Vakaniaki, Emmanuel; Ola-Mpumbe, Rilia; Kwete-Mbokama, Papy; Akil-Bandali, Prince; Kacita, Cris; Ponga-Museme, Ange; Mapenzi-Kashali, Nelson; Amuri-Aziza, Adrienne; Muyembe-Mawete, Francisca; Lumembe-Numbi, Raphael; Kabamba-Lungenyi, Gabriel; Tshiani-Mbaya, Olivier; Paku-Tshambu, Princesse; Dantas, Pedro Hlf; DeBlock, Tessa; Lokilo-Lofiko, Emmanuel; Muswamba-Kayembe, Chloe; Makangara-Cigolo, Jean-Claude; Luakanda-Ndelemo, Gradi; Kelvin, David J.; Pratt, Catherine; Ayouba, Ahidjo; Tessema, Sofonias; Mauro, Antonio R.; Hensley, Lisa E.; Delaporte, Eric; Mwamba, Dieudonne; Subissi, Lorenzo; Liesenborghs, Laurens; Hoff, Nicole A.; Peeters, Martine; Low, Nicola; Ahuka-Mundeke, Steve; Muyembe-Tamfum, Jean-Jacques; Rimoin, Anne W.; Kindrachuk, Jason; Vercauteren, Koen; Rambaut, Andrew; Mbala-Kingebeni, Placide"
PP_0013FN1,Ib,A.1,Democratic Republic of the Congo,Kinshasa,2024-10-27,188289,0.6316192465861091,2025-02-04,"Wawina-Bokalanga, Tony; Merritt, Sydney; Kinganda-Lusamaki, Eddy; Jansen, Daan; Halbrook, Megan; OToole, Aine; Pukuta-Simbu, Elisabeth; Muyamuna, Elise; Hasivirwe Vakaniaki, Emmanuel; Ola-Mpumbe, Rilia; Kwete-Mbokama, Papy; Akil-Bandali, Prince; Kacita, Cris; Ponga-Museme, Ange; Mapenzi-Kashali, Nelson; Amuri-Aziza, Adrienne; Muyembe-Mawete, Francisca; Lumembe-Numbi, Raphael; Kabamba-Lungenyi, Gabriel; Tshiani-Mbaya, Olivier; Paku-Tshambu, Princesse; Dantas, Pedro Hlf; DeBlock, Tessa; Lokilo-Lofiko, Emmanuel; Muswamba-Kayembe, Chloe; Makangara-Cigolo, Jean-Claude; Luakanda-Ndelemo, Gradi; Kelvin, David J.; Pratt, Catherine; Ayouba, Ahidjo; Tessema, Sofonias; Mauro, Antonio R.; Hensley, Lisa E.; Delaporte, Eric; Mwamba, Dieudonne; Subissi, Lorenzo; Liesenborghs, Laurens; Hoff, Nicole A.; Peeters, Martine; Low, Nicola; Ahuka-Mundeke, Steve; Muyembe-Tamfum, Jean-Jacques; Rimoin, Anne W.; Kindrachuk, Jason; Vercauteren, Koen; Rambaut, Andrew; Mbala-Kingebeni, Placide"
PP_0013FPZ,Ib,A.1,Democratic Republic of the Congo,Kinshasa,2024-10-26,190048,0.927619936209808,2025-02-04,"Wawina-Bokalanga, Tony; Merritt, Sydney; Kinganda-Lusamaki, Eddy; Jansen, Daan; Halbrook, Megan; OToole, Aine; Pukuta-Simbu, Elisabeth; Muyamuna, Elise; Hasivirwe Vakaniaki, Emmanuel; Ola-Mpumbe, Rilia; Kwete-Mbokama, Papy; Akil-Bandali, Prince; Kacita, Cris; Ponga-Museme, Ange; Mapenzi-Kashali, Nelson; Amuri-Aziza, Adrienne; Muyembe-Mawete, Francisca; Lumembe-Numbi, Raphael; Kabamba-Lungenyi, Gabriel; Tshiani-Mbaya, Olivier; Paku-Tshambu, Princesse; Dantas, Pedro Hlf; DeBlock, Tessa; Lokilo-Lofiko, Emmanuel; Muswamba-Kayembe, Chloe; Makangara-Cigolo, Jean-Claude; Luakanda-Ndelemo, Gradi; Kelvin, David J.; Pratt, Catherine; Ayouba, Ahidjo; Tessema, Sofonias; Mauro, Antonio R.; Hensley, Lisa E.; Delaporte, Eric; Mwamba, Dieudonne; Subissi, Lorenzo; Liesenborghs, Laurens; Hoff, Nicole A.; Peeters, Martine; Low, Nicola; Ahuka-Mundeke, Steve; Muyembe-Tamfum, Jean-Jacques; Rimoin, Anne W.; Kindrachuk, Jason; Vercauteren, Koen; Rambaut, Andrew; Mbala-Kingebeni, Placide"
PP_0013FQX,Ib,A.1,Democratic Republic of the Congo,Kinshasa,2024-10-27,189409,0.9077881841092446,2025-02-04,"Wawina-Bokalanga, Tony; Merritt, Sydney; Kinganda-Lusamaki, Eddy; Jansen, Daan; Halbrook, Megan; OToole, Aine; Pukuta-Simbu, Elisabeth; Muyamuna, Elise; Hasivirwe Vakaniaki, Emmanuel; Ola-Mpumbe, Rilia; Kwete-Mbokama, Papy; Akil-Bandali, Prince; Kacita, Cris; Ponga-Museme, Ange; Mapenzi-Kashali, Nelson; Amuri-Aziza, Adrienne; Muyembe-Mawete, Francisca; Lumembe-Numbi, Raphael; Kabamba-Lungenyi, Gabriel; Tshiani-Mbaya, Olivier; Paku-Tshambu, Princesse; Dantas, Pedro Hlf; DeBlock, Tessa; Lokilo-Lofiko, Emmanuel; Muswamba-Kayembe, Chloe; Makangara-Cigolo, Jean-Claude; Luakanda-Ndelemo, Gradi; Kelvin, David J.; Pratt, Catherine; Ayouba, Ahidjo; Tessema, Sofonias; Mauro, Antonio R.; Hensley, Lisa E.; Delaporte, Eric; Mwamba, Dieudonne; Subissi, Lorenzo; Liesenborghs, Laurens; Hoff, Nicole A.; Peeters, Martine; Low, Nicola; Ahuka-Mundeke, Steve; Muyembe-Tamfum, Jean-Jacques; Rimoin, Anne W.; Kindrachuk, Jason; Vercauteren, Koen; Rambaut, Andrew; Mbala-Kingebeni, Placide"
PP_0013FRV,Ib,A.1,Democratic Republic of the Congo,Kinshasa,2024-10-27,190089,0.9387705429265398,2025-02-04,"Wawina-Bokalanga, Tony; Merritt, Sydney; Kinganda-Lusamaki, Eddy; Jansen, Daan; Halbrook, Megan; OToole, Aine; Pukuta-Simbu, Elisabeth; Muyamuna, Elise; Hasivirwe Vakaniaki, Emmanuel; Ola-Mpumbe, Rilia; Kwete-Mbokama, Papy; Akil-Bandali, Prince; Kacita, Cris; Ponga-Museme, Ange; Mapenzi-Kashali, Nelson; Amuri-Aziza, Adrienne; Muyembe-Mawete, Francisca; Lumembe-Numbi, Raphael; Kabamba-Lungenyi, Gabriel; Tshiani-Mbaya, Olivier; Paku-Tshambu, Princesse; Dantas, Pedro Hlf; DeBlock, Tessa; Lokilo-Lofiko, Emmanuel; Muswamba-Kayembe, Chloe; Makangara-Cigolo, Jean-Claude; Luakanda-Ndelemo, Gradi; Kelvin, David J.; Pratt, Catherine; Ayouba, Ahidjo; Tessema, Sofonias; Mauro, Antonio R.; Hensley, Lisa E.; Delaporte, Eric; Mwamba, Dieudonne; Subissi, Lorenzo; Liesenborghs, Laurens; Hoff, Nicole A.; Peeters, Martine; Low, Nicola; Ahuka-Mundeke, Steve; Muyembe-Tamfum, Jean-Jacques; Rimoin, Anne W.; Kindrachuk, Jason; Vercauteren, Koen; Rambaut, Andrew; Mbala-Kingebeni, Placide"
PP_0013FST,Ia,None,Democratic Republic of the Congo,Kinshasa,2024-10-26,190066,0.9422338737075894,2025-02-04,"Wawina-Bokalanga, Tony; Merritt, Sydney; Kinganda-Lusamaki, Eddy; Jansen, Daan; Halbrook, Megan; OToole, Aine; Pukuta-Simbu, Elisabeth; Muyamuna, Elise; Hasivirwe Vakaniaki, Emmanuel; Ola-Mpumbe, Rilia; Kwete-Mbokama, Papy; Akil-Bandali, Prince; Kacita, Cris; Ponga-Museme, Ange; Mapenzi-Kashali, Nelson; Amuri-Aziza, Adrienne; Muyembe-Mawete, Francisca; Lumembe-Numbi, Raphael; Kabamba-Lungenyi, Gabriel; Tshiani-Mbaya, Olivier; Paku-Tshambu, Princesse; Dantas, Pedro Hlf; DeBlock, Tessa; Lokilo-Lofiko, Emmanuel; Muswamba-Kayembe, Chloe; Makangara-Cigolo, Jean-Claude; Luakanda-Ndelemo, Gradi; Kelvin, David J.; Pratt, Catherine; Ayouba, Ahidjo; Tessema, Sofonias; Mauro, Antonio R.; Hensley, Lisa E.; Delaporte, Eric; Mwamba, Dieudonne; Subissi, Lorenzo; Liesenborghs, Laurens; Hoff, Nicole A.; Peeters, Martine; Low, Nicola; Ahuka-Mundeke, Steve; Muyembe-Tamfum, Jean-Jacques; Rimoin, Anne W.; Kindrachuk, Jason; Vercauteren, Koen; Rambaut, Andrew; Mbala-Kingebeni, Placide"
PP_0013FTR,Ia,None,Democratic Republic of the Congo,Kinshasa,2024-10-28,189254,0.8797925043988865,2025-02-04,"Wawina-Bokalanga, Tony; Merritt, Sydney; Kinganda-Lusamaki, Eddy; Jansen, Daan; Halbrook, Megan; OToole, Aine; Pukuta-Simbu, Elisabeth; Muyamuna, Elise; Hasivirwe Vakaniaki, Emmanuel; Ola-Mpumbe, Rilia; Kwete-Mbokama, Papy; Akil-Bandali, Prince; Kacita, Cris; Ponga-Museme, Ange; Mapenzi-Kashali, Nelson; Amuri-Aziza, Adrienne; Muyembe-Mawete, Francisca; Lumembe-Numbi, Raphael; Kabamba-Lungenyi, Gabriel; Tshiani-Mbaya, Olivier; Paku-Tshambu, Princesse; Dantas, Pedro Hlf; DeBlock, Tessa; Lokilo-Lofiko, Emmanuel; Muswamba-Kayembe, Chloe; Makangara-Cigolo, Jean-Claude; Luakanda-Ndelemo, Gradi; Kelvin, David J.; Pratt, Catherine; Ayouba, Ahidjo; Tessema, Sofonias; Mauro, Antonio R.; Hensley, Lisa E.; Delaporte, Eric; Mwamba, Dieudonne; Subissi, Lorenzo; Liesenborghs, Laurens; Hoff, Nicole A.; Peeters, Martine; Low, Nicola; Ahuka-Mundeke, Steve; Muyembe-Tamfum, Jean-Jacques; Rimoin, Anne W.; Kindrachuk, Jason; Vercauteren, Koen; Rambaut, Andrew; Mbala-Kingebeni, Placide"
PP_0013FUP,Ib,A.1,Democratic Republic of the Congo,Kinshasa,2024-10-27,189446,0.8753961533195747,2025-02-04,"Wawina-Bokalanga, Tony; Merritt, Sydney; Kinganda-Lusamaki, Eddy; Jansen, Daan; Halbrook, Megan; OToole, Aine; Pukuta-Simbu, Elisabeth; Muyamuna, Elise; Hasivirwe Vakaniaki, Emmanuel; Ola-Mpumbe, Rilia; Kwete-Mbokama, Papy; Akil-Bandali, Prince; Kacita, Cris; Ponga-Museme, Ange; Mapenzi-Kashali, Nelson; Amuri-Aziza, Adrienne; Muyembe-Mawete, Francisca; Lumembe-Numbi, Raphael; Kabamba-Lungenyi, Gabriel; Tshiani-Mbaya, Olivier; Paku-Tshambu, Princesse; Dantas, Pedro Hlf; DeBlock, Tessa; Lokilo-Lofiko, Emmanuel; Muswamba-Kayembe, Chloe; Makangara-Cigolo, Jean-Claude; Luakanda-Ndelemo, Gradi; Kelvin, David J.; Pratt, Catherine; Ayouba, Ahidjo; Tessema, Sofonias; Mauro, Antonio R.; Hensley, Lisa E.; Delaporte, Eric; Mwamba, Dieudonne; Subissi, Lorenzo; Liesenborghs, Laurens; Hoff, Nicole A.; Peeters, Martine; Low, Nicola; Ahuka-Mundeke, Steve; Muyembe-Tamfum, Jean-Jacques; Rimoin, Anne W.; Kindrachuk, Jason; Vercauteren, Koen; Rambaut, Andrew; Mbala-Kingebeni, Placide"
PP_0013FVM,Ib,A.1,Democratic Republic of the Congo,Kinshasa,2024-10-28,190051,0.9381671221901636,2025-02-04,"Wawina-Bokalanga, Tony; Merritt, Sydney; Kinganda-Lusamaki, Eddy; Jansen, Daan; Halbrook, Megan; OToole, Aine; Pukuta-Simbu, Elisabeth; Muyamuna, Elise; Hasivirwe Vakaniaki, Emmanuel; Ola-Mpumbe, Rilia; Kwete-Mbokama, Papy; Akil-Bandali, Prince; Kacita, Cris; Ponga-Museme, Ange; Mapenzi-Kashali, Nelson; Amuri-Aziza, Adrienne; Muyembe-Mawete, Francisca; Lumembe-Numbi, Raphael; Kabamba-Lungenyi, Gabriel; Tshiani-Mbaya, Olivier; Paku-Tshambu, Princesse; Dantas, Pedro Hlf; DeBlock, Tessa; Lokilo-Lofiko, Emmanuel; Muswamba-Kayembe, Chloe; Makangara-Cigolo, Jean-Claude; Luakanda-Ndelemo, Gradi; Kelvin, David J.; Pratt, Catherine; Ayouba, Ahidjo; Tessema, Sofonias; Mauro, Antonio R.; Hensley, Lisa E.; Delaporte, Eric; Mwamba, Dieudonne; Subissi, Lorenzo; Liesenborghs, Laurens; Hoff, Nicole A.; Peeters, Martine; Low, Nicola; Ahuka-Mundeke, Steve; Muyembe-Tamfum, Jean-Jacques; Rimoin, Anne W.; Kindrachuk, Jason; Vercauteren, Koen; Rambaut, Andrew; Mbala-Kingebeni, Placide"
PP_0013FWK,Ib,A.1,Democratic Republic of the Congo,Kinshasa,2024-10-27,190039,0.9185584836391848,2025-02-04,"Wawina-Bokalanga, Tony; Merritt, Sydney; Kinganda-Lusamaki, Eddy; Jansen, Daan; Halbrook, Megan; OToole, Aine; Pukuta-Simbu, Elisabeth; Muyamuna, Elise; Hasivirwe Vakaniaki, Emmanuel; Ola-Mpumbe, Rilia; Kwete-Mbokama, Papy; Akil-Bandali, Prince; Kacita, Cris; Ponga-Museme, Ange; Mapenzi-Kashali, Nelson; Amuri-Aziza, Adrienne; Muyembe-Mawete, Francisca; Lumembe-Numbi, Raphael; Kabamba-Lungenyi, Gabriel; Tshiani-Mbaya, Olivier; Paku-Tshambu, Princesse; Dantas, Pedro Hlf; DeBlock, Tessa; Lokilo-Lofiko, Emmanuel; Muswamba-Kayembe, Chloe; Makangara-Cigolo, Jean-Claude; Luakanda-Ndelemo, Gradi; Kelvin, David J.; Pratt, Catherine; Ayouba, Ahidjo; Tessema, Sofonias; Mauro, Antonio R.; Hensley, Lisa E.; Delaporte, Eric; Mwamba, Dieudonne; Subissi, Lorenzo; Liesenborghs, Laurens; Hoff, Nicole A.; Peeters, Martine; Low, Nicola; Ahuka-Mundeke, Steve; Muyembe-Tamfum, Jean-Jacques; Rimoin, Anne W.; Kindrachuk, Jason; Vercauteren, Koen; Rambaut, Andrew; Mbala-Kingebeni, Placide"
PP_0013FXH,Ib,A.1,Democratic Republic of the Congo,Kinshasa,2024-10-22,188479,0.4929136094194484,2025-02-04,"Wawina-Bokalanga, Tony; Merritt, Sydney; Kinganda-Lusamaki, Eddy; Jansen, Daan; Halbrook, Megan; OToole, Aine; Pukuta-Simbu, Elisabeth; Muyamuna, Elise; Hasivirwe Vakaniaki, Emmanuel; Ola-Mpumbe, Rilia; Kwete-Mbokama, Papy; Akil-Bandali, Prince; Kacita, Cris; Ponga-Museme, Ange; Mapenzi-Kashali, Nelson; Amuri-Aziza, Adrienne; Muyembe-Mawete, Francisca; Lumembe-Numbi, Raphael; Kabamba-Lungenyi, Gabriel; Tshiani-Mbaya, Olivier; Paku-Tshambu, Princesse; Dantas, Pedro Hlf; DeBlock, Tessa; Lokilo-Lofiko, Emmanuel; Muswamba-Kayembe, Chloe; Makangara-Cigolo, Jean-Claude; Luakanda-Ndelemo, Gradi; Kelvin, David J.; Pratt, Catherine; Ayouba, Ahidjo; Tessema, Sofonias; Mauro, Antonio R.; Hensley, Lisa E.; Delaporte, Eric; Mwamba, Dieudonne; Subissi, Lorenzo; Liesenborghs, Laurens; Hoff, Nicole A.; Peeters, Martine; Low, Nicola; Ahuka-Mundeke, Steve; Muyembe-Tamfum, Jean-Jacques; Rimoin, Anne W.; Kindrachuk, Jason; Vercauteren, Koen; Rambaut, Andrew; Mbala-Kingebeni, Placide"
PP_0013FYF,Ia,None,Democratic Republic of the Congo,Sankuru,2024-09-30,187812,0.6583066695739038,2025-02-04,"Muyembe-Tamfum, Jean-Jacques; Wawina-Bokalanga, Tony; Merritt, Sydney; Kinganda-Lusamaki, Eddy; Jansen, Daan; Halbrook, Megan; OToole, Aine; Pukuta-Simbu, Elisabeth; Hasivirwe Vakaniaki, Emmanuel; Ola-Mpumbe, Rilia; Kwete-Mbokama, Papy; Akil-Bandali, Prince; Kacita, Cris; Ponga-Museme, Ange; Mapenzi-Kashali, Nelson; Amuri-Aziza, Adrienne; Tshiani-Mbaya, Olivier; Paku-Tshambu, Princesse; Dantas, Pedro H. L. F.; De Block, Tessa; Lokilo-Lofiko, Emmanuel; Muswamba-Kayembe, Chloe; Makangara-Cigolo, Jean-Claude; Luakanda-Ndelemo, Gradi; Kelvin, David J.; Pratt, Catherine; Ayouba, Ahidjo; Tessema, Sofonias; Mauro Rezende, Antonio; Hensley, Lisa E.; Delaporte, Eric; Mwamba, Dieudonne; Subissi, Lorenzo; Liesenborghs, Laurens; Hoff, Nicole A.; Peeters, Martine; Low, Nicola; Rimoin, Anne W.; Kindrachuk, Jason; Vercauteren, Koen; Rambaut, Andrew; Mbala-Kingebeni, Placide; Ahuka-Mundeke, Steve"
PP_0013FZD,Ia,None,Democratic Republic of the Congo,Sankuru,2024-09-28,188194,0.8879767150586434,2025-02-04,"Muyembe-Tamfum, Jean-Jacques; Wawina-Bokalanga, Tony; Merritt, Sydney; Kinganda-Lusamaki, Eddy; Jansen, Daan; Halbrook, Megan; OToole, Aine; Pukuta-Simbu, Elisabeth; Hasivirwe Vakaniaki, Emmanuel; Ola-Mpumbe, Rilia; Kwete-Mbokama, Papy; Akil-Bandali, Prince; Kacita, Cris; Ponga-Museme, Ange; Mapenzi-Kashali, Nelson; Amuri-Aziza, Adrienne; Tshiani-Mbaya, Olivier; Paku-Tshambu, Princesse; Dantas, Pedro H. L. F.; De Block, Tessa; Lokilo-Lofiko, Emmanuel; Muswamba-Kayembe, Chloe; Makangara-Cigolo, Jean-Claude; Luakanda-Ndelemo, Gradi; Kelvin, David J.; Pratt, Catherine; Ayouba, Ahidjo; Tessema, Sofonias; Mauro Rezende, Antonio; Hensley, Lisa E.; Delaporte, Eric; Mwamba, Dieudonne; Subissi, Lorenzo; Liesenborghs, Laurens; Hoff, Nicole A.; Peeters, Martine; Low, Nicola; Rimoin, Anne W.; Kindrachuk, Jason; Vercauteren, Koen; Rambaut, Andrew; Mbala-Kingebeni, Placide; Ahuka-Mundeke, Steve"
PP_0013G0B,Ia,None,Democratic Republic of the Congo,Sankuru,2024-09-26,188099,0.8969570354294175,2025-02-04,"Muyembe-Tamfum, Jean-Jacques; Wawina-Bokalanga, Tony; Merritt, Sydney; Kinganda-Lusamaki, Eddy; Jansen, Daan; Halbrook, Megan; OToole, Aine; Pukuta-Simbu, Elisabeth; Hasivirwe Vakaniaki, Emmanuel; Ola-Mpumbe, Rilia; Kwete-Mbokama, Papy; Akil-Bandali, Prince; Kacita, Cris; Ponga-Museme, Ange; Mapenzi-Kashali, Nelson; Amuri-Aziza, Adrienne; Tshiani-Mbaya, Olivier; Paku-Tshambu, Princesse; Dantas, Pedro H. L. F.; De Block, Tessa; Lokilo-Lofiko, Emmanuel; Muswamba-Kayembe, Chloe; Makangara-Cigolo, Jean-Claude; Luakanda-Ndelemo, Gradi; Kelvin, David J.; Pratt, Catherine; Ayouba, Ahidjo; Tessema, Sofonias; Mauro Rezende, Antonio; Hensley, Lisa E.; Delaporte, Eric; Mwamba, Dieudonne; Subissi, Lorenzo; Liesenborghs, Laurens; Hoff, Nicole A.; Peeters, Martine; Low, Nicola; Rimoin, Anne W.; Kindrachuk, Jason; Vercauteren, Koen; Rambaut, Andrew; Mbala-Kingebeni, Placide; Ahuka-Mundeke, Steve"
PP_0013G19,Ia,None,Democratic Republic of the Congo,Sankuru,2024-09-19,188111,0.8717705581388273,2025-02-04,"Muyembe-Tamfum, Jean-Jacques; Wawina-Bokalanga, Tony; Merritt, Sydney; Kinganda-Lusamaki, Eddy; Jansen, Daan; Halbrook, Megan; OToole, Aine; Pukuta-Simbu, Elisabeth; Hasivirwe Vakaniaki, Emmanuel; Ola-Mpumbe, Rilia; Kwete-Mbokama, Papy; Akil-Bandali, Prince; Kacita, Cris; Ponga-Museme, Ange; Mapenzi-Kashali, Nelson; Amuri-Aziza, Adrienne; Tshiani-Mbaya, Olivier; Paku-Tshambu, Princesse; Dantas, Pedro H. L. F.; De Block, Tessa; Lokilo-Lofiko, Emmanuel; Muswamba-Kayembe, Chloe; Makangara-Cigolo, Jean-Claude; Luakanda-Ndelemo, Gradi; Kelvin, David J.; Pratt, Catherine; Ayouba, Ahidjo; Tessema, Sofonias; Mauro Rezende, Antonio; Hensley, Lisa E.; Delaporte, Eric; Mwamba, Dieudonne; Subissi, Lorenzo; Liesenborghs, Laurens; Hoff, Nicole A.; Peeters, Martine; Low, Nicola; Rimoin, Anne W.; Kindrachuk, Jason; Vercauteren, Koen; Rambaut, Andrew; Mbala-Kingebeni, Placide; Ahuka-Mundeke, Steve"
PP_0013G27,Ia,None,Democratic Republic of the Congo,Sankuru,2024-10-07,188099,0.913660127073308,2025-02-04,"Muyembe-Tamfum, Jean-Jacques; Wawina-Bokalanga, Tony; Merritt, Sydney; Kinganda-Lusamaki, Eddy; Jansen, Daan; Halbrook, Megan; OToole, Aine; Pukuta-Simbu, Elisabeth; Hasivirwe Vakaniaki, Emmanuel; Ola-Mpumbe, Rilia; Kwete-Mbokama, Papy; Akil-Bandali, Prince; Kacita, Cris; Ponga-Museme, Ange; Mapenzi-Kashali, Nelson; Amuri-Aziza, Adrienne; Tshiani-Mbaya, Olivier; Paku-Tshambu, Princesse; Dantas, Pedro H. L. F.; De Block, Tessa; Lokilo-Lofiko, Emmanuel; Muswamba-Kayembe, Chloe; Makangara-Cigolo, Jean-Claude; Luakanda-Ndelemo, Gradi; Kelvin, David J.; Pratt, Catherine; Ayouba, Ahidjo; Tessema, Sofonias; Mauro Rezende, Antonio; Hensley, Lisa E.; Delaporte, Eric; Mwamba, Dieudonne; Subissi, Lorenzo; Liesenborghs, Laurens; Hoff, Nicole A.; Peeters, Martine; Low, Nicola; Rimoin, Anne W.; Kindrachuk, Jason; Vercauteren, Koen; Rambaut, Andrew; Mbala-Kingebeni, Placide; Ahuka-Mundeke, Steve"
PP_0013G35,Ia,None,Democratic Republic of the Congo,Sankuru,2024-10-06,188694,0.9186649696514864,2025-02-04,"Muyembe-Tamfum, Jean-Jacques; Wawina-Bokalanga, Tony; Merritt, Sydney; Kinganda-Lusamaki, Eddy; Jansen, Daan; Halbrook, Megan; OToole, Aine; Pukuta-Simbu, Elisabeth; Hasivirwe Vakaniaki, Emmanuel; Ola-Mpumbe, Rilia; Kwete-Mbokama, Papy; Akil-Bandali, Prince; Kacita, Cris; Ponga-Museme, Ange; Mapenzi-Kashali, Nelson; Amuri-Aziza, Adrienne; Tshiani-Mbaya, Olivier; Paku-Tshambu, Princesse; Dantas, Pedro H. L. F.; De Block, Tessa; Lokilo-Lofiko, Emmanuel; Muswamba-Kayembe, Chloe; Makangara-Cigolo, Jean-Claude; Luakanda-Ndelemo, Gradi; Kelvin, David J.; Pratt, Catherine; Ayouba, Ahidjo; Tessema, Sofonias; Mauro Rezende, Antonio; Hensley, Lisa E.; Delaporte, Eric; Mwamba, Dieudonne; Subissi, Lorenzo; Liesenborghs, Laurens; Hoff, Nicole A.; Peeters, Martine; Low, Nicola; Rimoin, Anne W.; Kindrachuk, Jason; Vercauteren, Koen; Rambaut, Andrew; Mbala-Kingebeni, Placide; Ahuka-Mundeke, Steve"
PP_0013G43,Ia,None,Democratic Republic of the Congo,Sankuru,2024-10-05,188081,0.9052071660015516,2025-02-04,"Muyembe-Tamfum, Jean-Jacques; Wawina-Bokalanga, Tony; Merritt, Sydney; Kinganda-Lusamaki, Eddy; Jansen, Daan; Halbrook, Megan; OToole, Aine; Pukuta-Simbu, Elisabeth; Hasivirwe Vakaniaki, Emmanuel; Ola-Mpumbe, Rilia; Kwete-Mbokama, Papy; Akil-Bandali, Prince; Kacita, Cris; Ponga-Museme, Ange; Mapenzi-Kashali, Nelson; Amuri-Aziza, Adrienne; Tshiani-Mbaya, Olivier; Paku-Tshambu, Princesse; Dantas, Pedro H. L. F.; De Block, Tessa; Lokilo-Lofiko, Emmanuel; Muswamba-Kayembe, Chloe; Makangara-Cigolo, Jean-Claude; Luakanda-Ndelemo, Gradi; Kelvin, David J.; Pratt, Catherine; Ayouba, Ahidjo; Tessema, Sofonias; Mauro Rezende, Antonio; Hensley, Lisa E.; Delaporte, Eric; Mwamba, Dieudonne; Subissi, Lorenzo; Liesenborghs, Laurens; Hoff, Nicole A.; Peeters, Martine; Low, Nicola; Rimoin, Anne W.; Kindrachuk, Jason; Vercauteren, Koen; Rambaut, Andrew; Mbala-Kingebeni, Placide; Ahuka-Mundeke, Steve"
PP_0013G51,Ia,None,Democratic Republic of the Congo,Sankuru,2024-10-05,187662,0.5407004751304454,2025-02-04,"Muyembe-Tamfum, Jean-Jacques; Wawina-Bokalanga, Tony; Merritt, Sydney; Kinganda-Lusamaki, Eddy; Jansen, Daan; Halbrook, Megan; OToole, Aine; Pukuta-Simbu, Elisabeth; Hasivirwe Vakaniaki, Emmanuel; Ola-Mpumbe, Rilia; Kwete-Mbokama, Papy; Akil-Bandali, Prince; Kacita, Cris; Ponga-Museme, Ange; Mapenzi-Kashali, Nelson; Amuri-Aziza, Adrienne; Tshiani-Mbaya, Olivier; Paku-Tshambu, Princesse; Dantas, Pedro H. L. F.; De Block, Tessa; Lokilo-Lofiko, Emmanuel; Muswamba-Kayembe, Chloe; Makangara-Cigolo, Jean-Claude; Luakanda-Ndelemo, Gradi; Kelvin, David J.; Pratt, Catherine; Ayouba, Ahidjo; Tessema, Sofonias; Mauro Rezende, Antonio; Hensley, Lisa E.; Delaporte, Eric; Mwamba, Dieudonne; Subissi, Lorenzo; Liesenborghs, Laurens; Hoff, Nicole A.; Peeters, Martine; Low, Nicola; Rimoin, Anne W.; Kindrachuk, Jason; Vercauteren, Koen; Rambaut, Andrew; Mbala-Kingebeni, Placide; Ahuka-Mundeke, Steve"
PP_0013G6Z,Ia,None,Democratic Republic of the Congo,Sankuru,2024-10-09,190129,0.9569238726427292,2025-02-04,"Muyembe-Tamfum, Jean-Jacques; Wawina-Bokalanga, Tony; Merritt, Sydney; Kinganda-Lusamaki, Eddy; Jansen, Daan; Halbrook, Megan; OToole, Aine; Pukuta-Simbu, Elisabeth; Hasivirwe Vakaniaki, Emmanuel; Ola-Mpumbe, Rilia; Kwete-Mbokama, Papy; Akil-Bandali, Prince; Kacita, Cris; Ponga-Museme, Ange; Mapenzi-Kashali, Nelson; Amuri-Aziza, Adrienne; Tshiani-Mbaya, Olivier; Paku-Tshambu, Princesse; Dantas, Pedro H. L. F.; De Block, Tessa; Lokilo-Lofiko, Emmanuel; Muswamba-Kayembe, Chloe; Makangara-Cigolo, Jean-Claude; Luakanda-Ndelemo, Gradi; Kelvin, David J.; Pratt, Catherine; Ayouba, Ahidjo; Tessema, Sofonias; Mauro Rezende, Antonio; Hensley, Lisa E.; Delaporte, Eric; Mwamba, Dieudonne; Subissi, Lorenzo; Liesenborghs, Laurens; Hoff, Nicole A.; Peeters, Martine; Low, Nicola; Rimoin, Anne W.; Kindrachuk, Jason; Vercauteren, Koen; Rambaut, Andrew; Mbala-Kingebeni, Placide; Ahuka-Mundeke, Steve"
PP_0013G7X,Ia,None,Democratic Republic of the Congo,Sankuru,2024-10-09,189713,0.9410321029973278,2025-02-04,"Muyembe-Tamfum, Jean-Jacques; Wawina-Bokalanga, Tony; Merritt, Sydney; Kinganda-Lusamaki, Eddy; Jansen, Daan; Halbrook, Megan; OToole, Aine; Pukuta-Simbu, Elisabeth; Hasivirwe Vakaniaki, Emmanuel; Ola-Mpumbe, Rilia; Kwete-Mbokama, Papy; Akil-Bandali, Prince; Kacita, Cris; Ponga-Museme, Ange; Mapenzi-Kashali, Nelson; Amuri-Aziza, Adrienne; Tshiani-Mbaya, Olivier; Paku-Tshambu, Princesse; Dantas, Pedro H. L. F.; De Block, Tessa; Lokilo-Lofiko, Emmanuel; Muswamba-Kayembe, Chloe; Makangara-Cigolo, Jean-Claude; Luakanda-Ndelemo, Gradi; Kelvin, David J.; Pratt, Catherine; Ayouba, Ahidjo; Tessema, Sofonias; Mauro Rezende, Antonio; Hensley, Lisa E.; Delaporte, Eric; Mwamba, Dieudonne; Subissi, Lorenzo; Liesenborghs, Laurens; Hoff, Nicole A.; Peeters, Martine; Low, Nicola; Rimoin, Anne W.; Kindrachuk, Jason; Vercauteren, Koen; Rambaut, Andrew; Mbala-Kingebeni, Placide; Ahuka-Mundeke, Steve"
PP_0013G8V,Ia,None,Democratic Republic of the Congo,Sankuru,2024-10-09,189545,0.8834079580546527,2025-02-04,"Muyembe-Tamfum, Jean-Jacques; Wawina-Bokalanga, Tony; Merritt, Sydney; Kinganda-Lusamaki, Eddy; Jansen, Daan; Halbrook, Megan; OToole, Aine; Pukuta-Simbu, Elisabeth; Hasivirwe Vakaniaki, Emmanuel; Ola-Mpumbe, Rilia; Kwete-Mbokama, Papy; Akil-Bandali, Prince; Kacita, Cris; Ponga-Museme, Ange; Mapenzi-Kashali, Nelson; Amuri-Aziza, Adrienne; Tshiani-Mbaya, Olivier; Paku-Tshambu, Princesse; Dantas, Pedro H. L. F.; De Block, Tessa; Lokilo-Lofiko, Emmanuel; Muswamba-Kayembe, Chloe; Makangara-Cigolo, Jean-Claude; Luakanda-Ndelemo, Gradi; Kelvin, David J.; Pratt, Catherine; Ayouba, Ahidjo; Tessema, Sofonias; Mauro Rezende, Antonio; Hensley, Lisa E.; Delaporte, Eric; Mwamba, Dieudonne; Subissi, Lorenzo; Liesenborghs, Laurens; Hoff, Nicole A.; Peeters, Martine; Low, Nicola; Rimoin, Anne W.; Kindrachuk, Jason; Vercauteren, Koen; Rambaut, Andrew; Mbala-Kingebeni, Placide; Ahuka-Mundeke, Steve"
PP_0013G9T,Ia,None,Democratic Republic of the Congo,Sankuru,2024-10-09,190092,0.9452712604394324,2025-02-04,"Muyembe-Tamfum, Jean-Jacques; Wawina-Bokalanga, Tony; Merritt, Sydney; Kinganda-Lusamaki, Eddy; Jansen, Daan; Halbrook, Megan; OToole, Aine; Pukuta-Simbu, Elisabeth; Hasivirwe Vakaniaki, Emmanuel; Ola-Mpumbe, Rilia; Kwete-Mbokama, Papy; Akil-Bandali, Prince; Kacita, Cris; Ponga-Museme, Ange; Mapenzi-Kashali, Nelson; Amuri-Aziza, Adrienne; Tshiani-Mbaya, Olivier; Paku-Tshambu, Princesse; Dantas, Pedro H. L. F.; De Block, Tessa; Lokilo-Lofiko, Emmanuel; Muswamba-Kayembe, Chloe; Makangara-Cigolo, Jean-Claude; Luakanda-Ndelemo, Gradi; Kelvin, David J.; Pratt, Catherine; Ayouba, Ahidjo; Tessema, Sofonias; Mauro Rezende, Antonio; Hensley, Lisa E.; Delaporte, Eric; Mwamba, Dieudonne; Subissi, Lorenzo; Liesenborghs, Laurens; Hoff, Nicole A.; Peeters, Martine; Low, Nicola; Rimoin, Anne W.; Kindrachuk, Jason; Vercauteren, Koen; Rambaut, Andrew; Mbala-Kingebeni, Placide; Ahuka-Mundeke, Steve"
PP_0013GAR,Ia,None,Democratic Republic of the Congo,Sankuru,2024-10-09,189000,0.8764812964925536,2025-02-04,"Muyembe-Tamfum, Jean-Jacques; Wawina-Bokalanga, Tony; Merritt, Sydney; Kinganda-Lusamaki, Eddy; Jansen, Daan; Halbrook, Megan; OToole, Aine; Pukuta-Simbu, Elisabeth; Hasivirwe Vakaniaki, Emmanuel; Ola-Mpumbe, Rilia; Kwete-Mbokama, Papy; Akil-Bandali, Prince; Kacita, Cris; Ponga-Museme, Ange; Mapenzi-Kashali, Nelson; Amuri-Aziza, Adrienne; Tshiani-Mbaya, Olivier; Paku-Tshambu, Princesse; Dantas, Pedro H. L. F.; De Block, Tessa; Lokilo-Lofiko, Emmanuel; Muswamba-Kayembe, Chloe; Makangara-Cigolo, Jean-Claude; Luakanda-Ndelemo, Gradi; Kelvin, David J.; Pratt, Catherine; Ayouba, Ahidjo; Tessema, Sofonias; Mauro Rezende, Antonio; Hensley, Lisa E.; Delaporte, Eric; Mwamba, Dieudonne; Subissi, Lorenzo; Liesenborghs, Laurens; Hoff, Nicole A.; Peeters, Martine; Low, Nicola; Rimoin, Anne W.; Kindrachuk, Jason; Vercauteren, Koen; Rambaut, Andrew; Mbala-Kingebeni, Placide; Ahuka-Mundeke, Steve"
PP_0013GBP,Ia,None,Democratic Republic of the Congo,Sankuru,2024-10-17,188104,0.8690222048689461,2025-02-04,"Muyembe-Tamfum, Jean-Jacques; Wawina-Bokalanga, Tony; Merritt, Sydney; Kinganda-Lusamaki, Eddy; Jansen, Daan; Halbrook, Megan; OToole, Aine; Pukuta-Simbu, Elisabeth; Hasivirwe Vakaniaki, Emmanuel; Ola-Mpumbe, Rilia; Kwete-Mbokama, Papy; Akil-Bandali, Prince; Kacita, Cris; Ponga-Museme, Ange; Mapenzi-Kashali, Nelson; Amuri-Aziza, Adrienne; Tshiani-Mbaya, Olivier; Paku-Tshambu, Princesse; Dantas, Pedro H. L. F.; De Block, Tessa; Lokilo-Lofiko, Emmanuel; Muswamba-Kayembe, Chloe; Makangara-Cigolo, Jean-Claude; Luakanda-Ndelemo, Gradi; Kelvin, David J.; Pratt, Catherine; Ayouba, Ahidjo; Tessema, Sofonias; Mauro Rezende, Antonio; Hensley, Lisa E.; Delaporte, Eric; Mwamba, Dieudonne; Subissi, Lorenzo; Liesenborghs, Laurens; Hoff, Nicole A.; Peeters, Martine; Low, Nicola; Rimoin, Anne W.; Kindrachuk, Jason; Vercauteren, Koen; Rambaut, Andrew; Mbala-Kingebeni, Placide; Ahuka-Mundeke, Steve"
PP_0013GCM,Ia,None,Democratic Republic of the Congo,Sankuru,2024-10-17,189205,0.942000618633024,2025-02-04,"Muyembe-Tamfum, Jean-Jacques; Wawina-Bokalanga, Tony; Merritt, Sydney; Kinganda-Lusamaki, Eddy; Jansen, Daan; Halbrook, Megan; OToole, Aine; Pukuta-Simbu, Elisabeth; Hasivirwe Vakaniaki, Emmanuel; Ola-Mpumbe, Rilia; Kwete-Mbokama, Papy; Akil-Bandali, Prince; Kacita, Cris; Ponga-Museme, Ange; Mapenzi-Kashali, Nelson; Amuri-Aziza, Adrienne; Tshiani-Mbaya, Olivier; Paku-Tshambu, Princesse; Dantas, Pedro H. L. F.; De Block, Tessa; Lokilo-Lofiko, Emmanuel; Muswamba-Kayembe, Chloe; Makangara-Cigolo, Jean-Claude; Luakanda-Ndelemo, Gradi; Kelvin, David J.; Pratt, Catherine; Ayouba, Ahidjo; Tessema, Sofonias; Mauro Rezende, Antonio; Hensley, Lisa E.; Delaporte, Eric; Mwamba, Dieudonne; Subissi, Lorenzo; Liesenborghs, Laurens; Hoff, Nicole A.; Peeters, Martine; Low, Nicola; Rimoin, Anne W.; Kindrachuk, Jason; Vercauteren, Koen; Rambaut, Andrew; Mbala-Kingebeni, Placide; Ahuka-Mundeke, Steve"
PP_0013GDK,Ia,None,Democratic Republic of the Congo,Kinshasa,2024-10-31,190089,0.9520965067517204,2025-02-04,"Wawina-Bokalanga, Tony; Merritt, Sydney; Kinganda-Lusamaki, Eddy; Jansen, Daan; Halbrook, Megan; OToole, Aine; Pukuta-Simbu, Elisabeth; Muyamuna, Elise; Hasivirwe Vakaniaki, Emmanuel; Ola-Mpumbe, Rilia; Kwete-Mbokama, Papy; Akil-Bandali, Prince; Kacita, Cris; Ponga-Museme, Ange; Mapenzi-Kashali, Nelson; Amuri-Aziza, Adrienne; Muyembe-Mawete, Francisca; Lumembe-Numbi, Raphael; Kabamba-Lungenyi, Gabriel; Tshiani-Mbaya, Olivier; Paku-Tshambu, Princesse; Dantas, Pedro Hlf; DeBlock, Tessa; Lokilo-Lofiko, Emmanuel; Muswamba-Kayembe, Chloe; Makangara-Cigolo, Jean-Claude; Luakanda-Ndelemo, Gradi; Kelvin, David J.; Pratt, Catherine; Ayouba, Ahidjo; Tessema, Sofonias; Mauro, Antonio R.; Hensley, Lisa E.; Delaporte, Eric; Mwamba, Dieudonne; Subissi, Lorenzo; Liesenborghs, Laurens; Hoff, Nicole A.; Peeters, Martine; Low, Nicola; Ahuka-Mundeke, Steve; Muyembe-Tamfum, Jean-Jacques; Rimoin, Anne W.; Kindrachuk, Jason; Vercauteren, Koen; Rambaut, Andrew; Mbala-Kingebeni, Placide"
PP_0013GEH,Ia,None,Democratic Republic of the Congo,Kinshasa,2024-10-31,190080,0.9269810201359978,2025-02-04,"Wawina-Bokalanga, Tony; Merritt, Sydney; Kinganda-Lusamaki, Eddy; Jansen, Daan; Halbrook, Megan; OToole, Aine; Pukuta-Simbu, Elisabeth; Muyamuna, Elise; Hasivirwe Vakaniaki, Emmanuel; Ola-Mpumbe, Rilia; Kwete-Mbokama, Papy; Akil-Bandali, Prince; Kacita, Cris; Ponga-Museme, Ange; Mapenzi-Kashali, Nelson; Amuri-Aziza, Adrienne; Muyembe-Mawete, Francisca; Lumembe-Numbi, Raphael; Kabamba-Lungenyi, Gabriel; Tshiani-Mbaya, Olivier; Paku-Tshambu, Princesse; Dantas, Pedro Hlf; DeBlock, Tessa; Lokilo-Lofiko, Emmanuel; Muswamba-Kayembe, Chloe; Makangara-Cigolo, Jean-Claude; Luakanda-Ndelemo, Gradi; Kelvin, David J.; Pratt, Catherine; Ayouba, Ahidjo; Tessema, Sofonias; Mauro, Antonio R.; Hensley, Lisa E.; Delaporte, Eric; Mwamba, Dieudonne; Subissi, Lorenzo; Liesenborghs, Laurens; Hoff, Nicole A.; Peeters, Martine; Low, Nicola; Ahuka-Mundeke, Steve; Muyembe-Tamfum, Jean-Jacques; Rimoin, Anne W.; Kindrachuk, Jason; Vercauteren, Koen; Rambaut, Andrew; Mbala-Kingebeni, Placide"
PP_0013GFF,Ia,None,Democratic Republic of the Congo,Tshuapa,2024-10-13,188386,0.6919004710738353,2025-02-04,"Muyembe-Tamfum, Jean-Jacques; Wawina-Bokalanga, Tony; Merritt, Sydney; Kinganda-Lusamaki, Eddy; Jansen, Daan; Halbrook, Megan; OToole, Aine; Pukuta-Simbu, Elisabeth; Hasivirwe Vakaniaki, Emmanuel; Ola-Mpumbe, Rilia; Kwete-Mbokama, Papy; Akil-Bandali, Prince; Kacita, Cris; Ponga-Museme, Ange; Mapenzi-Kashali, Nelson; Amuri-Aziza, Adrienne; Tshiani-Mbaya, Olivier; Paku-Tshambu, Princesse; Dantas, Pedro H. L. F.; De Block, Tessa; Lokilo-Lofiko, Emmanuel; Muswamba-Kayembe, Chloe; Makangara-Cigolo, Jean-Claude; Luakanda-Ndelemo, Gradi; Kelvin, David J.; Pratt, Catherine; Ayouba, Ahidjo; Tessema, Sofonias; Mauro Rezende, Antonio; Hensley, Lisa E.; Delaporte, Eric; Mwamba, Dieudonne; Subissi, Lorenzo; Liesenborghs, Laurens; Hoff, Nicole A.; Peeters, Martine; Low, Nicola; Rimoin, Anne W.; Kindrachuk, Jason; Vercauteren, Koen; Rambaut, Andrew; Mbala-Kingebeni, Placide; Ahuka-Mundeke, Steve"
PP_0013GGD,Ia,None,Democratic Republic of the Congo,Tshuapa,2024-10-16,187013,0.7107637075387025,2025-02-04,"Muyembe-Tamfum, Jean-Jacques; Wawina-Bokalanga, Tony; Merritt, Sydney; Kinganda-Lusamaki, Eddy; Jansen, Daan; Halbrook, Megan; OToole, Aine; Pukuta-Simbu, Elisabeth; Hasivirwe Vakaniaki, Emmanuel; Ola-Mpumbe, Rilia; Kwete-Mbokama, Papy; Akil-Bandali, Prince; Kacita, Cris; Ponga-Museme, Ange; Mapenzi-Kashali, Nelson; Amuri-Aziza, Adrienne; Tshiani-Mbaya, Olivier; Paku-Tshambu, Princesse; Dantas, Pedro H. L. F.; De Block, Tessa; Lokilo-Lofiko, Emmanuel; Muswamba-Kayembe, Chloe; Makangara-Cigolo, Jean-Claude; Luakanda-Ndelemo, Gradi; Kelvin, David J.; Pratt, Catherine; Ayouba, Ahidjo; Tessema, Sofonias; Mauro Rezende, Antonio; Hensley, Lisa E.; Delaporte, Eric; Mwamba, Dieudonne; Subissi, Lorenzo; Liesenborghs, Laurens; Hoff, Nicole A.; Peeters, Martine; Low, Nicola; Rimoin, Anne W.; Kindrachuk, Jason; Vercauteren, Koen; Rambaut, Andrew; Mbala-Kingebeni, Placide; Ahuka-Mundeke, Steve"
PP_0013GHA,Ia,None,Democratic Republic of the Congo,Tshuapa,2024-10-16,187059,0.7088672423672348,2025-02-04,"Muyembe-Tamfum, Jean-Jacques; Wawina-Bokalanga, Tony; Merritt, Sydney; Kinganda-Lusamaki, Eddy; Jansen, Daan; Halbrook, Megan; OToole, Aine; Pukuta-Simbu, Elisabeth; Hasivirwe Vakaniaki, Emmanuel; Ola-Mpumbe, Rilia; Kwete-Mbokama, Papy; Akil-Bandali, Prince; Kacita, Cris; Ponga-Museme, Ange; Mapenzi-Kashali, Nelson; Amuri-Aziza, Adrienne; Tshiani-Mbaya, Olivier; Paku-Tshambu, Princesse; Dantas, Pedro H. L. F.; De Block, Tessa; Lokilo-Lofiko, Emmanuel; Muswamba-Kayembe, Chloe; Makangara-Cigolo, Jean-Claude; Luakanda-Ndelemo, Gradi; Kelvin, David J.; Pratt, Catherine; Ayouba, Ahidjo; Tessema, Sofonias; Mauro Rezende, Antonio; Hensley, Lisa E.; Delaporte, Eric; Mwamba, Dieudonne; Subissi, Lorenzo; Liesenborghs, Laurens; Hoff, Nicole A.; Peeters, Martine; Low, Nicola; Rimoin, Anne W.; Kindrachuk, Jason; Vercauteren, Koen; Rambaut, Andrew; Mbala-Kingebeni, Placide; Ahuka-Mundeke, Steve"
PP_0013GJ8,Ia,None,Democratic Republic of the Congo,Tshuapa,2024-10-14,187829,0.6222636897910339,2025-02-04,"Muyembe-Tamfum, Jean-Jacques; Wawina-Bokalanga, Tony; Merritt, Sydney; Kinganda-Lusamaki, Eddy; Jansen, Daan; Halbrook, Megan; OToole, Aine; Pukuta-Simbu, Elisabeth; Hasivirwe Vakaniaki, Emmanuel; Ola-Mpumbe, Rilia; Kwete-Mbokama, Papy; Akil-Bandali, Prince; Kacita, Cris; Ponga-Museme, Ange; Mapenzi-Kashali, Nelson; Amuri-Aziza, Adrienne; Tshiani-Mbaya, Olivier; Paku-Tshambu, Princesse; Dantas, Pedro H. L. F.; De Block, Tessa; Lokilo-Lofiko, Emmanuel; Muswamba-Kayembe, Chloe; Makangara-Cigolo, Jean-Claude; Luakanda-Ndelemo, Gradi; Kelvin, David J.; Pratt, Catherine; Ayouba, Ahidjo; Tessema, Sofonias; Mauro Rezende, Antonio; Hensley, Lisa E.; Delaporte, Eric; Mwamba, Dieudonne; Subissi, Lorenzo; Liesenborghs, Laurens; Hoff, Nicole A.; Peeters, Martine; Low, Nicola; Rimoin, Anne W.; Kindrachuk, Jason; Vercauteren, Koen; Rambaut, Andrew; Mbala-Kingebeni, Placide; Ahuka-Mundeke, Steve"
PP_0013GK6,Ia,None,Democratic Republic of the Congo,Tshuapa,2024-10-15,187032,0.6196776009208504,2025-02-04,"Muyembe-Tamfum, Jean-Jacques; Wawina-Bokalanga, Tony; Merritt, Sydney; Kinganda-Lusamaki, Eddy; Jansen, Daan; Halbrook, Megan; OToole, Aine; Pukuta-Simbu, Elisabeth; Hasivirwe Vakaniaki, Emmanuel; Ola-Mpumbe, Rilia; Kwete-Mbokama, Papy; Akil-Bandali, Prince; Kacita, Cris; Ponga-Museme, Ange; Mapenzi-Kashali, Nelson; Amuri-Aziza, Adrienne; Tshiani-Mbaya, Olivier; Paku-Tshambu, Princesse; Dantas, Pedro H. L. F.; De Block, Tessa; Lokilo-Lofiko, Emmanuel; Muswamba-Kayembe, Chloe; Makangara-Cigolo, Jean-Claude; Luakanda-Ndelemo, Gradi; Kelvin, David J.; Pratt, Catherine; Ayouba, Ahidjo; Tessema, Sofonias; Mauro Rezende, Antonio; Hensley, Lisa E.; Delaporte, Eric; Mwamba, Dieudonne; Subissi, Lorenzo; Liesenborghs, Laurens; Hoff, Nicole A.; Peeters, Martine; Low, Nicola; Rimoin, Anne W.; Kindrachuk, Jason; Vercauteren, Koen; Rambaut, Andrew; Mbala-Kingebeni, Placide; Ahuka-Mundeke, Steve"
PP_0013GL4,Ia,None,Democratic Republic of the Congo,Tshuapa,2024-10-17,188197,0.5882895811043106,2025-02-04,"Muyembe-Tamfum, Jean-Jacques; Wawina-Bokalanga, Tony; Merritt, Sydney; Kinganda-Lusamaki, Eddy; Jansen, Daan; Halbrook, Megan; OToole, Aine; Pukuta-Simbu, Elisabeth; Hasivirwe Vakaniaki, Emmanuel; Ola-Mpumbe, Rilia; Kwete-Mbokama, Papy; Akil-Bandali, Prince; Kacita, Cris; Ponga-Museme, Ange; Mapenzi-Kashali, Nelson; Amuri-Aziza, Adrienne; Tshiani-Mbaya, Olivier; Paku-Tshambu, Princesse; Dantas, Pedro H. L. F.; De Block, Tessa; Lokilo-Lofiko, Emmanuel; Muswamba-Kayembe, Chloe; Makangara-Cigolo, Jean-Claude; Luakanda-Ndelemo, Gradi; Kelvin, David J.; Pratt, Catherine; Ayouba, Ahidjo; Tessema, Sofonias; Mauro Rezende, Antonio; Hensley, Lisa E.; Delaporte, Eric; Mwamba, Dieudonne; Subissi, Lorenzo; Liesenborghs, Laurens; Hoff, Nicole A.; Peeters, Martine; Low, Nicola; Rimoin, Anne W.; Kindrachuk, Jason; Vercauteren, Koen; Rambaut, Andrew; Mbala-Kingebeni, Placide; Ahuka-Mundeke, Steve"
PP_0013GM2,Ia,None,Democratic Republic of the Congo,Tshuapa,2024-10-18,186948,0.6326739651841448,2025-02-04,"Muyembe-Tamfum, Jean-Jacques; Wawina-Bokalanga, Tony; Merritt, Sydney; Kinganda-Lusamaki, Eddy; Jansen, Daan; Halbrook, Megan; OToole, Aine; Pukuta-Simbu, Elisabeth; Hasivirwe Vakaniaki, Emmanuel; Ola-Mpumbe, Rilia; Kwete-Mbokama, Papy; Akil-Bandali, Prince; Kacita, Cris; Ponga-Museme, Ange; Mapenzi-Kashali, Nelson; Amuri-Aziza, Adrienne; Tshiani-Mbaya, Olivier; Paku-Tshambu, Princesse; Dantas, Pedro H. L. F.; De Block, Tessa; Lokilo-Lofiko, Emmanuel; Muswamba-Kayembe, Chloe; Makangara-Cigolo, Jean-Claude; Luakanda-Ndelemo, Gradi; Kelvin, David J.; Pratt, Catherine; Ayouba, Ahidjo; Tessema, Sofonias; Mauro Rezende, Antonio; Hensley, Lisa E.; Delaporte, Eric; Mwamba, Dieudonne; Subissi, Lorenzo; Liesenborghs, Laurens; Hoff, Nicole A.; Peeters, Martine; Low, Nicola; Rimoin, Anne W.; Kindrachuk, Jason; Vercauteren, Koen; Rambaut, Andrew; Mbala-Kingebeni, Placide; Ahuka-Mundeke, Steve"
PP_0013GN0,Ia,None,Democratic Republic of the Congo,Tshuapa,2024-10-17,187804,0.6136078982196553,2025-02-04,"Muyembe-Tamfum, Jean-Jacques; Wawina-Bokalanga, Tony; Merritt, Sydney; Kinganda-Lusamaki, Eddy; Jansen, Daan; Halbrook, Megan; OToole, Aine; Pukuta-Simbu, Elisabeth; Hasivirwe Vakaniaki, Emmanuel; Ola-Mpumbe, Rilia; Kwete-Mbokama, Papy; Akil-Bandali, Prince; Kacita, Cris; Ponga-Museme, Ange; Mapenzi-Kashali, Nelson; Amuri-Aziza, Adrienne; Tshiani-Mbaya, Olivier; Paku-Tshambu, Princesse; Dantas, Pedro H. L. F.; De Block, Tessa; Lokilo-Lofiko, Emmanuel; Muswamba-Kayembe, Chloe; Makangara-Cigolo, Jean-Claude; Luakanda-Ndelemo, Gradi; Kelvin, David J.; Pratt, Catherine; Ayouba, Ahidjo; Tessema, Sofonias; Mauro Rezende, Antonio; Hensley, Lisa E.; Delaporte, Eric; Mwamba, Dieudonne; Subissi, Lorenzo; Liesenborghs, Laurens; Hoff, Nicole A.; Peeters, Martine; Low, Nicola; Rimoin, Anne W.; Kindrachuk, Jason; Vercauteren, Koen; Rambaut, Andrew; Mbala-Kingebeni, Placide; Ahuka-Mundeke, Steve"
PP_0013GPY,Ia,None,Democratic Republic of the Congo,Tshuapa,2024-09-07,186949,0.6106415021626802,2025-02-04,"Muyembe-Tamfum, Jean-Jacques; Wawina-Bokalanga, Tony; Merritt, Sydney; Kinganda-Lusamaki, Eddy; Jansen, Daan; Halbrook, Megan; OToole, Aine; Pukuta-Simbu, Elisabeth; Hasivirwe Vakaniaki, Emmanuel; Ola-Mpumbe, Rilia; Kwete-Mbokama, Papy; Akil-Bandali, Prince; Kacita, Cris; Ponga-Museme, Ange; Mapenzi-Kashali, Nelson; Amuri-Aziza, Adrienne; Tshiani-Mbaya, Olivier; Paku-Tshambu, Princesse; Dantas, Pedro H. L. F.; De Block, Tessa; Lokilo-Lofiko, Emmanuel; Muswamba-Kayembe, Chloe; Makangara-Cigolo, Jean-Claude; Luakanda-Ndelemo, Gradi; Kelvin, David J.; Pratt, Catherine; Ayouba, Ahidjo; Tessema, Sofonias; Mauro Rezende, Antonio; Hensley, Lisa E.; Delaporte, Eric; Mwamba, Dieudonne; Subissi, Lorenzo; Liesenborghs, Laurens; Hoff, Nicole A.; Peeters, Martine; Low, Nicola; Rimoin, Anne W.; Kindrachuk, Jason; Vercauteren, Koen; Rambaut, Andrew; Mbala-Kingebeni, Placide; Ahuka-Mundeke, Steve"
PP_0013GQW,Ia,None,Democratic Republic of the Congo,Tshuapa,2024-10-16,186945,0.5694516984518962,2025-02-04,"Muyembe-Tamfum, Jean-Jacques; Wawina-Bokalanga, Tony; Merritt, Sydney; Kinganda-Lusamaki, Eddy; Jansen, Daan; Halbrook, Megan; OToole, Aine; Pukuta-Simbu, Elisabeth; Hasivirwe Vakaniaki, Emmanuel; Ola-Mpumbe, Rilia; Kwete-Mbokama, Papy; Akil-Bandali, Prince; Kacita, Cris; Ponga-Museme, Ange; Mapenzi-Kashali, Nelson; Amuri-Aziza, Adrienne; Tshiani-Mbaya, Olivier; Paku-Tshambu, Princesse; Dantas, Pedro H. L. F.; De Block, Tessa; Lokilo-Lofiko, Emmanuel; Muswamba-Kayembe, Chloe; Makangara-Cigolo, Jean-Claude; Luakanda-Ndelemo, Gradi; Kelvin, David J.; Pratt, Catherine; Ayouba, Ahidjo; Tessema, Sofonias; Mauro Rezende, Antonio; Hensley, Lisa E.; Delaporte, Eric; Mwamba, Dieudonne; Subissi, Lorenzo; Liesenborghs, Laurens; Hoff, Nicole A.; Peeters, Martine; Low, Nicola; Rimoin, Anne W.; Kindrachuk, Jason; Vercauteren, Koen; Rambaut, Andrew; Mbala-Kingebeni, Placide; Ahuka-Mundeke, Steve"
PP_0013GRU,Ia,None,Democratic Republic of the Congo,Tshuapa,2024-10-18,186973,0.7097444842781009,2025-02-04,"Muyembe-Tamfum, Jean-Jacques; Wawina-Bokalanga, Tony; Merritt, Sydney; Kinganda-Lusamaki, Eddy; Jansen, Daan; Halbrook, Megan; OToole, Aine; Pukuta-Simbu, Elisabeth; Hasivirwe Vakaniaki, Emmanuel; Ola-Mpumbe, Rilia; Kwete-Mbokama, Papy; Akil-Bandali, Prince; Kacita, Cris; Ponga-Museme, Ange; Mapenzi-Kashali, Nelson; Amuri-Aziza, Adrienne; Tshiani-Mbaya, Olivier; Paku-Tshambu, Princesse; Dantas, Pedro H. L. F.; De Block, Tessa; Lokilo-Lofiko, Emmanuel; Muswamba-Kayembe, Chloe; Makangara-Cigolo, Jean-Claude; Luakanda-Ndelemo, Gradi; Kelvin, David J.; Pratt, Catherine; Ayouba, Ahidjo; Tessema, Sofonias; Mauro Rezende, Antonio; Hensley, Lisa E.; Delaporte, Eric; Mwamba, Dieudonne; Subissi, Lorenzo; Liesenborghs, Laurens; Hoff, Nicole A.; Peeters, Martine; Low, Nicola; Rimoin, Anne W.; Kindrachuk, Jason; Vercauteren, Koen; Rambaut, Andrew; Mbala-Kingebeni, Placide; Ahuka-Mundeke, Steve"
PP_0013GSS,Ia,None,Democratic Republic of the Congo,Tshuapa,2024-10-16,188794,0.7411477163821124,2025-02-04,"Muyembe-Tamfum, Jean-Jacques; Wawina-Bokalanga, Tony; Merritt, Sydney; Kinganda-Lusamaki, Eddy; Jansen, Daan; Halbrook, Megan; OToole, Aine; Pukuta-Simbu, Elisabeth; Hasivirwe Vakaniaki, Emmanuel; Ola-Mpumbe, Rilia; Kwete-Mbokama, Papy; Akil-Bandali, Prince; Kacita, Cris; Ponga-Museme, Ange; Mapenzi-Kashali, Nelson; Amuri-Aziza, Adrienne; Tshiani-Mbaya, Olivier; Paku-Tshambu, Princesse; Dantas, Pedro H. L. F.; De Block, Tessa; Lokilo-Lofiko, Emmanuel; Muswamba-Kayembe, Chloe; Makangara-Cigolo, Jean-Claude; Luakanda-Ndelemo, Gradi; Kelvin, David J.; Pratt, Catherine; Ayouba, Ahidjo; Tessema, Sofonias; Mauro Rezende, Antonio; Hensley, Lisa E.; Delaporte, Eric; Mwamba, Dieudonne; Subissi, Lorenzo; Liesenborghs, Laurens; Hoff, Nicole A.; Peeters, Martine; Low, Nicola; Rimoin, Anne W.; Kindrachuk, Jason; Vercauteren, Koen; Rambaut, Andrew; Mbala-Kingebeni, Placide; Ahuka-Mundeke, Steve"
PP_0013GTQ,Ia,None,Democratic Republic of the Congo,Tshuapa,2024-10-17,188554,0.6308383491625635,2025-02-04,"Muyembe-Tamfum, Jean-Jacques; Wawina-Bokalanga, Tony; Merritt, Sydney; Kinganda-Lusamaki, Eddy; Jansen, Daan; Halbrook, Megan; OToole, Aine; Pukuta-Simbu, Elisabeth; Hasivirwe Vakaniaki, Emmanuel; Ola-Mpumbe, Rilia; Kwete-Mbokama, Papy; Akil-Bandali, Prince; Kacita, Cris; Ponga-Museme, Ange; Mapenzi-Kashali, Nelson; Amuri-Aziza, Adrienne; Tshiani-Mbaya, Olivier; Paku-Tshambu, Princesse; Dantas, Pedro H. L. F.; De Block, Tessa; Lokilo-Lofiko, Emmanuel; Muswamba-Kayembe, Chloe; Makangara-Cigolo, Jean-Claude; Luakanda-Ndelemo, Gradi; Kelvin, David J.; Pratt, Catherine; Ayouba, Ahidjo; Tessema, Sofonias; Mauro Rezende, Antonio; Hensley, Lisa E.; Delaporte, Eric; Mwamba, Dieudonne; Subissi, Lorenzo; Liesenborghs, Laurens; Hoff, Nicole A.; Peeters, Martine; Low, Nicola; Rimoin, Anne W.; Kindrachuk, Jason; Vercauteren, Koen; Rambaut, Andrew; Mbala-Kingebeni, Placide; Ahuka-Mundeke, Steve"
PP_0013GUN,Ia,None,Democratic Republic of the Congo,Tshuapa,2024-10-16,190113,0.9132696783615352,2025-02-04,"Muyembe-Tamfum, Jean-Jacques; Wawina-Bokalanga, Tony; Merritt, Sydney; Kinganda-Lusamaki, Eddy; Jansen, Daan; Halbrook, Megan; OToole, Aine; Pukuta-Simbu, Elisabeth; Hasivirwe Vakaniaki, Emmanuel; Ola-Mpumbe, Rilia; Kwete-Mbokama, Papy; Akil-Bandali, Prince; Kacita, Cris; Ponga-Museme, Ange; Mapenzi-Kashali, Nelson; Amuri-Aziza, Adrienne; Tshiani-Mbaya, Olivier; Paku-Tshambu, Princesse; Dantas, Pedro H. L. F.; De Block, Tessa; Lokilo-Lofiko, Emmanuel; Muswamba-Kayembe, Chloe; Makangara-Cigolo, Jean-Claude; Luakanda-Ndelemo, Gradi; Kelvin, David J.; Pratt, Catherine; Ayouba, Ahidjo; Tessema, Sofonias; Mauro Rezende, Antonio; Hensley, Lisa E.; Delaporte, Eric; Mwamba, Dieudonne; Subissi, Lorenzo; Liesenborghs, Laurens; Hoff, Nicole A.; Peeters, Martine; Low, Nicola; Rimoin, Anne W.; Kindrachuk, Jason; Vercauteren, Koen; Rambaut, Andrew; Mbala-Kingebeni, Placide; Ahuka-Mundeke, Steve"
PP_0013GVL,Ia,None,Democratic Republic of the Congo,Tshuapa,2024-10-18,188383,0.7052619302364497,2025-02-04,"Muyembe-Tamfum, Jean-Jacques; Wawina-Bokalanga, Tony; Merritt, Sydney; Kinganda-Lusamaki, Eddy; Jansen, Daan; Halbrook, Megan; OToole, Aine; Pukuta-Simbu, Elisabeth; Hasivirwe Vakaniaki, Emmanuel; Ola-Mpumbe, Rilia; Kwete-Mbokama, Papy; Akil-Bandali, Prince; Kacita, Cris; Ponga-Museme, Ange; Mapenzi-Kashali, Nelson; Amuri-Aziza, Adrienne; Tshiani-Mbaya, Olivier; Paku-Tshambu, Princesse; Dantas, Pedro H. L. F.; De Block, Tessa; Lokilo-Lofiko, Emmanuel; Muswamba-Kayembe, Chloe; Makangara-Cigolo, Jean-Claude; Luakanda-Ndelemo, Gradi; Kelvin, David J.; Pratt, Catherine; Ayouba, Ahidjo; Tessema, Sofonias; Mauro Rezende, Antonio; Hensley, Lisa E.; Delaporte, Eric; Mwamba, Dieudonne; Subissi, Lorenzo; Liesenborghs, Laurens; Hoff, Nicole A.; Peeters, Martine; Low, Nicola; Rimoin, Anne W.; Kindrachuk, Jason; Vercauteren, Koen; Rambaut, Andrew; Mbala-Kingebeni, Placide; Ahuka-Mundeke, Steve"
PP_0013GWJ,Ia,None,Democratic Republic of the Congo,Tshuapa,2024-10-17,187101,0.5641679639367372,2025-02-04,"Muyembe-Tamfum, Jean-Jacques; Wawina-Bokalanga, Tony; Merritt, Sydney; Kinganda-Lusamaki, Eddy; Jansen, Daan; Halbrook, Megan; OToole, Aine; Pukuta-Simbu, Elisabeth; Hasivirwe Vakaniaki, Emmanuel; Ola-Mpumbe, Rilia; Kwete-Mbokama, Papy; Akil-Bandali, Prince; Kacita, Cris; Ponga-Museme, Ange; Mapenzi-Kashali, Nelson; Amuri-Aziza, Adrienne; Tshiani-Mbaya, Olivier; Paku-Tshambu, Princesse; Dantas, Pedro H. L. F.; De Block, Tessa; Lokilo-Lofiko, Emmanuel; Muswamba-Kayembe, Chloe; Makangara-Cigolo, Jean-Claude; Luakanda-Ndelemo, Gradi; Kelvin, David J.; Pratt, Catherine; Ayouba, Ahidjo; Tessema, Sofonias; Mauro Rezende, Antonio; Hensley, Lisa E.; Delaporte, Eric; Mwamba, Dieudonne; Subissi, Lorenzo; Liesenborghs, Laurens; Hoff, Nicole A.; Peeters, Martine; Low, Nicola; Rimoin, Anne W.; Kindrachuk, Jason; Vercauteren, Koen; Rambaut, Andrew; Mbala-Kingebeni, Placide; Ahuka-Mundeke, Steve"
PP_0013GXG,Ia,None,Democratic Republic of the Congo,Tshuapa,2024-10-18,188950,0.8021794137184408,2025-02-04,"Muyembe-Tamfum, Jean-Jacques; Wawina-Bokalanga, Tony; Merritt, Sydney; Kinganda-Lusamaki, Eddy; Jansen, Daan; Halbrook, Megan; OToole, Aine; Pukuta-Simbu, Elisabeth; Hasivirwe Vakaniaki, Emmanuel; Ola-Mpumbe, Rilia; Kwete-Mbokama, Papy; Akil-Bandali, Prince; Kacita, Cris; Ponga-Museme, Ange; Mapenzi-Kashali, Nelson; Amuri-Aziza, Adrienne; Tshiani-Mbaya, Olivier; Paku-Tshambu, Princesse; Dantas, Pedro H. L. F.; De Block, Tessa; Lokilo-Lofiko, Emmanuel; Muswamba-Kayembe, Chloe; Makangara-Cigolo, Jean-Claude; Luakanda-Ndelemo, Gradi; Kelvin, David J.; Pratt, Catherine; Ayouba, Ahidjo; Tessema, Sofonias; Mauro Rezende, Antonio; Hensley, Lisa E.; Delaporte, Eric; Mwamba, Dieudonne; Subissi, Lorenzo; Liesenborghs, Laurens; Hoff, Nicole A.; Peeters, Martine; Low, Nicola; Rimoin, Anne W.; Kindrachuk, Jason; Vercauteren, Koen; Rambaut, Andrew; Mbala-Kingebeni, Placide; Ahuka-Mundeke, Steve"
PP_0013GYE,Ia,None,Democratic Republic of the Congo,Tshuapa,2024-10-18,188724,0.882160550481976,2025-02-04,"Muyembe-Tamfum, Jean-Jacques; Wawina-Bokalanga, Tony; Merritt, Sydney; Kinganda-Lusamaki, Eddy; Jansen, Daan; Halbrook, Megan; OToole, Aine; Pukuta-Simbu, Elisabeth; Hasivirwe Vakaniaki, Emmanuel; Ola-Mpumbe, Rilia; Kwete-Mbokama, Papy; Akil-Bandali, Prince; Kacita, Cris; Ponga-Museme, Ange; Mapenzi-Kashali, Nelson; Amuri-Aziza, Adrienne; Tshiani-Mbaya, Olivier; Paku-Tshambu, Princesse; Dantas, Pedro H. L. F.; De Block, Tessa; Lokilo-Lofiko, Emmanuel; Muswamba-Kayembe, Chloe; Makangara-Cigolo, Jean-Claude; Luakanda-Ndelemo, Gradi; Kelvin, David J.; Pratt, Catherine; Ayouba, Ahidjo; Tessema, Sofonias; Mauro Rezende, Antonio; Hensley, Lisa E.; Delaporte, Eric; Mwamba, Dieudonne; Subissi, Lorenzo; Liesenborghs, Laurens; Hoff, Nicole A.; Peeters, Martine; Low, Nicola; Rimoin, Anne W.; Kindrachuk, Jason; Vercauteren, Koen; Rambaut, Andrew; Mbala-Kingebeni, Placide; Ahuka-Mundeke, Steve"
PP_0013GZC,Ib,A.1,Democratic Republic of the Congo,Kinshasa,2024-11-01,188036,0.8602345734728131,2025-02-04,"Wawina-Bokalanga, Tony; Merritt, Sydney; Kinganda-Lusamaki, Eddy; Jansen, Daan; Halbrook, Megan; OToole, Aine; Pukuta-Simbu, Elisabeth; Muyamuna, Elise; Hasivirwe Vakaniaki, Emmanuel; Ola-Mpumbe, Rilia; Kwete-Mbokama, Papy; Akil-Bandali, Prince; Kacita, Cris; Ponga-Museme, Ange; Mapenzi-Kashali, Nelson; Amuri-Aziza, Adrienne; Muyembe-Mawete, Francisca; Lumembe-Numbi, Raphael; Kabamba-Lungenyi, Gabriel; Tshiani-Mbaya, Olivier; Paku-Tshambu, Princesse; Dantas, Pedro Hlf; DeBlock, Tessa; Lokilo-Lofiko, Emmanuel; Muswamba-Kayembe, Chloe; Makangara-Cigolo, Jean-Claude; Luakanda-Ndelemo, Gradi; Kelvin, David J.; Pratt, Catherine; Ayouba, Ahidjo; Tessema, Sofonias; Mauro, Antonio R.; Hensley, Lisa E.; Delaporte, Eric; Mwamba, Dieudonne; Subissi, Lorenzo; Liesenborghs, Laurens; Hoff, Nicole A.; Peeters, Martine; Low, Nicola; Ahuka-Mundeke, Steve; Muyembe-Tamfum, Jean-Jacques; Rimoin, Anne W.; Kindrachuk, Jason; Vercauteren, Koen; Rambaut, Andrew; Mbala-Kingebeni, Placide"
PP_0013H0A,Ib,A.1,Democratic Republic of the Congo,Kinshasa,2024-10-31,189762,0.9133153152239504,2025-02-04,"Wawina-Bokalanga, Tony; Merritt, Sydney; Kinganda-Lusamaki, Eddy; Jansen, Daan; Halbrook, Megan; OToole, Aine; Pukuta-Simbu, Elisabeth; Muyamuna, Elise; Hasivirwe Vakaniaki, Emmanuel; Ola-Mpumbe, Rilia; Kwete-Mbokama, Papy; Akil-Bandali, Prince; Kacita, Cris; Ponga-Museme, Ange; Mapenzi-Kashali, Nelson; Amuri-Aziza, Adrienne; Muyembe-Mawete, Francisca; Lumembe-Numbi, Raphael; Kabamba-Lungenyi, Gabriel; Tshiani-Mbaya, Olivier; Paku-Tshambu, Princesse; Dantas, Pedro Hlf; DeBlock, Tessa; Lokilo-Lofiko, Emmanuel; Muswamba-Kayembe, Chloe; Makangara-Cigolo, Jean-Claude; Luakanda-Ndelemo, Gradi; Kelvin, David J.; Pratt, Catherine; Ayouba, Ahidjo; Tessema, Sofonias; Mauro, Antonio R.; Hensley, Lisa E.; Delaporte, Eric; Mwamba, Dieudonne; Subissi, Lorenzo; Liesenborghs, Laurens; Hoff, Nicole A.; Peeters, Martine; Low, Nicola; Ahuka-Mundeke, Steve; Muyembe-Tamfum, Jean-Jacques; Rimoin, Anne W.; Kindrachuk, Jason; Vercauteren, Koen; Rambaut, Andrew; Mbala-Kingebeni, Placide"
PP_0013H18,Ia,None,Democratic Republic of the Congo,Kinshasa,2024-11-01,188875,0.9126003377127818,2025-02-04,"Wawina-Bokalanga, Tony; Merritt, Sydney; Kinganda-Lusamaki, Eddy; Jansen, Daan; Halbrook, Megan; OToole, Aine; Pukuta-Simbu, Elisabeth; Muyamuna, Elise; Hasivirwe Vakaniaki, Emmanuel; Ola-Mpumbe, Rilia; Kwete-Mbokama, Papy; Akil-Bandali, Prince; Kacita, Cris; Ponga-Museme, Ange; Mapenzi-Kashali, Nelson; Amuri-Aziza, Adrienne; Muyembe-Mawete, Francisca; Lumembe-Numbi, Raphael; Kabamba-Lungenyi, Gabriel; Tshiani-Mbaya, Olivier; Paku-Tshambu, Princesse; Dantas, Pedro Hlf; DeBlock, Tessa; Lokilo-Lofiko, Emmanuel; Muswamba-Kayembe, Chloe; Makangara-Cigolo, Jean-Claude; Luakanda-Ndelemo, Gradi; Kelvin, David J.; Pratt, Catherine; Ayouba, Ahidjo; Tessema, Sofonias; Mauro, Antonio R.; Hensley, Lisa E.; Delaporte, Eric; Mwamba, Dieudonne; Subissi, Lorenzo; Liesenborghs, Laurens; Hoff, Nicole A.; Peeters, Martine; Low, Nicola; Ahuka-Mundeke, Steve; Muyembe-Tamfum, Jean-Jacques; Rimoin, Anne W.; Kindrachuk, Jason; Vercauteren, Koen; Rambaut, Andrew; Mbala-Kingebeni, Placide"
PP_0013H26,Ia,None,Democratic Republic of the Congo,Kinshasa,2024-11-01,189445,0.9134623673361764,2025-02-04,"Wawina-Bokalanga, Tony; Merritt, Sydney; Kinganda-Lusamaki, Eddy; Jansen, Daan; Halbrook, Megan; OToole, Aine; Pukuta-Simbu, Elisabeth; Muyamuna, Elise; Hasivirwe Vakaniaki, Emmanuel; Ola-Mpumbe, Rilia; Kwete-Mbokama, Papy; Akil-Bandali, Prince; Kacita, Cris; Ponga-Museme, Ange; Mapenzi-Kashali, Nelson; Amuri-Aziza, Adrienne; Muyembe-Mawete, Francisca; Lumembe-Numbi, Raphael; Kabamba-Lungenyi, Gabriel; Tshiani-Mbaya, Olivier; Paku-Tshambu, Princesse; Dantas, Pedro Hlf; DeBlock, Tessa; Lokilo-Lofiko, Emmanuel; Muswamba-Kayembe, Chloe; Makangara-Cigolo, Jean-Claude; Luakanda-Ndelemo, Gradi; Kelvin, David J.; Pratt, Catherine; Ayouba, Ahidjo; Tessema, Sofonias; Mauro, Antonio R.; Hensley, Lisa E.; Delaporte, Eric; Mwamba, Dieudonne; Subissi, Lorenzo; Liesenborghs, Laurens; Hoff, Nicole A.; Peeters, Martine; Low, Nicola; Ahuka-Mundeke, Steve; Muyembe-Tamfum, Jean-Jacques; Rimoin, Anne W.; Kindrachuk, Jason; Vercauteren, Koen; Rambaut, Andrew; Mbala-Kingebeni, Placide"
PP_0013H34,Ib,A.1,Democratic Republic of the Congo,Kinshasa,2024-10-30,188073,0.8816433327079393,2025-02-04,"Wawina-Bokalanga, Tony; Merritt, Sydney; Kinganda-Lusamaki, Eddy; Jansen, Daan; Halbrook, Megan; OToole, Aine; Pukuta-Simbu, Elisabeth; Muyamuna, Elise; Hasivirwe Vakaniaki, Emmanuel; Ola-Mpumbe, Rilia; Kwete-Mbokama, Papy; Akil-Bandali, Prince; Kacita, Cris; Ponga-Museme, Ange; Mapenzi-Kashali, Nelson; Amuri-Aziza, Adrienne; Muyembe-Mawete, Francisca; Lumembe-Numbi, Raphael; Kabamba-Lungenyi, Gabriel; Tshiani-Mbaya, Olivier; Paku-Tshambu, Princesse; Dantas, Pedro Hlf; DeBlock, Tessa; Lokilo-Lofiko, Emmanuel; Muswamba-Kayembe, Chloe; Makangara-Cigolo, Jean-Claude; Luakanda-Ndelemo, Gradi; Kelvin, David J.; Pratt, Catherine; Ayouba, Ahidjo; Tessema, Sofonias; Mauro, Antonio R.; Hensley, Lisa E.; Delaporte, Eric; Mwamba, Dieudonne; Subissi, Lorenzo; Liesenborghs, Laurens; Hoff, Nicole A.; Peeters, Martine; Low, Nicola; Ahuka-Mundeke, Steve; Muyembe-Tamfum, Jean-Jacques; Rimoin, Anne W.; Kindrachuk, Jason; Vercauteren, Koen; Rambaut, Andrew; Mbala-Kingebeni, Placide"
PP_0013H42,Ib,A.1,Democratic Republic of the Congo,Kinshasa,2024-10-30,190079,0.9391762039257844,2025-02-04,"Wawina-Bokalanga, Tony; Merritt, Sydney; Kinganda-Lusamaki, Eddy; Jansen, Daan; Halbrook, Megan; OToole, Aine; Pukuta-Simbu, Elisabeth; Muyamuna, Elise; Hasivirwe Vakaniaki, Emmanuel; Ola-Mpumbe, Rilia; Kwete-Mbokama, Papy; Akil-Bandali, Prince; Kacita, Cris; Ponga-Museme, Ange; Mapenzi-Kashali, Nelson; Amuri-Aziza, Adrienne; Muyembe-Mawete, Francisca; Lumembe-Numbi, Raphael; Kabamba-Lungenyi, Gabriel; Tshiani-Mbaya, Olivier; Paku-Tshambu, Princesse; Dantas, Pedro Hlf; DeBlock, Tessa; Lokilo-Lofiko, Emmanuel; Muswamba-Kayembe, Chloe; Makangara-Cigolo, Jean-Claude; Luakanda-Ndelemo, Gradi; Kelvin, David J.; Pratt, Catherine; Ayouba, Ahidjo; Tessema, Sofonias; Mauro, Antonio R.; Hensley, Lisa E.; Delaporte, Eric; Mwamba, Dieudonne; Subissi, Lorenzo; Liesenborghs, Laurens; Hoff, Nicole A.; Peeters, Martine; Low, Nicola; Ahuka-Mundeke, Steve; Muyembe-Tamfum, Jean-Jacques; Rimoin, Anne W.; Kindrachuk, Jason; Vercauteren, Koen; Rambaut, Andrew; Mbala-Kingebeni, Placide"
PP_0013H50,Ia,None,Democratic Republic of the Congo,Kinshasa,2024-10-31,187013,0.7395707092475495,2025-02-04,"Wawina-Bokalanga, Tony; Merritt, Sydney; Kinganda-Lusamaki, Eddy; Jansen, Daan; Halbrook, Megan; OToole, Aine; Pukuta-Simbu, Elisabeth; Muyamuna, Elise; Hasivirwe Vakaniaki, Emmanuel; Ola-Mpumbe, Rilia; Kwete-Mbokama, Papy; Akil-Bandali, Prince; Kacita, Cris; Ponga-Museme, Ange; Mapenzi-Kashali, Nelson; Amuri-Aziza, Adrienne; Muyembe-Mawete, Francisca; Lumembe-Numbi, Raphael; Kabamba-Lungenyi, Gabriel; Tshiani-Mbaya, Olivier; Paku-Tshambu, Princesse; Dantas, Pedro Hlf; DeBlock, Tessa; Lokilo-Lofiko, Emmanuel; Muswamba-Kayembe, Chloe; Makangara-Cigolo, Jean-Claude; Luakanda-Ndelemo, Gradi; Kelvin, David J.; Pratt, Catherine; Ayouba, Ahidjo; Tessema, Sofonias; Mauro, Antonio R.; Hensley, Lisa E.; Delaporte, Eric; Mwamba, Dieudonne; Subissi, Lorenzo; Liesenborghs, Laurens; Hoff, Nicole A.; Peeters, Martine; Low, Nicola; Ahuka-Mundeke, Steve; Muyembe-Tamfum, Jean-Jacques; Rimoin, Anne W.; Kindrachuk, Jason; Vercauteren, Koen; Rambaut, Andrew; Mbala-Kingebeni, Placide"
PP_0013H6Y,Ia,None,Democratic Republic of the Congo,Kinshasa,2024-11-01,190088,0.9504028720798746,2025-02-04,"Wawina-Bokalanga, Tony; Merritt, Sydney; Kinganda-Lusamaki, Eddy; Jansen, Daan; Halbrook, Megan; OToole, Aine; Pukuta-Simbu, Elisabeth; Muyamuna, Elise; Hasivirwe Vakaniaki, Emmanuel; Ola-Mpumbe, Rilia; Kwete-Mbokama, Papy; Akil-Bandali, Prince; Kacita, Cris; Ponga-Museme, Ange; Mapenzi-Kashali, Nelson; Amuri-Aziza, Adrienne; Muyembe-Mawete, Francisca; Lumembe-Numbi, Raphael; Kabamba-Lungenyi, Gabriel; Tshiani-Mbaya, Olivier; Paku-Tshambu, Princesse; Dantas, Pedro Hlf; DeBlock, Tessa; Lokilo-Lofiko, Emmanuel; Muswamba-Kayembe, Chloe; Makangara-Cigolo, Jean-Claude; Luakanda-Ndelemo, Gradi; Kelvin, David J.; Pratt, Catherine; Ayouba, Ahidjo; Tessema, Sofonias; Mauro, Antonio R.; Hensley, Lisa E.; Delaporte, Eric; Mwamba, Dieudonne; Subissi, Lorenzo; Liesenborghs, Laurens; Hoff, Nicole A.; Peeters, Martine; Low, Nicola; Ahuka-Mundeke, Steve; Muyembe-Tamfum, Jean-Jacques; Rimoin, Anne W.; Kindrachuk, Jason; Vercauteren, Koen; Rambaut, Andrew; Mbala-Kingebeni, Placide"
PP_0013H7W,Ia,None,Democratic Republic of the Congo,Kinshasa,2024-10-29,188076,0.8857354380378177,2025-02-04,"Wawina-Bokalanga, Tony; Merritt, Sydney; Kinganda-Lusamaki, Eddy; Jansen, Daan; Halbrook, Megan; OToole, Aine; Pukuta-Simbu, Elisabeth; Muyamuna, Elise; Hasivirwe Vakaniaki, Emmanuel; Ola-Mpumbe, Rilia; Kwete-Mbokama, Papy; Akil-Bandali, Prince; Kacita, Cris; Ponga-Museme, Ange; Mapenzi-Kashali, Nelson; Amuri-Aziza, Adrienne; Muyembe-Mawete, Francisca; Lumembe-Numbi, Raphael; Kabamba-Lungenyi, Gabriel; Tshiani-Mbaya, Olivier; Paku-Tshambu, Princesse; Dantas, Pedro Hlf; DeBlock, Tessa; Lokilo-Lofiko, Emmanuel; Muswamba-Kayembe, Chloe; Makangara-Cigolo, Jean-Claude; Luakanda-Ndelemo, Gradi; Kelvin, David J.; Pratt, Catherine; Ayouba, Ahidjo; Tessema, Sofonias; Mauro, Antonio R.; Hensley, Lisa E.; Delaporte, Eric; Mwamba, Dieudonne; Subissi, Lorenzo; Liesenborghs, Laurens; Hoff, Nicole A.; Peeters, Martine; Low, Nicola; Ahuka-Mundeke, Steve; Muyembe-Tamfum, Jean-Jacques; Rimoin, Anne W.; Kindrachuk, Jason; Vercauteren, Koen; Rambaut, Andrew; Mbala-Kingebeni, Placide"
PP_0013H8U,Ia,None,Democratic Republic of the Congo,Kinshasa,2024-11-01,188467,0.746482158522177,2025-02-04,"Wawina-Bokalanga, Tony; Merritt, Sydney; Kinganda-Lusamaki, Eddy; Jansen, Daan; Halbrook, Megan; OToole, Aine; Pukuta-Simbu, Elisabeth; Muyamuna, Elise; Hasivirwe Vakaniaki, Emmanuel; Ola-Mpumbe, Rilia; Kwete-Mbokama, Papy; Akil-Bandali, Prince; Kacita, Cris; Ponga-Museme, Ange; Mapenzi-Kashali, Nelson; Amuri-Aziza, Adrienne; Muyembe-Mawete, Francisca; Lumembe-Numbi, Raphael; Kabamba-Lungenyi, Gabriel; Tshiani-Mbaya, Olivier; Paku-Tshambu, Princesse; Dantas, Pedro Hlf; DeBlock, Tessa; Lokilo-Lofiko, Emmanuel; Muswamba-Kayembe, Chloe; Makangara-Cigolo, Jean-Claude; Luakanda-Ndelemo, Gradi; Kelvin, David J.; Pratt, Catherine; Ayouba, Ahidjo; Tessema, Sofonias; Mauro, Antonio R.; Hensley, Lisa E.; Delaporte, Eric; Mwamba, Dieudonne; Subissi, Lorenzo; Liesenborghs, Laurens; Hoff, Nicole A.; Peeters, Martine; Low, Nicola; Ahuka-Mundeke, Steve; Muyembe-Tamfum, Jean-Jacques; Rimoin, Anne W.; Kindrachuk, Jason; Vercauteren, Koen; Rambaut, Andrew; Mbala-Kingebeni, Placide"
PP_0013H9S,Ia,None,Democratic Republic of the Congo,Kinshasa,2024-11-01,189316,0.8625012043060916,2025-02-04,"Wawina-Bokalanga, Tony; Merritt, Sydney; Kinganda-Lusamaki, Eddy; Jansen, Daan; Halbrook, Megan; OToole, Aine; Pukuta-Simbu, Elisabeth; Muyamuna, Elise; Hasivirwe Vakaniaki, Emmanuel; Ola-Mpumbe, Rilia; Kwete-Mbokama, Papy; Akil-Bandali, Prince; Kacita, Cris; Ponga-Museme, Ange; Mapenzi-Kashali, Nelson; Amuri-Aziza, Adrienne; Muyembe-Mawete, Francisca; Lumembe-Numbi, Raphael; Kabamba-Lungenyi, Gabriel; Tshiani-Mbaya, Olivier; Paku-Tshambu, Princesse; Dantas, Pedro Hlf; DeBlock, Tessa; Lokilo-Lofiko, Emmanuel; Muswamba-Kayembe, Chloe; Makangara-Cigolo, Jean-Claude; Luakanda-Ndelemo, Gradi; Kelvin, David J.; Pratt, Catherine; Ayouba, Ahidjo; Tessema, Sofonias; Mauro, Antonio R.; Hensley, Lisa E.; Delaporte, Eric; Mwamba, Dieudonne; Subissi, Lorenzo; Liesenborghs, Laurens; Hoff, Nicole A.; Peeters, Martine; Low, Nicola; Ahuka-Mundeke, Steve; Muyembe-Tamfum, Jean-Jacques; Rimoin, Anne W.; Kindrachuk, Jason; Vercauteren, Koen; Rambaut, Andrew; Mbala-Kingebeni, Placide"
PP_0013HAQ,Ia,None,Democratic Republic of the Congo,Kinshasa,2024-11-01,189986,0.9244253558407578,2025-02-04,"Wawina-Bokalanga, Tony; Merritt, Sydney; Kinganda-Lusamaki, Eddy; Jansen, Daan; Halbrook, Megan; OToole, Aine; Pukuta-Simbu, Elisabeth; Muyamuna, Elise; Hasivirwe Vakaniaki, Emmanuel; Ola-Mpumbe, Rilia; Kwete-Mbokama, Papy; Akil-Bandali, Prince; Kacita, Cris; Ponga-Museme, Ange; Mapenzi-Kashali, Nelson; Amuri-Aziza, Adrienne; Muyembe-Mawete, Francisca; Lumembe-Numbi, Raphael; Kabamba-Lungenyi, Gabriel; Tshiani-Mbaya, Olivier; Paku-Tshambu, Princesse; Dantas, Pedro Hlf; DeBlock, Tessa; Lokilo-Lofiko, Emmanuel; Muswamba-Kayembe, Chloe; Makangara-Cigolo, Jean-Claude; Luakanda-Ndelemo, Gradi; Kelvin, David J.; Pratt, Catherine; Ayouba, Ahidjo; Tessema, Sofonias; Mauro, Antonio R.; Hensley, Lisa E.; Delaporte, Eric; Mwamba, Dieudonne; Subissi, Lorenzo; Liesenborghs, Laurens; Hoff, Nicole A.; Peeters, Martine; Low, Nicola; Ahuka-Mundeke, Steve; Muyembe-Tamfum, Jean-Jacques; Rimoin, Anne W.; Kindrachuk, Jason; Vercauteren, Koen; Rambaut, Andrew; Mbala-Kingebeni, Placide"
PP_0013HBN,Ia,None,Democratic Republic of the Congo,Tshuapa,2024-10-19,188486,0.5319128437343124,2025-02-04,"Muyembe-Tamfum, Jean-Jacques; Wawina-Bokalanga, Tony; Merritt, Sydney; Kinganda-Lusamaki, Eddy; Jansen, Daan; Halbrook, Megan; OToole, Aine; Pukuta-Simbu, Elisabeth; Hasivirwe Vakaniaki, Emmanuel; Ola-Mpumbe, Rilia; Kwete-Mbokama, Papy; Akil-Bandali, Prince; Kacita, Cris; Ponga-Museme, Ange; Mapenzi-Kashali, Nelson; Amuri-Aziza, Adrienne; Tshiani-Mbaya, Olivier; Paku-Tshambu, Princesse; Dantas, Pedro H. L. F.; De Block, Tessa; Lokilo-Lofiko, Emmanuel; Muswamba-Kayembe, Chloe; Makangara-Cigolo, Jean-Claude; Luakanda-Ndelemo, Gradi; Kelvin, David J.; Pratt, Catherine; Ayouba, Ahidjo; Tessema, Sofonias; Mauro Rezende, Antonio; Hensley, Lisa E.; Delaporte, Eric; Mwamba, Dieudonne; Subissi, Lorenzo; Liesenborghs, Laurens; Hoff, Nicole A.; Peeters, Martine; Low, Nicola; Rimoin, Anne W.; Kindrachuk, Jason; Vercauteren, Koen; Rambaut, Andrew; Mbala-Kingebeni, Placide; Ahuka-Mundeke, Steve"
PP_0013HCL,Ia,None,Democratic Republic of the Congo,Tshuapa,2024-10-17,188941,0.8190954773869347,2025-02-04,"Muyembe-Tamfum, Jean-Jacques; Wawina-Bokalanga, Tony; Merritt, Sydney; Kinganda-Lusamaki, Eddy; Jansen, Daan; Halbrook, Megan; OToole, Aine; Pukuta-Simbu, Elisabeth; Hasivirwe Vakaniaki, Emmanuel; Ola-Mpumbe, Rilia; Kwete-Mbokama, Papy; Akil-Bandali, Prince; Kacita, Cris; Ponga-Museme, Ange; Mapenzi-Kashali, Nelson; Amuri-Aziza, Adrienne; Tshiani-Mbaya, Olivier; Paku-Tshambu, Princesse; Dantas, Pedro H. L. F.; De Block, Tessa; Lokilo-Lofiko, Emmanuel; Muswamba-Kayembe, Chloe; Makangara-Cigolo, Jean-Claude; Luakanda-Ndelemo, Gradi; Kelvin, David J.; Pratt, Catherine; Ayouba, Ahidjo; Tessema, Sofonias; Mauro Rezende, Antonio; Hensley, Lisa E.; Delaporte, Eric; Mwamba, Dieudonne; Subissi, Lorenzo; Liesenborghs, Laurens; Hoff, Nicole A.; Peeters, Martine; Low, Nicola; Rimoin, Anne W.; Kindrachuk, Jason; Vercauteren, Koen; Rambaut, Andrew; Mbala-Kingebeni, Placide; Ahuka-Mundeke, Steve"
PP_0013HDJ,Ia,None,Democratic Republic of the Congo,Tshuapa,2024-10-18,187023,0.7202054672961173,2025-02-04,"Muyembe-Tamfum, Jean-Jacques; Wawina-Bokalanga, Tony; Merritt, Sydney; Kinganda-Lusamaki, Eddy; Jansen, Daan; Halbrook, Megan; OToole, Aine; Pukuta-Simbu, Elisabeth; Hasivirwe Vakaniaki, Emmanuel; Ola-Mpumbe, Rilia; Kwete-Mbokama, Papy; Akil-Bandali, Prince; Kacita, Cris; Ponga-Museme, Ange; Mapenzi-Kashali, Nelson; Amuri-Aziza, Adrienne; Tshiani-Mbaya, Olivier; Paku-Tshambu, Princesse; Dantas, Pedro H. L. F.; De Block, Tessa; Lokilo-Lofiko, Emmanuel; Muswamba-Kayembe, Chloe; Makangara-Cigolo, Jean-Claude; Luakanda-Ndelemo, Gradi; Kelvin, David J.; Pratt, Catherine; Ayouba, Ahidjo; Tessema, Sofonias; Mauro Rezende, Antonio; Hensley, Lisa E.; Delaporte, Eric; Mwamba, Dieudonne; Subissi, Lorenzo; Liesenborghs, Laurens; Hoff, Nicole A.; Peeters, Martine; Low, Nicola; Rimoin, Anne W.; Kindrachuk, Jason; Vercauteren, Koen; Rambaut, Andrew; Mbala-Kingebeni, Placide; Ahuka-Mundeke, Steve"
PP_0013HEG,Ia,None,Democratic Republic of the Congo,Tshuapa,2024-10-16,189345,0.8991932416877526,2025-02-04,"Muyembe-Tamfum, Jean-Jacques; Wawina-Bokalanga, Tony; Merritt, Sydney; Kinganda-Lusamaki, Eddy; Jansen, Daan; Halbrook, Megan; OToole, Aine; Pukuta-Simbu, Elisabeth; Hasivirwe Vakaniaki, Emmanuel; Ola-Mpumbe, Rilia; Kwete-Mbokama, Papy; Akil-Bandali, Prince; Kacita, Cris; Ponga-Museme, Ange; Mapenzi-Kashali, Nelson; Amuri-Aziza, Adrienne; Tshiani-Mbaya, Olivier; Paku-Tshambu, Princesse; Dantas, Pedro H. L. F.; De Block, Tessa; Lokilo-Lofiko, Emmanuel; Muswamba-Kayembe, Chloe; Makangara-Cigolo, Jean-Claude; Luakanda-Ndelemo, Gradi; Kelvin, David J.; Pratt, Catherine; Ayouba, Ahidjo; Tessema, Sofonias; Mauro Rezende, Antonio; Hensley, Lisa E.; Delaporte, Eric; Mwamba, Dieudonne; Subissi, Lorenzo; Liesenborghs, Laurens; Hoff, Nicole A.; Peeters, Martine; Low, Nicola; Rimoin, Anne W.; Kindrachuk, Jason; Vercauteren, Koen; Rambaut, Andrew; Mbala-Kingebeni, Placide; Ahuka-Mundeke, Steve"
PP_0013HFE,Ia,None,Democratic Republic of the Congo,Sud-Ubangi,2024-10-06,187039,0.694461206131566,2025-02-04,"Ahuka-Mundeke, Steve; Pukuta-Simbu, Elisabeth; Amuri-Aziza, Adrienne; Wawina-Bokalanga, Tony; Merritt, Sydney; Kinganda-Lusamaki, Eddy; Jansen, Daan; Halbrook, Megan; OToole, Aine; Hasivirwe Vakaniaki, Emmanuel; Ola-Mpumbe, Rilia; Kwete-Mbokama, Papy; Akil-Bandali, Prince; Kacita, Cris; Ponga-Museme, Ange; Mapenzi-Kashali, Nelson; Tshiani-Mbaya, Olivier; Paku-Tshambu, Princesse; Dantas, Pedro H. L. F.; De Block, Tessa; Lokilo-Lofiko, Emmanuel; Muswamba-Kayembe, Chloe; Makangara-Cigolo, Jean-Claude; Luakanda-Ndelemo, Gradi; Kelvin, David J.; Pratt, Catherine; Ayouba, Ahidjo; Tessema, Sofonias; Mauro Rezende, Antonio; Hensley, Lisa E.; Delaporte, Eric; Mwamba, Dieudonne; Subissi, Lorenzo; Liesenborghs, Laurens; Hoff, Nicole A.; Peeters, Martine; Low, Nicola; Rimoin, Anne W.; Kindrachuk, Jason; Vercauteren, Koen; Rambaut, Andrew; Mbala-Kingebeni, Placide; Muyembe-Tamfum, Jean-Jacques"
PP_0013HGC,Ia,None,Democratic Republic of the Congo,Tshuapa,2024-09-17,187107,0.5881780243295184,2025-02-04,"Muyembe-Tamfum, Jean-Jacques; Wawina-Bokalanga, Tony; Merritt, Sydney; Kinganda-Lusamaki, Eddy; Jansen, Daan; Halbrook, Megan; OToole, Aine; Pukuta-Simbu, Elisabeth; Hasivirwe Vakaniaki, Emmanuel; Ola-Mpumbe, Rilia; Kwete-Mbokama, Papy; Akil-Bandali, Prince; Kacita, Cris; Ponga-Museme, Ange; Mapenzi-Kashali, Nelson; Amuri-Aziza, Adrienne; Tshiani-Mbaya, Olivier; Paku-Tshambu, Princesse; Dantas, Pedro H. L. F.; De Block, Tessa; Lokilo-Lofiko, Emmanuel; Muswamba-Kayembe, Chloe; Makangara-Cigolo, Jean-Claude; Luakanda-Ndelemo, Gradi; Kelvin, David J.; Pratt, Catherine; Ayouba, Ahidjo; Tessema, Sofonias; Mauro Rezende, Antonio; Hensley, Lisa E.; Delaporte, Eric; Mwamba, Dieudonne; Subissi, Lorenzo; Liesenborghs, Laurens; Hoff, Nicole A.; Peeters, Martine; Low, Nicola; Rimoin, Anne W.; Kindrachuk, Jason; Vercauteren, Koen; Rambaut, Andrew; Mbala-Kingebeni, Placide; Ahuka-Mundeke, Steve"
PP_0013HH9,Ia,None,Democratic Republic of the Congo,Tshuapa,2024-10-17,189770,0.916205649843567,2025-02-04,"Muyembe-Tamfum, Jean-Jacques; Wawina-Bokalanga, Tony; Merritt, Sydney; Kinganda-Lusamaki, Eddy; Jansen, Daan; Halbrook, Megan; OToole, Aine; Pukuta-Simbu, Elisabeth; Hasivirwe Vakaniaki, Emmanuel; Ola-Mpumbe, Rilia; Kwete-Mbokama, Papy; Akil-Bandali, Prince; Kacita, Cris; Ponga-Museme, Ange; Mapenzi-Kashali, Nelson; Amuri-Aziza, Adrienne; Tshiani-Mbaya, Olivier; Paku-Tshambu, Princesse; Dantas, Pedro H. L. F.; De Block, Tessa; Lokilo-Lofiko, Emmanuel; Muswamba-Kayembe, Chloe; Makangara-Cigolo, Jean-Claude; Luakanda-Ndelemo, Gradi; Kelvin, David J.; Pratt, Catherine; Ayouba, Ahidjo; Tessema, Sofonias; Mauro Rezende, Antonio; Hensley, Lisa E.; Delaporte, Eric; Mwamba, Dieudonne; Subissi, Lorenzo; Liesenborghs, Laurens; Hoff, Nicole A.; Peeters, Martine; Low, Nicola; Rimoin, Anne W.; Kindrachuk, Jason; Vercauteren, Koen; Rambaut, Andrew; Mbala-Kingebeni, Placide; Ahuka-Mundeke, Steve"
PP_0013HJ7,Ia,None,Democratic Republic of the Congo,Sud-Ubangi,2024-10-19,189379,0.912417790263122,2025-02-04,"Ahuka-Mundeke, Steve; Pukuta-Simbu, Elisabeth; Amuri-Aziza, Adrienne; Wawina-Bokalanga, Tony; Merritt, Sydney; Kinganda-Lusamaki, Eddy; Jansen, Daan; Halbrook, Megan; OToole, Aine; Hasivirwe Vakaniaki, Emmanuel; Ola-Mpumbe, Rilia; Kwete-Mbokama, Papy; Akil-Bandali, Prince; Kacita, Cris; Ponga-Museme, Ange; Mapenzi-Kashali, Nelson; Tshiani-Mbaya, Olivier; Paku-Tshambu, Princesse; Dantas, Pedro H. L. F.; De Block, Tessa; Lokilo-Lofiko, Emmanuel; Muswamba-Kayembe, Chloe; Makangara-Cigolo, Jean-Claude; Luakanda-Ndelemo, Gradi; Kelvin, David J.; Pratt, Catherine; Ayouba, Ahidjo; Tessema, Sofonias; Mauro Rezende, Antonio; Hensley, Lisa E.; Delaporte, Eric; Mwamba, Dieudonne; Subissi, Lorenzo; Liesenborghs, Laurens; Hoff, Nicole A.; Peeters, Martine; Low, Nicola; Rimoin, Anne W.; Kindrachuk, Jason; Vercauteren, Koen; Rambaut, Andrew; Mbala-Kingebeni, Placide; Muyembe-Tamfum, Jean-Jacques"
PP_0013HK5,Ia,None,Democratic Republic of the Congo,Sud-Ubangi,2020-02-15,186628,0.5616985026038366,2025-02-04,"Ahuka-Mundeke, Steve; Pukuta-Simbu, Elisabeth; Amuri-Aziza, Adrienne; Wawina-Bokalanga, Tony; Merritt, Sydney; Kinganda-Lusamaki, Eddy; Jansen, Daan; Halbrook, Megan; OToole, Aine; Hasivirwe Vakaniaki, Emmanuel; Ola-Mpumbe, Rilia; Kwete-Mbokama, Papy; Akil-Bandali, Prince; Kacita, Cris; Ponga-Museme, Ange; Mapenzi-Kashali, Nelson; Tshiani-Mbaya, Olivier; Paku-Tshambu, Princesse; Dantas, Pedro H. L. F.; De Block, Tessa; Lokilo-Lofiko, Emmanuel; Muswamba-Kayembe, Chloe; Makangara-Cigolo, Jean-Claude; Luakanda-Ndelemo, Gradi; Kelvin, David J.; Pratt, Catherine; Ayouba, Ahidjo; Tessema, Sofonias; Mauro Rezende, Antonio; Hensley, Lisa E.; Delaporte, Eric; Mwamba, Dieudonne; Subissi, Lorenzo; Liesenborghs, Laurens; Hoff, Nicole A.; Peeters, Martine; Low, Nicola; Rimoin, Anne W.; Kindrachuk, Jason; Vercauteren, Koen; Rambaut, Andrew; Mbala-Kingebeni, Placide; Muyembe-Tamfum, Jean-Jacques"
PP_0013HL3,Ia,None,Democratic Republic of the Congo,Sud-Ubangi,2024-10-15,187049,0.7090954266793098,2025-02-04,"Ahuka-Mundeke, Steve; Pukuta-Simbu, Elisabeth; Amuri-Aziza, Adrienne; Wawina-Bokalanga, Tony; Merritt, Sydney; Kinganda-Lusamaki, Eddy; Jansen, Daan; Halbrook, Megan; OToole, Aine; Hasivirwe Vakaniaki, Emmanuel; Ola-Mpumbe, Rilia; Kwete-Mbokama, Papy; Akil-Bandali, Prince; Kacita, Cris; Ponga-Museme, Ange; Mapenzi-Kashali, Nelson; Tshiani-Mbaya, Olivier; Paku-Tshambu, Princesse; Dantas, Pedro H. L. F.; De Block, Tessa; Lokilo-Lofiko, Emmanuel; Muswamba-Kayembe, Chloe; Makangara-Cigolo, Jean-Claude; Luakanda-Ndelemo, Gradi; Kelvin, David J.; Pratt, Catherine; Ayouba, Ahidjo; Tessema, Sofonias; Mauro Rezende, Antonio; Hensley, Lisa E.; Delaporte, Eric; Mwamba, Dieudonne; Subissi, Lorenzo; Liesenborghs, Laurens; Hoff, Nicole A.; Peeters, Martine; Low, Nicola; Rimoin, Anne W.; Kindrachuk, Jason; Vercauteren, Koen; Rambaut, Andrew; Mbala-Kingebeni, Placide; Muyembe-Tamfum, Jean-Jacques"
PP_0013HM1,Ia,None,Democratic Republic of the Congo,Kinshasa,2024-11-04,188805,0.9103083530670508,2025-02-04,"Wawina-Bokalanga, Tony; Merritt, Sydney; Kinganda-Lusamaki, Eddy; Jansen, Daan; Halbrook, Megan; OToole, Aine; Pukuta-Simbu, Elisabeth; Muyamuna, Elise; Hasivirwe Vakaniaki, Emmanuel; Ola-Mpumbe, Rilia; Kwete-Mbokama, Papy; Akil-Bandali, Prince; Kacita, Cris; Ponga-Museme, Ange; Mapenzi-Kashali, Nelson; Amuri-Aziza, Adrienne; Muyembe-Mawete, Francisca; Lumembe-Numbi, Raphael; Kabamba-Lungenyi, Gabriel; Tshiani-Mbaya, Olivier; Paku-Tshambu, Princesse; Dantas, Pedro Hlf; DeBlock, Tessa; Lokilo-Lofiko, Emmanuel; Muswamba-Kayembe, Chloe; Makangara-Cigolo, Jean-Claude; Luakanda-Ndelemo, Gradi; Kelvin, David J.; Pratt, Catherine; Ayouba, Ahidjo; Tessema, Sofonias; Mauro, Antonio R.; Hensley, Lisa E.; Delaporte, Eric; Mwamba, Dieudonne; Subissi, Lorenzo; Liesenborghs, Laurens; Hoff, Nicole A.; Peeters, Martine; Low, Nicola; Ahuka-Mundeke, Steve; Muyembe-Tamfum, Jean-Jacques; Rimoin, Anne W.; Kindrachuk, Jason; Vercauteren, Koen; Rambaut, Andrew; Mbala-Kingebeni, Placide"
PP_0013HNZ,Ia,None,Democratic Republic of the Congo,Kinshasa,2024-11-04,187014,0.7242113696636563,2025-02-04,"Wawina-Bokalanga, Tony; Merritt, Sydney; Kinganda-Lusamaki, Eddy; Jansen, Daan; Halbrook, Megan; OToole, Aine; Pukuta-Simbu, Elisabeth; Muyamuna, Elise; Hasivirwe Vakaniaki, Emmanuel; Ola-Mpumbe, Rilia; Kwete-Mbokama, Papy; Akil-Bandali, Prince; Kacita, Cris; Ponga-Museme, Ange; Mapenzi-Kashali, Nelson; Amuri-Aziza, Adrienne; Muyembe-Mawete, Francisca; Lumembe-Numbi, Raphael; Kabamba-Lungenyi, Gabriel; Tshiani-Mbaya, Olivier; Paku-Tshambu, Princesse; Dantas, Pedro Hlf; DeBlock, Tessa; Lokilo-Lofiko, Emmanuel; Muswamba-Kayembe, Chloe; Makangara-Cigolo, Jean-Claude; Luakanda-Ndelemo, Gradi; Kelvin, David J.; Pratt, Catherine; Ayouba, Ahidjo; Tessema, Sofonias; Mauro, Antonio R.; Hensley, Lisa E.; Delaporte, Eric; Mwamba, Dieudonne; Subissi, Lorenzo; Liesenborghs, Laurens; Hoff, Nicole A.; Peeters, Martine; Low, Nicola; Ahuka-Mundeke, Steve; Muyembe-Tamfum, Jean-Jacques; Rimoin, Anne W.; Kindrachuk, Jason; Vercauteren, Koen; Rambaut, Andrew; Mbala-Kingebeni, Placide"
PP_0013HPX,Ia,None,Democratic Republic of the Congo,Kinshasa,2024-11-04,188823,0.895628495656892,2025-02-04,"Wawina-Bokalanga, Tony; Merritt, Sydney; Kinganda-Lusamaki, Eddy; Jansen, Daan; Halbrook, Megan; OToole, Aine; Pukuta-Simbu, Elisabeth; Muyamuna, Elise; Hasivirwe Vakaniaki, Emmanuel; Ola-Mpumbe, Rilia; Kwete-Mbokama, Papy; Akil-Bandali, Prince; Kacita, Cris; Ponga-Museme, Ange; Mapenzi-Kashali, Nelson; Amuri-Aziza, Adrienne; Muyembe-Mawete, Francisca; Lumembe-Numbi, Raphael; Kabamba-Lungenyi, Gabriel; Tshiani-Mbaya, Olivier; Paku-Tshambu, Princesse; Dantas, Pedro Hlf; DeBlock, Tessa; Lokilo-Lofiko, Emmanuel; Muswamba-Kayembe, Chloe; Makangara-Cigolo, Jean-Claude; Luakanda-Ndelemo, Gradi; Kelvin, David J.; Pratt, Catherine; Ayouba, Ahidjo; Tessema, Sofonias; Mauro, Antonio R.; Hensley, Lisa E.; Delaporte, Eric; Mwamba, Dieudonne; Subissi, Lorenzo; Liesenborghs, Laurens; Hoff, Nicole A.; Peeters, Martine; Low, Nicola; Ahuka-Mundeke, Steve; Muyembe-Tamfum, Jean-Jacques; Rimoin, Anne W.; Kindrachuk, Jason; Vercauteren, Koen; Rambaut, Andrew; Mbala-Kingebeni, Placide"
PP_0013HQV,Ia,None,Democratic Republic of the Congo,Kinshasa,2024-11-04,189060,0.8903701149541856,2025-02-04,"Wawina-Bokalanga, Tony; Merritt, Sydney; Kinganda-Lusamaki, Eddy; Jansen, Daan; Halbrook, Megan; OToole, Aine; Pukuta-Simbu, Elisabeth; Muyamuna, Elise; Hasivirwe Vakaniaki, Emmanuel; Ola-Mpumbe, Rilia; Kwete-Mbokama, Papy; Akil-Bandali, Prince; Kacita, Cris; Ponga-Museme, Ange; Mapenzi-Kashali, Nelson; Amuri-Aziza, Adrienne; Muyembe-Mawete, Francisca; Lumembe-Numbi, Raphael; Kabamba-Lungenyi, Gabriel; Tshiani-Mbaya, Olivier; Paku-Tshambu, Princesse; Dantas, Pedro Hlf; DeBlock, Tessa; Lokilo-Lofiko, Emmanuel; Muswamba-Kayembe, Chloe; Makangara-Cigolo, Jean-Claude; Luakanda-Ndelemo, Gradi; Kelvin, David J.; Pratt, Catherine; Ayouba, Ahidjo; Tessema, Sofonias; Mauro, Antonio R.; Hensley, Lisa E.; Delaporte, Eric; Mwamba, Dieudonne; Subissi, Lorenzo; Liesenborghs, Laurens; Hoff, Nicole A.; Peeters, Martine; Low, Nicola; Ahuka-Mundeke, Steve; Muyembe-Tamfum, Jean-Jacques; Rimoin, Anne W.; Kindrachuk, Jason; Vercauteren, Koen; Rambaut, Andrew; Mbala-Kingebeni, Placide"
PP_0013HRT,Ib,A.1,Democratic Republic of the Congo,Kinshasa,2024-11-04,187115,0.710986821088287,2025-02-04,"Wawina-Bokalanga, Tony; Merritt, Sydney; Kinganda-Lusamaki, Eddy; Jansen, Daan; Halbrook, Megan; OToole, Aine; Pukuta-Simbu, Elisabeth; Muyamuna, Elise; Hasivirwe Vakaniaki, Emmanuel; Ola-Mpumbe, Rilia; Kwete-Mbokama, Papy; Akil-Bandali, Prince; Kacita, Cris; Ponga-Museme, Ange; Mapenzi-Kashali, Nelson; Amuri-Aziza, Adrienne; Muyembe-Mawete, Francisca; Lumembe-Numbi, Raphael; Kabamba-Lungenyi, Gabriel; Tshiani-Mbaya, Olivier; Paku-Tshambu, Princesse; Dantas, Pedro Hlf; DeBlock, Tessa; Lokilo-Lofiko, Emmanuel; Muswamba-Kayembe, Chloe; Makangara-Cigolo, Jean-Claude; Luakanda-Ndelemo, Gradi; Kelvin, David J.; Pratt, Catherine; Ayouba, Ahidjo; Tessema, Sofonias; Mauro, Antonio R.; Hensley, Lisa E.; Delaporte, Eric; Mwamba, Dieudonne; Subissi, Lorenzo; Liesenborghs, Laurens; Hoff, Nicole A.; Peeters, Martine; Low, Nicola; Ahuka-Mundeke, Steve; Muyembe-Tamfum, Jean-Jacques; Rimoin, Anne W.; Kindrachuk, Jason; Vercauteren, Koen; Rambaut, Andrew; Mbala-Kingebeni, Placide"
PP_0013HSR,Ia,None,Democratic Republic of the Congo,Kinshasa,2024-11-04,186999,0.6805875999574056,2025-02-04,"Wawina-Bokalanga, Tony; Merritt, Sydney; Kinganda-Lusamaki, Eddy; Jansen, Daan; Halbrook, Megan; OToole, Aine; Pukuta-Simbu, Elisabeth; Muyamuna, Elise; Hasivirwe Vakaniaki, Emmanuel; Ola-Mpumbe, Rilia; Kwete-Mbokama, Papy; Akil-Bandali, Prince; Kacita, Cris; Ponga-Museme, Ange; Mapenzi-Kashali, Nelson; Amuri-Aziza, Adrienne; Muyembe-Mawete, Francisca; Lumembe-Numbi, Raphael; Kabamba-Lungenyi, Gabriel; Tshiani-Mbaya, Olivier; Paku-Tshambu, Princesse; Dantas, Pedro Hlf; DeBlock, Tessa; Lokilo-Lofiko, Emmanuel; Muswamba-Kayembe, Chloe; Makangara-Cigolo, Jean-Claude; Luakanda-Ndelemo, Gradi; Kelvin, David J.; Pratt, Catherine; Ayouba, Ahidjo; Tessema, Sofonias; Mauro, Antonio R.; Hensley, Lisa E.; Delaporte, Eric; Mwamba, Dieudonne; Subissi, Lorenzo; Liesenborghs, Laurens; Hoff, Nicole A.; Peeters, Martine; Low, Nicola; Ahuka-Mundeke, Steve; Muyembe-Tamfum, Jean-Jacques; Rimoin, Anne W.; Kindrachuk, Jason; Vercauteren, Koen; Rambaut, Andrew; Mbala-Kingebeni, Placide"
PP_0013HTP,Ia,None,Democratic Republic of the Congo,Kinshasa,2024-11-04,189481,0.9142889016221368,2025-02-04,"Wawina-Bokalanga, Tony; Merritt, Sydney; Kinganda-Lusamaki, Eddy; Jansen, Daan; Halbrook, Megan; OToole, Aine; Pukuta-Simbu, Elisabeth; Muyamuna, Elise; Hasivirwe Vakaniaki, Emmanuel; Ola-Mpumbe, Rilia; Kwete-Mbokama, Papy; Akil-Bandali, Prince; Kacita, Cris; Ponga-Museme, Ange; Mapenzi-Kashali, Nelson; Amuri-Aziza, Adrienne; Muyembe-Mawete, Francisca; Lumembe-Numbi, Raphael; Kabamba-Lungenyi, Gabriel; Tshiani-Mbaya, Olivier; Paku-Tshambu, Princesse; Dantas, Pedro Hlf; DeBlock, Tessa; Lokilo-Lofiko, Emmanuel; Muswamba-Kayembe, Chloe; Makangara-Cigolo, Jean-Claude; Luakanda-Ndelemo, Gradi; Kelvin, David J.; Pratt, Catherine; Ayouba, Ahidjo; Tessema, Sofonias; Mauro, Antonio R.; Hensley, Lisa E.; Delaporte, Eric; Mwamba, Dieudonne; Subissi, Lorenzo; Liesenborghs, Laurens; Hoff, Nicole A.; Peeters, Martine; Low, Nicola; Ahuka-Mundeke, Steve; Muyembe-Tamfum, Jean-Jacques; Rimoin, Anne W.; Kindrachuk, Jason; Vercauteren, Koen; Rambaut, Andrew; Mbala-Kingebeni, Placide"
PP_0013HUM,Ia,None,Democratic Republic of the Congo,Kinshasa,2024-11-04,189076,0.8689005065691728,2025-02-04,"Wawina-Bokalanga, Tony; Merritt, Sydney; Kinganda-Lusamaki, Eddy; Jansen, Daan; Halbrook, Megan; OToole, Aine; Pukuta-Simbu, Elisabeth; Muyamuna, Elise; Hasivirwe Vakaniaki, Emmanuel; Ola-Mpumbe, Rilia; Kwete-Mbokama, Papy; Akil-Bandali, Prince; Kacita, Cris; Ponga-Museme, Ange; Mapenzi-Kashali, Nelson; Amuri-Aziza, Adrienne; Muyembe-Mawete, Francisca; Lumembe-Numbi, Raphael; Kabamba-Lungenyi, Gabriel; Tshiani-Mbaya, Olivier; Paku-Tshambu, Princesse; Dantas, Pedro Hlf; DeBlock, Tessa; Lokilo-Lofiko, Emmanuel; Muswamba-Kayembe, Chloe; Makangara-Cigolo, Jean-Claude; Luakanda-Ndelemo, Gradi; Kelvin, David J.; Pratt, Catherine; Ayouba, Ahidjo; Tessema, Sofonias; Mauro, Antonio R.; Hensley, Lisa E.; Delaporte, Eric; Mwamba, Dieudonne; Subissi, Lorenzo; Liesenborghs, Laurens; Hoff, Nicole A.; Peeters, Martine; Low, Nicola; Ahuka-Mundeke, Steve; Muyembe-Tamfum, Jean-Jacques; Rimoin, Anne W.; Kindrachuk, Jason; Vercauteren, Koen; Rambaut, Andrew; Mbala-Kingebeni, Placide"
PP_0013HVK,Ia,None,Democratic Republic of the Congo,Kinshasa,2024-11-04,189007,0.9310274886034612,2025-02-04,"Wawina-Bokalanga, Tony; Merritt, Sydney; Kinganda-Lusamaki, Eddy; Jansen, Daan; Halbrook, Megan; OToole, Aine; Pukuta-Simbu, Elisabeth; Muyamuna, Elise; Hasivirwe Vakaniaki, Emmanuel; Ola-Mpumbe, Rilia; Kwete-Mbokama, Papy; Akil-Bandali, Prince; Kacita, Cris; Ponga-Museme, Ange; Mapenzi-Kashali, Nelson; Amuri-Aziza, Adrienne; Muyembe-Mawete, Francisca; Lumembe-Numbi, Raphael; Kabamba-Lungenyi, Gabriel; Tshiani-Mbaya, Olivier; Paku-Tshambu, Princesse; Dantas, Pedro Hlf; DeBlock, Tessa; Lokilo-Lofiko, Emmanuel; Muswamba-Kayembe, Chloe; Makangara-Cigolo, Jean-Claude; Luakanda-Ndelemo, Gradi; Kelvin, David J.; Pratt, Catherine; Ayouba, Ahidjo; Tessema, Sofonias; Mauro, Antonio R.; Hensley, Lisa E.; Delaporte, Eric; Mwamba, Dieudonne; Subissi, Lorenzo; Liesenborghs, Laurens; Hoff, Nicole A.; Peeters, Martine; Low, Nicola; Ahuka-Mundeke, Steve; Muyembe-Tamfum, Jean-Jacques; Rimoin, Anne W.; Kindrachuk, Jason; Vercauteren, Koen; Rambaut, Andrew; Mbala-Kingebeni, Placide"
PP_0013HWH,Ia,None,Democratic Republic of the Congo,Kinshasa,2024-11-04,186999,0.7004345643454406,2025-02-04,"Wawina-Bokalanga, Tony; Merritt, Sydney; Kinganda-Lusamaki, Eddy; Jansen, Daan; Halbrook, Megan; OToole, Aine; Pukuta-Simbu, Elisabeth; Muyamuna, Elise; Hasivirwe Vakaniaki, Emmanuel; Ola-Mpumbe, Rilia; Kwete-Mbokama, Papy; Akil-Bandali, Prince; Kacita, Cris; Ponga-Museme, Ange; Mapenzi-Kashali, Nelson; Amuri-Aziza, Adrienne; Muyembe-Mawete, Francisca; Lumembe-Numbi, Raphael; Kabamba-Lungenyi, Gabriel; Tshiani-Mbaya, Olivier; Paku-Tshambu, Princesse; Dantas, Pedro Hlf; DeBlock, Tessa; Lokilo-Lofiko, Emmanuel; Muswamba-Kayembe, Chloe; Makangara-Cigolo, Jean-Claude; Luakanda-Ndelemo, Gradi; Kelvin, David J.; Pratt, Catherine; Ayouba, Ahidjo; Tessema, Sofonias; Mauro, Antonio R.; Hensley, Lisa E.; Delaporte, Eric; Mwamba, Dieudonne; Subissi, Lorenzo; Liesenborghs, Laurens; Hoff, Nicole A.; Peeters, Martine; Low, Nicola; Ahuka-Mundeke, Steve; Muyembe-Tamfum, Jean-Jacques; Rimoin, Anne W.; Kindrachuk, Jason; Vercauteren, Koen; Rambaut, Andrew; Mbala-Kingebeni, Placide"
PP_0013HXF,Ia,None,Democratic Republic of the Congo,Kinshasa,2024-11-04,187015,0.6496813025774686,2025-02-04,"Wawina-Bokalanga, Tony; Merritt, Sydney; Kinganda-Lusamaki, Eddy; Jansen, Daan; Halbrook, Megan; OToole, Aine; Pukuta-Simbu, Elisabeth; Muyamuna, Elise; Hasivirwe Vakaniaki, Emmanuel; Ola-Mpumbe, Rilia; Kwete-Mbokama, Papy; Akil-Bandali, Prince; Kacita, Cris; Ponga-Museme, Ange; Mapenzi-Kashali, Nelson; Amuri-Aziza, Adrienne; Muyembe-Mawete, Francisca; Lumembe-Numbi, Raphael; Kabamba-Lungenyi, Gabriel; Tshiani-Mbaya, Olivier; Paku-Tshambu, Princesse; Dantas, Pedro Hlf; DeBlock, Tessa; Lokilo-Lofiko, Emmanuel; Muswamba-Kayembe, Chloe; Makangara-Cigolo, Jean-Claude; Luakanda-Ndelemo, Gradi; Kelvin, David J.; Pratt, Catherine; Ayouba, Ahidjo; Tessema, Sofonias; Mauro, Antonio R.; Hensley, Lisa E.; Delaporte, Eric; Mwamba, Dieudonne; Subissi, Lorenzo; Liesenborghs, Laurens; Hoff, Nicole A.; Peeters, Martine; Low, Nicola; Ahuka-Mundeke, Steve; Muyembe-Tamfum, Jean-Jacques; Rimoin, Anne W.; Kindrachuk, Jason; Vercauteren, Koen; Rambaut, Andrew; Mbala-Kingebeni, Placide"
PP_0013HYD,Ia,None,Democratic Republic of the Congo,Kinshasa,2024-11-05,187013,0.704663580262564,2025-02-04,"Wawina-Bokalanga, Tony; Merritt, Sydney; Kinganda-Lusamaki, Eddy; Jansen, Daan; Halbrook, Megan; OToole, Aine; Pukuta-Simbu, Elisabeth; Muyamuna, Elise; Hasivirwe Vakaniaki, Emmanuel; Ola-Mpumbe, Rilia; Kwete-Mbokama, Papy; Akil-Bandali, Prince; Kacita, Cris; Ponga-Museme, Ange; Mapenzi-Kashali, Nelson; Amuri-Aziza, Adrienne; Muyembe-Mawete, Francisca; Lumembe-Numbi, Raphael; Kabamba-Lungenyi, Gabriel; Tshiani-Mbaya, Olivier; Paku-Tshambu, Princesse; Dantas, Pedro Hlf; DeBlock, Tessa; Lokilo-Lofiko, Emmanuel; Muswamba-Kayembe, Chloe; Makangara-Cigolo, Jean-Claude; Luakanda-Ndelemo, Gradi; Kelvin, David J.; Pratt, Catherine; Ayouba, Ahidjo; Tessema, Sofonias; Mauro, Antonio R.; Hensley, Lisa E.; Delaporte, Eric; Mwamba, Dieudonne; Subissi, Lorenzo; Liesenborghs, Laurens; Hoff, Nicole A.; Peeters, Martine; Low, Nicola; Ahuka-Mundeke, Steve; Muyembe-Tamfum, Jean-Jacques; Rimoin, Anne W.; Kindrachuk, Jason; Vercauteren, Koen; Rambaut, Andrew; Mbala-Kingebeni, Placide"
PP_0013HZB,Ia,None,Democratic Republic of the Congo,Kinshasa,2024-11-05,187013,0.723815850189393,2025-02-04,"Wawina-Bokalanga, Tony; Merritt, Sydney; Kinganda-Lusamaki, Eddy; Jansen, Daan; Halbrook, Megan; OToole, Aine; Pukuta-Simbu, Elisabeth; Muyamuna, Elise; Hasivirwe Vakaniaki, Emmanuel; Ola-Mpumbe, Rilia; Kwete-Mbokama, Papy; Akil-Bandali, Prince; Kacita, Cris; Ponga-Museme, Ange; Mapenzi-Kashali, Nelson; Amuri-Aziza, Adrienne; Muyembe-Mawete, Francisca; Lumembe-Numbi, Raphael; Kabamba-Lungenyi, Gabriel; Tshiani-Mbaya, Olivier; Paku-Tshambu, Princesse; Dantas, Pedro Hlf; DeBlock, Tessa; Lokilo-Lofiko, Emmanuel; Muswamba-Kayembe, Chloe; Makangara-Cigolo, Jean-Claude; Luakanda-Ndelemo, Gradi; Kelvin, David J.; Pratt, Catherine; Ayouba, Ahidjo; Tessema, Sofonias; Mauro, Antonio R.; Hensley, Lisa E.; Delaporte, Eric; Mwamba, Dieudonne; Subissi, Lorenzo; Liesenborghs, Laurens; Hoff, Nicole A.; Peeters, Martine; Low, Nicola; Ahuka-Mundeke, Steve; Muyembe-Tamfum, Jean-Jacques; Rimoin, Anne W.; Kindrachuk, Jason; Vercauteren, Koen; Rambaut, Andrew; Mbala-Kingebeni, Placide"
PP_0013J09,Ia,None,Democratic Republic of the Congo,Kinshasa,2024-11-05,187015,0.7051960103240724,2025-02-04,"Wawina-Bokalanga, Tony; Merritt, Sydney; Kinganda-Lusamaki, Eddy; Jansen, Daan; Halbrook, Megan; OToole, Aine; Pukuta-Simbu, Elisabeth; Muyamuna, Elise; Hasivirwe Vakaniaki, Emmanuel; Ola-Mpumbe, Rilia; Kwete-Mbokama, Papy; Akil-Bandali, Prince; Kacita, Cris; Ponga-Museme, Ange; Mapenzi-Kashali, Nelson; Amuri-Aziza, Adrienne; Muyembe-Mawete, Francisca; Lumembe-Numbi, Raphael; Kabamba-Lungenyi, Gabriel; Tshiani-Mbaya, Olivier; Paku-Tshambu, Princesse; Dantas, Pedro Hlf; DeBlock, Tessa; Lokilo-Lofiko, Emmanuel; Muswamba-Kayembe, Chloe; Makangara-Cigolo, Jean-Claude; Luakanda-Ndelemo, Gradi; Kelvin, David J.; Pratt, Catherine; Ayouba, Ahidjo; Tessema, Sofonias; Mauro, Antonio R.; Hensley, Lisa E.; Delaporte, Eric; Mwamba, Dieudonne; Subissi, Lorenzo; Liesenborghs, Laurens; Hoff, Nicole A.; Peeters, Martine; Low, Nicola; Ahuka-Mundeke, Steve; Muyembe-Tamfum, Jean-Jacques; Rimoin, Anne W.; Kindrachuk, Jason; Vercauteren, Koen; Rambaut, Andrew; Mbala-Kingebeni, Placide"
PP_0013J17,Ia,None,Democratic Republic of the Congo,Kinshasa,2024-11-04,186998,0.6683315670177324,2025-02-04,"Wawina-Bokalanga, Tony; Merritt, Sydney; Kinganda-Lusamaki, Eddy; Jansen, Daan; Halbrook, Megan; OToole, Aine; Pukuta-Simbu, Elisabeth; Muyamuna, Elise; Hasivirwe Vakaniaki, Emmanuel; Ola-Mpumbe, Rilia; Kwete-Mbokama, Papy; Akil-Bandali, Prince; Kacita, Cris; Ponga-Museme, Ange; Mapenzi-Kashali, Nelson; Amuri-Aziza, Adrienne; Muyembe-Mawete, Francisca; Lumembe-Numbi, Raphael; Kabamba-Lungenyi, Gabriel; Tshiani-Mbaya, Olivier; Paku-Tshambu, Princesse; Dantas, Pedro Hlf; DeBlock, Tessa; Lokilo-Lofiko, Emmanuel; Muswamba-Kayembe, Chloe; Makangara-Cigolo, Jean-Claude; Luakanda-Ndelemo, Gradi; Kelvin, David J.; Pratt, Catherine; Ayouba, Ahidjo; Tessema, Sofonias; Mauro, Antonio R.; Hensley, Lisa E.; Delaporte, Eric; Mwamba, Dieudonne; Subissi, Lorenzo; Liesenborghs, Laurens; Hoff, Nicole A.; Peeters, Martine; Low, Nicola; Ahuka-Mundeke, Steve; Muyembe-Tamfum, Jean-Jacques; Rimoin, Anne W.; Kindrachuk, Jason; Vercauteren, Koen; Rambaut, Andrew; Mbala-Kingebeni, Placide"
PP_0013J25,Ia,None,Democratic Republic of the Congo,Kinshasa,2024-11-05,189205,0.8371778164282563,2025-02-04,"Wawina-Bokalanga, Tony; Merritt, Sydney; Kinganda-Lusamaki, Eddy; Jansen, Daan; Halbrook, Megan; OToole, Aine; Pukuta-Simbu, Elisabeth; Muyamuna, Elise; Hasivirwe Vakaniaki, Emmanuel; Ola-Mpumbe, Rilia; Kwete-Mbokama, Papy; Akil-Bandali, Prince; Kacita, Cris; Ponga-Museme, Ange; Mapenzi-Kashali, Nelson; Amuri-Aziza, Adrienne; Muyembe-Mawete, Francisca; Lumembe-Numbi, Raphael; Kabamba-Lungenyi, Gabriel; Tshiani-Mbaya, Olivier; Paku-Tshambu, Princesse; Dantas, Pedro Hlf; DeBlock, Tessa; Lokilo-Lofiko, Emmanuel; Muswamba-Kayembe, Chloe; Makangara-Cigolo, Jean-Claude; Luakanda-Ndelemo, Gradi; Kelvin, David J.; Pratt, Catherine; Ayouba, Ahidjo; Tessema, Sofonias; Mauro, Antonio R.; Hensley, Lisa E.; Delaporte, Eric; Mwamba, Dieudonne; Subissi, Lorenzo; Liesenborghs, Laurens; Hoff, Nicole A.; Peeters, Martine; Low, Nicola; Ahuka-Mundeke, Steve; Muyembe-Tamfum, Jean-Jacques; Rimoin, Anne W.; Kindrachuk, Jason; Vercauteren, Koen; Rambaut, Andrew; Mbala-Kingebeni, Placide"
PP_0013J33,Ia,None,Democratic Republic of the Congo,Kinshasa,2024-11-05,187018,0.6982237118995583,2025-02-04,"Wawina-Bokalanga, Tony; Merritt, Sydney; Kinganda-Lusamaki, Eddy; Jansen, Daan; Halbrook, Megan; OToole, Aine; Pukuta-Simbu, Elisabeth; Muyamuna, Elise; Hasivirwe Vakaniaki, Emmanuel; Ola-Mpumbe, Rilia; Kwete-Mbokama, Papy; Akil-Bandali, Prince; Kacita, Cris; Ponga-Museme, Ange; Mapenzi-Kashali, Nelson; Amuri-Aziza, Adrienne; Muyembe-Mawete, Francisca; Lumembe-Numbi, Raphael; Kabamba-Lungenyi, Gabriel; Tshiani-Mbaya, Olivier; Paku-Tshambu, Princesse; Dantas, Pedro Hlf; DeBlock, Tessa; Lokilo-Lofiko, Emmanuel; Muswamba-Kayembe, Chloe; Makangara-Cigolo, Jean-Claude; Luakanda-Ndelemo, Gradi; Kelvin, David J.; Pratt, Catherine; Ayouba, Ahidjo; Tessema, Sofonias; Mauro, Antonio R.; Hensley, Lisa E.; Delaporte, Eric; Mwamba, Dieudonne; Subissi, Lorenzo; Liesenborghs, Laurens; Hoff, Nicole A.; Peeters, Martine; Low, Nicola; Ahuka-Mundeke, Steve; Muyembe-Tamfum, Jean-Jacques; Rimoin, Anne W.; Kindrachuk, Jason; Vercauteren, Koen; Rambaut, Andrew; Mbala-Kingebeni, Placide"
PP_0013J41,Ia,None,Democratic Republic of the Congo,Kinshasa,2024-11-01,189263,0.8563452986425569,2025-02-04,"Wawina-Bokalanga, Tony; Merritt, Sydney; Kinganda-Lusamaki, Eddy; Jansen, Daan; Halbrook, Megan; OToole, Aine; Pukuta-Simbu, Elisabeth; Muyamuna, Elise; Hasivirwe Vakaniaki, Emmanuel; Ola-Mpumbe, Rilia; Kwete-Mbokama, Papy; Akil-Bandali, Prince; Kacita, Cris; Ponga-Museme, Ange; Mapenzi-Kashali, Nelson; Amuri-Aziza, Adrienne; Muyembe-Mawete, Francisca; Lumembe-Numbi, Raphael; Kabamba-Lungenyi, Gabriel; Tshiani-Mbaya, Olivier; Paku-Tshambu, Princesse; Dantas, Pedro Hlf; DeBlock, Tessa; Lokilo-Lofiko, Emmanuel; Muswamba-Kayembe, Chloe; Makangara-Cigolo, Jean-Claude; Luakanda-Ndelemo, Gradi; Kelvin, David J.; Pratt, Catherine; Ayouba, Ahidjo; Tessema, Sofonias; Mauro, Antonio R.; Hensley, Lisa E.; Delaporte, Eric; Mwamba, Dieudonne; Subissi, Lorenzo; Liesenborghs, Laurens; Hoff, Nicole A.; Peeters, Martine; Low, Nicola; Ahuka-Mundeke, Steve; Muyembe-Tamfum, Jean-Jacques; Rimoin, Anne W.; Kindrachuk, Jason; Vercauteren, Koen; Rambaut, Andrew; Mbala-Kingebeni, Placide"
PP_0013J5Z,Ia,None,Democratic Republic of the Congo,Kinshasa,2024-11-01,189694,0.9038684847040448,2025-02-04,"Wawina-Bokalanga, Tony; Merritt, Sydney; Kinganda-Lusamaki, Eddy; Jansen, Daan; Halbrook, Megan; OToole, Aine; Pukuta-Simbu, Elisabeth; Muyamuna, Elise; Hasivirwe Vakaniaki, Emmanuel; Ola-Mpumbe, Rilia; Kwete-Mbokama, Papy; Akil-Bandali, Prince; Kacita, Cris; Ponga-Museme, Ange; Mapenzi-Kashali, Nelson; Amuri-Aziza, Adrienne; Muyembe-Mawete, Francisca; Lumembe-Numbi, Raphael; Kabamba-Lungenyi, Gabriel; Tshiani-Mbaya, Olivier; Paku-Tshambu, Princesse; Dantas, Pedro Hlf; DeBlock, Tessa; Lokilo-Lofiko, Emmanuel; Muswamba-Kayembe, Chloe; Makangara-Cigolo, Jean-Claude; Luakanda-Ndelemo, Gradi; Kelvin, David J.; Pratt, Catherine; Ayouba, Ahidjo; Tessema, Sofonias; Mauro, Antonio R.; Hensley, Lisa E.; Delaporte, Eric; Mwamba, Dieudonne; Subissi, Lorenzo; Liesenborghs, Laurens; Hoff, Nicole A.; Peeters, Martine; Low, Nicola; Ahuka-Mundeke, Steve; Muyembe-Tamfum, Jean-Jacques; Rimoin, Anne W.; Kindrachuk, Jason; Vercauteren, Koen; Rambaut, Andrew; Mbala-Kingebeni, Placide"
PP_0013J6X,Ia,None,Democratic Republic of the Congo,Kinshasa,2024-11-05,188630,0.7606143735833557,2025-02-04,"Wawina-Bokalanga, Tony; Merritt, Sydney; Kinganda-Lusamaki, Eddy; Jansen, Daan; Halbrook, Megan; OToole, Aine; Pukuta-Simbu, Elisabeth; Muyamuna, Elise; Hasivirwe Vakaniaki, Emmanuel; Ola-Mpumbe, Rilia; Kwete-Mbokama, Papy; Akil-Bandali, Prince; Kacita, Cris; Ponga-Museme, Ange; Mapenzi-Kashali, Nelson; Amuri-Aziza, Adrienne; Muyembe-Mawete, Francisca; Lumembe-Numbi, Raphael; Kabamba-Lungenyi, Gabriel; Tshiani-Mbaya, Olivier; Paku-Tshambu, Princesse; Dantas, Pedro Hlf; DeBlock, Tessa; Lokilo-Lofiko, Emmanuel; Muswamba-Kayembe, Chloe; Makangara-Cigolo, Jean-Claude; Luakanda-Ndelemo, Gradi; Kelvin, David J.; Pratt, Catherine; Ayouba, Ahidjo; Tessema, Sofonias; Mauro, Antonio R.; Hensley, Lisa E.; Delaporte, Eric; Mwamba, Dieudonne; Subissi, Lorenzo; Liesenborghs, Laurens; Hoff, Nicole A.; Peeters, Martine; Low, Nicola; Ahuka-Mundeke, Steve; Muyembe-Tamfum, Jean-Jacques; Rimoin, Anne W.; Kindrachuk, Jason; Vercauteren, Koen; Rambaut, Andrew; Mbala-Kingebeni, Placide"
PP_0013J7V,Ia,None,Democratic Republic of the Congo,Kinshasa,2024-11-06,189001,0.8891379196689806,2025-02-04,"Wawina-Bokalanga, Tony; Merritt, Sydney; Kinganda-Lusamaki, Eddy; Jansen, Daan; Halbrook, Megan; OToole, Aine; Pukuta-Simbu, Elisabeth; Muyamuna, Elise; Hasivirwe Vakaniaki, Emmanuel; Ola-Mpumbe, Rilia; Kwete-Mbokama, Papy; Akil-Bandali, Prince; Kacita, Cris; Ponga-Museme, Ange; Mapenzi-Kashali, Nelson; Amuri-Aziza, Adrienne; Muyembe-Mawete, Francisca; Lumembe-Numbi, Raphael; Kabamba-Lungenyi, Gabriel; Tshiani-Mbaya, Olivier; Paku-Tshambu, Princesse; Dantas, Pedro Hlf; DeBlock, Tessa; Lokilo-Lofiko, Emmanuel; Muswamba-Kayembe, Chloe; Makangara-Cigolo, Jean-Claude; Luakanda-Ndelemo, Gradi; Kelvin, David J.; Pratt, Catherine; Ayouba, Ahidjo; Tessema, Sofonias; Mauro, Antonio R.; Hensley, Lisa E.; Delaporte, Eric; Mwamba, Dieudonne; Subissi, Lorenzo; Liesenborghs, Laurens; Hoff, Nicole A.; Peeters, Martine; Low, Nicola; Ahuka-Mundeke, Steve; Muyembe-Tamfum, Jean-Jacques; Rimoin, Anne W.; Kindrachuk, Jason; Vercauteren, Koen; Rambaut, Andrew; Mbala-Kingebeni, Placide"
PP_0013J8T,Ia,None,Democratic Republic of the Congo,Kinshasa,2024-11-06,188936,0.75547769118042285,2025-02-04,"Wawina-Bokalanga, Tony; Merritt, Sydney; Kinganda-Lusamaki, Eddy; Jansen, Daan; Halbrook, Megan; OToole, Aine; Pukuta-Simbu, Elisabeth; Muyamuna, Elise; Hasivirwe Vakaniaki, Emmanuel; Ola-Mpumbe, Rilia; Kwete-Mbokama, Papy; Akil-Bandali, Prince; Kacita, Cris; Ponga-Museme, Ange; Mapenzi-Kashali, Nelson; Amuri-Aziza, Adrienne; Muyembe-Mawete, Francisca; Lumembe-Numbi, Raphael; Kabamba-Lungenyi, Gabriel; Tshiani-Mbaya, Olivier; Paku-Tshambu, Princesse; Dantas, Pedro Hlf; DeBlock, Tessa; Lokilo-Lofiko, Emmanuel; Muswamba-Kayembe, Chloe; Makangara-Cigolo, Jean-Claude; Luakanda-Ndelemo, Gradi; Kelvin, David J.; Pratt, Catherine; Ayouba, Ahidjo; Tessema, Sofonias; Mauro, Antonio R.; Hensley, Lisa E.; Delaporte, Eric; Mwamba, Dieudonne; Subissi, Lorenzo; Liesenborghs, Laurens; Hoff, Nicole A.; Peeters, Martine; Low, Nicola; Ahuka-Mundeke, Steve; Muyembe-Tamfum, Jean-Jacques; Rimoin, Anne W.; Kindrachuk, Jason; Vercauteren, Koen; Rambaut, Andrew; Mbala-Kingebeni, Placide"
PP_0013J9R,Ib,A,Democratic Republic of the Congo,Kinshasa,2024-11-05,186845,0.6838075341389085,2025-02-04,"Wawina-Bokalanga, Tony; Merritt, Sydney; Kinganda-Lusamaki, Eddy; Jansen, Daan; Halbrook, Megan; OToole, Aine; Pukuta-Simbu, Elisabeth; Muyamuna, Elise; Hasivirwe Vakaniaki, Emmanuel; Ola-Mpumbe, Rilia; Kwete-Mbokama, Papy; Akil-Bandali, Prince; Kacita, Cris; Ponga-Museme, Ange; Mapenzi-Kashali, Nelson; Amuri-Aziza, Adrienne; Muyembe-Mawete, Francisca; Lumembe-Numbi, Raphael; Kabamba-Lungenyi, Gabriel; Tshiani-Mbaya, Olivier; Paku-Tshambu, Princesse; Dantas, Pedro Hlf; DeBlock, Tessa; Lokilo-Lofiko, Emmanuel; Muswamba-Kayembe, Chloe; Makangara-Cigolo, Jean-Claude; Luakanda-Ndelemo, Gradi; Kelvin, David J.; Pratt, Catherine; Ayouba, Ahidjo; Tessema, Sofonias; Mauro, Antonio R.; Hensley, Lisa E.; Delaporte, Eric; Mwamba, Dieudonne; Subissi, Lorenzo; Liesenborghs, Laurens; Hoff, Nicole A.; Peeters, Martine; Low, Nicola; Ahuka-Mundeke, Steve; Muyembe-Tamfum, Jean-Jacques; Rimoin, Anne W.; Kindrachuk, Jason; Vercauteren, Koen; Rambaut, Andrew; Mbala-Kingebeni, Placide"
PP_0013JAP,Ia,None,Democratic Republic of the Congo,Kinshasa,2024-11-05,188743,0.8943253096968191,2025-02-04,"Wawina-Bokalanga, Tony; Merritt, Sydney; Kinganda-Lusamaki, Eddy; Jansen, Daan; Halbrook, Megan; OToole, Aine; Pukuta-Simbu, Elisabeth; Muyamuna, Elise; Hasivirwe Vakaniaki, Emmanuel; Ola-Mpumbe, Rilia; Kwete-Mbokama, Papy; Akil-Bandali, Prince; Kacita, Cris; Ponga-Museme, Ange; Mapenzi-Kashali, Nelson; Amuri-Aziza, Adrienne; Muyembe-Mawete, Francisca; Lumembe-Numbi, Raphael; Kabamba-Lungenyi, Gabriel; Tshiani-Mbaya, Olivier; Paku-Tshambu, Princesse; Dantas, Pedro Hlf; DeBlock, Tessa; Lokilo-Lofiko, Emmanuel; Muswamba-Kayembe, Chloe; Makangara-Cigolo, Jean-Claude; Luakanda-Ndelemo, Gradi; Kelvin, David J.; Pratt, Catherine; Ayouba, Ahidjo; Tessema, Sofonias; Mauro, Antonio R.; Hensley, Lisa E.; Delaporte, Eric; Mwamba, Dieudonne; Subissi, Lorenzo; Liesenborghs, Laurens; Hoff, Nicole A.; Peeters, Martine; Low, Nicola; Ahuka-Mundeke, Steve; Muyembe-Tamfum, Jean-Jacques; Rimoin, Anne W.; Kindrachuk, Jason; Vercauteren, Koen; Rambaut, Andrew; Mbala-Kingebeni, Placide"
PP_0013JBM,Ia,None,Democratic Republic of the Congo,Kinshasa,2024-11-05,188486,0.8204493709719131,2025-02-04,"Wawina-Bokalanga, Tony; Merritt, Sydney; Kinganda-Lusamaki, Eddy; Jansen, Daan; Halbrook, Megan; OToole, Aine; Pukuta-Simbu, Elisabeth; Muyamuna, Elise; Hasivirwe Vakaniaki, Emmanuel; Ola-Mpumbe, Rilia; Kwete-Mbokama, Papy; Akil-Bandali, Prince; Kacita, Cris; Ponga-Museme, Ange; Mapenzi-Kashali, Nelson; Amuri-Aziza, Adrienne; Muyembe-Mawete, Francisca; Lumembe-Numbi, Raphael; Kabamba-Lungenyi, Gabriel; Tshiani-Mbaya, Olivier; Paku-Tshambu, Princesse; Dantas, Pedro Hlf; DeBlock, Tessa; Lokilo-Lofiko, Emmanuel; Muswamba-Kayembe, Chloe; Makangara-Cigolo, Jean-Claude; Luakanda-Ndelemo, Gradi; Kelvin, David J.; Pratt, Catherine; Ayouba, Ahidjo; Tessema, Sofonias; Mauro, Antonio R.; Hensley, Lisa E.; Delaporte, Eric; Mwamba, Dieudonne; Subissi, Lorenzo; Liesenborghs, Laurens; Hoff, Nicole A.; Peeters, Martine; Low, Nicola; Ahuka-Mundeke, Steve; Muyembe-Tamfum, Jean-Jacques; Rimoin, Anne W.; Kindrachuk, Jason; Vercauteren, Koen; Rambaut, Andrew; Mbala-Kingebeni, Placide"
PP_0013JCK,Ib,A.1,Democratic Republic of the Congo,Kinshasa,2024-11-05,185735,0.711488826574852,2025-02-04,"Wawina-Bokalanga, Tony; Merritt, Sydney; Kinganda-Lusamaki, Eddy; Jansen, Daan; Halbrook, Megan; OToole, Aine; Pukuta-Simbu, Elisabeth; Muyamuna, Elise; Hasivirwe Vakaniaki, Emmanuel; Ola-Mpumbe, Rilia; Kwete-Mbokama, Papy; Akil-Bandali, Prince; Kacita, Cris; Ponga-Museme, Ange; Mapenzi-Kashali, Nelson; Amuri-Aziza, Adrienne; Muyembe-Mawete, Francisca; Lumembe-Numbi, Raphael; Kabamba-Lungenyi, Gabriel; Tshiani-Mbaya, Olivier; Paku-Tshambu, Princesse; Dantas, Pedro Hlf; DeBlock, Tessa; Lokilo-Lofiko, Emmanuel; Muswamba-Kayembe, Chloe; Makangara-Cigolo, Jean-Claude; Luakanda-Ndelemo, Gradi; Kelvin, David J.; Pratt, Catherine; Ayouba, Ahidjo; Tessema, Sofonias; Mauro, Antonio R.; Hensley, Lisa E.; Delaporte, Eric; Mwamba, Dieudonne; Subissi, Lorenzo; Liesenborghs, Laurens; Hoff, Nicole A.; Peeters, Martine; Low, Nicola; Ahuka-Mundeke, Steve; Muyembe-Tamfum, Jean-Jacques; Rimoin, Anne W.; Kindrachuk, Jason; Vercauteren, Koen; Rambaut, Andrew; Mbala-Kingebeni, Placide"
PP_0013JDH,Ia,None,Democratic Republic of the Congo,Kinshasa,2024-11-05,189596,0.9231069575932132,2025-02-04,"Wawina-Bokalanga, Tony; Merritt, Sydney; Kinganda-Lusamaki, Eddy; Jansen, Daan; Halbrook, Megan; OToole, Aine; Pukuta-Simbu, Elisabeth; Muyamuna, Elise; Hasivirwe Vakaniaki, Emmanuel; Ola-Mpumbe, Rilia; Kwete-Mbokama, Papy; Akil-Bandali, Prince; Kacita, Cris; Ponga-Museme, Ange; Mapenzi-Kashali, Nelson; Amuri-Aziza, Adrienne; Muyembe-Mawete, Francisca; Lumembe-Numbi, Raphael; Kabamba-Lungenyi, Gabriel; Tshiani-Mbaya, Olivier; Paku-Tshambu, Princesse; Dantas, Pedro Hlf; DeBlock, Tessa; Lokilo-Lofiko, Emmanuel; Muswamba-Kayembe, Chloe; Makangara-Cigolo, Jean-Claude; Luakanda-Ndelemo, Gradi; Kelvin, David J.; Pratt, Catherine; Ayouba, Ahidjo; Tessema, Sofonias; Mauro, Antonio R.; Hensley, Lisa E.; Delaporte, Eric; Mwamba, Dieudonne; Subissi, Lorenzo; Liesenborghs, Laurens; Hoff, Nicole A.; Peeters, Martine; Low, Nicola; Ahuka-Mundeke, Steve; Muyembe-Tamfum, Jean-Jacques; Rimoin, Anne W.; Kindrachuk, Jason; Vercauteren, Koen; Rambaut, Andrew; Mbala-Kingebeni, Placide"
PP_0013JEF,Ia,None,Democratic Republic of the Congo,Haut-Uele,2024-10-22,189077,0.8982348675770375,2025-02-04,"Amuri-Aziza, Adrienne; Luakanda-Ndelemo, Gradi; Kinganda-Lusamaki, Eddy; Makangara-Cigolo, Jean-Claude; Kenye, Michel; Kavira, Sifa; Wawina-Bokalanga, Tony; Merritt, Sydney; Jansen, Daan; Halbrook, Megan; OToole, Aine; Pukuta-Simbu, Elisabeth; Hasivirwe Vakaniaki, Emmanuel; Ola-Mpumbe, Rilia; Kwete-Mbokama, Papy; Akil-Bandali, Prince; Kacita, Cris; Ponga-Museme, Ange; Mapenzi-Kashali, Nelson; Tshiani-Mbaya, Olivier; Paku-Tshambu, Princesse; Dantas, Pedro H. L. F.; De Block, Tessa; Lokilo-Lofiko, Emmanuel; Muswamba-Kayembe, Chloe; Kelvin, David J.; Pratt, Catherine; Ayouba, Ahidjo; Tessema, Sofonias; Mauro Rezende, Antonio; Hensley, Lisa E.; Delaporte, Eric; Mwamba, Dieudonne; Subissi, Lorenzo; Liesenborghs, Laurens; Hoff, Nicole A.; Peeters, Martine; Low, Nicola; Ahuka-Mundeke, Steve; Muyembe-Tamfum, Jean-Jacques; Rimoin, Anne W.; Kindrachuk, Jason; Vercauteren, Koen; Rambaut, Andrew; Mbala-Kingebeni, Placide"
PP_0013JFD,Ia,None,Democratic Republic of the Congo,Bas-Uele,2024-09-29,189233,0.9164744002555664,2025-02-04,"Amuri-Aziza, Adrienne; Luakanda-Ndelemo, Gradi; Kinganda-Lusamaki, Eddy; Makangara-Cigolo, Jean-Claude; Kenye, Michel; Kavira, Sifa; Wawina-Bokalanga, Tony; Merritt, Sydney; Jansen, Daan; Halbrook, Megan; OToole, Aine; Pukuta-Simbu, Elisabeth; Hasivirwe Vakaniaki, Emmanuel; Ola-Mpumbe, Rilia; Kwete-Mbokama, Papy; Akil-Bandali, Prince; Kacita, Cris; Ponga-Museme, Ange; Mapenzi-Kashali, Nelson; Tshiani-Mbaya, Olivier; Paku-Tshambu, Princesse; Dantas, Pedro H. L. F.; De Block, Tessa; Lokilo-Lofiko, Emmanuel; Muswamba-Kayembe, Chloe; Kelvin, David J.; Pratt, Catherine; Ayouba, Ahidjo; Tessema, Sofonias; Mauro Rezende, Antonio; Hensley, Lisa E.; Delaporte, Eric; Mwamba, Dieudonne; Subissi, Lorenzo; Liesenborghs, Laurens; Hoff, Nicole A.; Peeters, Martine; Low, Nicola; Ahuka-Mundeke, Steve; Muyembe-Tamfum, Jean-Jacques; Rimoin, Anne W.; Kindrachuk, Jason; Vercauteren, Koen; Rambaut, Andrew; Mbala-Kingebeni, Placide"
PP_0013JGB,Ia,None,Democratic Republic of the Congo,Bas-Uele,2024-09-22,189249,0.8958110431065519,2025-02-04,"Amuri-Aziza, Adrienne; Luakanda-Ndelemo, Gradi; Kinganda-Lusamaki, Eddy; Makangara-Cigolo, Jean-Claude; Kenye, Michel; Kavira, Sifa; Wawina-Bokalanga, Tony; Merritt, Sydney; Jansen, Daan; Halbrook, Megan; OToole, Aine; Pukuta-Simbu, Elisabeth; Hasivirwe Vakaniaki, Emmanuel; Ola-Mpumbe, Rilia; Kwete-Mbokama, Papy; Akil-Bandali, Prince; Kacita, Cris; Ponga-Museme, Ange; Mapenzi-Kashali, Nelson; Tshiani-Mbaya, Olivier; Paku-Tshambu, Princesse; Dantas, Pedro H. L. F.; De Block, Tessa; Lokilo-Lofiko, Emmanuel; Muswamba-Kayembe, Chloe; Kelvin, David J.; Pratt, Catherine; Ayouba, Ahidjo; Tessema, Sofonias; Mauro Rezende, Antonio; Hensley, Lisa E.; Delaporte, Eric; Mwamba, Dieudonne; Subissi, Lorenzo; Liesenborghs, Laurens; Hoff, Nicole A.; Peeters, Martine; Low, Nicola; Ahuka-Mundeke, Steve; Muyembe-Tamfum, Jean-Jacques; Rimoin, Anne W.; Kindrachuk, Jason; Vercauteren, Koen; Rambaut, Andrew; Mbala-Kingebeni, Placide"
PP_0013JH8,Ia,None,Democratic Republic of the Congo,Bas-Uele,2024-09-22,188297,0.7111693685379471,2025-02-04,"Amuri-Aziza, Adrienne; Luakanda-Ndelemo, Gradi; Kinganda-Lusamaki, Eddy; Makangara-Cigolo, Jean-Claude; Kenye, Michel; Kavira, Sifa; Wawina-Bokalanga, Tony; Merritt, Sydney; Jansen, Daan; Halbrook, Megan; OToole, Aine; Pukuta-Simbu, Elisabeth; Hasivirwe Vakaniaki, Emmanuel; Ola-Mpumbe, Rilia; Kwete-Mbokama, Papy; Akil-Bandali, Prince; Kacita, Cris; Ponga-Museme, Ange; Mapenzi-Kashali, Nelson; Tshiani-Mbaya, Olivier; Paku-Tshambu, Princesse; Dantas, Pedro H. L. F.; De Block, Tessa; Lokilo-Lofiko, Emmanuel; Muswamba-Kayembe, Chloe; Kelvin, David J.; Pratt, Catherine; Ayouba, Ahidjo; Tessema, Sofonias; Mauro Rezende, Antonio; Hensley, Lisa E.; Delaporte, Eric; Mwamba, Dieudonne; Subissi, Lorenzo; Liesenborghs, Laurens; Hoff, Nicole A.; Peeters, Martine; Low, Nicola; Ahuka-Mundeke, Steve; Muyembe-Tamfum, Jean-Jacques; Rimoin, Anne W.; Kindrachuk, Jason; Vercauteren, Koen; Rambaut, Andrew; Mbala-Kingebeni, Placide"
PP_0013JJ6,Ia,None,Democratic Republic of the Congo,Bas-Uele,2024-10-21,188843,0.8346982135703745,2025-02-04,"Amuri-Aziza, Adrienne; Luakanda-Ndelemo, Gradi; Kinganda-Lusamaki, Eddy; Makangara-Cigolo, Jean-Claude; Kenye, Michel; Kavira, Sifa; Wawina-Bokalanga, Tony; Merritt, Sydney; Jansen, Daan; Halbrook, Megan; OToole, Aine; Pukuta-Simbu, Elisabeth; Hasivirwe Vakaniaki, Emmanuel; Ola-Mpumbe, Rilia; Kwete-Mbokama, Papy; Akil-Bandali, Prince; Kacita, Cris; Ponga-Museme, Ange; Mapenzi-Kashali, Nelson; Tshiani-Mbaya, Olivier; Paku-Tshambu, Princesse; Dantas, Pedro H. L. F.; De Block, Tessa; Lokilo-Lofiko, Emmanuel; Muswamba-Kayembe, Chloe; Kelvin, David J.; Pratt, Catherine; Ayouba, Ahidjo; Tessema, Sofonias; Mauro Rezende, Antonio; Hensley, Lisa E.; Delaporte, Eric; Mwamba, Dieudonne; Subissi, Lorenzo; Liesenborghs, Laurens; Hoff, Nicole A.; Peeters, Martine; Low, Nicola; Ahuka-Mundeke, Steve; Muyembe-Tamfum, Jean-Jacques; Rimoin, Anne W.; Kindrachuk, Jason; Vercauteren, Koen; Rambaut, Andrew; Mbala-Kingebeni, Placide"
PP_0013JK4,Ia,None,Democratic Republic of the Congo,Bas-Uele,2024-10-22,189248,0.9107342971162574,2025-02-04,"Amuri-Aziza, Adrienne; Luakanda-Ndelemo, Gradi; Kinganda-Lusamaki, Eddy; Makangara-Cigolo, Jean-Claude; Kenye, Michel; Kavira, Sifa; Wawina-Bokalanga, Tony; Merritt, Sydney; Jansen, Daan; Halbrook, Megan; OToole, Aine; Pukuta-Simbu, Elisabeth; Hasivirwe Vakaniaki, Emmanuel; Ola-Mpumbe, Rilia; Kwete-Mbokama, Papy; Akil-Bandali, Prince; Kacita, Cris; Ponga-Museme, Ange; Mapenzi-Kashali, Nelson; Tshiani-Mbaya, Olivier; Paku-Tshambu, Princesse; Dantas, Pedro H. L. F.; De Block, Tessa; Lokilo-Lofiko, Emmanuel; Muswamba-Kayembe, Chloe; Kelvin, David J.; Pratt, Catherine; Ayouba, Ahidjo; Tessema, Sofonias; Mauro Rezende, Antonio; Hensley, Lisa E.; Delaporte, Eric; Mwamba, Dieudonne; Subissi, Lorenzo; Liesenborghs, Laurens; Hoff, Nicole A.; Peeters, Martine; Low, Nicola; Ahuka-Mundeke, Steve; Muyembe-Tamfum, Jean-Jacques; Rimoin, Anne W.; Kindrachuk, Jason; Vercauteren, Koen; Rambaut, Andrew; Mbala-Kingebeni, Placide"
PP_0013JL2,Ia,None,Democratic Republic of the Congo,Bas-Uele,2024-10-02,188649,0.8416806535198698,2025-02-04,"Amuri-Aziza, Adrienne; Luakanda-Ndelemo, Gradi; Kinganda-Lusamaki, Eddy; Makangara-Cigolo, Jean-Claude; Kenye, Michel; Kavira, Sifa; Wawina-Bokalanga, Tony; Merritt, Sydney; Jansen, Daan; Halbrook, Megan; OToole, Aine; Pukuta-Simbu, Elisabeth; Hasivirwe Vakaniaki, Emmanuel; Ola-Mpumbe, Rilia; Kwete-Mbokama, Papy; Akil-Bandali, Prince; Kacita, Cris; Ponga-Museme, Ange; Mapenzi-Kashali, Nelson; Tshiani-Mbaya, Olivier; Paku-Tshambu, Princesse; Dantas, Pedro H. L. F.; De Block, Tessa; Lokilo-Lofiko, Emmanuel; Muswamba-Kayembe, Chloe; Kelvin, David J.; Pratt, Catherine; Ayouba, Ahidjo; Tessema, Sofonias; Mauro Rezende, Antonio; Hensley, Lisa E.; Delaporte, Eric; Mwamba, Dieudonne; Subissi, Lorenzo; Liesenborghs, Laurens; Hoff, Nicole A.; Peeters, Martine; Low, Nicola; Ahuka-Mundeke, Steve; Muyembe-Tamfum, Jean-Jacques; Rimoin, Anne W.; Kindrachuk, Jason; Vercauteren, Koen; Rambaut, Andrew; Mbala-Kingebeni, Placide"
PP_0013JM0,Ia,None,Democratic Republic of the Congo,Kinshasa,2024-11-06,187015,0.5912306233488329,2025-02-04,"Wawina-Bokalanga, Tony; Merritt, Sydney; Kinganda-Lusamaki, Eddy; Jansen, Daan; Halbrook, Megan; OToole, Aine; Pukuta-Simbu, Elisabeth; Muyamuna, Elise; Hasivirwe Vakaniaki, Emmanuel; Ola-Mpumbe, Rilia; Kwete-Mbokama, Papy; Akil-Bandali, Prince; Kacita, Cris; Ponga-Museme, Ange; Mapenzi-Kashali, Nelson; Amuri-Aziza, Adrienne; Muyembe-Mawete, Francisca; Lumembe-Numbi, Raphael; Kabamba-Lungenyi, Gabriel; Tshiani-Mbaya, Olivier; Paku-Tshambu, Princesse; Dantas, Pedro Hlf; DeBlock, Tessa; Lokilo-Lofiko, Emmanuel; Muswamba-Kayembe, Chloe; Makangara-Cigolo, Jean-Claude; Luakanda-Ndelemo, Gradi; Kelvin, David J.; Pratt, Catherine; Ayouba, Ahidjo; Tessema, Sofonias; Mauro, Antonio R.; Hensley, Lisa E.; Delaporte, Eric; Mwamba, Dieudonne; Subissi, Lorenzo; Liesenborghs, Laurens; Hoff, Nicole A.; Peeters, Martine; Low, Nicola; Ahuka-Mundeke, Steve; Muyembe-Tamfum, Jean-Jacques; Rimoin, Anne W.; Kindrachuk, Jason; Vercauteren, Koen; Rambaut, Andrew; Mbala-Kingebeni, Placide"
PP_0013JNY,Ia,None,Democratic Republic of the Congo,Kinshasa,2024-11-07,188614,0.822675435705267,2025-02-04,"Wawina-Bokalanga, Tony; Merritt, Sydney; Kinganda-Lusamaki, Eddy; Jansen, Daan; Halbrook, Megan; OToole, Aine; Pukuta-Simbu, Elisabeth; Muyamuna, Elise; Hasivirwe Vakaniaki, Emmanuel; Ola-Mpumbe, Rilia; Kwete-Mbokama, Papy; Akil-Bandali, Prince; Kacita, Cris; Ponga-Museme, Ange; Mapenzi-Kashali, Nelson; Amuri-Aziza, Adrienne; Muyembe-Mawete, Francisca; Lumembe-Numbi, Raphael; Kabamba-Lungenyi, Gabriel; Tshiani-Mbaya, Olivier; Paku-Tshambu, Princesse; Dantas, Pedro Hlf; DeBlock, Tessa; Lokilo-Lofiko, Emmanuel; Muswamba-Kayembe, Chloe; Makangara-Cigolo, Jean-Claude; Luakanda-Ndelemo, Gradi; Kelvin, David J.; Pratt, Catherine; Ayouba, Ahidjo; Tessema, Sofonias; Mauro, Antonio R.; Hensley, Lisa E.; Delaporte, Eric; Mwamba, Dieudonne; Subissi, Lorenzo; Liesenborghs, Laurens; Hoff, Nicole A.; Peeters, Martine; Low, Nicola; Ahuka-Mundeke, Steve; Muyembe-Tamfum, Jean-Jacques; Rimoin, Anne W.; Kindrachuk, Jason; Vercauteren, Koen; Rambaut, Andrew; Mbala-Kingebeni, Placide"
PP_0013JPW,Ib,A.1,Democratic Republic of the Congo,Kinshasa,2024-11-07,188001,0.896039227418627,2025-02-04,"Wawina-Bokalanga, Tony; Merritt, Sydney; Kinganda-Lusamaki, Eddy; Jansen, Daan; Halbrook, Megan; OToole, Aine; Pukuta-Simbu, Elisabeth; Muyamuna, Elise; Hasivirwe Vakaniaki, Emmanuel; Ola-Mpumbe, Rilia; Kwete-Mbokama, Papy; Akil-Bandali, Prince; Kacita, Cris; Ponga-Museme, Ange; Mapenzi-Kashali, Nelson; Amuri-Aziza, Adrienne; Muyembe-Mawete, Francisca; Lumembe-Numbi, Raphael; Kabamba-Lungenyi, Gabriel; Tshiani-Mbaya, Olivier; Paku-Tshambu, Princesse; Dantas, Pedro Hlf; DeBlock, Tessa; Lokilo-Lofiko, Emmanuel; Muswamba-Kayembe, Chloe; Makangara-Cigolo, Jean-Claude; Luakanda-Ndelemo, Gradi; Kelvin, David J.; Pratt, Catherine; Ayouba, Ahidjo; Tessema, Sofonias; Mauro, Antonio R.; Hensley, Lisa E.; Delaporte, Eric; Mwamba, Dieudonne; Subissi, Lorenzo; Liesenborghs, Laurens; Hoff, Nicole A.; Peeters, Martine; Low, Nicola; Ahuka-Mundeke, Steve; Muyembe-Tamfum, Jean-Jacques; Rimoin, Anne W.; Kindrachuk, Jason; Vercauteren, Koen; Rambaut, Andrew; Mbala-Kingebeni, Placide"
PP_0013JQU,Ia,None,Democratic Republic of the Congo,Kinshasa,2024-11-07,189121,0.9169713349796408,2025-02-04,"Wawina-Bokalanga, Tony; Merritt, Sydney; Kinganda-Lusamaki, Eddy; Jansen, Daan; Halbrook, Megan; OToole, Aine; Pukuta-Simbu, Elisabeth; Muyamuna, Elise; Hasivirwe Vakaniaki, Emmanuel; Ola-Mpumbe, Rilia; Kwete-Mbokama, Papy; Akil-Bandali, Prince; Kacita, Cris; Ponga-Museme, Ange; Mapenzi-Kashali, Nelson; Amuri-Aziza, Adrienne; Muyembe-Mawete, Francisca; Lumembe-Numbi, Raphael; Kabamba-Lungenyi, Gabriel; Tshiani-Mbaya, Olivier; Paku-Tshambu, Princesse; Dantas, Pedro Hlf; DeBlock, Tessa; Lokilo-Lofiko, Emmanuel; Muswamba-Kayembe, Chloe; Makangara-Cigolo, Jean-Claude; Luakanda-Ndelemo, Gradi; Kelvin, David J.; Pratt, Catherine; Ayouba, Ahidjo; Tessema, Sofonias; Mauro, Antonio R.; Hensley, Lisa E.; Delaporte, Eric; Mwamba, Dieudonne; Subissi, Lorenzo; Liesenborghs, Laurens; Hoff, Nicole A.; Peeters, Martine; Low, Nicola; Ahuka-Mundeke, Steve; Muyembe-Tamfum, Jean-Jacques; Rimoin, Anne W.; Kindrachuk, Jason; Vercauteren, Koen; Rambaut, Andrew; Mbala-Kingebeni, Placide"
PP_0013JRS,Ia,None,Democratic Republic of the Congo,Kinshasa,2024-11-07,189269,0.9141114249349674,2025-02-04,"Wawina-Bokalanga, Tony; Merritt, Sydney; Kinganda-Lusamaki, Eddy; Jansen, Daan; Halbrook, Megan; OToole, Aine; Pukuta-Simbu, Elisabeth; Muyamuna, Elise; Hasivirwe Vakaniaki, Emmanuel; Ola-Mpumbe, Rilia; Kwete-Mbokama, Papy; Akil-Bandali, Prince; Kacita, Cris; Ponga-Museme, Ange; Mapenzi-Kashali, Nelson; Amuri-Aziza, Adrienne; Muyembe-Mawete, Francisca; Lumembe-Numbi, Raphael; Kabamba-Lungenyi, Gabriel; Tshiani-Mbaya, Olivier; Paku-Tshambu, Princesse; Dantas, Pedro Hlf; DeBlock, Tessa; Lokilo-Lofiko, Emmanuel; Muswamba-Kayembe, Chloe; Makangara-Cigolo, Jean-Claude; Luakanda-Ndelemo, Gradi; Kelvin, David J.; Pratt, Catherine; Ayouba, Ahidjo; Tessema, Sofonias; Mauro, Antonio R.; Hensley, Lisa E.; Delaporte, Eric; Mwamba, Dieudonne; Subissi, Lorenzo; Liesenborghs, Laurens; Hoff, Nicole A.; Peeters, Martine; Low, Nicola; Ahuka-Mundeke, Steve; Muyembe-Tamfum, Jean-Jacques; Rimoin, Anne W.; Kindrachuk, Jason; Vercauteren, Koen; Rambaut, Andrew; Mbala-Kingebeni, Placide"
PP_0013JSQ,Ia,None,Democratic Republic of the Congo,Kinshasa,2024-11-07,187027,0.6672261407947914,2025-02-04,"Wawina-Bokalanga, Tony; Merritt, Sydney; Kinganda-Lusamaki, Eddy; Jansen, Daan; Halbrook, Megan; OToole, Aine; Pukuta-Simbu, Elisabeth; Muyamuna, Elise; Hasivirwe Vakaniaki, Emmanuel; Ola-Mpumbe, Rilia; Kwete-Mbokama, Papy; Akil-Bandali, Prince; Kacita, Cris; Ponga-Museme, Ange; Mapenzi-Kashali, Nelson; Amuri-Aziza, Adrienne; Muyembe-Mawete, Francisca; Lumembe-Numbi, Raphael; Kabamba-Lungenyi, Gabriel; Tshiani-Mbaya, Olivier; Paku-Tshambu, Princesse; Dantas, Pedro Hlf; DeBlock, Tessa; Lokilo-Lofiko, Emmanuel; Muswamba-Kayembe, Chloe; Makangara-Cigolo, Jean-Claude; Luakanda-Ndelemo, Gradi; Kelvin, David J.; Pratt, Catherine; Ayouba, Ahidjo; Tessema, Sofonias; Mauro, Antonio R.; Hensley, Lisa E.; Delaporte, Eric; Mwamba, Dieudonne; Subissi, Lorenzo; Liesenborghs, Laurens; Hoff, Nicole A.; Peeters, Martine; Low, Nicola; Ahuka-Mundeke, Steve; Muyembe-Tamfum, Jean-Jacques; Rimoin, Anne W.; Kindrachuk, Jason; Vercauteren, Koen; Rambaut, Andrew; Mbala-Kingebeni, Placide"
PP_0013JTN,Ia,None,Democratic Republic of the Congo,Kinshasa,2024-11-07,189259,0.896358685455532,2025-02-04,"Wawina-Bokalanga, Tony; Merritt, Sydney; Kinganda-Lusamaki, Eddy; Jansen, Daan; Halbrook, Megan; OToole, Aine; Pukuta-Simbu, Elisabeth; Muyamuna, Elise; Hasivirwe Vakaniaki, Emmanuel; Ola-Mpumbe, Rilia; Kwete-Mbokama, Papy; Akil-Bandali, Prince; Kacita, Cris; Ponga-Museme, Ange; Mapenzi-Kashali, Nelson; Amuri-Aziza, Adrienne; Muyembe-Mawete, Francisca; Lumembe-Numbi, Raphael; Kabamba-Lungenyi, Gabriel; Tshiani-Mbaya, Olivier; Paku-Tshambu, Princesse; Dantas, Pedro Hlf; DeBlock, Tessa; Lokilo-Lofiko, Emmanuel; Muswamba-Kayembe, Chloe; Makangara-Cigolo, Jean-Claude; Luakanda-Ndelemo, Gradi; Kelvin, David J.; Pratt, Catherine; Ayouba, Ahidjo; Tessema, Sofonias; Mauro, Antonio R.; Hensley, Lisa E.; Delaporte, Eric; Mwamba, Dieudonne; Subissi, Lorenzo; Liesenborghs, Laurens; Hoff, Nicole A.; Peeters, Martine; Low, Nicola; Ahuka-Mundeke, Steve; Muyembe-Tamfum, Jean-Jacques; Rimoin, Anne W.; Kindrachuk, Jason; Vercauteren, Koen; Rambaut, Andrew; Mbala-Kingebeni, Placide"
PP_0013JUL,Ia,None,Democratic Republic of the Congo,Kinshasa,2024-11-07,189277,0.8541090923842218,2025-02-04,"Wawina-Bokalanga, Tony; Merritt, Sydney; Kinganda-Lusamaki, Eddy; Jansen, Daan; Halbrook, Megan; OToole, Aine; Pukuta-Simbu, Elisabeth; Muyamuna, Elise; Hasivirwe Vakaniaki, Emmanuel; Ola-Mpumbe, Rilia; Kwete-Mbokama, Papy; Akil-Bandali, Prince; Kacita, Cris; Ponga-Museme, Ange; Mapenzi-Kashali, Nelson; Amuri-Aziza, Adrienne; Muyembe-Mawete, Francisca; Lumembe-Numbi, Raphael; Kabamba-Lungenyi, Gabriel; Tshiani-Mbaya, Olivier; Paku-Tshambu, Princesse; Dantas, Pedro Hlf; DeBlock, Tessa; Lokilo-Lofiko, Emmanuel; Muswamba-Kayembe, Chloe; Makangara-Cigolo, Jean-Claude; Luakanda-Ndelemo, Gradi; Kelvin, David J.; Pratt, Catherine; Ayouba, Ahidjo; Tessema, Sofonias; Mauro, Antonio R.; Hensley, Lisa E.; Delaporte, Eric; Mwamba, Dieudonne; Subissi, Lorenzo; Liesenborghs, Laurens; Hoff, Nicole A.; Peeters, Martine; Low, Nicola; Ahuka-Mundeke, Steve; Muyembe-Tamfum, Jean-Jacques; Rimoin, Anne W.; Kindrachuk, Jason; Vercauteren, Koen; Rambaut, Andrew; Mbala-Kingebeni, Placide"
PP_0013JVJ,Ia,None,Democratic Republic of the Congo,Kinshasa,2024-11-08,189237,0.863363233929486,2025-02-04,"Wawina-Bokalanga, Tony; Merritt, Sydney; Kinganda-Lusamaki, Eddy; Jansen, Daan; Halbrook, Megan; OToole, Aine; Pukuta-Simbu, Elisabeth; Muyamuna, Elise; Hasivirwe Vakaniaki, Emmanuel; Ola-Mpumbe, Rilia; Kwete-Mbokama, Papy; Akil-Bandali, Prince; Kacita, Cris; Ponga-Museme, Ange; Mapenzi-Kashali, Nelson; Amuri-Aziza, Adrienne; Muyembe-Mawete, Francisca; Lumembe-Numbi, Raphael; Kabamba-Lungenyi, Gabriel; Tshiani-Mbaya, Olivier; Paku-Tshambu, Princesse; Dantas, Pedro Hlf; DeBlock, Tessa; Lokilo-Lofiko, Emmanuel; Muswamba-Kayembe, Chloe; Makangara-Cigolo, Jean-Claude; Luakanda-Ndelemo, Gradi; Kelvin, David J.; Pratt, Catherine; Ayouba, Ahidjo; Tessema, Sofonias; Mauro, Antonio R.; Hensley, Lisa E.; Delaporte, Eric; Mwamba, Dieudonne; Subissi, Lorenzo; Liesenborghs, Laurens; Hoff, Nicole A.; Peeters, Martine; Low, Nicola; Ahuka-Mundeke, Steve; Muyembe-Tamfum, Jean-Jacques; Rimoin, Anne W.; Kindrachuk, Jason; Vercauteren, Koen; Rambaut, Andrew; Mbala-Kingebeni, Placide"
PP_0013JWG,Ia,None,Democratic Republic of the Congo,Kinshasa,2024-11-06,187713,0.6198601483705105,2025-02-04,"Wawina-Bokalanga, Tony; Merritt, Sydney; Kinganda-Lusamaki, Eddy; Jansen, Daan; Halbrook, Megan; OToole, Aine; Pukuta-Simbu, Elisabeth; Muyamuna, Elise; Hasivirwe Vakaniaki, Emmanuel; Ola-Mpumbe, Rilia; Kwete-Mbokama, Papy; Akil-Bandali, Prince; Kacita, Cris; Ponga-Museme, Ange; Mapenzi-Kashali, Nelson; Amuri-Aziza, Adrienne; Muyembe-Mawete, Francisca; Lumembe-Numbi, Raphael; Kabamba-Lungenyi, Gabriel; Tshiani-Mbaya, Olivier; Paku-Tshambu, Princesse; Dantas, Pedro Hlf; DeBlock, Tessa; Lokilo-Lofiko, Emmanuel; Muswamba-Kayembe, Chloe; Makangara-Cigolo, Jean-Claude; Luakanda-Ndelemo, Gradi; Kelvin, David J.; Pratt, Catherine; Ayouba, Ahidjo; Tessema, Sofonias; Mauro, Antonio R.; Hensley, Lisa E.; Delaporte, Eric; Mwamba, Dieudonne; Subissi, Lorenzo; Liesenborghs, Laurens; Hoff, Nicole A.; Peeters, Martine; Low, Nicola; Ahuka-Mundeke, Steve; Muyembe-Tamfum, Jean-Jacques; Rimoin, Anne W.; Kindrachuk, Jason; Vercauteren, Koen; Rambaut, Andrew; Mbala-Kingebeni, Placide"
PP_0013JXE,Ib,A.1,Democratic Republic of the Congo,Kinshasa,2024-11-07,189205,0.8253680105877521,2025-02-04,"Wawina-Bokalanga, Tony; Merritt, Sydney; Kinganda-Lusamaki, Eddy; Jansen, Daan; Halbrook, Megan; OToole, Aine; Pukuta-Simbu, Elisabeth; Muyamuna, Elise; Hasivirwe Vakaniaki, Emmanuel; Ola-Mpumbe, Rilia; Kwete-Mbokama, Papy; Akil-Bandali, Prince; Kacita, Cris; Ponga-Museme, Ange; Mapenzi-Kashali, Nelson; Amuri-Aziza, Adrienne; Muyembe-Mawete, Francisca; Lumembe-Numbi, Raphael; Kabamba-Lungenyi, Gabriel; Tshiani-Mbaya, Olivier; Paku-Tshambu, Princesse; Dantas, Pedro Hlf; DeBlock, Tessa; Lokilo-Lofiko, Emmanuel; Muswamba-Kayembe, Chloe; Makangara-Cigolo, Jean-Claude; Luakanda-Ndelemo, Gradi; Kelvin, David J.; Pratt, Catherine; Ayouba, Ahidjo; Tessema, Sofonias; Mauro, Antonio R.; Hensley, Lisa E.; Delaporte, Eric; Mwamba, Dieudonne; Subissi, Lorenzo; Liesenborghs, Laurens; Hoff, Nicole A.; Peeters, Martine; Low, Nicola; Ahuka-Mundeke, Steve; Muyembe-Tamfum, Jean-Jacques; Rimoin, Anne W.; Kindrachuk, Jason; Vercauteren, Koen; Rambaut, Andrew; Mbala-Kingebeni, Placide"
PP_0013JYC,Ia,None,Democratic Republic of the Congo,Kongo-central,2024-10-24,189118,0.8544184088961457,2025-02-04,"Mbala-Kingebeni, Placide; Wawina-Bokalanga, Tony; Merritt, Sydney; Kinganda-Lusamaki, Eddy; Jansen, Daan; Halbrook, Megan; OToole, Aine; Pukuta-Simbu, Elisabeth; Hasivirwe Vakaniaki, Emmanuel; Ola-Mpumbe, Rilia; Kwete-Mbokama, Papy; Akil-Bandali, Prince; Kacita, Cris; Ponga-Museme, Ange; Mapenzi-Kashali, Nelson; Amuri-Aziza, Adrienne; Tshiani-Mbaya, Olivier; Paku-Tshambu, Princesse; Dantas, Pedro H. L. F.; De Block, Tessa; Lokilo-Lofiko, Emmanuel; Muswamba-Kayembe, Chloe; Makangara-Cigolo, Jean-Claude; Luakanda-Ndelemo, Gradi; Kelvin, David J.; Pratt, Catherine; Ayouba, Ahidjo; Tessema, Sofonias; Mauro Rezende, Antonio; Hensley, Lisa E.; Delaporte, Eric; Mwamba, Dieudonne; Subissi, Lorenzo; Liesenborghs, Laurens; Hoff, Nicole A.; Peeters, Martine; Low, Nicola; Rimoin, Anne W.; Kindrachuk, Jason; Vercauteren, Koen; Rambaut, Andrew; Ahuka-Mundeke, Steve; Muyembe-Tamfum, Jean-Jacques"
PP_0013JZA,Ia,None,Democratic Republic of the Congo,Kongo-central,2024-10-22,186551,0.6161686332773859,2025-02-04,"Mbala-Kingebeni, Placide; Wawina-Bokalanga, Tony; Merritt, Sydney; Kinganda-Lusamaki, Eddy; Jansen, Daan; Halbrook, Megan; OToole, Aine; Pukuta-Simbu, Elisabeth; Hasivirwe Vakaniaki, Emmanuel; Ola-Mpumbe, Rilia; Kwete-Mbokama, Papy; Akil-Bandali, Prince; Kacita, Cris; Ponga-Museme, Ange; Mapenzi-Kashali, Nelson; Amuri-Aziza, Adrienne; Tshiani-Mbaya, Olivier; Paku-Tshambu, Princesse; Dantas, Pedro H. L. F.; De Block, Tessa; Lokilo-Lofiko, Emmanuel; Muswamba-Kayembe, Chloe; Makangara-Cigolo, Jean-Claude; Luakanda-Ndelemo, Gradi; Kelvin, David J.; Pratt, Catherine; Ayouba, Ahidjo; Tessema, Sofonias; Mauro Rezende, Antonio; Hensley, Lisa E.; Delaporte, Eric; Mwamba, Dieudonne; Subissi, Lorenzo; Liesenborghs, Laurens; Hoff, Nicole A.; Peeters, Martine; Low, Nicola; Rimoin, Anne W.; Kindrachuk, Jason; Vercauteren, Koen; Rambaut, Andrew; Ahuka-Mundeke, Steve; Muyembe-Tamfum, Jean-Jacques"
PP_0013K08,Ia,None,Democratic Republic of the Congo,Kasai,2024-10-12,187012,0.6978890415751816,2025-02-04,"Amuri-Aziza, Adrienne; Luakanda-Ndelemo, Gradi; Kinganda-Lusamaki, Eddy; Makangara-Cigolo, Jean-Claude; Kenye, Michel; Kavira, Sifa; Wawina-Bokalanga, Tony; Merritt, Sydney; Jansen, Daan; Halbrook, Megan; OToole, Aine; Pukuta-Simbu, Elisabeth; Hasivirwe Vakaniaki, Emmanuel; Ola-Mpumbe, Rilia; Kwete-Mbokama, Papy; Akil-Bandali, Prince; Kacita, Cris; Ponga-Museme, Ange; Mapenzi-Kashali, Nelson; Tshiani-Mbaya, Olivier; Paku-Tshambu, Princesse; Dantas, Pedro H. L. F.; De Block, Tessa; Lokilo-Lofiko, Emmanuel; Muswamba-Kayembe, Chloe; Kelvin, David J.; Pratt, Catherine; Ayouba, Ahidjo; Tessema, Sofonias; Mauro Rezende, Antonio; Hensley, Lisa E.; Delaporte, Eric; Mwamba, Dieudonne; Subissi, Lorenzo; Liesenborghs, Laurens; Hoff, Nicole A.; Peeters, Martine; Low, Nicola; Ahuka-Mundeke, Steve; Muyembe-Tamfum, Jean-Jacques; Rimoin, Anne W.; Kindrachuk, Jason; Vercauteren, Koen; Rambaut, Andrew; Mbala-Kingebeni, Placide"
PP_0013K16,Ia,None,Democratic Republic of the Congo,Kasai,2024-11-06,189160,0.9243239405909468,2025-02-04,"Amuri-Aziza, Adrienne; Luakanda-Ndelemo, Gradi; Kinganda-Lusamaki, Eddy; Makangara-Cigolo, Jean-Claude; Kenye, Michel; Kavira, Sifa; Wawina-Bokalanga, Tony; Merritt, Sydney; Jansen, Daan; Halbrook, Megan; OToole, Aine; Pukuta-Simbu, Elisabeth; Hasivirwe Vakaniaki, Emmanuel; Ola-Mpumbe, Rilia; Kwete-Mbokama, Papy; Akil-Bandali, Prince; Kacita, Cris; Ponga-Museme, Ange; Mapenzi-Kashali, Nelson; Tshiani-Mbaya, Olivier; Paku-Tshambu, Princesse; Dantas, Pedro H. L. F.; De Block, Tessa; Lokilo-Lofiko, Emmanuel; Muswamba-Kayembe, Chloe; Kelvin, David J.; Pratt, Catherine; Ayouba, Ahidjo; Tessema, Sofonias; Mauro Rezende, Antonio; Hensley, Lisa E.; Delaporte, Eric; Mwamba, Dieudonne; Subissi, Lorenzo; Liesenborghs, Laurens; Hoff, Nicole A.; Peeters, Martine; Low, Nicola; Ahuka-Mundeke, Steve; Muyembe-Tamfum, Jean-Jacques; Rimoin, Anne W.; Kindrachuk, Jason; Vercauteren, Koen; Rambaut, Andrew; Mbala-Kingebeni, Placide"
PP_0013K24,Ia,None,Democratic Republic of the Congo,Kinshasa,2024-11-08,188963,0.8710809344401118,2025-02-04,"Wawina-Bokalanga, Tony; Merritt, Sydney; Kinganda-Lusamaki, Eddy; Jansen, Daan; Halbrook, Megan; OToole, Aine; Pukuta-Simbu, Elisabeth; Muyamuna, Elise; Hasivirwe Vakaniaki, Emmanuel; Ola-Mpumbe, Rilia; Kwete-Mbokama, Papy; Akil-Bandali, Prince; Kacita, Cris; Ponga-Museme, Ange; Mapenzi-Kashali, Nelson; Amuri-Aziza, Adrienne; Muyembe-Mawete, Francisca; Lumembe-Numbi, Raphael; Kabamba-Lungenyi, Gabriel; Tshiani-Mbaya, Olivier; Paku-Tshambu, Princesse; Dantas, Pedro Hlf; DeBlock, Tessa; Lokilo-Lofiko, Emmanuel; Muswamba-Kayembe, Chloe; Makangara-Cigolo, Jean-Claude; Luakanda-Ndelemo, Gradi; Kelvin, David J.; Pratt, Catherine; Ayouba, Ahidjo; Tessema, Sofonias; Mauro, Antonio R.; Hensley, Lisa E.; Delaporte, Eric; Mwamba, Dieudonne; Subissi, Lorenzo; Liesenborghs, Laurens; Hoff, Nicole A.; Peeters, Martine; Low, Nicola; Ahuka-Mundeke, Steve; Muyembe-Tamfum, Jean-Jacques; Rimoin, Anne W.; Kindrachuk, Jason; Vercauteren, Koen; Rambaut, Andrew; Mbala-Kingebeni, Placide"
PP_0013K32,Ib,A,Democratic Republic of the Congo,Nord-Kivu,2024-07-27,195404,0.8300280413165728,2025-02-04,"Mukadi-Bamuleka, Daniel; Kinganda-Lusamaki, Eddy; Mulopo-Mukanya, Noella; Amuri-Aziza, Adrienne; OToole, Aine; Merritt, Sydney; Modadra-Madakpa, Brigitte; Mutombo, Guy N.; Vakaniaki, Emmanuel H.; Kacita, Cris; Lubambo, Gaston M.; Makangara-Cigolo, Jean-Claude; Ngimba, Michel; Lokilo-Lofiko, Emmanuel; Pukuta-Simbu, Elisabeth; Luakanda-Ndelemo, Gradi; Bodisa-Matamu, Tavia; Paluku-Kalimuli, Zephanie; Akil-Bandali, Prince; Kavira, Sifa; Muyembe-Mawete, Francisca; Guichet, Emilande; Jansen, Daan; Kavira-Kamaliro, Adele; Muhindo-Milonde, Emile; Mufungizi, Jeriel; Birindwa Hamisi, Yves; Kavunga, Hugo; Tshiani, Olivier; Nundu, Sabin S.; Liesenborghs, Laurens; Hoff, Nicole A.; Shongo, Robert; Ayouba, Ahidjo; Pilarowski, Genay; Kakule Mangolopa, Alain; Kiuka Ebondo, Amos; Low, Nicola; Souradet, Y. Shaw; Wilkinson, Sam; Kifle Tessema, Sofonias; Subissi, Lorenzo; Delaporte, Eric; Vercauteren, Koen; Wawina-Bokalanga, Tony; Rimoin, Anne W.; Hensley, Lisa E.; Peeters, Martine; Quick, Josh; Loman, Nicholas; Rambaut, Andrew; Muyembe-Tamfum, Jean-Jacques; Kindrachuk, Jason; Mbala-Kingebeni, Placide; Ahuka-Mundeke, Steve"
PP_0013K40,Ib,A,Democratic Republic of the Congo,Nord-Kivu,2024-07-27,192923,0.8745036991212368,2025-02-04,"Mukadi-Bamuleka, Daniel; Kinganda-Lusamaki, Eddy; Mulopo-Mukanya, Noella; Amuri-Aziza, Adrienne; OToole, Aine; Merritt, Sydney; Modadra-Madakpa, Brigitte; Mutombo, Guy N.; Vakaniaki, Emmanuel H.; Kacita, Cris; Lubambo, Gaston M.; Makangara-Cigolo, Jean-Claude; Ngimba, Michel; Lokilo-Lofiko, Emmanuel; Pukuta-Simbu, Elisabeth; Luakanda-Ndelemo, Gradi; Bodisa-Matamu, Tavia; Paluku-Kalimuli, Zephanie; Akil-Bandali, Prince; Kavira, Sifa; Muyembe-Mawete, Francisca; Guichet, Emilande; Jansen, Daan; Kavira-Kamaliro, Adele; Muhindo-Milonde, Emile; Mufungizi, Jeriel; Birindwa Hamisi, Yves; Kavunga, Hugo; Tshiani, Olivier; Nundu, Sabin S.; Liesenborghs, Laurens; Hoff, Nicole A.; Shongo, Robert; Ayouba, Ahidjo; Pilarowski, Genay; Kakule Mangolopa, Alain; Kiuka Ebondo, Amos; Low, Nicola; Souradet, Y. Shaw; Wilkinson, Sam; Kifle Tessema, Sofonias; Subissi, Lorenzo; Delaporte, Eric; Vercauteren, Koen; Wawina-Bokalanga, Tony; Rimoin, Anne W.; Hensley, Lisa E.; Peeters, Martine; Quick, Josh; Loman, Nicholas; Rambaut, Andrew; Muyembe-Tamfum, Jean-Jacques; Kindrachuk, Jason; Mbala-Kingebeni, Placide; Ahuka-Mundeke, Steve"
PP_0013K5Y,Ib,A,Democratic Republic of the Congo,Nord-Kivu,2024-07-30,194662,0.8459451647744272,2025-02-04,"Mukadi-Bamuleka, Daniel; Kinganda-Lusamaki, Eddy; Mulopo-Mukanya, Noella; Amuri-Aziza, Adrienne; OToole, Aine; Merritt, Sydney; Modadra-Madakpa, Brigitte; Mutombo, Guy N.; Vakaniaki, Emmanuel H.; Kacita, Cris; Lubambo, Gaston M.; Makangara-Cigolo, Jean-Claude; Ngimba, Michel; Lokilo-Lofiko, Emmanuel; Pukuta-Simbu, Elisabeth; Luakanda-Ndelemo, Gradi; Bodisa-Matamu, Tavia; Paluku-Kalimuli, Zephanie; Akil-Bandali, Prince; Kavira, Sifa; Muyembe-Mawete, Francisca; Guichet, Emilande; Jansen, Daan; Kavira-Kamaliro, Adele; Muhindo-Milonde, Emile; Mufungizi, Jeriel; Birindwa Hamisi, Yves; Kavunga, Hugo; Tshiani, Olivier; Nundu, Sabin S.; Liesenborghs, Laurens; Hoff, Nicole A.; Shongo, Robert; Ayouba, Ahidjo; Pilarowski, Genay; Kakule Mangolopa, Alain; Kiuka Ebondo, Amos; Low, Nicola; Souradet, Y. Shaw; Wilkinson, Sam; Kifle Tessema, Sofonias; Subissi, Lorenzo; Delaporte, Eric; Vercauteren, Koen; Wawina-Bokalanga, Tony; Rimoin, Anne W.; Hensley, Lisa E.; Peeters, Martine; Quick, Josh; Loman, Nicholas; Rambaut, Andrew; Muyembe-Tamfum, Jean-Jacques; Kindrachuk, Jason; Mbala-Kingebeni, Placide; Ahuka-Mundeke, Steve"
PP_0013K6W,Ib,A,Democratic Republic of the Congo,Nord-Kivu,2024-08-06,194172,0.8804871988600926,2025-02-04,"Mukadi-Bamuleka, Daniel; Kinganda-Lusamaki, Eddy; Mulopo-Mukanya, Noella; Amuri-Aziza, Adrienne; OToole, Aine; Merritt, Sydney; Modadra-Madakpa, Brigitte; Mutombo, Guy N.; Vakaniaki, Emmanuel H.; Kacita, Cris; Lubambo, Gaston M.; Makangara-Cigolo, Jean-Claude; Ngimba, Michel; Lokilo-Lofiko, Emmanuel; Pukuta-Simbu, Elisabeth; Luakanda-Ndelemo, Gradi; Bodisa-Matamu, Tavia; Paluku-Kalimuli, Zephanie; Akil-Bandali, Prince; Kavira, Sifa; Muyembe-Mawete, Francisca; Guichet, Emilande; Jansen, Daan; Kavira-Kamaliro, Adele; Muhindo-Milonde, Emile; Mufungizi, Jeriel; Birindwa Hamisi, Yves; Kavunga, Hugo; Tshiani, Olivier; Nundu, Sabin S.; Liesenborghs, Laurens; Hoff, Nicole A.; Shongo, Robert; Ayouba, Ahidjo; Pilarowski, Genay; Kakule Mangolopa, Alain; Kiuka Ebondo, Amos; Low, Nicola; Souradet, Y. Shaw; Wilkinson, Sam; Kifle Tessema, Sofonias; Subissi, Lorenzo; Delaporte, Eric; Vercauteren, Koen; Wawina-Bokalanga, Tony; Rimoin, Anne W.; Hensley, Lisa E.; Peeters, Martine; Quick, Josh; Loman, Nicholas; Rambaut, Andrew; Muyembe-Tamfum, Jean-Jacques; Kindrachuk, Jason; Mbala-Kingebeni, Placide; Ahuka-Mundeke, Steve"
PP_0013K7U,Ib,A,Democratic Republic of the Congo,Nord-Kivu,2024-08-06,195052,0.8307683726401939,2025-02-04,"Mukadi-Bamuleka, Daniel; Kinganda-Lusamaki, Eddy; Mulopo-Mukanya, Noella; Amuri-Aziza, Adrienne; OToole, Aine; Merritt, Sydney; Modadra-Madakpa, Brigitte; Mutombo, Guy N.; Vakaniaki, Emmanuel H.; Kacita, Cris; Lubambo, Gaston M.; Makangara-Cigolo, Jean-Claude; Ngimba, Michel; Lokilo-Lofiko, Emmanuel; Pukuta-Simbu, Elisabeth; Luakanda-Ndelemo, Gradi; Bodisa-Matamu, Tavia; Paluku-Kalimuli, Zephanie; Akil-Bandali, Prince; Kavira, Sifa; Muyembe-Mawete, Francisca; Guichet, Emilande; Jansen, Daan; Kavira-Kamaliro, Adele; Muhindo-Milonde, Emile; Mufungizi, Jeriel; Birindwa Hamisi, Yves; Kavunga, Hugo; Tshiani, Olivier; Nundu, Sabin S.; Liesenborghs, Laurens; Hoff, Nicole A.; Shongo, Robert; Ayouba, Ahidjo; Pilarowski, Genay; Kakule Mangolopa, Alain; Kiuka Ebondo, Amos; Low, Nicola; Souradet, Y. Shaw; Wilkinson, Sam; Kifle Tessema, Sofonias; Subissi, Lorenzo; Delaporte, Eric; Vercauteren, Koen; Wawina-Bokalanga, Tony; Rimoin, Anne W.; Hensley, Lisa E.; Peeters, Martine; Quick, Josh; Loman, Nicholas; Rambaut, Andrew; Muyembe-Tamfum, Jean-Jacques; Kindrachuk, Jason; Mbala-Kingebeni, Placide; Ahuka-Mundeke, Steve"
PP_0013K8S,Ib,A,Democratic Republic of the Congo,Nord-Kivu,2024-08-06,192861,0.8127823780861928,2025-02-04,"Mukadi-Bamuleka, Daniel; Kinganda-Lusamaki, Eddy; Mulopo-Mukanya, Noella; Amuri-Aziza, Adrienne; OToole, Aine; Merritt, Sydney; Modadra-Madakpa, Brigitte; Mutombo, Guy N.; Vakaniaki, Emmanuel H.; Kacita, Cris; Lubambo, Gaston M.; Makangara-Cigolo, Jean-Claude; Ngimba, Michel; Lokilo-Lofiko, Emmanuel; Pukuta-Simbu, Elisabeth; Luakanda-Ndelemo, Gradi; Bodisa-Matamu, Tavia; Paluku-Kalimuli, Zephanie; Akil-Bandali, Prince; Kavira, Sifa; Muyembe-Mawete, Francisca; Guichet, Emilande; Jansen, Daan; Kavira-Kamaliro, Adele; Muhindo-Milonde, Emile; Mufungizi, Jeriel; Birindwa Hamisi, Yves; Kavunga, Hugo; Tshiani, Olivier; Nundu, Sabin S.; Liesenborghs, Laurens; Hoff, Nicole A.; Shongo, Robert; Ayouba, Ahidjo; Pilarowski, Genay; Kakule Mangolopa, Alain; Kiuka Ebondo, Amos; Low, Nicola; Souradet, Y. Shaw; Wilkinson, Sam; Kifle Tessema, Sofonias; Subissi, Lorenzo; Delaporte, Eric; Vercauteren, Koen; Wawina-Bokalanga, Tony; Rimoin, Anne W.; Hensley, Lisa E.; Peeters, Martine; Quick, Josh; Loman, Nicholas; Rambaut, Andrew; Muyembe-Tamfum, Jean-Jacques; Kindrachuk, Jason; Mbala-Kingebeni, Placide; Ahuka-Mundeke, Steve"
PP_0013K9Q,Ib,A.5,Democratic Republic of the Congo,Nord-Kivu,2024-08-06,194994,0.8195467752485941,2025-02-04,"Mukadi-Bamuleka, Daniel; Kinganda-Lusamaki, Eddy; Mulopo-Mukanya, Noella; Amuri-Aziza, Adrienne; OToole, Aine; Merritt, Sydney; Modadra-Madakpa, Brigitte; Mutombo, Guy N.; Vakaniaki, Emmanuel H.; Kacita, Cris; Lubambo, Gaston M.; Makangara-Cigolo, Jean-Claude; Ngimba, Michel; Lokilo-Lofiko, Emmanuel; Pukuta-Simbu, Elisabeth; Luakanda-Ndelemo, Gradi; Bodisa-Matamu, Tavia; Paluku-Kalimuli, Zephanie; Akil-Bandali, Prince; Kavira, Sifa; Muyembe-Mawete, Francisca; Guichet, Emilande; Jansen, Daan; Kavira-Kamaliro, Adele; Muhindo-Milonde, Emile; Mufungizi, Jeriel; Birindwa Hamisi, Yves; Kavunga, Hugo; Tshiani, Olivier; Nundu, Sabin S.; Liesenborghs, Laurens; Hoff, Nicole A.; Shongo, Robert; Ayouba, Ahidjo; Pilarowski, Genay; Kakule Mangolopa, Alain; Kiuka Ebondo, Amos; Low, Nicola; Souradet, Y. Shaw; Wilkinson, Sam; Kifle Tessema, Sofonias; Subissi, Lorenzo; Delaporte, Eric; Vercauteren, Koen; Wawina-Bokalanga, Tony; Rimoin, Anne W.; Hensley, Lisa E.; Peeters, Martine; Quick, Josh; Loman, Nicholas; Rambaut, Andrew; Muyembe-Tamfum, Jean-Jacques; Kindrachuk, Jason; Mbala-Kingebeni, Placide; Ahuka-Mundeke, Steve"
PP_0013KAN,Ib,A,Democratic Republic of the Congo,Nord-Kivu,2024-06-15,193941,0.8376899634398024,2025-02-04,"Mukadi-Bamuleka, Daniel; Kinganda-Lusamaki, Eddy; Mulopo-Mukanya, Noella; Amuri-Aziza, Adrienne; OToole, Aine; Merritt, Sydney; Modadra-Madakpa, Brigitte; Mutombo, Guy N.; Vakaniaki, Emmanuel H.; Kacita, Cris; Lubambo, Gaston M.; Makangara-Cigolo, Jean-Claude; Ngimba, Michel; Lokilo-Lofiko, Emmanuel; Pukuta-Simbu, Elisabeth; Luakanda-Ndelemo, Gradi; Bodisa-Matamu, Tavia; Paluku-Kalimuli, Zephanie; Akil-Bandali, Prince; Kavira, Sifa; Muyembe-Mawete, Francisca; Guichet, Emilande; Jansen, Daan; Kavira-Kamaliro, Adele; Muhindo-Milonde, Emile; Mufungizi, Jeriel; Birindwa Hamisi, Yves; Kavunga, Hugo; Tshiani, Olivier; Nundu, Sabin S.; Liesenborghs, Laurens; Hoff, Nicole A.; Shongo, Robert; Ayouba, Ahidjo; Pilarowski, Genay; Kakule Mangolopa, Alain; Kiuka Ebondo, Amos; Low, Nicola; Souradet, Y. Shaw; Wilkinson, Sam; Kifle Tessema, Sofonias; Subissi, Lorenzo; Delaporte, Eric; Vercauteren, Koen; Wawina-Bokalanga, Tony; Rimoin, Anne W.; Hensley, Lisa E.; Peeters, Martine; Quick, Josh; Loman, Nicholas; Rambaut, Andrew; Muyembe-Tamfum, Jean-Jacques; Kindrachuk, Jason; Mbala-Kingebeni, Placide; Ahuka-Mundeke, Steve"
PP_0013KBL,Ib,A,Democratic Republic of the Congo,Nord-Kivu,2024-06-15,192860,0.8570247808162913,2025-02-04,"Mukadi-Bamuleka, Daniel; Kinganda-Lusamaki, Eddy; Mulopo-Mukanya, Noella; Amuri-Aziza, Adrienne; OToole, Aine; Merritt, Sydney; Modadra-Madakpa, Brigitte; Mutombo, Guy N.; Vakaniaki, Emmanuel H.; Kacita, Cris; Lubambo, Gaston M.; Makangara-Cigolo, Jean-Claude; Ngimba, Michel; Lokilo-Lofiko, Emmanuel; Pukuta-Simbu, Elisabeth; Luakanda-Ndelemo, Gradi; Bodisa-Matamu, Tavia; Paluku-Kalimuli, Zephanie; Akil-Bandali, Prince; Kavira, Sifa; Muyembe-Mawete, Francisca; Guichet, Emilande; Jansen, Daan; Kavira-Kamaliro, Adele; Muhindo-Milonde, Emile; Mufungizi, Jeriel; Birindwa Hamisi, Yves; Kavunga, Hugo; Tshiani, Olivier; Nundu, Sabin S.; Liesenborghs, Laurens; Hoff, Nicole A.; Shongo, Robert; Ayouba, Ahidjo; Pilarowski, Genay; Kakule Mangolopa, Alain; Kiuka Ebondo, Amos; Low, Nicola; Souradet, Y. Shaw; Wilkinson, Sam; Kifle Tessema, Sofonias; Subissi, Lorenzo; Delaporte, Eric; Vercauteren, Koen; Wawina-Bokalanga, Tony; Rimoin, Anne W.; Hensley, Lisa E.; Peeters, Martine; Quick, Josh; Loman, Nicholas; Rambaut, Andrew; Muyembe-Tamfum, Jean-Jacques; Kindrachuk, Jason; Mbala-Kingebeni, Placide; Ahuka-Mundeke, Steve"
PP_0013KCJ,Ib,A,Democratic Republic of the Congo,Nord-Kivu,2024-06-15,195482,0.9657368578513152,2025-02-04,"Mukadi-Bamuleka, Daniel; Kinganda-Lusamaki, Eddy; Mulopo-Mukanya, Noella; Amuri-Aziza, Adrienne; OToole, Aine; Merritt, Sydney; Modadra-Madakpa, Brigitte; Mutombo, Guy N.; Vakaniaki, Emmanuel H.; Kacita, Cris; Lubambo, Gaston M.; Makangara-Cigolo, Jean-Claude; Ngimba, Michel; Lokilo-Lofiko, Emmanuel; Pukuta-Simbu, Elisabeth; Luakanda-Ndelemo, Gradi; Bodisa-Matamu, Tavia; Paluku-Kalimuli, Zephanie; Akil-Bandali, Prince; Kavira, Sifa; Muyembe-Mawete, Francisca; Guichet, Emilande; Jansen, Daan; Kavira-Kamaliro, Adele; Muhindo-Milonde, Emile; Mufungizi, Jeriel; Birindwa Hamisi, Yves; Kavunga, Hugo; Tshiani, Olivier; Nundu, Sabin S.; Liesenborghs, Laurens; Hoff, Nicole A.; Shongo, Robert; Ayouba, Ahidjo; Pilarowski, Genay; Kakule Mangolopa, Alain; Kiuka Ebondo, Amos; Low, Nicola; Souradet, Y. Shaw; Wilkinson, Sam; Kifle Tessema, Sofonias; Subissi, Lorenzo; Delaporte, Eric; Vercauteren, Koen; Wawina-Bokalanga, Tony; Rimoin, Anne W.; Hensley, Lisa E.; Peeters, Martine; Quick, Josh; Loman, Nicholas; Rambaut, Andrew; Muyembe-Tamfum, Jean-Jacques; Kindrachuk, Jason; Mbala-Kingebeni, Placide; Ahuka-Mundeke, Steve"
PP_0013KDG,Ib,A,Democratic Republic of the Congo,Nord-Kivu,2024-06-15,195582,0.9671211760112368,2025-02-04,"Mukadi-Bamuleka, Daniel; Kinganda-Lusamaki, Eddy; Mulopo-Mukanya, Noella; Amuri-Aziza, Adrienne; OToole, Aine; Merritt, Sydney; Modadra-Madakpa, Brigitte; Mutombo, Guy N.; Vakaniaki, Emmanuel H.; Kacita, Cris; Lubambo, Gaston M.; Makangara-Cigolo, Jean-Claude; Ngimba, Michel; Lokilo-Lofiko, Emmanuel; Pukuta-Simbu, Elisabeth; Luakanda-Ndelemo, Gradi; Bodisa-Matamu, Tavia; Paluku-Kalimuli, Zephanie; Akil-Bandali, Prince; Kavira, Sifa; Muyembe-Mawete, Francisca; Guichet, Emilande; Jansen, Daan; Kavira-Kamaliro, Adele; Muhindo-Milonde, Emile; Mufungizi, Jeriel; Birindwa Hamisi, Yves; Kavunga, Hugo; Tshiani, Olivier; Nundu, Sabin S.; Liesenborghs, Laurens; Hoff, Nicole A.; Shongo, Robert; Ayouba, Ahidjo; Pilarowski, Genay; Kakule Mangolopa, Alain; Kiuka Ebondo, Amos; Low, Nicola; Souradet, Y. Shaw; Wilkinson, Sam; Kifle Tessema, Sofonias; Subissi, Lorenzo; Delaporte, Eric; Vercauteren, Koen; Wawina-Bokalanga, Tony; Rimoin, Anne W.; Hensley, Lisa E.; Peeters, Martine; Quick, Josh; Loman, Nicholas; Rambaut, Andrew; Muyembe-Tamfum, Jean-Jacques; Kindrachuk, Jason; Mbala-Kingebeni, Placide; Ahuka-Mundeke, Steve"
PP_0013KEE,Ib,A,Democratic Republic of the Congo,Nord-Kivu,2024-06-15,195322,0.9588304793391782,2025-02-04,"Mukadi-Bamuleka, Daniel; Kinganda-Lusamaki, Eddy; Mulopo-Mukanya, Noella; Amuri-Aziza, Adrienne; OToole, Aine; Merritt, Sydney; Modadra-Madakpa, Brigitte; Mutombo, Guy N.; Vakaniaki, Emmanuel H.; Kacita, Cris; Lubambo, Gaston M.; Makangara-Cigolo, Jean-Claude; Ngimba, Michel; Lokilo-Lofiko, Emmanuel; Pukuta-Simbu, Elisabeth; Luakanda-Ndelemo, Gradi; Bodisa-Matamu, Tavia; Paluku-Kalimuli, Zephanie; Akil-Bandali, Prince; Kavira, Sifa; Muyembe-Mawete, Francisca; Guichet, Emilande; Jansen, Daan; Kavira-Kamaliro, Adele; Muhindo-Milonde, Emile; Mufungizi, Jeriel; Birindwa Hamisi, Yves; Kavunga, Hugo; Tshiani, Olivier; Nundu, Sabin S.; Liesenborghs, Laurens; Hoff, Nicole A.; Shongo, Robert; Ayouba, Ahidjo; Pilarowski, Genay; Kakule Mangolopa, Alain; Kiuka Ebondo, Amos; Low, Nicola; Souradet, Y. Shaw; Wilkinson, Sam; Kifle Tessema, Sofonias; Subissi, Lorenzo; Delaporte, Eric; Vercauteren, Koen; Wawina-Bokalanga, Tony; Rimoin, Anne W.; Hensley, Lisa E.; Peeters, Martine; Quick, Josh; Loman, Nicholas; Rambaut, Andrew; Muyembe-Tamfum, Jean-Jacques; Kindrachuk, Jason; Mbala-Kingebeni, Placide; Ahuka-Mundeke, Steve"
PP_0013KFC,Ib,A,Democratic Republic of the Congo,Nord-Kivu,2024-06-15,196329,0.9091674315066756,2025-02-04,"Mukadi-Bamuleka, Daniel; Kinganda-Lusamaki, Eddy; Mulopo-Mukanya, Noella; Amuri-Aziza, Adrienne; OToole, Aine; Merritt, Sydney; Modadra-Madakpa, Brigitte; Mutombo, Guy N.; Vakaniaki, Emmanuel H.; Kacita, Cris; Lubambo, Gaston M.; Makangara-Cigolo, Jean-Claude; Ngimba, Michel; Lokilo-Lofiko, Emmanuel; Pukuta-Simbu, Elisabeth; Luakanda-Ndelemo, Gradi; Bodisa-Matamu, Tavia; Paluku-Kalimuli, Zephanie; Akil-Bandali, Prince; Kavira, Sifa; Muyembe-Mawete, Francisca; Guichet, Emilande; Jansen, Daan; Kavira-Kamaliro, Adele; Muhindo-Milonde, Emile; Mufungizi, Jeriel; Birindwa Hamisi, Yves; Kavunga, Hugo; Tshiani, Olivier; Nundu, Sabin S.; Liesenborghs, Laurens; Hoff, Nicole A.; Shongo, Robert; Ayouba, Ahidjo; Pilarowski, Genay; Kakule Mangolopa, Alain; Kiuka Ebondo, Amos; Low, Nicola; Souradet, Y. Shaw; Wilkinson, Sam; Kifle Tessema, Sofonias; Subissi, Lorenzo; Delaporte, Eric; Vercauteren, Koen; Wawina-Bokalanga, Tony; Rimoin, Anne W.; Hensley, Lisa E.; Peeters, Martine; Quick, Josh; Loman, Nicholas; Rambaut, Andrew; Muyembe-Tamfum, Jean-Jacques; Kindrachuk, Jason; Mbala-Kingebeni, Placide; Ahuka-Mundeke, Steve"
PP_0013KGA,Ib,A,Democratic Republic of the Congo,Nord-Kivu,2024-06-24,195589,0.6169140353634976,2025-02-04,"Mukadi-Bamuleka, Daniel; Kinganda-Lusamaki, Eddy; Mulopo-Mukanya, Noella; Amuri-Aziza, Adrienne; OToole, Aine; Merritt, Sydney; Modadra-Madakpa, Brigitte; Mutombo, Guy N.; Vakaniaki, Emmanuel H.; Kacita, Cris; Lubambo, Gaston M.; Makangara-Cigolo, Jean-Claude; Ngimba, Michel; Lokilo-Lofiko, Emmanuel; Pukuta-Simbu, Elisabeth; Luakanda-Ndelemo, Gradi; Bodisa-Matamu, Tavia; Paluku-Kalimuli, Zephanie; Akil-Bandali, Prince; Kavira, Sifa; Muyembe-Mawete, Francisca; Guichet, Emilande; Jansen, Daan; Kavira-Kamaliro, Adele; Muhindo-Milonde, Emile; Mufungizi, Jeriel; Birindwa Hamisi, Yves; Kavunga, Hugo; Tshiani, Olivier; Nundu, Sabin S.; Liesenborghs, Laurens; Hoff, Nicole A.; Shongo, Robert; Ayouba, Ahidjo; Pilarowski, Genay; Kakule Mangolopa, Alain; Kiuka Ebondo, Amos; Low, Nicola; Souradet, Y. Shaw; Wilkinson, Sam; Kifle Tessema, Sofonias; Subissi, Lorenzo; Delaporte, Eric; Vercauteren, Koen; Wawina-Bokalanga, Tony; Rimoin, Anne W.; Hensley, Lisa E.; Peeters, Martine; Quick, Josh; Loman, Nicholas; Rambaut, Andrew; Muyembe-Tamfum, Jean-Jacques; Kindrachuk, Jason; Mbala-Kingebeni, Placide; Ahuka-Mundeke, Steve"
PP_0013KH7,Ib,A,Democratic Republic of the Congo,Nord-Kivu,2024-06-24,194272,0.918989498450882,2025-02-04,"Mukadi-Bamuleka, Daniel; Kinganda-Lusamaki, Eddy; Mulopo-Mukanya, Noella; Amuri-Aziza, Adrienne; OToole, Aine; Merritt, Sydney; Modadra-Madakpa, Brigitte; Mutombo, Guy N.; Vakaniaki, Emmanuel H.; Kacita, Cris; Lubambo, Gaston M.; Makangara-Cigolo, Jean-Claude; Ngimba, Michel; Lokilo-Lofiko, Emmanuel; Pukuta-Simbu, Elisabeth; Luakanda-Ndelemo, Gradi; Bodisa-Matamu, Tavia; Paluku-Kalimuli, Zephanie; Akil-Bandali, Prince; Kavira, Sifa; Muyembe-Mawete, Francisca; Guichet, Emilande; Jansen, Daan; Kavira-Kamaliro, Adele; Muhindo-Milonde, Emile; Mufungizi, Jeriel; Birindwa Hamisi, Yves; Kavunga, Hugo; Tshiani, Olivier; Nundu, Sabin S.; Liesenborghs, Laurens; Hoff, Nicole A.; Shongo, Robert; Ayouba, Ahidjo; Pilarowski, Genay; Kakule Mangolopa, Alain; Kiuka Ebondo, Amos; Low, Nicola; Souradet, Y. Shaw; Wilkinson, Sam; Kifle Tessema, Sofonias; Subissi, Lorenzo; Delaporte, Eric; Vercauteren, Koen; Wawina-Bokalanga, Tony; Rimoin, Anne W.; Hensley, Lisa E.; Peeters, Martine; Quick, Josh; Loman, Nicholas; Rambaut, Andrew; Muyembe-Tamfum, Jean-Jacques; Kindrachuk, Jason; Mbala-Kingebeni, Placide; Ahuka-Mundeke, Steve"
PP_0013KJ5,Ib,A,Democratic Republic of the Congo,Nord-Kivu,2024-06-25,196412,0.743343356540523,2025-02-04,"Mukadi-Bamuleka, Daniel; Kinganda-Lusamaki, Eddy; Mulopo-Mukanya, Noella; Amuri-Aziza, Adrienne; OToole, Aine; Merritt, Sydney; Modadra-Madakpa, Brigitte; Mutombo, Guy N.; Vakaniaki, Emmanuel H.; Kacita, Cris; Lubambo, Gaston M.; Makangara-Cigolo, Jean-Claude; Ngimba, Michel; Lokilo-Lofiko, Emmanuel; Pukuta-Simbu, Elisabeth; Luakanda-Ndelemo, Gradi; Bodisa-Matamu, Tavia; Paluku-Kalimuli, Zephanie; Akil-Bandali, Prince; Kavira, Sifa; Muyembe-Mawete, Francisca; Guichet, Emilande; Jansen, Daan; Kavira-Kamaliro, Adele; Muhindo-Milonde, Emile; Mufungizi, Jeriel; Birindwa Hamisi, Yves; Kavunga, Hugo; Tshiani, Olivier; Nundu, Sabin S.; Liesenborghs, Laurens; Hoff, Nicole A.; Shongo, Robert; Ayouba, Ahidjo; Pilarowski, Genay; Kakule Mangolopa, Alain; Kiuka Ebondo, Amos; Low, Nicola; Souradet, Y. Shaw; Wilkinson, Sam; Kifle Tessema, Sofonias; Subissi, Lorenzo; Delaporte, Eric; Vercauteren, Koen; Wawina-Bokalanga, Tony; Rimoin, Anne W.; Hensley, Lisa E.; Peeters, Martine; Quick, Josh; Loman, Nicholas; Rambaut, Andrew; Muyembe-Tamfum, Jean-Jacques; Kindrachuk, Jason; Mbala-Kingebeni, Placide; Ahuka-Mundeke, Steve"
PP_0013KK3,Ib,A,Democratic Republic of the Congo,Sud-Kivu,2024-07-23,193958,0.9312607436780268,2025-02-04,"Mukadi-Bamuleka, Daniel; Kinganda-Lusamaki, Eddy; Mulopo-Mukanya, Noella; Amuri-Aziza, Adrienne; OToole, Aine; Merritt, Sydney; Modadra-Madakpa, Brigitte; Mutombo, Guy N.; Vakaniaki, Emmanuel H.; Kacita, Cris; Lubambo, Gaston M.; Makangara-Cigolo, Jean-Claude; Ngimba, Michel; Lokilo-Lofiko, Emmanuel; Pukuta-Simbu, Elisabeth; Luakanda-Ndelemo, Gradi; Bodisa-Matamu, Tavia; Paluku-Kalimuli, Zephanie; Akil-Bandali, Prince; Kavira, Sifa; Muyembe-Mawete, Francisca; Guichet, Emilande; Jansen, Daan; Kavira-Kamaliro, Adele; Muhindo-Milonde, Emile; Mufungizi, Jeriel; Birindwa Hamisi, Yves; Kavunga, Hugo; Tshiani, Olivier; Nundu, Sabin S.; Liesenborghs, Laurens; Hoff, Nicole A.; Shongo, Robert; Ayouba, Ahidjo; Pilarowski, Genay; Kakule Mangolopa, Alain; Kiuka Ebondo, Amos; Low, Nicola; Souradet, Y. Shaw; Wilkinson, Sam; Kifle Tessema, Sofonias; Subissi, Lorenzo; Delaporte, Eric; Vercauteren, Koen; Wawina-Bokalanga, Tony; Rimoin, Anne W.; Hensley, Lisa E.; Peeters, Martine; Quick, Josh; Loman, Nicholas; Rambaut, Andrew; Muyembe-Tamfum, Jean-Jacques; Kindrachuk, Jason; Mbala-Kingebeni, Placide; Ahuka-Mundeke, Steve"
PP_0013KL1,Ib,A,Democratic Republic of the Congo,Sud-Kivu,2024-07-23,189005,0.6359547485155342,2025-02-04,"Mukadi-Bamuleka, Daniel; Kinganda-Lusamaki, Eddy; Mulopo-Mukanya, Noella; Amuri-Aziza, Adrienne; OToole, Aine; Merritt, Sydney; Modadra-Madakpa, Brigitte; Mutombo, Guy N.; Vakaniaki, Emmanuel H.; Kacita, Cris; Lubambo, Gaston M.; Makangara-Cigolo, Jean-Claude; Ngimba, Michel; Lokilo-Lofiko, Emmanuel; Pukuta-Simbu, Elisabeth; Luakanda-Ndelemo, Gradi; Bodisa-Matamu, Tavia; Paluku-Kalimuli, Zephanie; Akil-Bandali, Prince; Kavira, Sifa; Muyembe-Mawete, Francisca; Guichet, Emilande; Jansen, Daan; Kavira-Kamaliro, Adele; Muhindo-Milonde, Emile; Mufungizi, Jeriel; Birindwa Hamisi, Yves; Kavunga, Hugo; Tshiani, Olivier; Nundu, Sabin S.; Liesenborghs, Laurens; Hoff, Nicole A.; Shongo, Robert; Ayouba, Ahidjo; Pilarowski, Genay; Kakule Mangolopa, Alain; Kiuka Ebondo, Amos; Low, Nicola; Souradet, Y. Shaw; Wilkinson, Sam; Kifle Tessema, Sofonias; Subissi, Lorenzo; Delaporte, Eric; Vercauteren, Koen; Wawina-Bokalanga, Tony; Rimoin, Anne W.; Hensley, Lisa E.; Peeters, Martine; Quick, Josh; Loman, Nicholas; Rambaut, Andrew; Muyembe-Tamfum, Jean-Jacques; Kindrachuk, Jason; Mbala-Kingebeni, Placide; Ahuka-Mundeke, Steve"
PP_0013KMZ,Ib,A,Democratic Republic of the Congo,Nord-Kivu,2024-07-04,190001,0.8249826326384698,2025-02-04,"Mukadi-Bamuleka, Daniel; Kinganda-Lusamaki, Eddy; Mulopo-Mukanya, Noella; Amuri-Aziza, Adrienne; OToole, Aine; Merritt, Sydney; Modadra-Madakpa, Brigitte; Mutombo, Guy N.; Vakaniaki, Emmanuel H.; Kacita, Cris; Lubambo, Gaston M.; Makangara-Cigolo, Jean-Claude; Ngimba, Michel; Lokilo-Lofiko, Emmanuel; Pukuta-Simbu, Elisabeth; Luakanda-Ndelemo, Gradi; Bodisa-Matamu, Tavia; Paluku-Kalimuli, Zephanie; Akil-Bandali, Prince; Kavira, Sifa; Muyembe-Mawete, Francisca; Guichet, Emilande; Jansen, Daan; Kavira-Kamaliro, Adele; Muhindo-Milonde, Emile; Mufungizi, Jeriel; Birindwa Hamisi, Yves; Kavunga, Hugo; Tshiani, Olivier; Nundu, Sabin S.; Liesenborghs, Laurens; Hoff, Nicole A.; Shongo, Robert; Ayouba, Ahidjo; Pilarowski, Genay; Kakule Mangolopa, Alain; Kiuka Ebondo, Amos; Low, Nicola; Souradet, Y. Shaw; Wilkinson, Sam; Kifle Tessema, Sofonias; Subissi, Lorenzo; Delaporte, Eric; Vercauteren, Koen; Wawina-Bokalanga, Tony; Rimoin, Anne W.; Hensley, Lisa E.; Peeters, Martine; Quick, Josh; Loman, Nicholas; Rambaut, Andrew; Muyembe-Tamfum, Jean-Jacques; Kindrachuk, Jason; Mbala-Kingebeni, Placide; Ahuka-Mundeke, Steve"
PP_0013KNX,Ib,A,Democratic Republic of the Congo,Nord-Kivu,2024-07-08,190060,0.8133452327226445,2025-02-04,"Mukadi-Bamuleka, Daniel; Kinganda-Lusamaki, Eddy; Mulopo-Mukanya, Noella; Amuri-Aziza, Adrienne; OToole, Aine; Merritt, Sydney; Modadra-Madakpa, Brigitte; Mutombo, Guy N.; Vakaniaki, Emmanuel H.; Kacita, Cris; Lubambo, Gaston M.; Makangara-Cigolo, Jean-Claude; Ngimba, Michel; Lokilo-Lofiko, Emmanuel; Pukuta-Simbu, Elisabeth; Luakanda-Ndelemo, Gradi; Bodisa-Matamu, Tavia; Paluku-Kalimuli, Zephanie; Akil-Bandali, Prince; Kavira, Sifa; Muyembe-Mawete, Francisca; Guichet, Emilande; Jansen, Daan; Kavira-Kamaliro, Adele; Muhindo-Milonde, Emile; Mufungizi, Jeriel; Birindwa Hamisi, Yves; Kavunga, Hugo; Tshiani, Olivier; Nundu, Sabin S.; Liesenborghs, Laurens; Hoff, Nicole A.; Shongo, Robert; Ayouba, Ahidjo; Pilarowski, Genay; Kakule Mangolopa, Alain; Kiuka Ebondo, Amos; Low, Nicola; Souradet, Y. Shaw; Wilkinson, Sam; Kifle Tessema, Sofonias; Subissi, Lorenzo; Delaporte, Eric; Vercauteren, Koen; Wawina-Bokalanga, Tony; Rimoin, Anne W.; Hensley, Lisa E.; Peeters, Martine; Quick, Josh; Loman, Nicholas; Rambaut, Andrew; Muyembe-Tamfum, Jean-Jacques; Kindrachuk, Jason; Mbala-Kingebeni, Placide; Ahuka-Mundeke, Steve"
PP_0013KPV,Ia,None,Democratic Republic of the Congo,Sud-Kivu,2023-11-17,195050,0.7010633388942695,2025-02-04,"Mukadi-Bamuleka, Daniel; Kinganda-Lusamaki, Eddy; Mulopo-Mukanya, Noella; Amuri-Aziza, Adrienne; OToole, Aine; Merritt, Sydney; Modadra-Madakpa, Brigitte; Mutombo, Guy N.; Vakaniaki, Emmanuel H.; Kacita, Cris; Lubambo, Gaston M.; Makangara-Cigolo, Jean-Claude; Ngimba, Michel; Lokilo-Lofiko, Emmanuel; Pukuta-Simbu, Elisabeth; Luakanda-Ndelemo, Gradi; Bodisa-Matamu, Tavia; Paluku-Kalimuli, Zephanie; Akil-Bandali, Prince; Kavira, Sifa; Muyembe-Mawete, Francisca; Guichet, Emilande; Jansen, Daan; Kavira-Kamaliro, Adele; Muhindo-Milonde, Emile; Mufungizi, Jeriel; Birindwa Hamisi, Yves; Kavunga, Hugo; Tshiani, Olivier; Nundu, Sabin S.; Liesenborghs, Laurens; Hoff, Nicole A.; Shongo, Robert; Ayouba, Ahidjo; Pilarowski, Genay; Kakule Mangolopa, Alain; Kiuka Ebondo, Amos; Low, Nicola; Souradet, Y. Shaw; Wilkinson, Sam; Kifle Tessema, Sofonias; Subissi, Lorenzo; Delaporte, Eric; Vercauteren, Koen; Wawina-Bokalanga, Tony; Rimoin, Anne W.; Hensley, Lisa E.; Peeters, Martine; Quick, Josh; Loman, Nicholas; Rambaut, Andrew; Muyembe-Tamfum, Jean-Jacques; Kindrachuk, Jason; Mbala-Kingebeni, Placide; Ahuka-Mundeke, Steve"
PP_0013KQT,Ib,A,Democratic Republic of the Congo,Nord-Kivu,2024-08-15,192846,0.9118143695267458,2025-02-04,"Mukadi-Bamuleka, Daniel; Kinganda-Lusamaki, Eddy; Mulopo-Mukanya, Noella; Amuri-Aziza, Adrienne; OToole, Aine; Merritt, Sydney; Modadra-Madakpa, Brigitte; Mutombo, Guy N.; Vakaniaki, Emmanuel H.; Kacita, Cris; Lubambo, Gaston M.; Makangara-Cigolo, Jean-Claude; Ngimba, Michel; Lokilo-Lofiko, Emmanuel; Pukuta-Simbu, Elisabeth; Luakanda-Ndelemo, Gradi; Bodisa-Matamu, Tavia; Paluku-Kalimuli, Zephanie; Akil-Bandali, Prince; Kavira, Sifa; Muyembe-Mawete, Francisca; Guichet, Emilande; Jansen, Daan; Kavira-Kamaliro, Adele; Muhindo-Milonde, Emile; Mufungizi, Jeriel; Birindwa Hamisi, Yves; Kavunga, Hugo; Tshiani, Olivier; Nundu, Sabin S.; Liesenborghs, Laurens; Hoff, Nicole A.; Shongo, Robert; Ayouba, Ahidjo; Pilarowski, Genay; Kakule Mangolopa, Alain; Kiuka Ebondo, Amos; Low, Nicola; Souradet, Y. Shaw; Wilkinson, Sam; Kifle Tessema, Sofonias; Subissi, Lorenzo; Delaporte, Eric; Vercauteren, Koen; Wawina-Bokalanga, Tony; Rimoin, Anne W.; Hensley, Lisa E.; Peeters, Martine; Quick, Josh; Loman, Nicholas; Rambaut, Andrew; Muyembe-Tamfum, Jean-Jacques; Kindrachuk, Jason; Mbala-Kingebeni, Placide; Ahuka-Mundeke, Steve"
PP_0013KRR,Ib,A,Democratic Republic of the Congo,Nord-Kivu,2024-08-15,192860,0.9044110562905344,2025-02-04,"Mukadi-Bamuleka, Daniel; Kinganda-Lusamaki, Eddy; Mulopo-Mukanya, Noella; Amuri-Aziza, Adrienne; OToole, Aine; Merritt, Sydney; Modadra-Madakpa, Brigitte; Mutombo, Guy N.; Vakaniaki, Emmanuel H.; Kacita, Cris; Lubambo, Gaston M.; Makangara-Cigolo, Jean-Claude; Ngimba, Michel; Lokilo-Lofiko, Emmanuel; Pukuta-Simbu, Elisabeth; Luakanda-Ndelemo, Gradi; Bodisa-Matamu, Tavia; Paluku-Kalimuli, Zephanie; Akil-Bandali, Prince; Kavira, Sifa; Muyembe-Mawete, Francisca; Guichet, Emilande; Jansen, Daan; Kavira-Kamaliro, Adele; Muhindo-Milonde, Emile; Mufungizi, Jeriel; Birindwa Hamisi, Yves; Kavunga, Hugo; Tshiani, Olivier; Nundu, Sabin S.; Liesenborghs, Laurens; Hoff, Nicole A.; Shongo, Robert; Ayouba, Ahidjo; Pilarowski, Genay; Kakule Mangolopa, Alain; Kiuka Ebondo, Amos; Low, Nicola; Souradet, Y. Shaw; Wilkinson, Sam; Kifle Tessema, Sofonias; Subissi, Lorenzo; Delaporte, Eric; Vercauteren, Koen; Wawina-Bokalanga, Tony; Rimoin, Anne W.; Hensley, Lisa E.; Peeters, Martine; Quick, Josh; Loman, Nicholas; Rambaut, Andrew; Muyembe-Tamfum, Jean-Jacques; Kindrachuk, Jason; Mbala-Kingebeni, Placide; Ahuka-Mundeke, Steve"
PP_0013KSP,Ib,A,Democratic Republic of the Congo,Nord-Kivu,2024-08-16,191706,0.8982247260520565,2025-02-04,"Mukadi-Bamuleka, Daniel; Kinganda-Lusamaki, Eddy; Mulopo-Mukanya, Noella; Amuri-Aziza, Adrienne; OToole, Aine; Merritt, Sydney; Modadra-Madakpa, Brigitte; Mutombo, Guy N.; Vakaniaki, Emmanuel H.; Kacita, Cris; Lubambo, Gaston M.; Makangara-Cigolo, Jean-Claude; Ngimba, Michel; Lokilo-Lofiko, Emmanuel; Pukuta-Simbu, Elisabeth; Luakanda-Ndelemo, Gradi; Bodisa-Matamu, Tavia; Paluku-Kalimuli, Zephanie; Akil-Bandali, Prince; Kavira, Sifa; Muyembe-Mawete, Francisca; Guichet, Emilande; Jansen, Daan; Kavira-Kamaliro, Adele; Muhindo-Milonde, Emile; Mufungizi, Jeriel; Birindwa Hamisi, Yves; Kavunga, Hugo; Tshiani, Olivier; Nundu, Sabin S.; Liesenborghs, Laurens; Hoff, Nicole A.; Shongo, Robert; Ayouba, Ahidjo; Pilarowski, Genay; Kakule Mangolopa, Alain; Kiuka Ebondo, Amos; Low, Nicola; Souradet, Y. Shaw; Wilkinson, Sam; Kifle Tessema, Sofonias; Subissi, Lorenzo; Delaporte, Eric; Vercauteren, Koen; Wawina-Bokalanga, Tony; Rimoin, Anne W.; Hensley, Lisa E.; Peeters, Martine; Quick, Josh; Loman, Nicholas; Rambaut, Andrew; Muyembe-Tamfum, Jean-Jacques; Kindrachuk, Jason; Mbala-Kingebeni, Placide; Ahuka-Mundeke, Steve"
PP_0013KTM,Ib,A,Democratic Republic of the Congo,Nord-Kivu,2024-08-22,193228,0.9053237935388344,2025-02-04,"Mukadi-Bamuleka, Daniel; Kinganda-Lusamaki, Eddy; Mulopo-Mukanya, Noella; Amuri-Aziza, Adrienne; OToole, Aine; Merritt, Sydney; Modadra-Madakpa, Brigitte; Mutombo, Guy N.; Vakaniaki, Emmanuel H.; Kacita, Cris; Lubambo, Gaston M.; Makangara-Cigolo, Jean-Claude; Ngimba, Michel; Lokilo-Lofiko, Emmanuel; Pukuta-Simbu, Elisabeth; Luakanda-Ndelemo, Gradi; Bodisa-Matamu, Tavia; Paluku-Kalimuli, Zephanie; Akil-Bandali, Prince; Kavira, Sifa; Muyembe-Mawete, Francisca; Guichet, Emilande; Jansen, Daan; Kavira-Kamaliro, Adele; Muhindo-Milonde, Emile; Mufungizi, Jeriel; Birindwa Hamisi, Yves; Kavunga, Hugo; Tshiani, Olivier; Nundu, Sabin S.; Liesenborghs, Laurens; Hoff, Nicole A.; Shongo, Robert; Ayouba, Ahidjo; Pilarowski, Genay; Kakule Mangolopa, Alain; Kiuka Ebondo, Amos; Low, Nicola; Souradet, Y. Shaw; Wilkinson, Sam; Kifle Tessema, Sofonias; Subissi, Lorenzo; Delaporte, Eric; Vercauteren, Koen; Wawina-Bokalanga, Tony; Rimoin, Anne W.; Hensley, Lisa E.; Peeters, Martine; Quick, Josh; Loman, Nicholas; Rambaut, Andrew; Muyembe-Tamfum, Jean-Jacques; Kindrachuk, Jason; Mbala-Kingebeni, Placide; Ahuka-Mundeke, Steve"
PP_0013KUK,Ib,A,Democratic Republic of the Congo,Nord-Kivu,2024-07-25,191758,0.8620296233944699,2025-02-04,"Mukadi-Bamuleka, Daniel; Kinganda-Lusamaki, Eddy; Mulopo-Mukanya, Noella; Amuri-Aziza, Adrienne; OToole, Aine; Merritt, Sydney; Modadra-Madakpa, Brigitte; Mutombo, Guy N.; Vakaniaki, Emmanuel H.; Kacita, Cris; Lubambo, Gaston M.; Makangara-Cigolo, Jean-Claude; Ngimba, Michel; Lokilo-Lofiko, Emmanuel; Pukuta-Simbu, Elisabeth; Luakanda-Ndelemo, Gradi; Bodisa-Matamu, Tavia; Paluku-Kalimuli, Zephanie; Akil-Bandali, Prince; Kavira, Sifa; Muyembe-Mawete, Francisca; Guichet, Emilande; Jansen, Daan; Kavira-Kamaliro, Adele; Muhindo-Milonde, Emile; Mufungizi, Jeriel; Birindwa Hamisi, Yves; Kavunga, Hugo; Tshiani, Olivier; Nundu, Sabin S.; Liesenborghs, Laurens; Hoff, Nicole A.; Shongo, Robert; Ayouba, Ahidjo; Pilarowski, Genay; Kakule Mangolopa, Alain; Kiuka Ebondo, Amos; Low, Nicola; Souradet, Y. Shaw; Wilkinson, Sam; Kifle Tessema, Sofonias; Subissi, Lorenzo; Delaporte, Eric; Vercauteren, Koen; Wawina-Bokalanga, Tony; Rimoin, Anne W.; Hensley, Lisa E.; Peeters, Martine; Quick, Josh; Loman, Nicholas; Rambaut, Andrew; Muyembe-Tamfum, Jean-Jacques; Kindrachuk, Jason; Mbala-Kingebeni, Placide; Ahuka-Mundeke, Steve"
PP_0013KVH,Ib,A,Democratic Republic of the Congo,Nord-Kivu,2024-08-15,191789,0.6950443438179799,2025-02-04,"Mukadi-Bamuleka, Daniel; Kinganda-Lusamaki, Eddy; Mulopo-Mukanya, Noella; Amuri-Aziza, Adrienne; OToole, Aine; Merritt, Sydney; Modadra-Madakpa, Brigitte; Mutombo, Guy N.; Vakaniaki, Emmanuel H.; Kacita, Cris; Lubambo, Gaston M.; Makangara-Cigolo, Jean-Claude; Ngimba, Michel; Lokilo-Lofiko, Emmanuel; Pukuta-Simbu, Elisabeth; Luakanda-Ndelemo, Gradi; Bodisa-Matamu, Tavia; Paluku-Kalimuli, Zephanie; Akil-Bandali, Prince; Kavira, Sifa; Muyembe-Mawete, Francisca; Guichet, Emilande; Jansen, Daan; Kavira-Kamaliro, Adele; Muhindo-Milonde, Emile; Mufungizi, Jeriel; Birindwa Hamisi, Yves; Kavunga, Hugo; Tshiani, Olivier; Nundu, Sabin S.; Liesenborghs, Laurens; Hoff, Nicole A.; Shongo, Robert; Ayouba, Ahidjo; Pilarowski, Genay; Kakule Mangolopa, Alain; Kiuka Ebondo, Amos; Low, Nicola; Souradet, Y. Shaw; Wilkinson, Sam; Kifle Tessema, Sofonias; Subissi, Lorenzo; Delaporte, Eric; Vercauteren, Koen; Wawina-Bokalanga, Tony; Rimoin, Anne W.; Hensley, Lisa E.; Peeters, Martine; Quick, Josh; Loman, Nicholas; Rambaut, Andrew; Muyembe-Tamfum, Jean-Jacques; Kindrachuk, Jason; Mbala-Kingebeni, Placide; Ahuka-Mundeke, Steve"
PP_0013KWF,Ib,A,Democratic Republic of the Congo,Nord-Kivu,2024-08-17,192655,0.9011150606716732,2025-02-04,"Mukadi-Bamuleka, Daniel; Kinganda-Lusamaki, Eddy; Mulopo-Mukanya, Noella; Amuri-Aziza, Adrienne; OToole, Aine; Merritt, Sydney; Modadra-Madakpa, Brigitte; Mutombo, Guy N.; Vakaniaki, Emmanuel H.; Kacita, Cris; Lubambo, Gaston M.; Makangara-Cigolo, Jean-Claude; Ngimba, Michel; Lokilo-Lofiko, Emmanuel; Pukuta-Simbu, Elisabeth; Luakanda-Ndelemo, Gradi; Bodisa-Matamu, Tavia; Paluku-Kalimuli, Zephanie; Akil-Bandali, Prince; Kavira, Sifa; Muyembe-Mawete, Francisca; Guichet, Emilande; Jansen, Daan; Kavira-Kamaliro, Adele; Muhindo-Milonde, Emile; Mufungizi, Jeriel; Birindwa Hamisi, Yves; Kavunga, Hugo; Tshiani, Olivier; Nundu, Sabin S.; Liesenborghs, Laurens; Hoff, Nicole A.; Shongo, Robert; Ayouba, Ahidjo; Pilarowski, Genay; Kakule Mangolopa, Alain; Kiuka Ebondo, Amos; Low, Nicola; Souradet, Y. Shaw; Wilkinson, Sam; Kifle Tessema, Sofonias; Subissi, Lorenzo; Delaporte, Eric; Vercauteren, Koen; Wawina-Bokalanga, Tony; Rimoin, Anne W.; Hensley, Lisa E.; Peeters, Martine; Quick, Josh; Loman, Nicholas; Rambaut, Andrew; Muyembe-Tamfum, Jean-Jacques; Kindrachuk, Jason; Mbala-Kingebeni, Placide; Ahuka-Mundeke, Steve"
PP_0013KXD,Ib,A.1,Democratic Republic of the Congo,Nord-Kivu,2024-08-19,192815,0.8533636902981101,2025-02-04,"Mukadi-Bamuleka, Daniel; Kinganda-Lusamaki, Eddy; Mulopo-Mukanya, Noella; Amuri-Aziza, Adrienne; OToole, Aine; Merritt, Sydney; Modadra-Madakpa, Brigitte; Mutombo, Guy N.; Vakaniaki, Emmanuel H.; Kacita, Cris; Lubambo, Gaston M.; Makangara-Cigolo, Jean-Claude; Ngimba, Michel; Lokilo-Lofiko, Emmanuel; Pukuta-Simbu, Elisabeth; Luakanda-Ndelemo, Gradi; Bodisa-Matamu, Tavia; Paluku-Kalimuli, Zephanie; Akil-Bandali, Prince; Kavira, Sifa; Muyembe-Mawete, Francisca; Guichet, Emilande; Jansen, Daan; Kavira-Kamaliro, Adele; Muhindo-Milonde, Emile; Mufungizi, Jeriel; Birindwa Hamisi, Yves; Kavunga, Hugo; Tshiani, Olivier; Nundu, Sabin S.; Liesenborghs, Laurens; Hoff, Nicole A.; Shongo, Robert; Ayouba, Ahidjo; Pilarowski, Genay; Kakule Mangolopa, Alain; Kiuka Ebondo, Amos; Low, Nicola; Souradet, Y. Shaw; Wilkinson, Sam; Kifle Tessema, Sofonias; Subissi, Lorenzo; Delaporte, Eric; Vercauteren, Koen; Wawina-Bokalanga, Tony; Rimoin, Anne W.; Hensley, Lisa E.; Peeters, Martine; Quick, Josh; Loman, Nicholas; Rambaut, Andrew; Muyembe-Tamfum, Jean-Jacques; Kindrachuk, Jason; Mbala-Kingebeni, Placide; Ahuka-Mundeke, Steve"
PP_0013KYB,Ib,A.1,Democratic Republic of the Congo,Nord-Kivu,2024-08-20,192603,0.8801423870107348,2025-02-04,"Mukadi-Bamuleka, Daniel; Kinganda-Lusamaki, Eddy; Mulopo-Mukanya, Noella; Amuri-Aziza, Adrienne; OToole, Aine; Merritt, Sydney; Modadra-Madakpa, Brigitte; Mutombo, Guy N.; Vakaniaki, Emmanuel H.; Kacita, Cris; Lubambo, Gaston M.; Makangara-Cigolo, Jean-Claude; Ngimba, Michel; Lokilo-Lofiko, Emmanuel; Pukuta-Simbu, Elisabeth; Luakanda-Ndelemo, Gradi; Bodisa-Matamu, Tavia; Paluku-Kalimuli, Zephanie; Akil-Bandali, Prince; Kavira, Sifa; Muyembe-Mawete, Francisca; Guichet, Emilande; Jansen, Daan; Kavira-Kamaliro, Adele; Muhindo-Milonde, Emile; Mufungizi, Jeriel; Birindwa Hamisi, Yves; Kavunga, Hugo; Tshiani, Olivier; Nundu, Sabin S.; Liesenborghs, Laurens; Hoff, Nicole A.; Shongo, Robert; Ayouba, Ahidjo; Pilarowski, Genay; Kakule Mangolopa, Alain; Kiuka Ebondo, Amos; Low, Nicola; Souradet, Y. Shaw; Wilkinson, Sam; Kifle Tessema, Sofonias; Subissi, Lorenzo; Delaporte, Eric; Vercauteren, Koen; Wawina-Bokalanga, Tony; Rimoin, Anne W.; Hensley, Lisa E.; Peeters, Martine; Quick, Josh; Loman, Nicholas; Rambaut, Andrew; Muyembe-Tamfum, Jean-Jacques; Kindrachuk, Jason; Mbala-Kingebeni, Placide; Ahuka-Mundeke, Steve"
PP_0013KZ9,Ib,A,Democratic Republic of the Congo,Nord-Kivu,2024-08-20,193184,0.8658022706874433,2025-02-04,"Mukadi-Bamuleka, Daniel; Kinganda-Lusamaki, Eddy; Mulopo-Mukanya, Noella; Amuri-Aziza, Adrienne; OToole, Aine; Merritt, Sydney; Modadra-Madakpa, Brigitte; Mutombo, Guy N.; Vakaniaki, Emmanuel H.; Kacita, Cris; Lubambo, Gaston M.; Makangara-Cigolo, Jean-Claude; Ngimba, Michel; Lokilo-Lofiko, Emmanuel; Pukuta-Simbu, Elisabeth; Luakanda-Ndelemo, Gradi; Bodisa-Matamu, Tavia; Paluku-Kalimuli, Zephanie; Akil-Bandali, Prince; Kavira, Sifa; Muyembe-Mawete, Francisca; Guichet, Emilande; Jansen, Daan; Kavira-Kamaliro, Adele; Muhindo-Milonde, Emile; Mufungizi, Jeriel; Birindwa Hamisi, Yves; Kavunga, Hugo; Tshiani, Olivier; Nundu, Sabin S.; Liesenborghs, Laurens; Hoff, Nicole A.; Shongo, Robert; Ayouba, Ahidjo; Pilarowski, Genay; Kakule Mangolopa, Alain; Kiuka Ebondo, Amos; Low, Nicola; Souradet, Y. Shaw; Wilkinson, Sam; Kifle Tessema, Sofonias; Subissi, Lorenzo; Delaporte, Eric; Vercauteren, Koen; Wawina-Bokalanga, Tony; Rimoin, Anne W.; Hensley, Lisa E.; Peeters, Martine; Quick, Josh; Loman, Nicholas; Rambaut, Andrew; Muyembe-Tamfum, Jean-Jacques; Kindrachuk, Jason; Mbala-Kingebeni, Placide; Ahuka-Mundeke, Steve"
PP_0013L07,Ib,A,Democratic Republic of the Congo,Sud-Kivu,2024-04-01,193134,0.8026509946300625,2025-02-04,"Mukadi-Bamuleka, Daniel; Kinganda-Lusamaki, Eddy; Mulopo-Mukanya, Noella; Amuri-Aziza, Adrienne; OToole, Aine; Merritt, Sydney; Modadra-Madakpa, Brigitte; Mutombo, Guy N.; Vakaniaki, Emmanuel H.; Kacita, Cris; Lubambo, Gaston M.; Makangara-Cigolo, Jean-Claude; Ngimba, Michel; Lokilo-Lofiko, Emmanuel; Pukuta-Simbu, Elisabeth; Luakanda-Ndelemo, Gradi; Bodisa-Matamu, Tavia; Paluku-Kalimuli, Zephanie; Akil-Bandali, Prince; Kavira, Sifa; Muyembe-Mawete, Francisca; Guichet, Emilande; Jansen, Daan; Kavira-Kamaliro, Adele; Muhindo-Milonde, Emile; Mufungizi, Jeriel; Birindwa Hamisi, Yves; Kavunga, Hugo; Tshiani, Olivier; Nundu, Sabin S.; Liesenborghs, Laurens; Hoff, Nicole A.; Shongo, Robert; Ayouba, Ahidjo; Pilarowski, Genay; Kakule Mangolopa, Alain; Kiuka Ebondo, Amos; Low, Nicola; Souradet, Y. Shaw; Wilkinson, Sam; Kifle Tessema, Sofonias; Subissi, Lorenzo; Delaporte, Eric; Vercauteren, Koen; Wawina-Bokalanga, Tony; Rimoin, Anne W.; Hensley, Lisa E.; Peeters, Martine; Quick, Josh; Loman, Nicholas; Rambaut, Andrew; Muyembe-Tamfum, Jean-Jacques; Kindrachuk, Jason; Mbala-Kingebeni, Placide; Ahuka-Mundeke, Steve"
PP_0013L15,Ib,A,Democratic Republic of the Congo,Sud-Kivu,2024-04-13,193182,0.7666435101846265,2025-02-04,"Mukadi-Bamuleka, Daniel; Kinganda-Lusamaki, Eddy; Mulopo-Mukanya, Noella; Amuri-Aziza, Adrienne; OToole, Aine; Merritt, Sydney; Modadra-Madakpa, Brigitte; Mutombo, Guy N.; Vakaniaki, Emmanuel H.; Kacita, Cris; Lubambo, Gaston M.; Makangara-Cigolo, Jean-Claude; Ngimba, Michel; Lokilo-Lofiko, Emmanuel; Pukuta-Simbu, Elisabeth; Luakanda-Ndelemo, Gradi; Bodisa-Matamu, Tavia; Paluku-Kalimuli, Zephanie; Akil-Bandali, Prince; Kavira, Sifa; Muyembe-Mawete, Francisca; Guichet, Emilande; Jansen, Daan; Kavira-Kamaliro, Adele; Muhindo-Milonde, Emile; Mufungizi, Jeriel; Birindwa Hamisi, Yves; Kavunga, Hugo; Tshiani, Olivier; Nundu, Sabin S.; Liesenborghs, Laurens; Hoff, Nicole A.; Shongo, Robert; Ayouba, Ahidjo; Pilarowski, Genay; Kakule Mangolopa, Alain; Kiuka Ebondo, Amos; Low, Nicola; Souradet, Y. Shaw; Wilkinson, Sam; Kifle Tessema, Sofonias; Subissi, Lorenzo; Delaporte, Eric; Vercauteren, Koen; Wawina-Bokalanga, Tony; Rimoin, Anne W.; Hensley, Lisa E.; Peeters, Martine; Quick, Josh; Loman, Nicholas; Rambaut, Andrew; Muyembe-Tamfum, Jean-Jacques; Kindrachuk, Jason; Mbala-Kingebeni, Placide; Ahuka-Mundeke, Steve"
PP_0013L23,Ib,A,Democratic Republic of the Congo,Sud-Kivu,2024-04-13,192392,0.8761263431182147,2025-02-04,"Mukadi-Bamuleka, Daniel; Kinganda-Lusamaki, Eddy; Mulopo-Mukanya, Noella; Amuri-Aziza, Adrienne; OToole, Aine; Merritt, Sydney; Modadra-Madakpa, Brigitte; Mutombo, Guy N.; Vakaniaki, Emmanuel H.; Kacita, Cris; Lubambo, Gaston M.; Makangara-Cigolo, Jean-Claude; Ngimba, Michel; Lokilo-Lofiko, Emmanuel; Pukuta-Simbu, Elisabeth; Luakanda-Ndelemo, Gradi; Bodisa-Matamu, Tavia; Paluku-Kalimuli, Zephanie; Akil-Bandali, Prince; Kavira, Sifa; Muyembe-Mawete, Francisca; Guichet, Emilande; Jansen, Daan; Kavira-Kamaliro, Adele; Muhindo-Milonde, Emile; Mufungizi, Jeriel; Birindwa Hamisi, Yves; Kavunga, Hugo; Tshiani, Olivier; Nundu, Sabin S.; Liesenborghs, Laurens; Hoff, Nicole A.; Shongo, Robert; Ayouba, Ahidjo; Pilarowski, Genay; Kakule Mangolopa, Alain; Kiuka Ebondo, Amos; Low, Nicola; Souradet, Y. Shaw; Wilkinson, Sam; Kifle Tessema, Sofonias; Subissi, Lorenzo; Delaporte, Eric; Vercauteren, Koen; Wawina-Bokalanga, Tony; Rimoin, Anne W.; Hensley, Lisa E.; Peeters, Martine; Quick, Josh; Loman, Nicholas; Rambaut, Andrew; Muyembe-Tamfum, Jean-Jacques; Kindrachuk, Jason; Mbala-Kingebeni, Placide; Ahuka-Mundeke, Steve"
PP_0013L31,Ib,A,Democratic Republic of the Congo,Sud-Kivu,2024-04-14,188876,0.7598892545472062,2025-02-04,"Mukadi-Bamuleka, Daniel; Kinganda-Lusamaki, Eddy; Mulopo-Mukanya, Noella; Amuri-Aziza, Adrienne; OToole, Aine; Merritt, Sydney; Modadra-Madakpa, Brigitte; Mutombo, Guy N.; Vakaniaki, Emmanuel H.; Kacita, Cris; Lubambo, Gaston M.; Makangara-Cigolo, Jean-Claude; Ngimba, Michel; Lokilo-Lofiko, Emmanuel; Pukuta-Simbu, Elisabeth; Luakanda-Ndelemo, Gradi; Bodisa-Matamu, Tavia; Paluku-Kalimuli, Zephanie; Akil-Bandali, Prince; Kavira, Sifa; Muyembe-Mawete, Francisca; Guichet, Emilande; Jansen, Daan; Kavira-Kamaliro, Adele; Muhindo-Milonde, Emile; Mufungizi, Jeriel; Birindwa Hamisi, Yves; Kavunga, Hugo; Tshiani, Olivier; Nundu, Sabin S.; Liesenborghs, Laurens; Hoff, Nicole A.; Shongo, Robert; Ayouba, Ahidjo; Pilarowski, Genay; Kakule Mangolopa, Alain; Kiuka Ebondo, Amos; Low, Nicola; Souradet, Y. Shaw; Wilkinson, Sam; Kifle Tessema, Sofonias; Subissi, Lorenzo; Delaporte, Eric; Vercauteren, Koen; Wawina-Bokalanga, Tony; Rimoin, Anne W.; Hensley, Lisa E.; Peeters, Martine; Quick, Josh; Loman, Nicholas; Rambaut, Andrew; Muyembe-Tamfum, Jean-Jacques; Kindrachuk, Jason; Mbala-Kingebeni, Placide; Ahuka-Mundeke, Steve"
PP_0013L4Z,Ib,A.5,Democratic Republic of the Congo,Sud-Kivu,2024-04-09,192382,0.8945737770588563,2025-02-04,"Mukadi-Bamuleka, Daniel; Kinganda-Lusamaki, Eddy; Mulopo-Mukanya, Noella; Amuri-Aziza, Adrienne; OToole, Aine; Merritt, Sydney; Modadra-Madakpa, Brigitte; Mutombo, Guy N.; Vakaniaki, Emmanuel H.; Kacita, Cris; Lubambo, Gaston M.; Makangara-Cigolo, Jean-Claude; Ngimba, Michel; Lokilo-Lofiko, Emmanuel; Pukuta-Simbu, Elisabeth; Luakanda-Ndelemo, Gradi; Bodisa-Matamu, Tavia; Paluku-Kalimuli, Zephanie; Akil-Bandali, Prince; Kavira, Sifa; Muyembe-Mawete, Francisca; Guichet, Emilande; Jansen, Daan; Kavira-Kamaliro, Adele; Muhindo-Milonde, Emile; Mufungizi, Jeriel; Birindwa Hamisi, Yves; Kavunga, Hugo; Tshiani, Olivier; Nundu, Sabin S.; Liesenborghs, Laurens; Hoff, Nicole A.; Shongo, Robert; Ayouba, Ahidjo; Pilarowski, Genay; Kakule Mangolopa, Alain; Kiuka Ebondo, Amos; Low, Nicola; Souradet, Y. Shaw; Wilkinson, Sam; Kifle Tessema, Sofonias; Subissi, Lorenzo; Delaporte, Eric; Vercauteren, Koen; Wawina-Bokalanga, Tony; Rimoin, Anne W.; Hensley, Lisa E.; Peeters, Martine; Quick, Josh; Loman, Nicholas; Rambaut, Andrew; Muyembe-Tamfum, Jean-Jacques; Kindrachuk, Jason; Mbala-Kingebeni, Placide; Ahuka-Mundeke, Steve"
PP_0013L5X,Ib,A.5,Democratic Republic of the Congo,Sud-Kivu,2024-04-09,193436,0.8723029882003357,2025-02-04,"Mukadi-Bamuleka, Daniel; Kinganda-Lusamaki, Eddy; Mulopo-Mukanya, Noella; Amuri-Aziza, Adrienne; OToole, Aine; Merritt, Sydney; Modadra-Madakpa, Brigitte; Mutombo, Guy N.; Vakaniaki, Emmanuel H.; Kacita, Cris; Lubambo, Gaston M.; Makangara-Cigolo, Jean-Claude; Ngimba, Michel; Lokilo-Lofiko, Emmanuel; Pukuta-Simbu, Elisabeth; Luakanda-Ndelemo, Gradi; Bodisa-Matamu, Tavia; Paluku-Kalimuli, Zephanie; Akil-Bandali, Prince; Kavira, Sifa; Muyembe-Mawete, Francisca; Guichet, Emilande; Jansen, Daan; Kavira-Kamaliro, Adele; Muhindo-Milonde, Emile; Mufungizi, Jeriel; Birindwa Hamisi, Yves; Kavunga, Hugo; Tshiani, Olivier; Nundu, Sabin S.; Liesenborghs, Laurens; Hoff, Nicole A.; Shongo, Robert; Ayouba, Ahidjo; Pilarowski, Genay; Kakule Mangolopa, Alain; Kiuka Ebondo, Amos; Low, Nicola; Souradet, Y. Shaw; Wilkinson, Sam; Kifle Tessema, Sofonias; Subissi, Lorenzo; Delaporte, Eric; Vercauteren, Koen; Wawina-Bokalanga, Tony; Rimoin, Anne W.; Hensley, Lisa E.; Peeters, Martine; Quick, Josh; Loman, Nicholas; Rambaut, Andrew; Muyembe-Tamfum, Jean-Jacques; Kindrachuk, Jason; Mbala-Kingebeni, Placide; Ahuka-Mundeke, Steve"
PP_0013L6V,Ib,A,Democratic Republic of the Congo,Sud-Kivu,2024-04-12,193206,0.709070072866857,2025-02-04,"Mukadi-Bamuleka, Daniel; Kinganda-Lusamaki, Eddy; Mulopo-Mukanya, Noella; Amuri-Aziza, Adrienne; OToole, Aine; Merritt, Sydney; Modadra-Madakpa, Brigitte; Mutombo, Guy N.; Vakaniaki, Emmanuel H.; Kacita, Cris; Lubambo, Gaston M.; Makangara-Cigolo, Jean-Claude; Ngimba, Michel; Lokilo-Lofiko, Emmanuel; Pukuta-Simbu, Elisabeth; Luakanda-Ndelemo, Gradi; Bodisa-Matamu, Tavia; Paluku-Kalimuli, Zephanie; Akil-Bandali, Prince; Kavira, Sifa; Muyembe-Mawete, Francisca; Guichet, Emilande; Jansen, Daan; Kavira-Kamaliro, Adele; Muhindo-Milonde, Emile; Mufungizi, Jeriel; Birindwa Hamisi, Yves; Kavunga, Hugo; Tshiani, Olivier; Nundu, Sabin S.; Liesenborghs, Laurens; Hoff, Nicole A.; Shongo, Robert; Ayouba, Ahidjo; Pilarowski, Genay; Kakule Mangolopa, Alain; Kiuka Ebondo, Amos; Low, Nicola; Souradet, Y. Shaw; Wilkinson, Sam; Kifle Tessema, Sofonias; Subissi, Lorenzo; Delaporte, Eric; Vercauteren, Koen; Wawina-Bokalanga, Tony; Rimoin, Anne W.; Hensley, Lisa E.; Peeters, Martine; Quick, Josh; Loman, Nicholas; Rambaut, Andrew; Muyembe-Tamfum, Jean-Jacques; Kindrachuk, Jason; Mbala-Kingebeni, Placide; Ahuka-Mundeke, Steve"
PP_0013L7T,Ib,A,Democratic Republic of the Congo,Sud-Kivu,2024-04-20,194473,0.9041727304534782,2025-02-04,"Mukadi-Bamuleka, Daniel; Kinganda-Lusamaki, Eddy; Mulopo-Mukanya, Noella; Amuri-Aziza, Adrienne; OToole, Aine; Merritt, Sydney; Modadra-Madakpa, Brigitte; Mutombo, Guy N.; Vakaniaki, Emmanuel H.; Kacita, Cris; Lubambo, Gaston M.; Makangara-Cigolo, Jean-Claude; Ngimba, Michel; Lokilo-Lofiko, Emmanuel; Pukuta-Simbu, Elisabeth; Luakanda-Ndelemo, Gradi; Bodisa-Matamu, Tavia; Paluku-Kalimuli, Zephanie; Akil-Bandali, Prince; Kavira, Sifa; Muyembe-Mawete, Francisca; Guichet, Emilande; Jansen, Daan; Kavira-Kamaliro, Adele; Muhindo-Milonde, Emile; Mufungizi, Jeriel; Birindwa Hamisi, Yves; Kavunga, Hugo; Tshiani, Olivier; Nundu, Sabin S.; Liesenborghs, Laurens; Hoff, Nicole A.; Shongo, Robert; Ayouba, Ahidjo; Pilarowski, Genay; Kakule Mangolopa, Alain; Kiuka Ebondo, Amos; Low, Nicola; Souradet, Y. Shaw; Wilkinson, Sam; Kifle Tessema, Sofonias; Subissi, Lorenzo; Delaporte, Eric; Vercauteren, Koen; Wawina-Bokalanga, Tony; Rimoin, Anne W.; Hensley, Lisa E.; Peeters, Martine; Quick, Josh; Loman, Nicholas; Rambaut, Andrew; Muyembe-Tamfum, Jean-Jacques; Kindrachuk, Jason; Mbala-Kingebeni, Placide; Ahuka-Mundeke, Steve"
PP_0013L8R,Ib,A,Democratic Republic of the Congo,Sud-Kivu,2024-04-30,194158,0.8849697529017438,2025-02-04,"Mukadi-Bamuleka, Daniel; Kinganda-Lusamaki, Eddy; Mulopo-Mukanya, Noella; Amuri-Aziza, Adrienne; OToole, Aine; Merritt, Sydney; Modadra-Madakpa, Brigitte; Mutombo, Guy N.; Vakaniaki, Emmanuel H.; Kacita, Cris; Lubambo, Gaston M.; Makangara-Cigolo, Jean-Claude; Ngimba, Michel; Lokilo-Lofiko, Emmanuel; Pukuta-Simbu, Elisabeth; Luakanda-Ndelemo, Gradi; Bodisa-Matamu, Tavia; Paluku-Kalimuli, Zephanie; Akil-Bandali, Prince; Kavira, Sifa; Muyembe-Mawete, Francisca; Guichet, Emilande; Jansen, Daan; Kavira-Kamaliro, Adele; Muhindo-Milonde, Emile; Mufungizi, Jeriel; Birindwa Hamisi, Yves; Kavunga, Hugo; Tshiani, Olivier; Nundu, Sabin S.; Liesenborghs, Laurens; Hoff, Nicole A.; Shongo, Robert; Ayouba, Ahidjo; Pilarowski, Genay; Kakule Mangolopa, Alain; Kiuka Ebondo, Amos; Low, Nicola; Souradet, Y. Shaw; Wilkinson, Sam; Kifle Tessema, Sofonias; Subissi, Lorenzo; Delaporte, Eric; Vercauteren, Koen; Wawina-Bokalanga, Tony; Rimoin, Anne W.; Hensley, Lisa E.; Peeters, Martine; Quick, Josh; Loman, Nicholas; Rambaut, Andrew; Muyembe-Tamfum, Jean-Jacques; Kindrachuk, Jason; Mbala-Kingebeni, Placide; Ahuka-Mundeke, Steve"
PP_0013L9P,Ib,A.5,Democratic Republic of the Congo,Sud-Kivu,2024-04-30,195457,0.8603106349101715,2025-02-04,"Mukadi-Bamuleka, Daniel; Kinganda-Lusamaki, Eddy; Mulopo-Mukanya, Noella; Amuri-Aziza, Adrienne; OToole, Aine; Merritt, Sydney; Modadra-Madakpa, Brigitte; Mutombo, Guy N.; Vakaniaki, Emmanuel H.; Kacita, Cris; Lubambo, Gaston M.; Makangara-Cigolo, Jean-Claude; Ngimba, Michel; Lokilo-Lofiko, Emmanuel; Pukuta-Simbu, Elisabeth; Luakanda-Ndelemo, Gradi; Bodisa-Matamu, Tavia; Paluku-Kalimuli, Zephanie; Akil-Bandali, Prince; Kavira, Sifa; Muyembe-Mawete, Francisca; Guichet, Emilande; Jansen, Daan; Kavira-Kamaliro, Adele; Muhindo-Milonde, Emile; Mufungizi, Jeriel; Birindwa Hamisi, Yves; Kavunga, Hugo; Tshiani, Olivier; Nundu, Sabin S.; Liesenborghs, Laurens; Hoff, Nicole A.; Shongo, Robert; Ayouba, Ahidjo; Pilarowski, Genay; Kakule Mangolopa, Alain; Kiuka Ebondo, Amos; Low, Nicola; Souradet, Y. Shaw; Wilkinson, Sam; Kifle Tessema, Sofonias; Subissi, Lorenzo; Delaporte, Eric; Vercauteren, Koen; Wawina-Bokalanga, Tony; Rimoin, Anne W.; Hensley, Lisa E.; Peeters, Martine; Quick, Josh; Loman, Nicholas; Rambaut, Andrew; Muyembe-Tamfum, Jean-Jacques; Kindrachuk, Jason; Mbala-Kingebeni, Placide; Ahuka-Mundeke, Steve"
PP_0013LAM,Ib,A,Democratic Republic of the Congo,Sud-Kivu,2024-04-30,192235,0.8556759579938036,2025-02-04,"Mukadi-Bamuleka, Daniel; Kinganda-Lusamaki, Eddy; Mulopo-Mukanya, Noella; Amuri-Aziza, Adrienne; OToole, Aine; Merritt, Sydney; Modadra-Madakpa, Brigitte; Mutombo, Guy N.; Vakaniaki, Emmanuel H.; Kacita, Cris; Lubambo, Gaston M.; Makangara-Cigolo, Jean-Claude; Ngimba, Michel; Lokilo-Lofiko, Emmanuel; Pukuta-Simbu, Elisabeth; Luakanda-Ndelemo, Gradi; Bodisa-Matamu, Tavia; Paluku-Kalimuli, Zephanie; Akil-Bandali, Prince; Kavira, Sifa; Muyembe-Mawete, Francisca; Guichet, Emilande; Jansen, Daan; Kavira-Kamaliro, Adele; Muhindo-Milonde, Emile; Mufungizi, Jeriel; Birindwa Hamisi, Yves; Kavunga, Hugo; Tshiani, Olivier; Nundu, Sabin S.; Liesenborghs, Laurens; Hoff, Nicole A.; Shongo, Robert; Ayouba, Ahidjo; Pilarowski, Genay; Kakule Mangolopa, Alain; Kiuka Ebondo, Amos; Low, Nicola; Souradet, Y. Shaw; Wilkinson, Sam; Kifle Tessema, Sofonias; Subissi, Lorenzo; Delaporte, Eric; Vercauteren, Koen; Wawina-Bokalanga, Tony; Rimoin, Anne W.; Hensley, Lisa E.; Peeters, Martine; Quick, Josh; Loman, Nicholas; Rambaut, Andrew; Muyembe-Tamfum, Jean-Jacques; Kindrachuk, Jason; Mbala-Kingebeni, Placide; Ahuka-Mundeke, Steve"
PP_0013LBK,Ib,A,Democratic Republic of the Congo,Sud-Kivu,2024-05-06,189679,0.7579217987008706,2025-02-04,"Mukadi-Bamuleka, Daniel; Kinganda-Lusamaki, Eddy; Mulopo-Mukanya, Noella; Amuri-Aziza, Adrienne; OToole, Aine; Merritt, Sydney; Modadra-Madakpa, Brigitte; Mutombo, Guy N.; Vakaniaki, Emmanuel H.; Kacita, Cris; Lubambo, Gaston M.; Makangara-Cigolo, Jean-Claude; Ngimba, Michel; Lokilo-Lofiko, Emmanuel; Pukuta-Simbu, Elisabeth; Luakanda-Ndelemo, Gradi; Bodisa-Matamu, Tavia; Paluku-Kalimuli, Zephanie; Akil-Bandali, Prince; Kavira, Sifa; Muyembe-Mawete, Francisca; Guichet, Emilande; Jansen, Daan; Kavira-Kamaliro, Adele; Muhindo-Milonde, Emile; Mufungizi, Jeriel; Birindwa Hamisi, Yves; Kavunga, Hugo; Tshiani, Olivier; Nundu, Sabin S.; Liesenborghs, Laurens; Hoff, Nicole A.; Shongo, Robert; Ayouba, Ahidjo; Pilarowski, Genay; Kakule Mangolopa, Alain; Kiuka Ebondo, Amos; Low, Nicola; Souradet, Y. Shaw; Wilkinson, Sam; Kifle Tessema, Sofonias; Subissi, Lorenzo; Delaporte, Eric; Vercauteren, Koen; Wawina-Bokalanga, Tony; Rimoin, Anne W.; Hensley, Lisa E.; Peeters, Martine; Quick, Josh; Loman, Nicholas; Rambaut, Andrew; Muyembe-Tamfum, Jean-Jacques; Kindrachuk, Jason; Mbala-Kingebeni, Placide; Ahuka-Mundeke, Steve"
PP_0013LCH,Ib,A,Democratic Republic of the Congo,Sud-Kivu,2024-05-07,188466,0.7623435035926353,2025-02-04,"Mukadi-Bamuleka, Daniel; Kinganda-Lusamaki, Eddy; Mulopo-Mukanya, Noella; Amuri-Aziza, Adrienne; OToole, Aine; Merritt, Sydney; Modadra-Madakpa, Brigitte; Mutombo, Guy N.; Vakaniaki, Emmanuel H.; Kacita, Cris; Lubambo, Gaston M.; Makangara-Cigolo, Jean-Claude; Ngimba, Michel; Lokilo-Lofiko, Emmanuel; Pukuta-Simbu, Elisabeth; Luakanda-Ndelemo, Gradi; Bodisa-Matamu, Tavia; Paluku-Kalimuli, Zephanie; Akil-Bandali, Prince; Kavira, Sifa; Muyembe-Mawete, Francisca; Guichet, Emilande; Jansen, Daan; Kavira-Kamaliro, Adele; Muhindo-Milonde, Emile; Mufungizi, Jeriel; Birindwa Hamisi, Yves; Kavunga, Hugo; Tshiani, Olivier; Nundu, Sabin S.; Liesenborghs, Laurens; Hoff, Nicole A.; Shongo, Robert; Ayouba, Ahidjo; Pilarowski, Genay; Kakule Mangolopa, Alain; Kiuka Ebondo, Amos; Low, Nicola; Souradet, Y. Shaw; Wilkinson, Sam; Kifle Tessema, Sofonias; Subissi, Lorenzo; Delaporte, Eric; Vercauteren, Koen; Wawina-Bokalanga, Tony; Rimoin, Anne W.; Hensley, Lisa E.; Peeters, Martine; Quick, Josh; Loman, Nicholas; Rambaut, Andrew; Muyembe-Tamfum, Jean-Jacques; Kindrachuk, Jason; Mbala-Kingebeni, Placide; Ahuka-Mundeke, Steve"
PP_0013LDF,Ib,A,Democratic Republic of the Congo,Sud-Kivu,2024-05-08,188447,0.8129497132483812,2025-02-04,"Mukadi-Bamuleka, Daniel; Kinganda-Lusamaki, Eddy; Mulopo-Mukanya, Noella; Amuri-Aziza, Adrienne; OToole, Aine; Merritt, Sydney; Modadra-Madakpa, Brigitte; Mutombo, Guy N.; Vakaniaki, Emmanuel H.; Kacita, Cris; Lubambo, Gaston M.; Makangara-Cigolo, Jean-Claude; Ngimba, Michel; Lokilo-Lofiko, Emmanuel; Pukuta-Simbu, Elisabeth; Luakanda-Ndelemo, Gradi; Bodisa-Matamu, Tavia; Paluku-Kalimuli, Zephanie; Akil-Bandali, Prince; Kavira, Sifa; Muyembe-Mawete, Francisca; Guichet, Emilande; Jansen, Daan; Kavira-Kamaliro, Adele; Muhindo-Milonde, Emile; Mufungizi, Jeriel; Birindwa Hamisi, Yves; Kavunga, Hugo; Tshiani, Olivier; Nundu, Sabin S.; Liesenborghs, Laurens; Hoff, Nicole A.; Shongo, Robert; Ayouba, Ahidjo; Pilarowski, Genay; Kakule Mangolopa, Alain; Kiuka Ebondo, Amos; Low, Nicola; Souradet, Y. Shaw; Wilkinson, Sam; Kifle Tessema, Sofonias; Subissi, Lorenzo; Delaporte, Eric; Vercauteren, Koen; Wawina-Bokalanga, Tony; Rimoin, Anne W.; Hensley, Lisa E.; Peeters, Martine; Quick, Josh; Loman, Nicholas; Rambaut, Andrew; Muyembe-Tamfum, Jean-Jacques; Kindrachuk, Jason; Mbala-Kingebeni, Placide; Ahuka-Mundeke, Steve"
PP_0013LED,Ib,A,Democratic Republic of the Congo,Sud-Kivu,2024-05-08,187533,0.7049678260119975,2025-02-04,"Mukadi-Bamuleka, Daniel; Kinganda-Lusamaki, Eddy; Mulopo-Mukanya, Noella; Amuri-Aziza, Adrienne; OToole, Aine; Merritt, Sydney; Modadra-Madakpa, Brigitte; Mutombo, Guy N.; Vakaniaki, Emmanuel H.; Kacita, Cris; Lubambo, Gaston M.; Makangara-Cigolo, Jean-Claude; Ngimba, Michel; Lokilo-Lofiko, Emmanuel; Pukuta-Simbu, Elisabeth; Luakanda-Ndelemo, Gradi; Bodisa-Matamu, Tavia; Paluku-Kalimuli, Zephanie; Akil-Bandali, Prince; Kavira, Sifa; Muyembe-Mawete, Francisca; Guichet, Emilande; Jansen, Daan; Kavira-Kamaliro, Adele; Muhindo-Milonde, Emile; Mufungizi, Jeriel; Birindwa Hamisi, Yves; Kavunga, Hugo; Tshiani, Olivier; Nundu, Sabin S.; Liesenborghs, Laurens; Hoff, Nicole A.; Shongo, Robert; Ayouba, Ahidjo; Pilarowski, Genay; Kakule Mangolopa, Alain; Kiuka Ebondo, Amos; Low, Nicola; Souradet, Y. Shaw; Wilkinson, Sam; Kifle Tessema, Sofonias; Subissi, Lorenzo; Delaporte, Eric; Vercauteren, Koen; Wawina-Bokalanga, Tony; Rimoin, Anne W.; Hensley, Lisa E.; Peeters, Martine; Quick, Josh; Loman, Nicholas; Rambaut, Andrew; Muyembe-Tamfum, Jean-Jacques; Kindrachuk, Jason; Mbala-Kingebeni, Placide; Ahuka-Mundeke, Steve"
PP_0013LFB,Ib,A,Democratic Republic of the Congo,Sud-Kivu,2024-05-11,188455,0.7178069966380844,2025-02-04,"Mukadi-Bamuleka, Daniel; Kinganda-Lusamaki, Eddy; Mulopo-Mukanya, Noella; Amuri-Aziza, Adrienne; OToole, Aine; Merritt, Sydney; Modadra-Madakpa, Brigitte; Mutombo, Guy N.; Vakaniaki, Emmanuel H.; Kacita, Cris; Lubambo, Gaston M.; Makangara-Cigolo, Jean-Claude; Ngimba, Michel; Lokilo-Lofiko, Emmanuel; Pukuta-Simbu, Elisabeth; Luakanda-Ndelemo, Gradi; Bodisa-Matamu, Tavia; Paluku-Kalimuli, Zephanie; Akil-Bandali, Prince; Kavira, Sifa; Muyembe-Mawete, Francisca; Guichet, Emilande; Jansen, Daan; Kavira-Kamaliro, Adele; Muhindo-Milonde, Emile; Mufungizi, Jeriel; Birindwa Hamisi, Yves; Kavunga, Hugo; Tshiani, Olivier; Nundu, Sabin S.; Liesenborghs, Laurens; Hoff, Nicole A.; Shongo, Robert; Ayouba, Ahidjo; Pilarowski, Genay; Kakule Mangolopa, Alain; Kiuka Ebondo, Amos; Low, Nicola; Souradet, Y. Shaw; Wilkinson, Sam; Kifle Tessema, Sofonias; Subissi, Lorenzo; Delaporte, Eric; Vercauteren, Koen; Wawina-Bokalanga, Tony; Rimoin, Anne W.; Hensley, Lisa E.; Peeters, Martine; Quick, Josh; Loman, Nicholas; Rambaut, Andrew; Muyembe-Tamfum, Jean-Jacques; Kindrachuk, Jason; Mbala-Kingebeni, Placide; Ahuka-Mundeke, Steve"
PP_0013LG9,Ib,A,Democratic Republic of the Congo,Sud-Kivu,2024-05-14,188466,0.7522983230988444,2025-02-04,"Mukadi-Bamuleka, Daniel; Kinganda-Lusamaki, Eddy; Mulopo-Mukanya, Noella; Amuri-Aziza, Adrienne; OToole, Aine; Merritt, Sydney; Modadra-Madakpa, Brigitte; Mutombo, Guy N.; Vakaniaki, Emmanuel H.; Kacita, Cris; Lubambo, Gaston M.; Makangara-Cigolo, Jean-Claude; Ngimba, Michel; Lokilo-Lofiko, Emmanuel; Pukuta-Simbu, Elisabeth; Luakanda-Ndelemo, Gradi; Bodisa-Matamu, Tavia; Paluku-Kalimuli, Zephanie; Akil-Bandali, Prince; Kavira, Sifa; Muyembe-Mawete, Francisca; Guichet, Emilande; Jansen, Daan; Kavira-Kamaliro, Adele; Muhindo-Milonde, Emile; Mufungizi, Jeriel; Birindwa Hamisi, Yves; Kavunga, Hugo; Tshiani, Olivier; Nundu, Sabin S.; Liesenborghs, Laurens; Hoff, Nicole A.; Shongo, Robert; Ayouba, Ahidjo; Pilarowski, Genay; Kakule Mangolopa, Alain; Kiuka Ebondo, Amos; Low, Nicola; Souradet, Y. Shaw; Wilkinson, Sam; Kifle Tessema, Sofonias; Subissi, Lorenzo; Delaporte, Eric; Vercauteren, Koen; Wawina-Bokalanga, Tony; Rimoin, Anne W.; Hensley, Lisa E.; Peeters, Martine; Quick, Josh; Loman, Nicholas; Rambaut, Andrew; Muyembe-Tamfum, Jean-Jacques; Kindrachuk, Jason; Mbala-Kingebeni, Placide; Ahuka-Mundeke, Steve"
PP_0013LH6,Ib,A,Democratic Republic of the Congo,Sud-Kivu,2024-05-14,188484,0.7110020333757587,2025-02-04,"Mukadi-Bamuleka, Daniel; Kinganda-Lusamaki, Eddy; Mulopo-Mukanya, Noella; Amuri-Aziza, Adrienne; OToole, Aine; Merritt, Sydney; Modadra-Madakpa, Brigitte; Mutombo, Guy N.; Vakaniaki, Emmanuel H.; Kacita, Cris; Lubambo, Gaston M.; Makangara-Cigolo, Jean-Claude; Ngimba, Michel; Lokilo-Lofiko, Emmanuel; Pukuta-Simbu, Elisabeth; Luakanda-Ndelemo, Gradi; Bodisa-Matamu, Tavia; Paluku-Kalimuli, Zephanie; Akil-Bandali, Prince; Kavira, Sifa; Muyembe-Mawete, Francisca; Guichet, Emilande; Jansen, Daan; Kavira-Kamaliro, Adele; Muhindo-Milonde, Emile; Mufungizi, Jeriel; Birindwa Hamisi, Yves; Kavunga, Hugo; Tshiani, Olivier; Nundu, Sabin S.; Liesenborghs, Laurens; Hoff, Nicole A.; Shongo, Robert; Ayouba, Ahidjo; Pilarowski, Genay; Kakule Mangolopa, Alain; Kiuka Ebondo, Amos; Low, Nicola; Souradet, Y. Shaw; Wilkinson, Sam; Kifle Tessema, Sofonias; Subissi, Lorenzo; Delaporte, Eric; Vercauteren, Koen; Wawina-Bokalanga, Tony; Rimoin, Anne W.; Hensley, Lisa E.; Peeters, Martine; Quick, Josh; Loman, Nicholas; Rambaut, Andrew; Muyembe-Tamfum, Jean-Jacques; Kindrachuk, Jason; Mbala-Kingebeni, Placide; Ahuka-Mundeke, Steve"
PP_0013LJ4,Ib,A,Democratic Republic of the Congo,Sud-Kivu,2024-05-18,188453,0.6988524864483873,2025-02-04,"Mukadi-Bamuleka, Daniel; Kinganda-Lusamaki, Eddy; Mulopo-Mukanya, Noella; Amuri-Aziza, Adrienne; OToole, Aine; Merritt, Sydney; Modadra-Madakpa, Brigitte; Mutombo, Guy N.; Vakaniaki, Emmanuel H.; Kacita, Cris; Lubambo, Gaston M.; Makangara-Cigolo, Jean-Claude; Ngimba, Michel; Lokilo-Lofiko, Emmanuel; Pukuta-Simbu, Elisabeth; Luakanda-Ndelemo, Gradi; Bodisa-Matamu, Tavia; Paluku-Kalimuli, Zephanie; Akil-Bandali, Prince; Kavira, Sifa; Muyembe-Mawete, Francisca; Guichet, Emilande; Jansen, Daan; Kavira-Kamaliro, Adele; Muhindo-Milonde, Emile; Mufungizi, Jeriel; Birindwa Hamisi, Yves; Kavunga, Hugo; Tshiani, Olivier; Nundu, Sabin S.; Liesenborghs, Laurens; Hoff, Nicole A.; Shongo, Robert; Ayouba, Ahidjo; Pilarowski, Genay; Kakule Mangolopa, Alain; Kiuka Ebondo, Amos; Low, Nicola; Souradet, Y. Shaw; Wilkinson, Sam; Kifle Tessema, Sofonias; Subissi, Lorenzo; Delaporte, Eric; Vercauteren, Koen; Wawina-Bokalanga, Tony; Rimoin, Anne W.; Hensley, Lisa E.; Peeters, Martine; Quick, Josh; Loman, Nicholas; Rambaut, Andrew; Muyembe-Tamfum, Jean-Jacques; Kindrachuk, Jason; Mbala-Kingebeni, Placide; Ahuka-Mundeke, Steve"
PP_0013LK2,Ib,A,Democratic Republic of the Congo,Sud-Kivu,2024-04-21,189836,0.7186943800739317,2025-02-04,"Mukadi-Bamuleka, Daniel; Kinganda-Lusamaki, Eddy; Mulopo-Mukanya, Noella; Amuri-Aziza, Adrienne; OToole, Aine; Merritt, Sydney; Modadra-Madakpa, Brigitte; Mutombo, Guy N.; Vakaniaki, Emmanuel H.; Kacita, Cris; Lubambo, Gaston M.; Makangara-Cigolo, Jean-Claude; Ngimba, Michel; Lokilo-Lofiko, Emmanuel; Pukuta-Simbu, Elisabeth; Luakanda-Ndelemo, Gradi; Bodisa-Matamu, Tavia; Paluku-Kalimuli, Zephanie; Akil-Bandali, Prince; Kavira, Sifa; Muyembe-Mawete, Francisca; Guichet, Emilande; Jansen, Daan; Kavira-Kamaliro, Adele; Muhindo-Milonde, Emile; Mufungizi, Jeriel; Birindwa Hamisi, Yves; Kavunga, Hugo; Tshiani, Olivier; Nundu, Sabin S.; Liesenborghs, Laurens; Hoff, Nicole A.; Shongo, Robert; Ayouba, Ahidjo; Pilarowski, Genay; Kakule Mangolopa, Alain; Kiuka Ebondo, Amos; Low, Nicola; Souradet, Y. Shaw; Wilkinson, Sam; Kifle Tessema, Sofonias; Subissi, Lorenzo; Delaporte, Eric; Vercauteren, Koen; Wawina-Bokalanga, Tony; Rimoin, Anne W.; Hensley, Lisa E.; Peeters, Martine; Quick, Josh; Loman, Nicholas; Rambaut, Andrew; Muyembe-Tamfum, Jean-Jacques; Kindrachuk, Jason; Mbala-Kingebeni, Placide; Ahuka-Mundeke, Steve"
PP_0013LL0,Ib,A,Democratic Republic of the Congo,Sud-Kivu,2024-05-02,189666,0.7723633302739733,2025-02-04,"Mukadi-Bamuleka, Daniel; Kinganda-Lusamaki, Eddy; Mulopo-Mukanya, Noella; Amuri-Aziza, Adrienne; OToole, Aine; Merritt, Sydney; Modadra-Madakpa, Brigitte; Mutombo, Guy N.; Vakaniaki, Emmanuel H.; Kacita, Cris; Lubambo, Gaston M.; Makangara-Cigolo, Jean-Claude; Ngimba, Michel; Lokilo-Lofiko, Emmanuel; Pukuta-Simbu, Elisabeth; Luakanda-Ndelemo, Gradi; Bodisa-Matamu, Tavia; Paluku-Kalimuli, Zephanie; Akil-Bandali, Prince; Kavira, Sifa; Muyembe-Mawete, Francisca; Guichet, Emilande; Jansen, Daan; Kavira-Kamaliro, Adele; Muhindo-Milonde, Emile; Mufungizi, Jeriel; Birindwa Hamisi, Yves; Kavunga, Hugo; Tshiani, Olivier; Nundu, Sabin S.; Liesenborghs, Laurens; Hoff, Nicole A.; Shongo, Robert; Ayouba, Ahidjo; Pilarowski, Genay; Kakule Mangolopa, Alain; Kiuka Ebondo, Amos; Low, Nicola; Souradet, Y. Shaw; Wilkinson, Sam; Kifle Tessema, Sofonias; Subissi, Lorenzo; Delaporte, Eric; Vercauteren, Koen; Wawina-Bokalanga, Tony; Rimoin, Anne W.; Hensley, Lisa E.; Peeters, Martine; Quick, Josh; Loman, Nicholas; Rambaut, Andrew; Muyembe-Tamfum, Jean-Jacques; Kindrachuk, Jason; Mbala-Kingebeni, Placide; Ahuka-Mundeke, Steve"
PP_0013LMY,Ib,A,Democratic Republic of the Congo,Sud-Kivu,2024-06-07,189898,0.8120572590500433,2025-02-04,"Mukadi-Bamuleka, Daniel; Kinganda-Lusamaki, Eddy; Mulopo-Mukanya, Noella; Amuri-Aziza, Adrienne; OToole, Aine; Merritt, Sydney; Modadra-Madakpa, Brigitte; Mutombo, Guy N.; Vakaniaki, Emmanuel H.; Kacita, Cris; Lubambo, Gaston M.; Makangara-Cigolo, Jean-Claude; Ngimba, Michel; Lokilo-Lofiko, Emmanuel; Pukuta-Simbu, Elisabeth; Luakanda-Ndelemo, Gradi; Bodisa-Matamu, Tavia; Paluku-Kalimuli, Zephanie; Akil-Bandali, Prince; Kavira, Sifa; Muyembe-Mawete, Francisca; Guichet, Emilande; Jansen, Daan; Kavira-Kamaliro, Adele; Muhindo-Milonde, Emile; Mufungizi, Jeriel; Birindwa Hamisi, Yves; Kavunga, Hugo; Tshiani, Olivier; Nundu, Sabin S.; Liesenborghs, Laurens; Hoff, Nicole A.; Shongo, Robert; Ayouba, Ahidjo; Pilarowski, Genay; Kakule Mangolopa, Alain; Kiuka Ebondo, Amos; Low, Nicola; Souradet, Y. Shaw; Wilkinson, Sam; Kifle Tessema, Sofonias; Subissi, Lorenzo; Delaporte, Eric; Vercauteren, Koen; Wawina-Bokalanga, Tony; Rimoin, Anne W.; Hensley, Lisa E.; Peeters, Martine; Quick, Josh; Loman, Nicholas; Rambaut, Andrew; Muyembe-Tamfum, Jean-Jacques; Kindrachuk, Jason; Mbala-Kingebeni, Placide; Ahuka-Mundeke, Steve"
PP_0013LNW,Ib,A,Democratic Republic of the Congo,Sud-Kivu,2024-06-06,188690,0.8579476595895725,2025-02-04,"Mukadi-Bamuleka, Daniel; Kinganda-Lusamaki, Eddy; Mulopo-Mukanya, Noella; Amuri-Aziza, Adrienne; OToole, Aine; Merritt, Sydney; Modadra-Madakpa, Brigitte; Mutombo, Guy N.; Vakaniaki, Emmanuel H.; Kacita, Cris; Lubambo, Gaston M.; Makangara-Cigolo, Jean-Claude; Ngimba, Michel; Lokilo-Lofiko, Emmanuel; Pukuta-Simbu, Elisabeth; Luakanda-Ndelemo, Gradi; Bodisa-Matamu, Tavia; Paluku-Kalimuli, Zephanie; Akil-Bandali, Prince; Kavira, Sifa; Muyembe-Mawete, Francisca; Guichet, Emilande; Jansen, Daan; Kavira-Kamaliro, Adele; Muhindo-Milonde, Emile; Mufungizi, Jeriel; Birindwa Hamisi, Yves; Kavunga, Hugo; Tshiani, Olivier; Nundu, Sabin S.; Liesenborghs, Laurens; Hoff, Nicole A.; Shongo, Robert; Ayouba, Ahidjo; Pilarowski, Genay; Kakule Mangolopa, Alain; Kiuka Ebondo, Amos; Low, Nicola; Souradet, Y. Shaw; Wilkinson, Sam; Kifle Tessema, Sofonias; Subissi, Lorenzo; Delaporte, Eric; Vercauteren, Koen; Wawina-Bokalanga, Tony; Rimoin, Anne W.; Hensley, Lisa E.; Peeters, Martine; Quick, Josh; Loman, Nicholas; Rambaut, Andrew; Muyembe-Tamfum, Jean-Jacques; Kindrachuk, Jason; Mbala-Kingebeni, Placide; Ahuka-Mundeke, Steve"
PP_0013LPU,Ib,A,Democratic Republic of the Congo,Sud-Kivu,2024-06-14,188663,0.864139060590541,2025-02-04,"Mukadi-Bamuleka, Daniel; Kinganda-Lusamaki, Eddy; Mulopo-Mukanya, Noella; Amuri-Aziza, Adrienne; OToole, Aine; Merritt, Sydney; Modadra-Madakpa, Brigitte; Mutombo, Guy N.; Vakaniaki, Emmanuel H.; Kacita, Cris; Lubambo, Gaston M.; Makangara-Cigolo, Jean-Claude; Ngimba, Michel; Lokilo-Lofiko, Emmanuel; Pukuta-Simbu, Elisabeth; Luakanda-Ndelemo, Gradi; Bodisa-Matamu, Tavia; Paluku-Kalimuli, Zephanie; Akil-Bandali, Prince; Kavira, Sifa; Muyembe-Mawete, Francisca; Guichet, Emilande; Jansen, Daan; Kavira-Kamaliro, Adele; Muhindo-Milonde, Emile; Mufungizi, Jeriel; Birindwa Hamisi, Yves; Kavunga, Hugo; Tshiani, Olivier; Nundu, Sabin S.; Liesenborghs, Laurens; Hoff, Nicole A.; Shongo, Robert; Ayouba, Ahidjo; Pilarowski, Genay; Kakule Mangolopa, Alain; Kiuka Ebondo, Amos; Low, Nicola; Souradet, Y. Shaw; Wilkinson, Sam; Kifle Tessema, Sofonias; Subissi, Lorenzo; Delaporte, Eric; Vercauteren, Koen; Wawina-Bokalanga, Tony; Rimoin, Anne W.; Hensley, Lisa E.; Peeters, Martine; Quick, Josh; Loman, Nicholas; Rambaut, Andrew; Muyembe-Tamfum, Jean-Jacques; Kindrachuk, Jason; Mbala-Kingebeni, Placide; Ahuka-Mundeke, Steve"
PP_0013LQS,Ib,A,Democratic Republic of the Congo,Sud-Kivu,2024-06-12,188479,0.8855630321131388,2025-02-04,"Mukadi-Bamuleka, Daniel; Kinganda-Lusamaki, Eddy; Mulopo-Mukanya, Noella; Amuri-Aziza, Adrienne; OToole, Aine; Merritt, Sydney; Modadra-Madakpa, Brigitte; Mutombo, Guy N.; Vakaniaki, Emmanuel H.; Kacita, Cris; Lubambo, Gaston M.; Makangara-Cigolo, Jean-Claude; Ngimba, Michel; Lokilo-Lofiko, Emmanuel; Pukuta-Simbu, Elisabeth; Luakanda-Ndelemo, Gradi; Bodisa-Matamu, Tavia; Paluku-Kalimuli, Zephanie; Akil-Bandali, Prince; Kavira, Sifa; Muyembe-Mawete, Francisca; Guichet, Emilande; Jansen, Daan; Kavira-Kamaliro, Adele; Muhindo-Milonde, Emile; Mufungizi, Jeriel; Birindwa Hamisi, Yves; Kavunga, Hugo; Tshiani, Olivier; Nundu, Sabin S.; Liesenborghs, Laurens; Hoff, Nicole A.; Shongo, Robert; Ayouba, Ahidjo; Pilarowski, Genay; Kakule Mangolopa, Alain; Kiuka Ebondo, Amos; Low, Nicola; Souradet, Y. Shaw; Wilkinson, Sam; Kifle Tessema, Sofonias; Subissi, Lorenzo; Delaporte, Eric; Vercauteren, Koen; Wawina-Bokalanga, Tony; Rimoin, Anne W.; Hensley, Lisa E.; Peeters, Martine; Quick, Josh; Loman, Nicholas; Rambaut, Andrew; Muyembe-Tamfum, Jean-Jacques; Kindrachuk, Jason; Mbala-Kingebeni, Placide; Ahuka-Mundeke, Steve"
PP_0013LRQ,Ib,A,Democratic Republic of the Congo,Sud-Kivu,2024-06-09,188601,0.873966198297238,2025-02-04,"Mukadi-Bamuleka, Daniel; Kinganda-Lusamaki, Eddy; Mulopo-Mukanya, Noella; Amuri-Aziza, Adrienne; OToole, Aine; Merritt, Sydney; Modadra-Madakpa, Brigitte; Mutombo, Guy N.; Vakaniaki, Emmanuel H.; Kacita, Cris; Lubambo, Gaston M.; Makangara-Cigolo, Jean-Claude; Ngimba, Michel; Lokilo-Lofiko, Emmanuel; Pukuta-Simbu, Elisabeth; Luakanda-Ndelemo, Gradi; Bodisa-Matamu, Tavia; Paluku-Kalimuli, Zephanie; Akil-Bandali, Prince; Kavira, Sifa; Muyembe-Mawete, Francisca; Guichet, Emilande; Jansen, Daan; Kavira-Kamaliro, Adele; Muhindo-Milonde, Emile; Mufungizi, Jeriel; Birindwa Hamisi, Yves; Kavunga, Hugo; Tshiani, Olivier; Nundu, Sabin S.; Liesenborghs, Laurens; Hoff, Nicole A.; Shongo, Robert; Ayouba, Ahidjo; Pilarowski, Genay; Kakule Mangolopa, Alain; Kiuka Ebondo, Amos; Low, Nicola; Souradet, Y. Shaw; Wilkinson, Sam; Kifle Tessema, Sofonias; Subissi, Lorenzo; Delaporte, Eric; Vercauteren, Koen; Wawina-Bokalanga, Tony; Rimoin, Anne W.; Hensley, Lisa E.; Peeters, Martine; Quick, Josh; Loman, Nicholas; Rambaut, Andrew; Muyembe-Tamfum, Jean-Jacques; Kindrachuk, Jason; Mbala-Kingebeni, Placide; Ahuka-Mundeke, Steve"
PP_0013LSN,Ib,A,Democratic Republic of the Congo,Sud-Kivu,2024-06-13,189405,0.8512187577646051,2025-02-04,"Mukadi-Bamuleka, Daniel; Kinganda-Lusamaki, Eddy; Mulopo-Mukanya, Noella; Amuri-Aziza, Adrienne; OToole, Aine; Merritt, Sydney; Modadra-Madakpa, Brigitte; Mutombo, Guy N.; Vakaniaki, Emmanuel H.; Kacita, Cris; Lubambo, Gaston M.; Makangara-Cigolo, Jean-Claude; Ngimba, Michel; Lokilo-Lofiko, Emmanuel; Pukuta-Simbu, Elisabeth; Luakanda-Ndelemo, Gradi; Bodisa-Matamu, Tavia; Paluku-Kalimuli, Zephanie; Akil-Bandali, Prince; Kavira, Sifa; Muyembe-Mawete, Francisca; Guichet, Emilande; Jansen, Daan; Kavira-Kamaliro, Adele; Muhindo-Milonde, Emile; Mufungizi, Jeriel; Birindwa Hamisi, Yves; Kavunga, Hugo; Tshiani, Olivier; Nundu, Sabin S.; Liesenborghs, Laurens; Hoff, Nicole A.; Shongo, Robert; Ayouba, Ahidjo; Pilarowski, Genay; Kakule Mangolopa, Alain; Kiuka Ebondo, Amos; Low, Nicola; Souradet, Y. Shaw; Wilkinson, Sam; Kifle Tessema, Sofonias; Subissi, Lorenzo; Delaporte, Eric; Vercauteren, Koen; Wawina-Bokalanga, Tony; Rimoin, Anne W.; Hensley, Lisa E.; Peeters, Martine; Quick, Josh; Loman, Nicholas; Rambaut, Andrew; Muyembe-Tamfum, Jean-Jacques; Kindrachuk, Jason; Mbala-Kingebeni, Placide; Ahuka-Mundeke, Steve"
PP_0013LTL,Ib,A,Democratic Republic of the Congo,Sud-Kivu,2024-06-07,188625,0.8454380885253716,2025-02-04,"Mukadi-Bamuleka, Daniel; Kinganda-Lusamaki, Eddy; Mulopo-Mukanya, Noella; Amuri-Aziza, Adrienne; OToole, Aine; Merritt, Sydney; Modadra-Madakpa, Brigitte; Mutombo, Guy N.; Vakaniaki, Emmanuel H.; Kacita, Cris; Lubambo, Gaston M.; Makangara-Cigolo, Jean-Claude; Ngimba, Michel; Lokilo-Lofiko, Emmanuel; Pukuta-Simbu, Elisabeth; Luakanda-Ndelemo, Gradi; Bodisa-Matamu, Tavia; Paluku-Kalimuli, Zephanie; Akil-Bandali, Prince; Kavira, Sifa; Muyembe-Mawete, Francisca; Guichet, Emilande; Jansen, Daan; Kavira-Kamaliro, Adele; Muhindo-Milonde, Emile; Mufungizi, Jeriel; Birindwa Hamisi, Yves; Kavunga, Hugo; Tshiani, Olivier; Nundu, Sabin S.; Liesenborghs, Laurens; Hoff, Nicole A.; Shongo, Robert; Ayouba, Ahidjo; Pilarowski, Genay; Kakule Mangolopa, Alain; Kiuka Ebondo, Amos; Low, Nicola; Souradet, Y. Shaw; Wilkinson, Sam; Kifle Tessema, Sofonias; Subissi, Lorenzo; Delaporte, Eric; Vercauteren, Koen; Wawina-Bokalanga, Tony; Rimoin, Anne W.; Hensley, Lisa E.; Peeters, Martine; Quick, Josh; Loman, Nicholas; Rambaut, Andrew; Muyembe-Tamfum, Jean-Jacques; Kindrachuk, Jason; Mbala-Kingebeni, Placide; Ahuka-Mundeke, Steve"
PP_0013LUJ,Ib,A,Democratic Republic of the Congo,Sud-Kivu,2024-06-10,188564,0.8849849651892155,2025-02-04,"Mukadi-Bamuleka, Daniel; Kinganda-Lusamaki, Eddy; Mulopo-Mukanya, Noella; Amuri-Aziza, Adrienne; OToole, Aine; Merritt, Sydney; Modadra-Madakpa, Brigitte; Mutombo, Guy N.; Vakaniaki, Emmanuel H.; Kacita, Cris; Lubambo, Gaston M.; Makangara-Cigolo, Jean-Claude; Ngimba, Michel; Lokilo-Lofiko, Emmanuel; Pukuta-Simbu, Elisabeth; Luakanda-Ndelemo, Gradi; Bodisa-Matamu, Tavia; Paluku-Kalimuli, Zephanie; Akil-Bandali, Prince; Kavira, Sifa; Muyembe-Mawete, Francisca; Guichet, Emilande; Jansen, Daan; Kavira-Kamaliro, Adele; Muhindo-Milonde, Emile; Mufungizi, Jeriel; Birindwa Hamisi, Yves; Kavunga, Hugo; Tshiani, Olivier; Nundu, Sabin S.; Liesenborghs, Laurens; Hoff, Nicole A.; Shongo, Robert; Ayouba, Ahidjo; Pilarowski, Genay; Kakule Mangolopa, Alain; Kiuka Ebondo, Amos; Low, Nicola; Souradet, Y. Shaw; Wilkinson, Sam; Kifle Tessema, Sofonias; Subissi, Lorenzo; Delaporte, Eric; Vercauteren, Koen; Wawina-Bokalanga, Tony; Rimoin, Anne W.; Hensley, Lisa E.; Peeters, Martine; Quick, Josh; Loman, Nicholas; Rambaut, Andrew; Muyembe-Tamfum, Jean-Jacques; Kindrachuk, Jason; Mbala-Kingebeni, Placide; Ahuka-Mundeke, Steve"
PP_0013LVG,Ib,A,Democratic Republic of the Congo,Sud-Kivu,2024-06-14,189888,0.86604566728699,2025-02-04,"Mukadi-Bamuleka, Daniel; Kinganda-Lusamaki, Eddy; Mulopo-Mukanya, Noella; Amuri-Aziza, Adrienne; OToole, Aine; Merritt, Sydney; Modadra-Madakpa, Brigitte; Mutombo, Guy N.; Vakaniaki, Emmanuel H.; Kacita, Cris; Lubambo, Gaston M.; Makangara-Cigolo, Jean-Claude; Ngimba, Michel; Lokilo-Lofiko, Emmanuel; Pukuta-Simbu, Elisabeth; Luakanda-Ndelemo, Gradi; Bodisa-Matamu, Tavia; Paluku-Kalimuli, Zephanie; Akil-Bandali, Prince; Kavira, Sifa; Muyembe-Mawete, Francisca; Guichet, Emilande; Jansen, Daan; Kavira-Kamaliro, Adele; Muhindo-Milonde, Emile; Mufungizi, Jeriel; Birindwa Hamisi, Yves; Kavunga, Hugo; Tshiani, Olivier; Nundu, Sabin S.; Liesenborghs, Laurens; Hoff, Nicole A.; Shongo, Robert; Ayouba, Ahidjo; Pilarowski, Genay; Kakule Mangolopa, Alain; Kiuka Ebondo, Amos; Low, Nicola; Souradet, Y. Shaw; Wilkinson, Sam; Kifle Tessema, Sofonias; Subissi, Lorenzo; Delaporte, Eric; Vercauteren, Koen; Wawina-Bokalanga, Tony; Rimoin, Anne W.; Hensley, Lisa E.; Peeters, Martine; Quick, Josh; Loman, Nicholas; Rambaut, Andrew; Muyembe-Tamfum, Jean-Jacques; Kindrachuk, Jason; Mbala-Kingebeni, Placide; Ahuka-Mundeke, Steve"
PP_0013LWE,Ib,A,Democratic Republic of the Congo,Sud-Kivu,2024-06-14,188549,0.7774543758144912,2025-02-04,"Mukadi-Bamuleka, Daniel; Kinganda-Lusamaki, Eddy; Mulopo-Mukanya, Noella; Amuri-Aziza, Adrienne; OToole, Aine; Merritt, Sydney; Modadra-Madakpa, Brigitte; Mutombo, Guy N.; Vakaniaki, Emmanuel H.; Kacita, Cris; Lubambo, Gaston M.; Makangara-Cigolo, Jean-Claude; Ngimba, Michel; Lokilo-Lofiko, Emmanuel; Pukuta-Simbu, Elisabeth; Luakanda-Ndelemo, Gradi; Bodisa-Matamu, Tavia; Paluku-Kalimuli, Zephanie; Akil-Bandali, Prince; Kavira, Sifa; Muyembe-Mawete, Francisca; Guichet, Emilande; Jansen, Daan; Kavira-Kamaliro, Adele; Muhindo-Milonde, Emile; Mufungizi, Jeriel; Birindwa Hamisi, Yves; Kavunga, Hugo; Tshiani, Olivier; Nundu, Sabin S.; Liesenborghs, Laurens; Hoff, Nicole A.; Shongo, Robert; Ayouba, Ahidjo; Pilarowski, Genay; Kakule Mangolopa, Alain; Kiuka Ebondo, Amos; Low, Nicola; Souradet, Y. Shaw; Wilkinson, Sam; Kifle Tessema, Sofonias; Subissi, Lorenzo; Delaporte, Eric; Vercauteren, Koen; Wawina-Bokalanga, Tony; Rimoin, Anne W.; Hensley, Lisa E.; Peeters, Martine; Quick, Josh; Loman, Nicholas; Rambaut, Andrew; Muyembe-Tamfum, Jean-Jacques; Kindrachuk, Jason; Mbala-Kingebeni, Placide; Ahuka-Mundeke, Steve"
PP_0013LXC,Ib,A,Democratic Republic of the Congo,Sud-Kivu,2024-06-11,188572,0.8695140688305301,2025-02-04,"Mukadi-Bamuleka, Daniel; Kinganda-Lusamaki, Eddy; Mulopo-Mukanya, Noella; Amuri-Aziza, Adrienne; OToole, Aine; Merritt, Sydney; Modadra-Madakpa, Brigitte; Mutombo, Guy N.; Vakaniaki, Emmanuel H.; Kacita, Cris; Lubambo, Gaston M.; Makangara-Cigolo, Jean-Claude; Ngimba, Michel; Lokilo-Lofiko, Emmanuel; Pukuta-Simbu, Elisabeth; Luakanda-Ndelemo, Gradi; Bodisa-Matamu, Tavia; Paluku-Kalimuli, Zephanie; Akil-Bandali, Prince; Kavira, Sifa; Muyembe-Mawete, Francisca; Guichet, Emilande; Jansen, Daan; Kavira-Kamaliro, Adele; Muhindo-Milonde, Emile; Mufungizi, Jeriel; Birindwa Hamisi, Yves; Kavunga, Hugo; Tshiani, Olivier; Nundu, Sabin S.; Liesenborghs, Laurens; Hoff, Nicole A.; Shongo, Robert; Ayouba, Ahidjo; Pilarowski, Genay; Kakule Mangolopa, Alain; Kiuka Ebondo, Amos; Low, Nicola; Souradet, Y. Shaw; Wilkinson, Sam; Kifle Tessema, Sofonias; Subissi, Lorenzo; Delaporte, Eric; Vercauteren, Koen; Wawina-Bokalanga, Tony; Rimoin, Anne W.; Hensley, Lisa E.; Peeters, Martine; Quick, Josh; Loman, Nicholas; Rambaut, Andrew; Muyembe-Tamfum, Jean-Jacques; Kindrachuk, Jason; Mbala-Kingebeni, Placide; Ahuka-Mundeke, Steve"
PP_0013LYA,Ib,A,Democratic Republic of the Congo,Sud-Kivu,2024-06-04,188571,0.8250637648383188,2025-02-04,"Mukadi-Bamuleka, Daniel; Kinganda-Lusamaki, Eddy; Mulopo-Mukanya, Noella; Amuri-Aziza, Adrienne; OToole, Aine; Merritt, Sydney; Modadra-Madakpa, Brigitte; Mutombo, Guy N.; Vakaniaki, Emmanuel H.; Kacita, Cris; Lubambo, Gaston M.; Makangara-Cigolo, Jean-Claude; Ngimba, Michel; Lokilo-Lofiko, Emmanuel; Pukuta-Simbu, Elisabeth; Luakanda-Ndelemo, Gradi; Bodisa-Matamu, Tavia; Paluku-Kalimuli, Zephanie; Akil-Bandali, Prince; Kavira, Sifa; Muyembe-Mawete, Francisca; Guichet, Emilande; Jansen, Daan; Kavira-Kamaliro, Adele; Muhindo-Milonde, Emile; Mufungizi, Jeriel; Birindwa Hamisi, Yves; Kavunga, Hugo; Tshiani, Olivier; Nundu, Sabin S.; Liesenborghs, Laurens; Hoff, Nicole A.; Shongo, Robert; Ayouba, Ahidjo; Pilarowski, Genay; Kakule Mangolopa, Alain; Kiuka Ebondo, Amos; Low, Nicola; Souradet, Y. Shaw; Wilkinson, Sam; Kifle Tessema, Sofonias; Subissi, Lorenzo; Delaporte, Eric; Vercauteren, Koen; Wawina-Bokalanga, Tony; Rimoin, Anne W.; Hensley, Lisa E.; Peeters, Martine; Quick, Josh; Loman, Nicholas; Rambaut, Andrew; Muyembe-Tamfum, Jean-Jacques; Kindrachuk, Jason; Mbala-Kingebeni, Placide; Ahuka-Mundeke, Steve"
PP_0013LZ8,Ib,A,Democratic Republic of the Congo,Sud-Kivu,2024-06-05,188597,0.847577950296386,2025-02-04,"Mukadi-Bamuleka, Daniel; Kinganda-Lusamaki, Eddy; Mulopo-Mukanya, Noella; Amuri-Aziza, Adrienne; OToole, Aine; Merritt, Sydney; Modadra-Madakpa, Brigitte; Mutombo, Guy N.; Vakaniaki, Emmanuel H.; Kacita, Cris; Lubambo, Gaston M.; Makangara-Cigolo, Jean-Claude; Ngimba, Michel; Lokilo-Lofiko, Emmanuel; Pukuta-Simbu, Elisabeth; Luakanda-Ndelemo, Gradi; Bodisa-Matamu, Tavia; Paluku-Kalimuli, Zephanie; Akil-Bandali, Prince; Kavira, Sifa; Muyembe-Mawete, Francisca; Guichet, Emilande; Jansen, Daan; Kavira-Kamaliro, Adele; Muhindo-Milonde, Emile; Mufungizi, Jeriel; Birindwa Hamisi, Yves; Kavunga, Hugo; Tshiani, Olivier; Nundu, Sabin S.; Liesenborghs, Laurens; Hoff, Nicole A.; Shongo, Robert; Ayouba, Ahidjo; Pilarowski, Genay; Kakule Mangolopa, Alain; Kiuka Ebondo, Amos; Low, Nicola; Souradet, Y. Shaw; Wilkinson, Sam; Kifle Tessema, Sofonias; Subissi, Lorenzo; Delaporte, Eric; Vercauteren, Koen; Wawina-Bokalanga, Tony; Rimoin, Anne W.; Hensley, Lisa E.; Peeters, Martine; Quick, Josh; Loman, Nicholas; Rambaut, Andrew; Muyembe-Tamfum, Jean-Jacques; Kindrachuk, Jason; Mbala-Kingebeni, Placide; Ahuka-Mundeke, Steve"
PP_0013M06,Ib,A,Democratic Republic of the Congo,Sud-Kivu,2024-06-05,188659,0.8298099985294789,2025-02-04,"Mukadi-Bamuleka, Daniel; Kinganda-Lusamaki, Eddy; Mulopo-Mukanya, Noella; Amuri-Aziza, Adrienne; OToole, Aine; Merritt, Sydney; Modadra-Madakpa, Brigitte; Mutombo, Guy N.; Vakaniaki, Emmanuel H.; Kacita, Cris; Lubambo, Gaston M.; Makangara-Cigolo, Jean-Claude; Ngimba, Michel; Lokilo-Lofiko, Emmanuel; Pukuta-Simbu, Elisabeth; Luakanda-Ndelemo, Gradi; Bodisa-Matamu, Tavia; Paluku-Kalimuli, Zephanie; Akil-Bandali, Prince; Kavira, Sifa; Muyembe-Mawete, Francisca; Guichet, Emilande; Jansen, Daan; Kavira-Kamaliro, Adele; Muhindo-Milonde, Emile; Mufungizi, Jeriel; Birindwa Hamisi, Yves; Kavunga, Hugo; Tshiani, Olivier; Nundu, Sabin S.; Liesenborghs, Laurens; Hoff, Nicole A.; Shongo, Robert; Ayouba, Ahidjo; Pilarowski, Genay; Kakule Mangolopa, Alain; Kiuka Ebondo, Amos; Low, Nicola; Souradet, Y. Shaw; Wilkinson, Sam; Kifle Tessema, Sofonias; Subissi, Lorenzo; Delaporte, Eric; Vercauteren, Koen; Wawina-Bokalanga, Tony; Rimoin, Anne W.; Hensley, Lisa E.; Peeters, Martine; Quick, Josh; Loman, Nicholas; Rambaut, Andrew; Muyembe-Tamfum, Jean-Jacques; Kindrachuk, Jason; Mbala-Kingebeni, Placide; Ahuka-Mundeke, Steve"
PP_0013M14,Ib,A.1,Democratic Republic of the Congo,Sud-Kivu,2024-06-01,188628,0.8381159074890091,2025-02-04,"Mukadi-Bamuleka, Daniel; Kinganda-Lusamaki, Eddy; Mulopo-Mukanya, Noella; Amuri-Aziza, Adrienne; OToole, Aine; Merritt, Sydney; Modadra-Madakpa, Brigitte; Mutombo, Guy N.; Vakaniaki, Emmanuel H.; Kacita, Cris; Lubambo, Gaston M.; Makangara-Cigolo, Jean-Claude; Ngimba, Michel; Lokilo-Lofiko, Emmanuel; Pukuta-Simbu, Elisabeth; Luakanda-Ndelemo, Gradi; Bodisa-Matamu, Tavia; Paluku-Kalimuli, Zephanie; Akil-Bandali, Prince; Kavira, Sifa; Muyembe-Mawete, Francisca; Guichet, Emilande; Jansen, Daan; Kavira-Kamaliro, Adele; Muhindo-Milonde, Emile; Mufungizi, Jeriel; Birindwa Hamisi, Yves; Kavunga, Hugo; Tshiani, Olivier; Nundu, Sabin S.; Liesenborghs, Laurens; Hoff, Nicole A.; Shongo, Robert; Ayouba, Ahidjo; Pilarowski, Genay; Kakule Mangolopa, Alain; Kiuka Ebondo, Amos; Low, Nicola; Souradet, Y. Shaw; Wilkinson, Sam; Kifle Tessema, Sofonias; Subissi, Lorenzo; Delaporte, Eric; Vercauteren, Koen; Wawina-Bokalanga, Tony; Rimoin, Anne W.; Hensley, Lisa E.; Peeters, Martine; Quick, Josh; Loman, Nicholas; Rambaut, Andrew; Muyembe-Tamfum, Jean-Jacques; Kindrachuk, Jason; Mbala-Kingebeni, Placide; Ahuka-Mundeke, Steve"
PP_001591C,I,None,Democratic Republic of the Congo,NA,2024-12-21,1454,0.00875213605869914,2025-04-05,"Wannigama, DhammikaL; Amarasiri, Mohan; Abe, Shuichi; Hongsing, Parichart"
PP_001592A,I,None,Democratic Republic of the Congo,NA,2024-12-22,1454,0.0087572068211897,2025-04-05,"Wannigama, DhammikaL; Amarasiri, Mohan; Abe, Shuichi; Hongsing, Parichart"
PP_00159DN,IIa,None,Democratic Republic of the Congo,NA,2024-12-17,1474,0.00847324412171858,2025-04-05,"Wannigama, DhammikaL; Amarasiri, Mohan; Abe, Shuichi; Hongsing, Parichart"
PP_0015A61,IIb,A.2.3,Democratic Republic of the Congo,NA,2024-12-11,1433,0.00726640264896632,2025-04-05,"Wannigama, DhammikaL; Amarasiri, Mohan; Abe, Shuichi; Hongsing, Parichart"
PP_0015A7Z,IIb,A.2.3,Democratic Republic of the Congo,NA,2024-12-11,1433,0.00726640264896632,2025-04-05,"Wannigama, DhammikaL; Amarasiri, Mohan; Abe, Shuichi; Hongsing, Parichart"
PP_0015A8X,IIb,A.2,Democratic Republic of the Congo,NA,2024-12-11,1433,0.00726640264896632,2025-04-05,"Wannigama, DhammikaL; Amarasiri, Mohan; Abe, Shuichi; Hongsing, Parichart"
PP_0015A9V,IIb,A.1.1,Democratic Republic of the Congo,NA,2024-12-11,1433,0.0072461195990041,2025-04-05,"Wannigama, DhammikaL; Amarasiri, Mohan; Abe, Shuichi; Hongsing, Parichart"
PP_0015AAT,IIb,A.2.3,Democratic Republic of the Congo,NA,2024-12-11,1433,0.00726640264896632,2025-04-05,"Wannigama, DhammikaL; Amarasiri, Mohan; Abe, Shuichi; Hongsing, Parichart"
PP_0015FGA,I,None,Democratic Republic of the Congo,NA,2024-12-11,1459,0.0087572068211897,2025-04-05,"Wannigama, DhammikaL; Amarasiri, Mohan; Abe, Shuichi; Hongsing, Parichart"
PP_0015FH7,I,None,Democratic Republic of the Congo,NA,2024-12-12,1459,0.0087572068211897,2025-04-05,"Wannigama, DhammikaL; Amarasiri, Mohan; Abe, Shuichi; Hongsing, Parichart"
PP_0015FJ5,I,None,Democratic Republic of the Congo,NA,2024-12-13,1459,0.0087572068211897,2025-04-05,"Wannigama, DhammikaL; Amarasiri, Mohan; Abe, Shuichi; Hongsing, Parichart"
PP_0015FPV,I,None,Democratic Republic of the Congo,NA,2024-12-18,1454,0.00875213605869914,2025-04-05,"Wannigama, DhammikaL; Amarasiri, Mohan; Abe, Shuichi; Hongsing, Parichart"
PP_0015FQT,I,None,Democratic Republic of the Congo,NA,2024-12-19,1454,0.00875213605869914,2025-04-05,"Wannigama, DhammikaL; Amarasiri, Mohan; Abe, Shuichi; Hongsing, Parichart"
PP_0015FRR,I,None,Democratic Republic of the Congo,NA,2024-12-20,1454,0.00875213605869914,2025-04-05,"Wannigama, DhammikaL; Amarasiri, Mohan; Abe, Shuichi; Hongsing, Parichart"
PP_0031ZSB,Ia,None,Democratic Republic of the Congo,Tshopo,2023-10-03,195169,0.952476813938512,2025-08-04,"Matondo-Kuamfumu, Meris; Baelo, P.; Lacroix, Audrey; Odia Kadima, G.; Ndimbo-Kumugo, S. P.; Kinganda-Lusamaki, Eddy; Nkuba -Ndaye, Antoine; Ramassamy, Jill-Lea.; Cooreman, Tine; Geraerts, M.; Laurent, N.; Van Vreedendaal, R.; Fourchault, L.; Joffrin, L.; Laudisoit, A.; Liesenborghs, Laurens; Vercauteren, Koen; Arien, K.; De Block, Tessa; Jansen, Daan; Nebesse, C.; Ngoy, S.; Mande, C.; Cikaya-Kankolongo, Fiston; Akil-Bandali, Prince; Amuri-Aziza, Adrienne; Kaleme, P.; Flores, L.; Almudena, M.; Leirs, H.; Ayouba, Ahidjo; Delaporte, Eric; Mbala-Kingebeni, Placide; Gryseels, S.; Verheyen, E.; Gembu, G.; Marien, J.; Peeters, Martine; Ahuka-Mundeke, Steve"
PP_0031ZT9,Ia,None,Democratic Republic of the Congo,Tshopo,2024-02-27,192787,0.7140951984949977,2025-08-04,"Matondo-Kuamfumu, Meris; Baelo, P.; Lacroix, Audrey; Odia Kadima, G.; Ndimbo-Kumugo, S. P.; Kinganda-Lusamaki, Eddy; Nkuba -Ndaye, Antoine; Ramassamy, Jill-Lea.; Cooreman, Tine; Geraerts, M.; Laurent, N.; Van Vreedendaal, R.; Fourchault, L.; Joffrin, L.; Laudisoit, A.; Liesenborghs, Laurens; Vercauteren, Koen; Arien, K.; De Block, Tessa; Jansen, Daan; Nebesse, C.; Ngoy, S.; Mande, C.; Cikaya-Kankolongo, Fiston; Akil-Bandali, Prince; Amuri-Aziza, Adrienne; Kaleme, P.; Flores, L.; Almudena, M.; Leirs, H.; Ayouba, Ahidjo; Delaporte, Eric; Mbala-Kingebeni, Placide; Gryseels, S.; Verheyen, E.; Gembu, G.; Marien, J.; Peeters, Martine; Ahuka-Mundeke, Steve"
PP_0031ZU7,Ia,None,Democratic Republic of the Congo,Bas-Uele,2017-03-11,196719,0.9992444563889072,2025-08-04,"Matondo-Kuamfumu, Meris; Baelo, P.; Lacroix, Audrey; Odia Kadima, G.; Ndimbo-Kumugo, S. P.; Kinganda-Lusamaki, Eddy; Nkuba -Ndaye, Antoine; Ramassamy, Jill-Lea.; Cooreman, Tine; Geraerts, M.; Laurent, N.; Van Vreedendaal, R.; Fourchault, L.; Joffrin, L.; Laudisoit, A.; Liesenborghs, Laurens; Vercauteren, Koen; Arien, K.; De Block, Tessa; Jansen, Daan; Nebesse, C.; Ngoy, S.; Mande, C.; Cikaya-Kankolongo, Fiston; Akil-Bandali, Prince; Amuri-Aziza, Adrienne; Kaleme, P.; Flores, L.; Almudena, M.; Leirs, H.; Ayouba, Ahidjo; Delaporte, Eric; Mbala-Kingebeni, Placide; Gryseels, S.; Verheyen, E.; Gembu, G.; Marien, J.; Peeters, Martine; Ahuka-Mundeke, Steve"
PP_0033A47,IIb,G.1,Democratic Republic of the Congo,Kinshasa,2025-07-27,187743,0.8185478350379547,2025-08-14,"Wawina-Bokalanga, Tony; Kinganda-Lusamaki, Eddy; Ngandu, Christian; Akil-Bandali, Prince; Kundey-Mafu, Jeremie; Ngombe, Nadege; Liesenborghs, Laurens; Paku-Tshambu, Princesse; Subissi, Lorenzo; Muswamba-Kayembe, Chloe; Tessi- Mvutukulu, Samy; Santini-Mafuta, Jacques; Luakanda-Ndelemo, Gradi; Ntumba-Tshitenge, Olga; Keita, Mory; Cinkobu-Bualukengu, Israel; Lokilo-Lofiko, Emmanuel; Cikaya-Kankolongo, Fiston; Sikoti, Josaphat; Kacita, Cris; Lofungola, Adelar; Tete-Sitra, Judith; Lumembe-Numbi, Raphael; Mabika-Bope, Elzedeck; Amuri-Aziza, Adrienne; Jansen, Daan; Makangara-Cigolo, Jean-Claude; Nkakulu, Jeanine; Boum, Yap; Ngongo, Ngashi; Tessema, Sofonias; Loman, Nick; OToole, Aine; Rimoin, Anne; Akilimali, Pierre; Hoff, Nicole; Kindrachuk, Jason; Ahuka-Mundeke, Steve; Peeters, Martine; Mwamba, Dieudonne; Vercauteren, Koen; Rambaut, Andrew; Muyembe-Tamfum, Jean-Jacques; Mbala-Kingebeni, Placide"
PP_0033A55,IIb,G.1,Democratic Republic of the Congo,Kinshasa,2025-07-27,187414,0.939054505626011,2025-08-14,"Wawina-Bokalanga, Tony; Kinganda-Lusamaki, Eddy; Ngandu, Christian; Akil-Bandali, Prince; Kundey-Mafu, Jeremie; Ngombe, Nadege; Liesenborghs, Laurens; Paku-Tshambu, Princesse; Subissi, Lorenzo; Muswamba-Kayembe, Chloe; Tessi- Mvutukulu, Samy; Santini-Mafuta, Jacques; Luakanda-Ndelemo, Gradi; Ntumba-Tshitenge, Olga; Keita, Mory; Cinkobu-Bualukengu, Israel; Lokilo-Lofiko, Emmanuel; Cikaya-Kankolongo, Fiston; Sikoti, Josaphat; Kacita, Cris; Lofungola, Adelar; Tete-Sitra, Judith; Lumembe-Numbi, Raphael; Mabika-Bope, Elzedeck; Amuri-Aziza, Adrienne; Jansen, Daan; Makangara-Cigolo, Jean-Claude; Nkakulu, Jeanine; Boum, Yap; Ngongo, Ngashi; Tessema, Sofonias; Loman, Nick; OToole, Aine; Rimoin, Anne; Akilimali, Pierre; Hoff, Nicole; Kindrachuk, Jason; Ahuka-Mundeke, Steve; Peeters, Martine; Mwamba, Dieudonne; Vercauteren, Koen; Rambaut, Andrew; Muyembe-Tamfum, Jean-Jacques; Mbala-Kingebeni, Placide"
PP_0033A63,IIb,G.1,Democratic Republic of the Congo,Kinshasa,2025-07-25,187415,0.9413312779842704,2025-08-14,"Wawina-Bokalanga, Tony; Kinganda-Lusamaki, Eddy; Ngandu, Christian; Akil-Bandali, Prince; Kundey-Mafu, Jeremie; Ngombe, Nadege; Liesenborghs, Laurens; Paku-Tshambu, Princesse; Subissi, Lorenzo; Muswamba-Kayembe, Chloe; Tessi- Mvutukulu, Samy; Santini-Mafuta, Jacques; Luakanda-Ndelemo, Gradi; Ntumba-Tshitenge, Olga; Keita, Mory; Cinkobu-Bualukengu, Israel; Lokilo-Lofiko, Emmanuel; Cikaya-Kankolongo, Fiston; Sikoti, Josaphat; Kacita, Cris; Lofungola, Adelar; Tete-Sitra, Judith; Lumembe-Numbi, Raphael; Mabika-Bope, Elzedeck; Amuri-Aziza, Adrienne; Jansen, Daan; Makangara-Cigolo, Jean-Claude; Nkakulu, Jeanine; Boum, Yap; Ngongo, Ngashi; Tessema, Sofonias; Loman, Nick; OToole, Aine; Rimoin, Anne; Akilimali, Pierre; Hoff, Nicole; Kindrachuk, Jason; Ahuka-Mundeke, Steve; Peeters, Martine; Mwamba, Dieudonne; Vercauteren, Koen; Rambaut, Andrew; Muyembe-Tamfum, Jean-Jacques; Mbala-Kingebeni, Placide"
PP_0033A71,IIb,G.1,Democratic Republic of the Congo,Kinshasa,2025-07-25,187154,0.9328377508125896,2025-08-14,"Wawina-Bokalanga, Tony; Kinganda-Lusamaki, Eddy; Ngandu, Christian; Akil-Bandali, Prince; Kundey-Mafu, Jeremie; Ngombe, Nadege; Liesenborghs, Laurens; Paku-Tshambu, Princesse; Subissi, Lorenzo; Muswamba-Kayembe, Chloe; Tessi- Mvutukulu, Samy; Santini-Mafuta, Jacques; Luakanda-Ndelemo, Gradi; Ntumba-Tshitenge, Olga; Keita, Mory; Cinkobu-Bualukengu, Israel; Lokilo-Lofiko, Emmanuel; Cikaya-Kankolongo, Fiston; Sikoti, Josaphat; Kacita, Cris; Lofungola, Adelar; Tete-Sitra, Judith; Lumembe-Numbi, Raphael; Mabika-Bope, Elzedeck; Amuri-Aziza, Adrienne; Jansen, Daan; Makangara-Cigolo, Jean-Claude; Nkakulu, Jeanine; Boum, Yap; Ngongo, Ngashi; Tessema, Sofonias; Loman, Nick; OToole, Aine; Rimoin, Anne; Akilimali, Pierre; Hoff, Nicole; Kindrachuk, Jason; Ahuka-Mundeke, Steve; Peeters, Martine; Mwamba, Dieudonne; Vercauteren, Koen; Rambaut, Andrew; Muyembe-Tamfum, Jean-Jacques; Mbala-Kingebeni, Placide"
PP_00344KE,Ia,None,Democratic Republic of the Congo,NA,2016-09,10543,0.05344076588796657,2025-08-21,"Gigante, C.; Deng, J.; McGrath, D.; Takakuwa, J.; Wilkins, K.; Haddock, L. A.; Davidson, W.; Rabeneck, D. B.; Madden, J.; Wicker, V.; Amuri-Aziza, A.; Wawina-Bokalanga, T.; Mbala-Kingebeni, P.; Hutson, C. L.; Li, Y."
PP_00344LC,I,None,Democratic Republic of the Congo,NA,2016-09,14656,0.0743069535366033,2025-08-21,"Gigante, C.; Deng, J.; McGrath, D.; Takakuwa, J.; Wilkins, K.; Haddock, L. A.; Davidson, W.; Rabeneck, D. B.; Madden, J.; Wicker, V.; Amuri-Aziza, A.; Wawina-Bokalanga, T.; Mbala-Kingebeni, P.; Hutson, C. L.; Li, Y."
PP_00344MA,Ia,None,Democratic Republic of the Congo,NA,2017-09,10543,0.05343569512547602,2025-08-21,"Gigante, C.; Deng, J.; McGrath, D.; Takakuwa, J.; Wilkins, K.; Haddock, L. A.; Davidson, W.; Rabeneck, D. B.; Madden, J.; Wicker, V.; Amuri-Aziza, A.; Wawina-Bokalanga, T.; Mbala-Kingebeni, P.; Hutson, C. L.; Li, Y."
PP_00344N8,I,None,Democratic Republic of the Congo,NA,2017-09,14656,0.07431202429909385,2025-08-21,"Gigante, C.; Deng, J.; McGrath, D.; Takakuwa, J.; Wilkins, K.; Haddock, L. A.; Davidson, W.; Rabeneck, D. B.; Madden, J.; Wicker, V.; Amuri-Aziza, A.; Wawina-Bokalanga, T.; Mbala-Kingebeni, P.; Hutson, C. L.; Li, Y."
PP_00344P6,Ia,None,Democratic Republic of the Congo,NA,2017-09,10543,0.05344076588796657,2025-08-21,"Gigante, C.; Deng, J.; McGrath, D.; Takakuwa, J.; Wilkins, K.; Haddock, L. A.; Davidson, W.; Rabeneck, D. B.; Madden, J.; Wicker, V.; Amuri-Aziza, A.; Wawina-Bokalanga, T.; Mbala-Kingebeni, P.; Hutson, C. L.; Li, Y."
PP_00344Q4,I,None,Democratic Republic of the Congo,NA,2017-09,14656,0.07430188277411275,2025-08-21,"Gigante, C.; Deng, J.; McGrath, D.; Takakuwa, J.; Wilkins, K.; Haddock, L. A.; Davidson, W.; Rabeneck, D. B.; Madden, J.; Wicker, V.; Amuri-Aziza, A.; Wawina-Bokalanga, T.; Mbala-Kingebeni, P.; Hutson, C. L.; Li, Y."
PP_00344R2,Ia,None,Democratic Republic of the Congo,NA,2017-09,10543,0.05344076588796657,2025-08-21,"Gigante, C.; Deng, J.; McGrath, D.; Takakuwa, J.; Wilkins, K.; Haddock, L. A.; Davidson, W.; Rabeneck, D. B.; Madden, J.; Wicker, V.; Amuri-Aziza, A.; Wawina-Bokalanga, T.; Mbala-Kingebeni, P.; Hutson, C. L.; Li, Y."
PP_00344S0,I,None,Democratic Republic of the Congo,NA,2017-09,14656,0.0743069535366033,2025-08-21,"Gigante, C.; Deng, J.; McGrath, D.; Takakuwa, J.; Wilkins, K.; Haddock, L. A.; Davidson, W.; Rabeneck, D. B.; Madden, J.; Wicker, V.; Amuri-Aziza, A.; Wawina-Bokalanga, T.; Mbala-Kingebeni, P.; Hutson, C. L.; Li, Y."
PP_00344TY,Ia,None,Democratic Republic of the Congo,NA,2017-09,10543,0.05344076588796657,2025-08-21,"Gigante, C.; Deng, J.; McGrath, D.; Takakuwa, J.; Wilkins, K.; Haddock, L. A.; Davidson, W.; Rabeneck, D. B.; Madden, J.; Wicker, V.; Amuri-Aziza, A.; Wawina-Bokalanga, T.; Mbala-Kingebeni, P.; Hutson, C. L.; Li, Y."
PP_00344UW,I,None,Democratic Republic of the Congo,NA,2017-09,14656,0.07431202429909385,2025-08-21,"Gigante, C.; Deng, J.; McGrath, D.; Takakuwa, J.; Wilkins, K.; Haddock, L. A.; Davidson, W.; Rabeneck, D. B.; Madden, J.; Wicker, V.; Amuri-Aziza, A.; Wawina-Bokalanga, T.; Mbala-Kingebeni, P.; Hutson, C. L.; Li, Y."
PP_00344VU,Ia,None,Democratic Republic of the Congo,NA,2017-09,10543,0.05343569512547602,2025-08-21,"Gigante, C.; Deng, J.; McGrath, D.; Takakuwa, J.; Wilkins, K.; Haddock, L. A.; Davidson, W.; Rabeneck, D. B.; Madden, J.; Wicker, V.; Amuri-Aziza, A.; Wawina-Bokalanga, T.; Mbala-Kingebeni, P.; Hutson, C. L.; Li, Y."
PP_00344WS,I,None,Democratic Republic of the Congo,NA,2017-09,14656,0.0743069535366033,2025-08-21,"Gigante, C.; Deng, J.; McGrath, D.; Takakuwa, J.; Wilkins, K.; Haddock, L. A.; Davidson, W.; Rabeneck, D. B.; Madden, J.; Wicker, V.; Amuri-Aziza, A.; Wawina-Bokalanga, T.; Mbala-Kingebeni, P.; Hutson, C. L.; Li, Y."
PP_00344XQ,Ia,None,Democratic Republic of the Congo,NA,2017-09,10543,0.05344076588796657,2025-08-21,"Gigante, C.; Deng, J.; McGrath, D.; Takakuwa, J.; Wilkins, K.; Haddock, L. A.; Davidson, W.; Rabeneck, D. B.; Madden, J.; Wicker, V.; Amuri-Aziza, A.; Wawina-Bokalanga, T.; Mbala-Kingebeni, P.; Hutson, C. L.; Li, Y."
PP_00344YN,I,None,Democratic Republic of the Congo,NA,2017-09,14656,0.0743170950615844,2025-08-21,"Gigante, C.; Deng, J.; McGrath, D.; Takakuwa, J.; Wilkins, K.; Haddock, L. A.; Davidson, W.; Rabeneck, D. B.; Madden, J.; Wicker, V.; Amuri-Aziza, A.; Wawina-Bokalanga, T.; Mbala-Kingebeni, P.; Hutson, C. L.; Li, Y."
PP_00344ZL,Ia,None,Democratic Republic of the Congo,NA,2017-09,10543,0.05344076588796657,2025-08-21,"Gigante, C.; Deng, J.; McGrath, D.; Takakuwa, J.; Wilkins, K.; Haddock, L. A.; Davidson, W.; Rabeneck, D. B.; Madden, J.; Wicker, V.; Amuri-Aziza, A.; Wawina-Bokalanga, T.; Mbala-Kingebeni, P.; Hutson, C. L.; Li, Y."
PP_003450J,I,None,Democratic Republic of the Congo,NA,2017-09,14656,0.07431202429909385,2025-08-21,"Gigante, C.; Deng, J.; McGrath, D.; Takakuwa, J.; Wilkins, K.; Haddock, L. A.; Davidson, W.; Rabeneck, D. B.; Madden, J.; Wicker, V.; Amuri-Aziza, A.; Wawina-Bokalanga, T.; Mbala-Kingebeni, P.; Hutson, C. L.; Li, Y."
PP_003451G,Ia,None,Democratic Republic of the Congo,NA,2017-09,10543,0.05343062436298546,2025-08-21,"Gigante, C.; Deng, J.; McGrath, D.; Takakuwa, J.; Wilkins, K.; Haddock, L. A.; Davidson, W.; Rabeneck, D. B.; Madden, J.; Wicker, V.; Amuri-Aziza, A.; Wawina-Bokalanga, T.; Mbala-Kingebeni, P.; Hutson, C. L.; Li, Y."
PP_003452E,I,None,Democratic Republic of the Congo,NA,2017-09,14656,0.07430188277411275,2025-08-21,"Gigante, C.; Deng, J.; McGrath, D.; Takakuwa, J.; Wilkins, K.; Haddock, L. A.; Davidson, W.; Rabeneck, D. B.; Madden, J.; Wicker, V.; Amuri-Aziza, A.; Wawina-Bokalanga, T.; Mbala-Kingebeni, P.; Hutson, C. L.; Li, Y."
PP_003453C,Ia,None,Democratic Republic of the Congo,NA,2016-09,10543,0.05343569512547602,2025-08-21,"Gigante, C.; Deng, J.; McGrath, D.; Takakuwa, J.; Wilkins, K.; Haddock, L. A.; Davidson, W.; Rabeneck, D. B.; Madden, J.; Wicker, V.; Amuri-Aziza, A.; Wawina-Bokalanga, T.; Mbala-Kingebeni, P.; Hutson, C. L.; Li, Y."
PP_003454A,I,None,Democratic Republic of the Congo,NA,2016-09,14656,0.0743069535366033,2025-08-21,"Gigante, C.; Deng, J.; McGrath, D.; Takakuwa, J.; Wilkins, K.; Haddock, L. A.; Davidson, W.; Rabeneck, D. B.; Madden, J.; Wicker, V.; Amuri-Aziza, A.; Wawina-Bokalanga, T.; Mbala-Kingebeni, P.; Hutson, C. L.; Li, Y."
PP_0034558,Ib,A,Democratic Republic of the Congo,NA,2024-09,10538,0.05343062436298546,2025-08-21,"Gigante, C.; Deng, J.; McGrath, D.; Takakuwa, J.; Wilkins, K.; Haddock, L. A.; Davidson, W.; Rabeneck, D. B.; Madden, J.; Wicker, V.; Amuri-Aziza, A.; Wawina-Bokalanga, T.; Mbala-Kingebeni, P.; Hutson, C. L.; Li, Y."
PP_0034566,Ib,A.1,Democratic Republic of the Congo,NA,2024-09,14656,0.0743170950615844,2025-08-21,"Gigante, C.; Deng, J.; McGrath, D.; Takakuwa, J.; Wilkins, K.; Haddock, L. A.; Davidson, W.; Rabeneck, D. B.; Madden, J.; Wicker, V.; Amuri-Aziza, A.; Wawina-Bokalanga, T.; Mbala-Kingebeni, P.; Hutson, C. L.; Li, Y."
PP_0034574,Ib,A,Democratic Republic of the Congo,NA,2024-09,10538,0.05343569512547602,2025-08-21,"Gigante, C.; Deng, J.; McGrath, D.; Takakuwa, J.; Wilkins, K.; Haddock, L. A.; Davidson, W.; Rabeneck, D. B.; Madden, J.; Wicker, V.; Amuri-Aziza, A.; Wawina-Bokalanga, T.; Mbala-Kingebeni, P.; Hutson, C. L.; Li, Y."
PP_0034582,Ib,A.1,Democratic Republic of the Congo,NA,2024-09,14656,0.07431202429909385,2025-08-21,"Gigante, C.; Deng, J.; McGrath, D.; Takakuwa, J.; Wilkins, K.; Haddock, L. A.; Davidson, W.; Rabeneck, D. B.; Madden, J.; Wicker, V.; Amuri-Aziza, A.; Wawina-Bokalanga, T.; Mbala-Kingebeni, P.; Hutson, C. L.; Li, Y."
PP_0034590,Ib,A,Democratic Republic of the Congo,NA,2024-09,10538,0.05343569512547602,2025-08-21,"Gigante, C.; Deng, J.; McGrath, D.; Takakuwa, J.; Wilkins, K.; Haddock, L. A.; Davidson, W.; Rabeneck, D. B.; Madden, J.; Wicker, V.; Amuri-Aziza, A.; Wawina-Bokalanga, T.; Mbala-Kingebeni, P.; Hutson, C. L.; Li, Y."
PP_00345AY,Ib,A.1,Democratic Republic of the Congo,NA,2024-09,14656,0.07430188277411275,2025-08-21,"Gigante, C.; Deng, J.; McGrath, D.; Takakuwa, J.; Wilkins, K.; Haddock, L. A.; Davidson, W.; Rabeneck, D. B.; Madden, J.; Wicker, V.; Amuri-Aziza, A.; Wawina-Bokalanga, T.; Mbala-Kingebeni, P.; Hutson, C. L.; Li, Y."
PP_00345BW,Ib,A,Democratic Republic of the Congo,NA,2024-09,10538,0.05343569512547602,2025-08-21,"Gigante, C.; Deng, J.; McGrath, D.; Takakuwa, J.; Wilkins, K.; Haddock, L. A.; Davidson, W.; Rabeneck, D. B.; Madden, J.; Wicker, V.; Amuri-Aziza, A.; Wawina-Bokalanga, T.; Mbala-Kingebeni, P.; Hutson, C. L.; Li, Y."
PP_00345CU,Ib,A.1,Democratic Republic of the Congo,NA,2024-09,14656,0.0743069535366033,2025-08-21,"Gigante, C.; Deng, J.; McGrath, D.; Takakuwa, J.; Wilkins, K.; Haddock, L. A.; Davidson, W.; Rabeneck, D. B.; Madden, J.; Wicker, V.; Amuri-Aziza, A.; Wawina-Bokalanga, T.; Mbala-Kingebeni, P.; Hutson, C. L.; Li, Y."
PP_00345DS,Ib,A,Democratic Republic of the Congo,NA,2024-09,10538,0.05344076588796657,2025-08-21,"Gigante, C.; Deng, J.; McGrath, D.; Takakuwa, J.; Wilkins, K.; Haddock, L. A.; Davidson, W.; Rabeneck, D. B.; Madden, J.; Wicker, V.; Amuri-Aziza, A.; Wawina-Bokalanga, T.; Mbala-Kingebeni, P.; Hutson, C. L.; Li, Y."
PP_00345EQ,Ib,A.1,Democratic Republic of the Congo,NA,2024-09,14656,0.07431202429909385,2025-08-21,"Gigante, C.; Deng, J.; McGrath, D.; Takakuwa, J.; Wilkins, K.; Haddock, L. A.; Davidson, W.; Rabeneck, D. B.; Madden, J.; Wicker, V.; Amuri-Aziza, A.; Wawina-Bokalanga, T.; Mbala-Kingebeni, P.; Hutson, C. L.; Li, Y."
PP_00345FN,Ib,A,Democratic Republic of the Congo,NA,2024-09,10538,0.05344076588796657,2025-08-21,"Gigante, C.; Deng, J.; McGrath, D.; Takakuwa, J.; Wilkins, K.; Haddock, L. A.; Davidson, W.; Rabeneck, D. B.; Madden, J.; Wicker, V.; Amuri-Aziza, A.; Wawina-Bokalanga, T.; Mbala-Kingebeni, P.; Hutson, C. L.; Li, Y."
PP_00345GL,Ib,A.1,Democratic Republic of the Congo,NA,2024-09,14656,0.07431202429909385,2025-08-21,"Gigante, C.; Deng, J.; McGrath, D.; Takakuwa, J.; Wilkins, K.; Haddock, L. A.; Davidson, W.; Rabeneck, D. B.; Madden, J.; Wicker, V.; Amuri-Aziza, A.; Wawina-Bokalanga, T.; Mbala-Kingebeni, P.; Hutson, C. L.; Li, Y."
PP_003RKJS,Ia,None,Democratic Republic of the Congo,Kinshasa,2024-11-11,187476,0.8413257001455309,2025-08-27,"Mbala-Kingebeni, Placide; Wawina-Bokalanga, Tony; Kinganda-Lusamaki, Eddy; Pukuta-Simbu, Elisabeth; Hasivirwe-Vakaniaki, Emmanuel; Ola-Mpumbe, Rilia; Kwete-Mbokama, Papy; Akil-Bandali, Prince; Kacita, Cris; Ponga-Museme, Ange; Mapenzi-Kashali, Nelson; Vakaniaki, Gloria; Amuri-Aziza, Adrienne; Muyamuna, Elisabeth; Kavira-Bapitani, Sifa; Mukadi, Patrick; OToole, Aine; Tshiani-Mbaya, Olivier; Paku-Tshambu, Princesse; Lokilo-Lofiko, Emmanuel; Muswamba-Kayembe, Chloe; Makangara-Cigolo, Jean-Claude; Cikaya-Kankolongo, Fiston; Luakanda-Ndelemo, Gradi; Lawanga, Leader; Mabika-Bope, Elzedek; Lumembe-Numbi, Raphael; Lungenyi, Gabriel; Citenga, Andre; Kelvin, D. J.; Pratt, Catherine; Ayouba, Ahidjo; Tessema, Sofonias; Jansen, Daan; Halbrook, Megan; Merrit, Sydney; Hensley, Lisa; Delaporte, Eric; Mwamba, Dieudonne; Liesenborghs, Laurens; Hoff, Nicole; Peeters, Martine; Low, Nicola; Rimoin, Anne; Kindrachuk, Jason; Vercauteren, Koen; Rambaut, Andrew; Ahuka-Mundeke, Steve; Muyembe-Tamfum, Jean-Jacques"
PP_003RKJS,Ia,None,Democratic Republic of the Congo,Kinshasa,2024-11-11,187476,0.8413257001455309,2026-08-28,"Mbala-Kingebeni, Placide; Wawina-Bokalanga, Tony; Kinganda-Lusamaki, Eddy; Pukuta-Simbu, Elisabeth; Hasivirwe-Vakaniaki, Emmanuel; Ola-Mpumbe, Rilia; Kwete-Mbokama, Papy; Akil-Bandali, Prince; Kacita, Cris; Ponga-Museme, Ange; Mapenzi-Kashali, Nelson; Vakaniaki, Gloria; Amuri-Aziza, Adrienne; Muyamuna, Elisabeth; Kavira-Bapitani, Sifa; Mukadi, Patrick; OToole, Aine; Tshiani-Mbaya, Olivier; Paku-Tshambu, Princesse; Lokilo-Lofiko, Emmanuel; Muswamba-Kayembe, Pauline-Chloé; Makangara-Cigolo, Jean-Claude; Cikaya-Kankolongo, Fiston; Luakanda-Ndelemo, Gradi; Lawanga, Leader; Mabika-Bope, Elzedek; Lumembe-Numbi, Raphael; Kabamba-Lungenyi, Gabriel; Citenga, Andre; Kelvin, D. J.; Pratt, Catherine; Ayouba, Ahidjo; Tessema, Sofonias; Jansen, Daan; Halbrook, Megan; Merrit, Sydney; Hensley, Lisa; Delaporte, Eric; Mwamba, Dieudonne; Liesenborghs, Laurens; Hoff, Nicole; Peeters, Martine; Low, Nicola; Rimoin, Anne; Kindrachuk, Jason; Vercauteren, Koen; Rambaut, Andrew; Ahuka-Mundeke, Steve; Muyembe-Tamfum, Jean-Jacques"
PP_003RP6D,Ib,A,Democratic Republic of the Congo,"Nord Kivu, Walikale, Boboro",2011-11-23,2676,0.01356936042472706,2025-09-01,"McCollum, A. M.; Nakazawa, Y.; Ndongala, G. M.; Pukuta, E.; Karhemere, S.; Lushima, R. S.; Ilunga, B. K.; Kabamba, J.; Wilkins, K.; Gao, J.; Li, Y.; Emerson, G.; Damon, I. K.; Carroll, D. S.; Reynolds, M. G.; Malekani, J.; Tamfum, J. J.; Mccollum, A. M.; Muyembe, J.-J."
PP_003RP7B,Ib,A,Democratic Republic of the Congo,"Nord Kivu, Walikale, Boboro",2011-11-23,3021,0.01531877348396878,2025-09-01,"McCollum, A. M.; Nakazawa, Y.; Ndongala, G. M.; Pukuta, E.; Karhemere, S.; Lushima, R. S.; Ilunga, B. K.; Kabamba, J.; Wilkins, K.; Gao, J.; Li, Y.; Emerson, G.; Damon, I. K.; Carroll, D. S.; Reynolds, M. G.; Malekani, J.; Tamfum, J. J.; Mccollum, A. M.; Muyembe, J.-J."
PP_003RP89,I,None,Democratic Republic of the Congo,"Nord Kivu, Musienene, Butembo",2012-09-12,2676,0.01356936042472706,2025-09-01,"McCollum, A. M.; Nakazawa, Y.; Ndongala, G. M.; Pukuta, E.; Karhemere, S.; Lushima, R. S.; Ilunga, B. K.; Kabamba, J.; Wilkins, K.; Gao, J.; Li, Y.; Emerson, G.; Damon, I. K.; Carroll, D. S.; Reynolds, M. G.; Malekani, J.; Tamfum, J. J.; Mccollum, A. M.; Muyembe, J.-J."
PP_003RP97,I,None,Democratic Republic of the Congo,"Nord Kivu, Musienene, Butembo",2012-09-12,3021,0.01531877348396878,2025-09-01,"McCollum, A. M.; Nakazawa, Y.; Ndongala, G. M.; Pukuta, E.; Karhemere, S.; Lushima, R. S.; Ilunga, B. K.; Kabamba, J.; Wilkins, K.; Gao, J.; Li, Y.; Emerson, G.; Damon, I. K.; Carroll, D. S.; Reynolds, M. G.; Malekani, J.; Tamfum, J. J.; Mccollum, A. M.; Muyembe, J.-J."
PP_003RPA5,Ib,A,Democratic Republic of the Congo,"Sud Kivu, Shabunda, Mabaka",2012-12-17,2676,0.01356936042472706,2025-09-01,"McCollum, A. M.; Nakazawa, Y.; Ndongala, G. M.; Pukuta, E.; Karhemere, S.; Lushima, R. S.; Ilunga, B. K.; Kabamba, J.; Wilkins, K.; Gao, J.; Li, Y.; Emerson, G.; Damon, I. K.; Carroll, D. S.; Reynolds, M. G.; Malekani, J.; Tamfum, J. J.; Mccollum, A. M.; Muyembe, J.-J."
PP_003RPB3,Ib,A,Democratic Republic of the Congo,"Sud Kivu, Shabunda, Mabaka",2012-12-17,3021,0.01531877348396878,2025-09-01,"McCollum, A. M.; Nakazawa, Y.; Ndongala, G. M.; Pukuta, E.; Karhemere, S.; Lushima, R. S.; Ilunga, B. K.; Kabamba, J.; Wilkins, K.; Gao, J.; Li, Y.; Emerson, G.; Damon, I. K.; Carroll, D. S.; Reynolds, M. G.; Malekani, J.; Tamfum, J. J.; Mccollum, A. M.; Muyembe, J.-J."
PP_004AFE1,Ia,None,Democratic Republic of the Congo,Kinshasa,2024-11-08,187454,0.8832913305173699,2025-10-21,"Amuri-Aziza, Adrienne; Mbala-Kingebeni, Placide; Wawina-Bokalanga, Tony; Kinganda-Lusamaki, Eddy; Pukuta-Simbu, Elisabeth; Hasivirwe-Vakaniaki, Emmanuel; Ola-Mpumbe, Rilia; Kwete-Mbokama, Papy; Akil-Bandali, Prince; Kacita, Cris; Ponga-Museme, Ange; Mapenzi-Kashali, Nelson; Vakaniaki, Gloria; Kenye, Kelly-Michel; Muyamuna, Elisabeth; Kavira-Bapitani, Sifa; Mukadi, Patrick; OToole, Aine; Tshiani-Mbaya, Olivier; Paku-Tshambu, Princesse; Lokilo-Lofiko, Emmanuel; Muswamba-Kayembe, Chloe; Makangara-Cigolo, Jean-Claude; Cikaya-Kankolongo, Fiston; Luakanda-Ndelemo, Gradi; Lawanga, Leader; Mabika-Bope, Elzedek; Lumembe-Numbi, Raphael; Kabamba-Lungenyi, Gabriel; Citenga, Andre; Kelvin, D. J.; Pratt, Catherine; Ayouba, Ahidjo; Tessema, Sofonias; Mukadi-Bamuleka, Daniel; Jansen, Daan; Halbrook, Megan; Merrit, Sydney; Hensley, Lisa; Delaporte, Eric; Mwamba, Dieudonne; Liesenborghs, Laurens; Hoff, Nicole; Peeters, Martine; Low, Nicola; Rimoin, Anne; Kindrachuk, Jason; Vercauteren, Koen; Rambaut, Andrew; Ahuka-Mundeke, Steve; Muyembe-Tamfum, Jean-Jacques"
PP_004AFFZ,Ia,None,Democratic Republic of the Congo,Kinshasa,2024-11-08,187454,0.8684492087075133,2025-10-21,"Wawina-Bokalanga, Tony; Amuri-Aziza, Adrienne; Mbala-Kingebeni, Placide; Kinganda-Lusamaki, Eddy; Pukuta-Simbu, Elisabeth; Hasivirwe-Vakaniaki, Emmanuel; Ola-Mpumbe, Rilia; Kwete-Mbokama, Papy; Akil-Bandali, Prince; Kacita, Cris; Ponga-Museme, Ange; Mapenzi-Kashali, Nelson; Vakaniaki, Gloria; Kenye, Kelly-Michel; Muyamuna, Elisabeth; Kavira-Bapitani, Sifa; Mukadi, Patrick; OToole, Aine; Tshiani-Mbaya, Olivier; Paku-Tshambu, Princesse; Lokilo-Lofiko, Emmanuel; Muswamba-Kayembe, Chloe; Makangara-Cigolo, Jean-Claude; Cikaya-Kankolongo, Fiston; Luakanda-Ndelemo, Gradi; Lawanga, Leader; Mabika-Bope, Elzedek; Lumembe-Numbi, Raphael; Kabamba-Lungenyi, Gabriel; Citenga, Andre; Kelvin, D. J.; Pratt, Catherine; Ayouba, Ahidjo; Tessema, Sofonias; Mukadi-Bamuleka, Daniel; Jansen, Daan; Halbrook, Megan; Merrit, Sydney; Hensley, Lisa; Delaporte, Eric; Mwamba, Dieudonne; Liesenborghs, Laurens; Hoff, Nicole; Peeters, Martine; Low, Nicola; Rimoin, Anne; Kindrachuk, Jason; Vercauteren, Koen; Rambaut, Andrew; Ahuka-Mundeke, Steve; Muyembe-Tamfum, Jean-Jacques"
PP_004AFGX,Ia,None,Democratic Republic of the Congo,Kinshasa,2024-11-08,187468,0.5824582042401716,2025-10-21,"Amuri-Aziza, Adrienne; Mbala-Kingebeni, Placide; Wawina-Bokalanga, Tony; Kinganda-Lusamaki, Eddy; Pukuta-Simbu, Elisabeth; Hasivirwe-Vakaniaki, Emmanuel; Ola-Mpumbe, Rilia; Kwete-Mbokama, Papy; Akil-Bandali, Prince; Kacita, Cris; Ponga-Museme, Ange; Mapenzi-Kashali, Nelson; Vakaniaki, Gloria; Kenye, Kelly-Michel; Muyamuna, Elisabeth; Kavira-Bapitani, Sifa; Mukadi, Patrick; OToole, Aine; Tshiani-Mbaya, Olivier; Paku-Tshambu, Princesse; Lokilo-Lofiko, Emmanuel; Muswamba-Kayembe, Chloe; Makangara-Cigolo, Jean-Claude; Cikaya-Kankolongo, Fiston; Luakanda-Ndelemo, Gradi; Lawanga, Leader; Mabika-Bope, Elzedek; Lumembe-Numbi, Raphael; Kabamba-Lungenyi, Gabriel; Citenga, Andre; Kelvin, D. J.; Pratt, Catherine; Ayouba, Ahidjo; Tessema, Sofonias; Mukadi-Bamuleka, Daniel; Jansen, Daan; Halbrook, Megan; Merrit, Sydney; Hensley, Lisa; Delaporte, Eric; Mwamba, Dieudonne; Liesenborghs, Laurens; Hoff, Nicole; Peeters, Martine; Low, Nicola; Rimoin, Anne; Kindrachuk, Jason; Vercauteren, Koen; Rambaut, Andrew; Ahuka-Mundeke, Steve; Muyembe-Tamfum, Jean-Jacques"
PP_004AFHU,Ia,None,Democratic Republic of the Congo,Kinshasa,2024-11-08,187451,0.8329842958485667,2025-10-21,"Amuri-Aziza, Adrienne; Mbala-Kingebeni, Placide; Wawina-Bokalanga, Tony; Kinganda-Lusamaki, Eddy; Pukuta-Simbu, Elisabeth; Hasivirwe-Vakaniaki, Emmanuel; Ola-Mpumbe, Rilia; Kwete-Mbokama, Papy; Akil-Bandali, Prince; Kacita, Cris; Ponga-Museme, Ange; Mapenzi-Kashali, Nelson; Vakaniaki, Gloria; Kenye, Kelly-Michel; Muyamuna, Elisabeth; Kavira-Bapitani, Sifa; Mukadi, Patrick; OToole, Aine; Tshiani-Mbaya, Olivier; Paku-Tshambu, Princesse; Lokilo-Lofiko, Emmanuel; Muswamba-Kayembe, Chloe; Makangara-Cigolo, Jean-Claude; Cikaya-Kankolongo, Fiston; Luakanda-Ndelemo, Gradi; Lawanga, Leader; Mabika-Bope, Elzedek; Lumembe-Numbi, Raphael; Kabamba-Lungenyi, Gabriel; Citenga, Andre; Kelvin, D. J.; Pratt, Catherine; Ayouba, Ahidjo; Tessema, Sofonias; Mukadi-Bamuleka, Daniel; Jansen, Daan; Halbrook, Megan; Merrit, Sydney; Hensley, Lisa; Delaporte, Eric; Mwamba, Dieudonne; Liesenborghs, Laurens; Hoff, Nicole; Peeters, Martine; Low, Nicola; Rimoin, Anne; Kindrachuk, Jason; Vercauteren, Koen; Rambaut, Andrew; Ahuka-Mundeke, Steve; Muyembe-Tamfum, Jean-Jacques"
PP_004AFJS,Ib,A.1,Democratic Republic of the Congo,Kinshasa,2024-11-08,187320,0.871557586114224,2025-10-21,"Amuri-Aziza, Adrienne; Mbala-Kingebeni, Placide; Wawina-Bokalanga, Tony; Kinganda-Lusamaki, Eddy; Pukuta-Simbu, Elisabeth; Hasivirwe-Vakaniaki, Emmanuel; Ola-Mpumbe, Rilia; Kwete-Mbokama, Papy; Akil-Bandali, Prince; Kacita, Cris; Ponga-Museme, Ange; Mapenzi-Kashali, Nelson; Vakaniaki, Gloria; Kenye, Kelly-Michel; Muyamuna, Elisabeth; Kavira-Bapitani, Sifa; Mukadi, Patrick; OToole, Aine; Tshiani-Mbaya, Olivier; Paku-Tshambu, Princesse; Lokilo-Lofiko, Emmanuel; Muswamba-Kayembe, Chloe; Makangara-Cigolo, Jean-Claude; Cikaya-Kankolongo, Fiston; Luakanda-Ndelemo, Gradi; Lawanga, Leader; Mabika-Bope, Elzedek; Lumembe-Numbi, Raphael; Kabamba-Lungenyi, Gabriel; Citenga, Andre; Kelvin, D. J.; Pratt, Catherine; Ayouba, Ahidjo; Tessema, Sofonias; Mukadi-Bamuleka, Daniel; Jansen, Daan; Halbrook, Megan; Merrit, Sydney; Hensley, Lisa; Delaporte, Eric; Mwamba, Dieudonne; Liesenborghs, Laurens; Hoff, Nicole; Peeters, Martine; Low, Nicola; Rimoin, Anne; Kindrachuk, Jason; Vercauteren, Koen; Rambaut, Andrew; Ahuka-Mundeke, Steve; Muyembe-Tamfum, Jean-Jacques"
PP_004AFKQ,Ib,A.1,Democratic Republic of the Congo,Kinshasa,2024-11-06,187357,0.6701722538018042,2025-10-21,"Amuri-Aziza, Adrienne; Mbala-Kingebeni, Placide; Wawina-Bokalanga, Tony; Kinganda-Lusamaki, Eddy; Pukuta-Simbu, Elisabeth; Hasivirwe-Vakaniaki, Emmanuel; Ola-Mpumbe, Rilia; Kwete-Mbokama, Papy; Akil-Bandali, Prince; Kacita, Cris; Ponga-Museme, Ange; Mapenzi-Kashali, Nelson; Vakaniaki, Gloria; Kenye, Kelly-Michel; Muyamuna, Elisabeth; Kavira-Bapitani, Sifa; Mukadi, Patrick; OToole, Aine; Tshiani-Mbaya, Olivier; Paku-Tshambu, Princesse; Lokilo-Lofiko, Emmanuel; Muswamba-Kayembe, Chloe; Makangara-Cigolo, Jean-Claude; Cikaya-Kankolongo, Fiston; Luakanda-Ndelemo, Gradi; Lawanga, Leader; Mabika-Bope, Elzedek; Lumembe-Numbi, Raphael; Kabamba-Lungenyi, Gabriel; Citenga, Andre; Kelvin, D. J.; Pratt, Catherine; Ayouba, Ahidjo; Tessema, Sofonias; Mukadi-Bamuleka, Daniel; Jansen, Daan; Halbrook, Megan; Merrit, Sydney; Hensley, Lisa; Delaporte, Eric; Mwamba, Dieudonne; Liesenborghs, Laurens; Hoff, Nicole; Peeters, Martine; Low, Nicola; Rimoin, Anne; Kindrachuk, Jason; Vercauteren, Koen; Rambaut, Andrew; Ahuka-Mundeke, Steve; Muyembe-Tamfum, Jean-Jacques"
PP_004AFLN,Ib,A,Democratic Republic of the Congo,Haut-Katanga,2024-11-08,186016,0.8530290199737335,2025-10-21,"Ola-Mpumbe, Rilia; Mbala-Kingebeni, Placide; Wawina-Bokalanga, Tony; Kinganda-Lusamaki, Eddy; Pukuta-Simbu, Elisabeth; Hasivirwe-Vakaniaki, Emmanuel; Kwete-Mbokama, Papy; Akil-Bandali, Prince; Kacita, Cris; Ponga-Museme, Ange; Mapenzi-Kashali, Nelson; Vakaniaki, Gloria; Amuri-Aziza, Adrienne; Kenye, Kelly-Michel; Muyamuna, Elisabeth; Kavira-Bapitani, Sifa; Mukadi, Patrick; OToole, Aine; Tshiani-Mbaya, Olivier; Paku-Tshambu, Princesse; Lokilo-Lofiko, Emmanuel; Muswamba-Kayembe, Chloe; Makangara-Cigolo, Jean-Claude; Cikaya-Kankolongo, Fiston; Luakanda-Ndelemo, Gradi; Lawanga, Leader; Mabika-Bope, Elzedek; Lumembe-Numbi, Raphael; Kabamba-Lungenyi, Gabriel; Citenga, Andre; Kelvin, D. J.; Pratt, Catherine; Ayouba, Ahidjo; Tessema, Sofonias; Mukadi-Bamuleka, Daniel; Jansen, Daan; Halbrook, Megan; Merrit, Sydney; Hensley, Lisa; Delaporte, Eric; Mwamba, Dieudonne; Liesenborghs, Laurens; Hoff, Nicole; Peeters, Martine; Low, Nicola; Rimoin, Anne; Kindrachuk, Jason; Vercauteren, Koen; Rambaut, Andrew; Ahuka-Mundeke, Steve; Muyembe-Tamfum, Jean-Jacques"
PP_004AFML,Ia,None,Democratic Republic of the Congo,Kinshasa,2024-11-04,186270,0.5505428251246139,2025-10-21,"Amuri-Aziza, Adrienne; Mbala-Kingebeni, Placide; Wawina-Bokalanga, Tony; Kinganda-Lusamaki, Eddy; Pukuta-Simbu, Elisabeth; Hasivirwe-Vakaniaki, Emmanuel; Ola-Mpumbe, Rilia; Kwete-Mbokama, Papy; Akil-Bandali, Prince; Kacita, Cris; Ponga-Museme, Ange; Mapenzi-Kashali, Nelson; Vakaniaki, Gloria; Kenye, Kelly-Michel; Muyamuna, Elisabeth; Kavira-Bapitani, Sifa; Mukadi, Patrick; OToole, Aine; Tshiani-Mbaya, Olivier; Paku-Tshambu, Princesse; Lokilo-Lofiko, Emmanuel; Muswamba-Kayembe, Chloe; Makangara-Cigolo, Jean-Claude; Cikaya-Kankolongo, Fiston; Luakanda-Ndelemo, Gradi; Lawanga, Leader; Mabika-Bope, Elzedek; Lumembe-Numbi, Raphael; Kabamba-Lungenyi, Gabriel; Citenga, Andre; Kelvin, D. J.; Pratt, Catherine; Ayouba, Ahidjo; Tessema, Sofonias; Mukadi-Bamuleka, Daniel; Jansen, Daan; Halbrook, Megan; Merrit, Sydney; Hensley, Lisa; Delaporte, Eric; Mwamba, Dieudonne; Liesenborghs, Laurens; Hoff, Nicole; Peeters, Martine; Low, Nicola; Rimoin, Anne; Kindrachuk, Jason; Vercauteren, Koen; Rambaut, Andrew; Ahuka-Mundeke, Steve; Muyembe-Tamfum, Jean-Jacques"
PP_004AFNJ,Ia,None,Democratic Republic of the Congo,Kwango,2024-10-29,185821,0.5733156194696997,2025-10-21,"Makangara-Cigolo, Jean-Claude; Kavira-Bapitani, Sifa; Mbala-Kingebeni, Placide; Wawina-Bokalanga, Tony; Kinganda-Lusamaki, Eddy; Pukuta-Simbu, Elisabeth; Hasivirwe-Vakaniaki, Emmanuel; Ola-Mpumbe, Rilia; Kwete-Mbokama, Papy; Akil-Bandali, Prince; Kacita, Cris; Ponga-Museme, Ange; Mapenzi-Kashali, Nelson; Vakaniaki, Gloria; Amuri-Aziza, Adrienne; Kenye, Kelly-Michel; Muyamuna, Elisabeth; Mukadi, Patrick; OToole, Aine; Tshiani-Mbaya, Olivier; Paku-Tshambu, Princesse; Lokilo-Lofiko, Emmanuel; Muswamba-Kayembe, Chloe; Cikaya-Kankolongo, Fiston; Luakanda-Ndelemo, Gradi; Lawanga, Leader; Mabika-Bope, Elzedek; Lumembe-Numbi, Raphael; Kabamba-Lungenyi, Gabriel; Citenga, Andre; Kelvin, D. J.; Pratt, Catherine; Ayouba, Ahidjo; Tessema, Sofonias; Mukadi-Bamuleka, Daniel; Jansen, Daan; Halbrook, Megan; Merrit, Sydney; Hensley, Lisa; Delaporte, Eric; Mwamba, Dieudonne; Liesenborghs, Laurens; Hoff, Nicole; Peeters, Martine; Low, Nicola; Rimoin, Anne; Kindrachuk, Jason; Vercauteren, Koen; Rambaut, Andrew; Ahuka-Mundeke, Steve; Muyembe-Tamfum, Jean-Jacques"
PP_004AFPG,Ia,None,Democratic Republic of the Congo,Kinshasa,2024-11-09,186235,0.7583122474126435,2025-10-21,"Amuri-Aziza, Adrienne; Mbala-Kingebeni, Placide; Wawina-Bokalanga, Tony; Kinganda-Lusamaki, Eddy; Pukuta-Simbu, Elisabeth; Hasivirwe-Vakaniaki, Emmanuel; Ola-Mpumbe, Rilia; Kwete-Mbokama, Papy; Akil-Bandali, Prince; Kacita, Cris; Ponga-Museme, Ange; Mapenzi-Kashali, Nelson; Vakaniaki, Gloria; Kenye, Kelly-Michel; Muyamuna, Elisabeth; Kavira-Bapitani, Sifa; Mukadi, Patrick; OToole, Aine; Tshiani-Mbaya, Olivier; Paku-Tshambu, Princesse; Lokilo-Lofiko, Emmanuel; Muswamba-Kayembe, Chloe; Makangara-Cigolo, Jean-Claude; Cikaya-Kankolongo, Fiston; Luakanda-Ndelemo, Gradi; Lawanga, Leader; Mabika-Bope, Elzedek; Lumembe-Numbi, Raphael; Kabamba-Lungenyi, Gabriel; Citenga, Andre; Kelvin, D. J.; Pratt, Catherine; Ayouba, Ahidjo; Tessema, Sofonias; Mukadi-Bamuleka, Daniel; Jansen, Daan; Halbrook, Megan; Merrit, Sydney; Hensley, Lisa; Delaporte, Eric; Mwamba, Dieudonne; Liesenborghs, Laurens; Hoff, Nicole; Peeters, Martine; Low, Nicola; Rimoin, Anne; Kindrachuk, Jason; Vercauteren, Koen; Rambaut, Andrew; Ahuka-Mundeke, Steve; Muyembe-Tamfum, Jean-Jacques"
PP_004AFQE,Ia,None,Democratic Republic of the Congo,Kinshasa,2024-11-09,186315,0.6446916722867617,2025-10-21,"Amuri-Aziza, Adrienne; Mbala-Kingebeni, Placide; Wawina-Bokalanga, Tony; Kinganda-Lusamaki, Eddy; Pukuta-Simbu, Elisabeth; Hasivirwe-Vakaniaki, Emmanuel; Ola-Mpumbe, Rilia; Kwete-Mbokama, Papy; Akil-Bandali, Prince; Kacita, Cris; Ponga-Museme, Ange; Mapenzi-Kashali, Nelson; Vakaniaki, Gloria; Kenye, Kelly-Michel; Muyamuna, Elisabeth; Kavira-Bapitani, Sifa; Mukadi, Patrick; OToole, Aine; Tshiani-Mbaya, Olivier; Paku-Tshambu, Princesse; Lokilo-Lofiko, Emmanuel; Muswamba-Kayembe, Chloe; Makangara-Cigolo, Jean-Claude; Cikaya-Kankolongo, Fiston; Luakanda-Ndelemo, Gradi; Lawanga, Leader; Mabika-Bope, Elzedek; Lumembe-Numbi, Raphael; Kabamba-Lungenyi, Gabriel; Citenga, Andre; Kelvin, D. J.; Pratt, Catherine; Ayouba, Ahidjo; Tessema, Sofonias; Mukadi-Bamuleka, Daniel; Jansen, Daan; Halbrook, Megan; Merrit, Sydney; Hensley, Lisa; Delaporte, Eric; Mwamba, Dieudonne; Liesenborghs, Laurens; Hoff, Nicole; Peeters, Martine; Low, Nicola; Rimoin, Anne; Kindrachuk, Jason; Vercauteren, Koen; Rambaut, Andrew; Ahuka-Mundeke, Steve; Muyembe-Tamfum, Jean-Jacques"
PP_004AFRC,Ia,None,Democratic Republic of the Congo,Kinshasa,2024-11-08,186216,0.6475160869940013,2025-10-21,"Amuri-Aziza, Adrienne; Mbala-Kingebeni, Placide; Wawina-Bokalanga, Tony; Kinganda-Lusamaki, Eddy; Pukuta-Simbu, Elisabeth; Hasivirwe-Vakaniaki, Emmanuel; Ola-Mpumbe, Rilia; Kwete-Mbokama, Papy; Akil-Bandali, Prince; Kacita, Cris; Ponga-Museme, Ange; Mapenzi-Kashali, Nelson; Vakaniaki, Gloria; Kenye, Kelly-Michel; Muyamuna, Elisabeth; Kavira-Bapitani, Sifa; Mukadi, Patrick; OToole, Aine; Tshiani-Mbaya, Olivier; Paku-Tshambu, Princesse; Lokilo-Lofiko, Emmanuel; Muswamba-Kayembe, Chloe; Makangara-Cigolo, Jean-Claude; Cikaya-Kankolongo, Fiston; Luakanda-Ndelemo, Gradi; Lawanga, Leader; Mabika-Bope, Elzedek; Lumembe-Numbi, Raphael; Kabamba-Lungenyi, Gabriel; Citenga, Andre; Kelvin, D. J.; Pratt, Catherine; Ayouba, Ahidjo; Tessema, Sofonias; Mukadi-Bamuleka, Daniel; Jansen, Daan; Halbrook, Megan; Merrit, Sydney; Hensley, Lisa; Delaporte, Eric; Mwamba, Dieudonne; Liesenborghs, Laurens; Hoff, Nicole; Peeters, Martine; Low, Nicola; Rimoin, Anne; Kindrachuk, Jason; Vercauteren, Koen; Rambaut, Andrew; Ahuka-Mundeke, Steve; Muyembe-Tamfum, Jean-Jacques"
PP_004AFSA,Ia,None,Democratic Republic of the Congo,Kinshasa,2024-11-04,187420,0.8893914577935084,2025-10-21,"Amuri-Aziza, Adrienne; Mbala-Kingebeni, Placide; Wawina-Bokalanga, Tony; Kinganda-Lusamaki, Eddy; Pukuta-Simbu, Elisabeth; Hasivirwe-Vakaniaki, Emmanuel; Ola-Mpumbe, Rilia; Kwete-Mbokama, Papy; Akil-Bandali, Prince; Kacita, Cris; Ponga-Museme, Ange; Mapenzi-Kashali, Nelson; Vakaniaki, Gloria; Kenye, Kelly-Michel; Muyamuna, Elisabeth; Kavira-Bapitani, Sifa; Mukadi, Patrick; OToole, Aine; Tshiani-Mbaya, Olivier; Paku-Tshambu, Princesse; Lokilo-Lofiko, Emmanuel; Muswamba-Kayembe, Chloe; Makangara-Cigolo, Jean-Claude; Cikaya-Kankolongo, Fiston; Luakanda-Ndelemo, Gradi; Lawanga, Leader; Mabika-Bope, Elzedek; Lumembe-Numbi, Raphael; Kabamba-Lungenyi, Gabriel; Citenga, Andre; Kelvin, D. J.; Pratt, Catherine; Ayouba, Ahidjo; Tessema, Sofonias; Mukadi-Bamuleka, Daniel; Jansen, Daan; Halbrook, Megan; Merrit, Sydney; Hensley, Lisa; Delaporte, Eric; Mwamba, Dieudonne; Liesenborghs, Laurens; Hoff, Nicole; Peeters, Martine; Low, Nicola; Rimoin, Anne; Kindrachuk, Jason; Vercauteren, Koen; Rambaut, Andrew; Ahuka-Mundeke, Steve; Muyembe-Tamfum, Jean-Jacques"
PP_004AFT8,Ia,None,Democratic Republic of the Congo,Kinshasa,2024-11-09,187454,0.8719531055884874,2025-10-21,"Amuri-Aziza, Adrienne; Mbala-Kingebeni, Placide; Wawina-Bokalanga, Tony; Kinganda-Lusamaki, Eddy; Pukuta-Simbu, Elisabeth; Hasivirwe-Vakaniaki, Emmanuel; Ola-Mpumbe, Rilia; Kwete-Mbokama, Papy; Akil-Bandali, Prince; Kacita, Cris; Ponga-Museme, Ange; Mapenzi-Kashali, Nelson; Vakaniaki, Gloria; Kenye, Kelly-Michel; Muyamuna, Elisabeth; Kavira-Bapitani, Sifa; Mukadi, Patrick; OToole, Aine; Tshiani-Mbaya, Olivier; Paku-Tshambu, Princesse; Lokilo-Lofiko, Emmanuel; Muswamba-Kayembe, Chloe; Makangara-Cigolo, Jean-Claude; Cikaya-Kankolongo, Fiston; Luakanda-Ndelemo, Gradi; Lawanga, Leader; Mabika-Bope, Elzedek; Lumembe-Numbi, Raphael; Kabamba-Lungenyi, Gabriel; Citenga, Andre; Kelvin, D. J.; Pratt, Catherine; Ayouba, Ahidjo; Tessema, Sofonias; Mukadi-Bamuleka, Daniel; Jansen, Daan; Halbrook, Megan; Merrit, Sydney; Hensley, Lisa; Delaporte, Eric; Mwamba, Dieudonne; Liesenborghs, Laurens; Hoff, Nicole; Peeters, Martine; Low, Nicola; Rimoin, Anne; Kindrachuk, Jason; Vercauteren, Koen; Rambaut, Andrew; Ahuka-Mundeke, Steve; Muyembe-Tamfum, Jean-Jacques"
PP_004AFU6,Ia,None,Democratic Republic of the Congo,Kinshasa,2024-11-07,187464,0.5849327363355628,2025-10-21,"Amuri-Aziza, Adrienne; Mbala-Kingebeni, Placide; Wawina-Bokalanga, Tony; Kinganda-Lusamaki, Eddy; Pukuta-Simbu, Elisabeth; Hasivirwe-Vakaniaki, Emmanuel; Ola-Mpumbe, Rilia; Kwete-Mbokama, Papy; Akil-Bandali, Prince; Kacita, Cris; Ponga-Museme, Ange; Mapenzi-Kashali, Nelson; Vakaniaki, Gloria; Kenye, Kelly-Michel; Muyamuna, Elisabeth; Kavira-Bapitani, Sifa; Mukadi, Patrick; OToole, Aine; Tshiani-Mbaya, Olivier; Paku-Tshambu, Princesse; Lokilo-Lofiko, Emmanuel; Muswamba-Kayembe, Chloe; Makangara-Cigolo, Jean-Claude; Cikaya-Kankolongo, Fiston; Luakanda-Ndelemo, Gradi; Lawanga, Leader; Mabika-Bope, Elzedek; Lumembe-Numbi, Raphael; Kabamba-Lungenyi, Gabriel; Citenga, Andre; Kelvin, D. J.; Pratt, Catherine; Ayouba, Ahidjo; Tessema, Sofonias; Mukadi-Bamuleka, Daniel; Jansen, Daan; Halbrook, Megan; Merrit, Sydney; Hensley, Lisa; Delaporte, Eric; Mwamba, Dieudonne; Liesenborghs, Laurens; Hoff, Nicole; Peeters, Martine; Low, Nicola; Rimoin, Anne; Kindrachuk, Jason; Vercauteren, Koen; Rambaut, Andrew; Ahuka-Mundeke, Steve; Muyembe-Tamfum, Jean-Jacques"
PP_004AFV4,Ia,None,Democratic Republic of the Congo,Tshuapa,2024-09-14,186308,0.9493278704318768,2025-10-21,"Muyembe-Tamfum, Jean-Jacques; Lokilo-Lofiko, Emmanuel; Mbala-Kingebeni, Placide; Wawina-Bokalanga, Tony; Kinganda-Lusamaki, Eddy; Pukuta-Simbu, Elisabeth; Hasivirwe-Vakaniaki, Emmanuel; Ola-Mpumbe, Rilia; Kwete-Mbokama, Papy; Akil-Bandali, Prince; Kacita, Cris; Ponga-Museme, Ange; Mapenzi-Kashali, Nelson; Vakaniaki, Gloria; Amuri-Aziza, Adrienne; Kenye, Kelly-Michel; Muyamuna, Elisabeth; Kavira-Bapitani, Sifa; Mukadi, Patrick; OToole, Aine; Tshiani-Mbaya, Olivier; Paku-Tshambu, Princesse; Muswamba-Kayembe, Chloe; Makangara-Cigolo, Jean-Claude; Cikaya-Kankolongo, Fiston; Luakanda-Ndelemo, Gradi; Lawanga, Leader; Mabika-Bope, Elzedek; Lumembe-Numbi, Raphael; Kabamba-Lungenyi, Gabriel; Citenga, Andre; Kelvin, D. J.; Pratt, Catherine; Ayouba, Ahidjo; Tessema, Sofonias; Mukadi-Bamuleka, Daniel; Jansen, Daan; Halbrook, Megan; Merrit, Sydney; Hensley, Lisa; Delaporte, Eric; Mwamba, Dieudonne; Liesenborghs, Laurens; Hoff, Nicole; Peeters, Martine; Low, Nicola; Rimoin, Anne; Kindrachuk, Jason; Vercauteren, Koen; Rambaut, Andrew; Ahuka-Mundeke, Steve"
PP_004AFW2,Ia,None,Democratic Republic of the Congo,Tshuapa,2024-09-19,186241,0.9519443838770036,2025-10-21,"Muyembe-Tamfum, Jean-Jacques; Lokilo-Lofiko, Emmanuel; Mbala-Kingebeni, Placide; Wawina-Bokalanga, Tony; Kinganda-Lusamaki, Eddy; Pukuta-Simbu, Elisabeth; Hasivirwe-Vakaniaki, Emmanuel; Ola-Mpumbe, Rilia; Kwete-Mbokama, Papy; Akil-Bandali, Prince; Kacita, Cris; Ponga-Museme, Ange; Mapenzi-Kashali, Nelson; Vakaniaki, Gloria; Amuri-Aziza, Adrienne; Kenye, Kelly-Michel; Muyamuna, Elisabeth; Kavira-Bapitani, Sifa; Mukadi, Patrick; OToole, Aine; Tshiani-Mbaya, Olivier; Paku-Tshambu, Princesse; Muswamba-Kayembe, Chloe; Makangara-Cigolo, Jean-Claude; Cikaya-Kankolongo, Fiston; Luakanda-Ndelemo, Gradi; Lawanga, Leader; Mabika-Bope, Elzedek; Lumembe-Numbi, Raphael; Kabamba-Lungenyi, Gabriel; Citenga, Andre; Kelvin, D. J.; Pratt, Catherine; Ayouba, Ahidjo; Tessema, Sofonias; Mukadi-Bamuleka, Daniel; Jansen, Daan; Halbrook, Megan; Merrit, Sydney; Hensley, Lisa; Delaporte, Eric; Mwamba, Dieudonne; Liesenborghs, Laurens; Hoff, Nicole; Peeters, Martine; Low, Nicola; Rimoin, Anne; Kindrachuk, Jason; Vercauteren, Koen; Rambaut, Andrew; Ahuka-Mundeke, Steve"
PP_004AFX0,Ia,None,Democratic Republic of the Congo,Tshuapa,2024-10-22,186209,0.8938435872602163,2025-10-21,"Muyembe-Tamfum, Jean-Jacques; Lokilo-Lofiko, Emmanuel; Mbala-Kingebeni, Placide; Wawina-Bokalanga, Tony; Kinganda-Lusamaki, Eddy; Pukuta-Simbu, Elisabeth; Hasivirwe-Vakaniaki, Emmanuel; Ola-Mpumbe, Rilia; Kwete-Mbokama, Papy; Akil-Bandali, Prince; Kacita, Cris; Ponga-Museme, Ange; Mapenzi-Kashali, Nelson; Vakaniaki, Gloria; Amuri-Aziza, Adrienne; Kenye, Kelly-Michel; Muyamuna, Elisabeth; Kavira-Bapitani, Sifa; Mukadi, Patrick; OToole, Aine; Tshiani-Mbaya, Olivier; Paku-Tshambu, Princesse; Muswamba-Kayembe, Chloe; Makangara-Cigolo, Jean-Claude; Cikaya-Kankolongo, Fiston; Luakanda-Ndelemo, Gradi; Lawanga, Leader; Mabika-Bope, Elzedek; Lumembe-Numbi, Raphael; Kabamba-Lungenyi, Gabriel; Citenga, Andre; Kelvin, D. J.; Pratt, Catherine; Ayouba, Ahidjo; Tessema, Sofonias; Mukadi-Bamuleka, Daniel; Jansen, Daan; Halbrook, Megan; Merrit, Sydney; Hensley, Lisa; Delaporte, Eric; Mwamba, Dieudonne; Liesenborghs, Laurens; Hoff, Nicole; Peeters, Martine; Low, Nicola; Rimoin, Anne; Kindrachuk, Jason; Vercauteren, Koen; Rambaut, Andrew; Ahuka-Mundeke, Steve"
PP_004AFYY,Ia,None,Democratic Republic of the Congo,Tshuapa,2024-10-19,186312,0.9197957496868804,2025-10-21,"Muyembe-Tamfum, Jean-Jacques; Lokilo-Lofiko, Emmanuel; Mbala-Kingebeni, Placide; Wawina-Bokalanga, Tony; Kinganda-Lusamaki, Eddy; Pukuta-Simbu, Elisabeth; Hasivirwe-Vakaniaki, Emmanuel; Ola-Mpumbe, Rilia; Kwete-Mbokama, Papy; Akil-Bandali, Prince; Kacita, Cris; Ponga-Museme, Ange; Mapenzi-Kashali, Nelson; Vakaniaki, Gloria; Amuri-Aziza, Adrienne; Kenye, Kelly-Michel; Muyamuna, Elisabeth; Kavira-Bapitani, Sifa; Mukadi, Patrick; OToole, Aine; Tshiani-Mbaya, Olivier; Paku-Tshambu, Princesse; Muswamba-Kayembe, Chloe; Makangara-Cigolo, Jean-Claude; Cikaya-Kankolongo, Fiston; Luakanda-Ndelemo, Gradi; Lawanga, Leader; Mabika-Bope, Elzedek; Lumembe-Numbi, Raphael; Kabamba-Lungenyi, Gabriel; Citenga, Andre; Kelvin, D. J.; Pratt, Catherine; Ayouba, Ahidjo; Tessema, Sofonias; Mukadi-Bamuleka, Daniel; Jansen, Daan; Halbrook, Megan; Merrit, Sydney; Hensley, Lisa; Delaporte, Eric; Mwamba, Dieudonne; Liesenborghs, Laurens; Hoff, Nicole; Peeters, Martine; Low, Nicola; Rimoin, Anne; Kindrachuk, Jason; Vercauteren, Koen; Rambaut, Andrew; Ahuka-Mundeke, Steve"
PP_004AFZW,Ia,None,Democratic Republic of the Congo,Tshuapa,2024-10-21,186225,0.7542454958952177,2025-10-21,"Muyembe-Tamfum, Jean-Jacques; Lokilo-Lofiko, Emmanuel; Mbala-Kingebeni, Placide; Wawina-Bokalanga, Tony; Kinganda-Lusamaki, Eddy; Pukuta-Simbu, Elisabeth; Hasivirwe-Vakaniaki, Emmanuel; Ola-Mpumbe, Rilia; Kwete-Mbokama, Papy; Akil-Bandali, Prince; Kacita, Cris; Ponga-Museme, Ange; Mapenzi-Kashali, Nelson; Vakaniaki, Gloria; Amuri-Aziza, Adrienne; Kenye, Kelly-Michel; Muyamuna, Elisabeth; Kavira-Bapitani, Sifa; Mukadi, Patrick; OToole, Aine; Tshiani-Mbaya, Olivier; Paku-Tshambu, Princesse; Muswamba-Kayembe, Chloe; Makangara-Cigolo, Jean-Claude; Cikaya-Kankolongo, Fiston; Luakanda-Ndelemo, Gradi; Lawanga, Leader; Mabika-Bope, Elzedek; Lumembe-Numbi, Raphael; Kabamba-Lungenyi, Gabriel; Citenga, Andre; Kelvin, D. J.; Pratt, Catherine; Ayouba, Ahidjo; Tessema, Sofonias; Mukadi-Bamuleka, Daniel; Jansen, Daan; Halbrook, Megan; Merrit, Sydney; Hensley, Lisa; Delaporte, Eric; Mwamba, Dieudonne; Liesenborghs, Laurens; Hoff, Nicole; Peeters, Martine; Low, Nicola; Rimoin, Anne; Kindrachuk, Jason; Vercauteren, Koen; Rambaut, Andrew; Ahuka-Mundeke, Steve"
PP_004AG0U,Ia,None,Democratic Republic of the Congo,Tshuapa,2024-10-21,186299,0.8921905186882951,2025-10-21,"Muyembe-Tamfum, Jean-Jacques; Lokilo-Lofiko, Emmanuel; Mbala-Kingebeni, Placide; Wawina-Bokalanga, Tony; Kinganda-Lusamaki, Eddy; Pukuta-Simbu, Elisabeth; Hasivirwe-Vakaniaki, Emmanuel; Ola-Mpumbe, Rilia; Kwete-Mbokama, Papy; Akil-Bandali, Prince; Kacita, Cris; Ponga-Museme, Ange; Mapenzi-Kashali, Nelson; Vakaniaki, Gloria; Amuri-Aziza, Adrienne; Kenye, Kelly-Michel; Muyamuna, Elisabeth; Kavira-Bapitani, Sifa; Mukadi, Patrick; OToole, Aine; Tshiani-Mbaya, Olivier; Paku-Tshambu, Princesse; Muswamba-Kayembe, Chloe; Makangara-Cigolo, Jean-Claude; Cikaya-Kankolongo, Fiston; Luakanda-Ndelemo, Gradi; Lawanga, Leader; Mabika-Bope, Elzedek; Lumembe-Numbi, Raphael; Kabamba-Lungenyi, Gabriel; Citenga, Andre; Kelvin, D. J.; Pratt, Catherine; Ayouba, Ahidjo; Tessema, Sofonias; Mukadi-Bamuleka, Daniel; Jansen, Daan; Halbrook, Megan; Merrit, Sydney; Hensley, Lisa; Delaporte, Eric; Mwamba, Dieudonne; Liesenborghs, Laurens; Hoff, Nicole; Peeters, Martine; Low, Nicola; Rimoin, Anne; Kindrachuk, Jason; Vercauteren, Koen; Rambaut, Andrew; Ahuka-Mundeke, Steve"
PP_004AG1S,Ia,None,Democratic Republic of the Congo,Tshuapa,2024-10-21,186189,0.5795577280955737,2025-10-21,"Muyembe-Tamfum, Jean-Jacques; Lokilo-Lofiko, Emmanuel; Mbala-Kingebeni, Placide; Wawina-Bokalanga, Tony; Kinganda-Lusamaki, Eddy; Pukuta-Simbu, Elisabeth; Hasivirwe-Vakaniaki, Emmanuel; Ola-Mpumbe, Rilia; Kwete-Mbokama, Papy; Akil-Bandali, Prince; Kacita, Cris; Ponga-Museme, Ange; Mapenzi-Kashali, Nelson; Vakaniaki, Gloria; Amuri-Aziza, Adrienne; Kenye, Kelly-Michel; Muyamuna, Elisabeth; Kavira-Bapitani, Sifa; Mukadi, Patrick; OToole, Aine; Tshiani-Mbaya, Olivier; Paku-Tshambu, Princesse; Muswamba-Kayembe, Chloe; Makangara-Cigolo, Jean-Claude; Cikaya-Kankolongo, Fiston; Luakanda-Ndelemo, Gradi; Lawanga, Leader; Mabika-Bope, Elzedek; Lumembe-Numbi, Raphael; Kabamba-Lungenyi, Gabriel; Citenga, Andre; Kelvin, D. J.; Pratt, Catherine; Ayouba, Ahidjo; Tessema, Sofonias; Mukadi-Bamuleka, Daniel; Jansen, Daan; Halbrook, Megan; Merrit, Sydney; Hensley, Lisa; Delaporte, Eric; Mwamba, Dieudonne; Liesenborghs, Laurens; Hoff, Nicole; Peeters, Martine; Low, Nicola; Rimoin, Anne; Kindrachuk, Jason; Vercauteren, Koen; Rambaut, Andrew; Ahuka-Mundeke, Steve"
PP_004AG2Q,Ia,None,Democratic Republic of the Congo,Kinshasa,2024-11-09,187452,0.8281315761451049,2025-10-21,"Amuri-Aziza, Adrienne; Mbala-Kingebeni, Placide; Wawina-Bokalanga, Tony; Kinganda-Lusamaki, Eddy; Pukuta-Simbu, Elisabeth; Hasivirwe-Vakaniaki, Emmanuel; Ola-Mpumbe, Rilia; Kwete-Mbokama, Papy; Akil-Bandali, Prince; Kacita, Cris; Ponga-Museme, Ange; Mapenzi-Kashali, Nelson; Vakaniaki, Gloria; Kenye, Kelly-Michel; Muyamuna, Elisabeth; Kavira-Bapitani, Sifa; Mukadi, Patrick; OToole, Aine; Tshiani-Mbaya, Olivier; Paku-Tshambu, Princesse; Lokilo-Lofiko, Emmanuel; Muswamba-Kayembe, Chloe; Makangara-Cigolo, Jean-Claude; Cikaya-Kankolongo, Fiston; Luakanda-Ndelemo, Gradi; Lawanga, Leader; Mabika-Bope, Elzedek; Lumembe-Numbi, Raphael; Kabamba-Lungenyi, Gabriel; Citenga, Andre; Kelvin, D. J.; Pratt, Catherine; Ayouba, Ahidjo; Tessema, Sofonias; Mukadi-Bamuleka, Daniel; Jansen, Daan; Halbrook, Megan; Merrit, Sydney; Hensley, Lisa; Delaporte, Eric; Mwamba, Dieudonne; Liesenborghs, Laurens; Hoff, Nicole; Peeters, Martine; Low, Nicola; Rimoin, Anne; Kindrachuk, Jason; Vercauteren, Koen; Rambaut, Andrew; Ahuka-Mundeke, Steve; Muyembe-Tamfum, Jean-Jacques"
PP_004AG3N,Ia,None,Democratic Republic of the Congo,Kinshasa,2024-11-11,187449,0.9069565790607934,2025-10-21,"Amuri-Aziza, Adrienne; Mbala-Kingebeni, Placide; Wawina-Bokalanga, Tony; Kinganda-Lusamaki, Eddy; Pukuta-Simbu, Elisabeth; Hasivirwe-Vakaniaki, Emmanuel; Ola-Mpumbe, Rilia; Kwete-Mbokama, Papy; Akil-Bandali, Prince; Kacita, Cris; Ponga-Museme, Ange; Mapenzi-Kashali, Nelson; Vakaniaki, Gloria; Kenye, Kelly-Michel; Muyamuna, Elisabeth; Kavira-Bapitani, Sifa; Mukadi, Patrick; OToole, Aine; Tshiani-Mbaya, Olivier; Paku-Tshambu, Princesse; Lokilo-Lofiko, Emmanuel; Muswamba-Kayembe, Chloe; Makangara-Cigolo, Jean-Claude; Cikaya-Kankolongo, Fiston; Luakanda-Ndelemo, Gradi; Lawanga, Leader; Mabika-Bope, Elzedek; Lumembe-Numbi, Raphael; Kabamba-Lungenyi, Gabriel; Citenga, Andre; Kelvin, D. J.; Pratt, Catherine; Ayouba, Ahidjo; Tessema, Sofonias; Mukadi-Bamuleka, Daniel; Jansen, Daan; Halbrook, Megan; Merrit, Sydney; Hensley, Lisa; Delaporte, Eric; Mwamba, Dieudonne; Liesenborghs, Laurens; Hoff, Nicole; Peeters, Martine; Low, Nicola; Rimoin, Anne; Kindrachuk, Jason; Vercauteren, Koen; Rambaut, Andrew; Ahuka-Mundeke, Steve; Muyembe-Tamfum, Jean-Jacques"
PP_004AG4L,Ia,None,Democratic Republic of the Congo,Kinshasa,2024-11-11,187419,0.7616183845564858,2025-10-21,"Amuri-Aziza, Adrienne; Mbala-Kingebeni, Placide; Wawina-Bokalanga, Tony; Kinganda-Lusamaki, Eddy; Pukuta-Simbu, Elisabeth; Hasivirwe-Vakaniaki, Emmanuel; Ola-Mpumbe, Rilia; Kwete-Mbokama, Papy; Akil-Bandali, Prince; Kacita, Cris; Ponga-Museme, Ange; Mapenzi-Kashali, Nelson; Vakaniaki, Gloria; Kenye, Kelly-Michel; Muyamuna, Elisabeth; Kavira-Bapitani, Sifa; Mukadi, Patrick; OToole, Aine; Tshiani-Mbaya, Olivier; Paku-Tshambu, Princesse; Lokilo-Lofiko, Emmanuel; Muswamba-Kayembe, Chloe; Makangara-Cigolo, Jean-Claude; Cikaya-Kankolongo, Fiston; Luakanda-Ndelemo, Gradi; Lawanga, Leader; Mabika-Bope, Elzedek; Lumembe-Numbi, Raphael; Kabamba-Lungenyi, Gabriel; Citenga, Andre; Kelvin, D. J.; Pratt, Catherine; Ayouba, Ahidjo; Tessema, Sofonias; Mukadi-Bamuleka, Daniel; Jansen, Daan; Halbrook, Megan; Merrit, Sydney; Hensley, Lisa; Delaporte, Eric; Mwamba, Dieudonne; Liesenborghs, Laurens; Hoff, Nicole; Peeters, Martine; Low, Nicola; Rimoin, Anne; Kindrachuk, Jason; Vercauteren, Koen; Rambaut, Andrew; Ahuka-Mundeke, Steve; Muyembe-Tamfum, Jean-Jacques"
PP_004AG5J,Ib,A.1,Democratic Republic of the Congo,Kinshasa,2024-11-11,186194,0.9298764255181052,2025-10-21,"Amuri-Aziza, Adrienne; Mbala-Kingebeni, Placide; Wawina-Bokalanga, Tony; Kinganda-Lusamaki, Eddy; Pukuta-Simbu, Elisabeth; Hasivirwe-Vakaniaki, Emmanuel; Ola-Mpumbe, Rilia; Kwete-Mbokama, Papy; Akil-Bandali, Prince; Kacita, Cris; Ponga-Museme, Ange; Mapenzi-Kashali, Nelson; Vakaniaki, Gloria; Kenye, Kelly-Michel; Muyamuna, Elisabeth; Kavira-Bapitani, Sifa; Mukadi, Patrick; OToole, Aine; Tshiani-Mbaya, Olivier; Paku-Tshambu, Princesse; Lokilo-Lofiko, Emmanuel; Muswamba-Kayembe, Chloe; Makangara-Cigolo, Jean-Claude; Cikaya-Kankolongo, Fiston; Luakanda-Ndelemo, Gradi; Lawanga, Leader; Mabika-Bope, Elzedek; Lumembe-Numbi, Raphael; Kabamba-Lungenyi, Gabriel; Citenga, Andre; Kelvin, D. J.; Pratt, Catherine; Ayouba, Ahidjo; Tessema, Sofonias; Mukadi-Bamuleka, Daniel; Jansen, Daan; Halbrook, Megan; Merrit, Sydney; Hensley, Lisa; Delaporte, Eric; Mwamba, Dieudonne; Liesenborghs, Laurens; Hoff, Nicole; Peeters, Martine; Low, Nicola; Rimoin, Anne; Kindrachuk, Jason; Vercauteren, Koen; Rambaut, Andrew; Ahuka-Mundeke, Steve; Muyembe-Tamfum, Jean-Jacques"
PP_004AG6G,Ia,None,Democratic Republic of the Congo,Kinshasa,2024-11-11,187409,0.9356824485697914,2025-10-21,"Amuri-Aziza, Adrienne; Mbala-Kingebeni, Placide; Wawina-Bokalanga, Tony; Kinganda-Lusamaki, Eddy; Pukuta-Simbu, Elisabeth; Hasivirwe-Vakaniaki, Emmanuel; Ola-Mpumbe, Rilia; Kwete-Mbokama, Papy; Akil-Bandali, Prince; Kacita, Cris; Ponga-Museme, Ange; Mapenzi-Kashali, Nelson; Vakaniaki, Gloria; Kenye, Kelly-Michel; Muyamuna, Elisabeth; Kavira-Bapitani, Sifa; Mukadi, Patrick; OToole, Aine; Tshiani-Mbaya, Olivier; Paku-Tshambu, Princesse; Lokilo-Lofiko, Emmanuel; Muswamba-Kayembe, Chloe; Makangara-Cigolo, Jean-Claude; Cikaya-Kankolongo, Fiston; Luakanda-Ndelemo, Gradi; Lawanga, Leader; Mabika-Bope, Elzedek; Lumembe-Numbi, Raphael; Kabamba-Lungenyi, Gabriel; Citenga, Andre; Kelvin, D. J.; Pratt, Catherine; Ayouba, Ahidjo; Tessema, Sofonias; Mukadi-Bamuleka, Daniel; Jansen, Daan; Halbrook, Megan; Merrit, Sydney; Hensley, Lisa; Delaporte, Eric; Mwamba, Dieudonne; Liesenborghs, Laurens; Hoff, Nicole; Peeters, Martine; Low, Nicola; Rimoin, Anne; Kindrachuk, Jason; Vercauteren, Koen; Rambaut, Andrew; Ahuka-Mundeke, Steve; Muyembe-Tamfum, Jean-Jacques"
PP_004AG7E,Ia,None,Democratic Republic of the Congo,Kwilu,2024-11-08,187434,0.9065813426364924,2025-10-21,"Muyembe-Tamfum, Jean-Jacques; Kabamba-Lungenyi, Gabriel; Wawina-Bokalanga, Tony; Kinganda-Lusamaki, Eddy; Pukuta-Simbu, Elisabeth; Hasivirwe-Vakaniaki, Emmanuel; Ola-Mpumbe, Rilia; Kwete-Mbokama, Papy; Akil-Bandali, Prince; Kacita, Cris; Ponga-Museme, Ange; Mapenzi-Kashali, Nelson; Vakaniaki, Gloria; Amuri-Aziza, Adrienne; Kenye, Kelly-Michel; Muyamuna, Elisabeth; Kavira-Bapitani, Sifa; Mukadi, Patrick; OToole, Aine; Tshiani-Mbaya, Olivier; Paku-Tshambu, Princesse; Lokilo-Lofiko, Emmanuel; Muswamba-Kayembe, Chloe; Makangara-Cigolo, Jean-Claude; Cikaya-Kankolongo, Fiston; Luakanda-Ndelemo, Gradi; Lawanga, Leader; Mabika-Bope, Elzedek; Lumembe-Numbi, Raphael; Citenga, Andre; Kelvin, D. J.; Pratt, Catherine; Ayouba, Ahidjo; Tessema, Sofonias; Mukadi-Bamuleka, Daniel; Jansen, Daan; Halbrook, Megan; Merrit, Sydney; Hensley, Lisa; Delaporte, Eric; Mwamba, Dieudonne; Liesenborghs, Laurens; Hoff, Nicole; Peeters, Martine; Low, Nicola; Rimoin, Anne; Kindrachuk, Jason; Vercauteren, Koen; Rambaut, Andrew; Ahuka-Mundeke, Steve; Mbala-Kingebeni, Placide"
PP_004AG8C,Ia,None,Democratic Republic of the Congo,Kinshasa,2024-11-11,181635,0.4661957618567104,2025-10-21,"Amuri-Aziza, Adrienne; Mbala-Kingebeni, Placide; Wawina-Bokalanga, Tony; Kinganda-Lusamaki, Eddy; Pukuta-Simbu, Elisabeth; Hasivirwe-Vakaniaki, Emmanuel; Ola-Mpumbe, Rilia; Kwete-Mbokama, Papy; Akil-Bandali, Prince; Kacita, Cris; Ponga-Museme, Ange; Mapenzi-Kashali, Nelson; Vakaniaki, Gloria; Kenye, Kelly-Michel; Muyamuna, Elisabeth; Kavira-Bapitani, Sifa; Mukadi, Patrick; OToole, Aine; Tshiani-Mbaya, Olivier; Paku-Tshambu, Princesse; Lokilo-Lofiko, Emmanuel; Muswamba-Kayembe, Chloe; Makangara-Cigolo, Jean-Claude; Cikaya-Kankolongo, Fiston; Luakanda-Ndelemo, Gradi; Lawanga, Leader; Mabika-Bope, Elzedek; Lumembe-Numbi, Raphael; Kabamba-Lungenyi, Gabriel; Citenga, Andre; Kelvin, D. J.; Pratt, Catherine; Ayouba, Ahidjo; Tessema, Sofonias; Mukadi-Bamuleka, Daniel; Jansen, Daan; Halbrook, Megan; Merrit, Sydney; Hensley, Lisa; Delaporte, Eric; Mwamba, Dieudonne; Liesenborghs, Laurens; Hoff, Nicole; Peeters, Martine; Low, Nicola; Rimoin, Anne; Kindrachuk, Jason; Vercauteren, Koen; Rambaut, Andrew; Ahuka-Mundeke, Steve; Muyembe-Tamfum, Jean-Jacques"
PP_004AG9A,Ia,None,Democratic Republic of the Congo,Kinshasa,2024-11-10,186313,0.7728044866106516,2025-10-21,"Amuri-Aziza, Adrienne; Mbala-Kingebeni, Placide; Wawina-Bokalanga, Tony; Kinganda-Lusamaki, Eddy; Pukuta-Simbu, Elisabeth; Hasivirwe-Vakaniaki, Emmanuel; Ola-Mpumbe, Rilia; Kwete-Mbokama, Papy; Akil-Bandali, Prince; Kacita, Cris; Ponga-Museme, Ange; Mapenzi-Kashali, Nelson; Vakaniaki, Gloria; Kenye, Kelly-Michel; Muyamuna, Elisabeth; Kavira-Bapitani, Sifa; Mukadi, Patrick; OToole, Aine; Tshiani-Mbaya, Olivier; Paku-Tshambu, Princesse; Lokilo-Lofiko, Emmanuel; Muswamba-Kayembe, Chloe; Makangara-Cigolo, Jean-Claude; Cikaya-Kankolongo, Fiston; Luakanda-Ndelemo, Gradi; Lawanga, Leader; Mabika-Bope, Elzedek; Lumembe-Numbi, Raphael; Kabamba-Lungenyi, Gabriel; Citenga, Andre; Kelvin, D. J.; Pratt, Catherine; Ayouba, Ahidjo; Tessema, Sofonias; Mukadi-Bamuleka, Daniel; Jansen, Daan; Halbrook, Megan; Merrit, Sydney; Hensley, Lisa; Delaporte, Eric; Mwamba, Dieudonne; Liesenborghs, Laurens; Hoff, Nicole; Peeters, Martine; Low, Nicola; Rimoin, Anne; Kindrachuk, Jason; Vercauteren, Koen; Rambaut, Andrew; Ahuka-Mundeke, Steve; Muyembe-Tamfum, Jean-Jacques"
PP_004AGA8,Ia,None,Democratic Republic of the Congo,Kwilu,2024-11-05,185888,0.49694993636193074,2025-10-21,"Muyembe-Tamfum, Jean-Jacques; Kabamba-Lungenyi, Gabriel; Wawina-Bokalanga, Tony; Kinganda-Lusamaki, Eddy; Pukuta-Simbu, Elisabeth; Hasivirwe-Vakaniaki, Emmanuel; Ola-Mpumbe, Rilia; Kwete-Mbokama, Papy; Akil-Bandali, Prince; Kacita, Cris; Ponga-Museme, Ange; Mapenzi-Kashali, Nelson; Vakaniaki, Gloria; Amuri-Aziza, Adrienne; Kenye, Kelly-Michel; Muyamuna, Elisabeth; Kavira-Bapitani, Sifa; Mukadi, Patrick; OToole, Aine; Tshiani-Mbaya, Olivier; Paku-Tshambu, Princesse; Lokilo-Lofiko, Emmanuel; Muswamba-Kayembe, Chloe; Makangara-Cigolo, Jean-Claude; Cikaya-Kankolongo, Fiston; Luakanda-Ndelemo, Gradi; Lawanga, Leader; Mabika-Bope, Elzedek; Lumembe-Numbi, Raphael; Citenga, Andre; Kelvin, D. J.; Pratt, Catherine; Ayouba, Ahidjo; Tessema, Sofonias; Mukadi-Bamuleka, Daniel; Jansen, Daan; Halbrook, Megan; Merrit, Sydney; Hensley, Lisa; Delaporte, Eric; Mwamba, Dieudonne; Liesenborghs, Laurens; Hoff, Nicole; Peeters, Martine; Low, Nicola; Rimoin, Anne; Kindrachuk, Jason; Vercauteren, Koen; Rambaut, Andrew; Ahuka-Mundeke, Steve; Mbala-Kingebeni, Placide"
PP_004AGB6,Ia,None,Democratic Republic of the Congo,Maniema,2024-11-06,186206,0.6663032620215101,2025-10-21,"Kavira-Bapitani, Sifa; Makangara-Cigolo, Jean-Claude; Mbala-Kingebeni, Placide; Wawina-Bokalanga, Tony; Kinganda-Lusamaki, Eddy; Pukuta-Simbu, Elisabeth; Hasivirwe-Vakaniaki, Emmanuel; Ola-Mpumbe, Rilia; Kwete-Mbokama, Papy; Akil-Bandali, Prince; Kacita, Cris; Ponga-Museme, Ange; Mapenzi-Kashali, Nelson; Vakaniaki, Gloria; Amuri-Aziza, Adrienne; Kenye, Kelly-Michel; Muyamuna, Elisabeth; Mukadi, Patrick; OToole, Aine; Tshiani-Mbaya, Olivier; Paku-Tshambu, Princesse; Lokilo-Lofiko, Emmanuel; Muswamba-Kayembe, Chloe; Cikaya-Kankolongo, Fiston; Luakanda-Ndelemo, Gradi; Lawanga, Leader; Mabika-Bope, Elzedek; Lumembe-Numbi, Raphael; Kabamba-Lungenyi, Gabriel; Citenga, Andre; Kelvin, D. J.; Pratt, Catherine; Ayouba, Ahidjo; Tessema, Sofonias; Mukadi-Bamuleka, Daniel; Jansen, Daan; Halbrook, Megan; Merrit, Sydney; Hensley, Lisa; Delaporte, Eric; Mwamba, Dieudonne; Liesenborghs, Laurens; Hoff, Nicole; Peeters, Martine; Low, Nicola; Rimoin, Anne; Kindrachuk, Jason; Vercauteren, Koen; Rambaut, Andrew; Ahuka-Mundeke, Steve; Muyembe-Tamfum, Jean-Jacques"
PP_004AGC4,Ia,None,Democratic Republic of the Congo,Tshuapa,2024-10-27,186109,0.9437601732172468,2025-10-21,"Muyembe-Tamfum, Jean-Jacques; Lokilo-Lofiko, Emmanuel; Mbala-Kingebeni, Placide; Wawina-Bokalanga, Tony; Kinganda-Lusamaki, Eddy; Pukuta-Simbu, Elisabeth; Hasivirwe-Vakaniaki, Emmanuel; Ola-Mpumbe, Rilia; Kwete-Mbokama, Papy; Akil-Bandali, Prince; Kacita, Cris; Ponga-Museme, Ange; Mapenzi-Kashali, Nelson; Vakaniaki, Gloria; Amuri-Aziza, Adrienne; Kenye, Kelly-Michel; Muyamuna, Elisabeth; Kavira-Bapitani, Sifa; Mukadi, Patrick; OToole, Aine; Tshiani-Mbaya, Olivier; Paku-Tshambu, Princesse; Muswamba-Kayembe, Chloe; Makangara-Cigolo, Jean-Claude; Cikaya-Kankolongo, Fiston; Luakanda-Ndelemo, Gradi; Lawanga, Leader; Mabika-Bope, Elzedek; Lumembe-Numbi, Raphael; Kabamba-Lungenyi, Gabriel; Citenga, Andre; Kelvin, D. J.; Pratt, Catherine; Ayouba, Ahidjo; Tessema, Sofonias; Mukadi-Bamuleka, Daniel; Jansen, Daan; Halbrook, Megan; Merrit, Sydney; Hensley, Lisa; Delaporte, Eric; Mwamba, Dieudonne; Liesenborghs, Laurens; Hoff, Nicole; Peeters, Martine; Low, Nicola; Rimoin, Anne; Kindrachuk, Jason; Vercauteren, Koen; Rambaut, Andrew; Ahuka-Mundeke, Steve"
PP_004AGD2,Ia,None,Democratic Republic of the Congo,Tshuapa,2024-11-01,186227,0.9519241008270414,2025-10-21,"Muyembe-Tamfum, Jean-Jacques; Lokilo-Lofiko, Emmanuel; Mbala-Kingebeni, Placide; Wawina-Bokalanga, Tony; Kinganda-Lusamaki, Eddy; Pukuta-Simbu, Elisabeth; Hasivirwe-Vakaniaki, Emmanuel; Ola-Mpumbe, Rilia; Kwete-Mbokama, Papy; Akil-Bandali, Prince; Kacita, Cris; Ponga-Museme, Ange; Mapenzi-Kashali, Nelson; Vakaniaki, Gloria; Amuri-Aziza, Adrienne; Kenye, Kelly-Michel; Muyamuna, Elisabeth; Kavira-Bapitani, Sifa; Mukadi, Patrick; OToole, Aine; Tshiani-Mbaya, Olivier; Paku-Tshambu, Princesse; Muswamba-Kayembe, Chloe; Makangara-Cigolo, Jean-Claude; Cikaya-Kankolongo, Fiston; Luakanda-Ndelemo, Gradi; Lawanga, Leader; Mabika-Bope, Elzedek; Lumembe-Numbi, Raphael; Kabamba-Lungenyi, Gabriel; Citenga, Andre; Kelvin, D. J.; Pratt, Catherine; Ayouba, Ahidjo; Tessema, Sofonias; Mukadi-Bamuleka, Daniel; Jansen, Daan; Halbrook, Megan; Merrit, Sydney; Hensley, Lisa; Delaporte, Eric; Mwamba, Dieudonne; Liesenborghs, Laurens; Hoff, Nicole; Peeters, Martine; Low, Nicola; Rimoin, Anne; Kindrachuk, Jason; Vercauteren, Koen; Rambaut, Andrew; Ahuka-Mundeke, Steve"
PP_004AGE0,Ia,None,Democratic Republic of the Congo,Kinshasa,2024-11-11,187487,0.6994964732846878,2025-10-21,"Amuri-Aziza, Adrienne; Mbala-Kingebeni, Placide; Wawina-Bokalanga, Tony; Kinganda-Lusamaki, Eddy; Pukuta-Simbu, Elisabeth; Hasivirwe-Vakaniaki, Emmanuel; Ola-Mpumbe, Rilia; Kwete-Mbokama, Papy; Akil-Bandali, Prince; Kacita, Cris; Ponga-Museme, Ange; Mapenzi-Kashali, Nelson; Vakaniaki, Gloria; Kenye, Kelly-Michel; Muyamuna, Elisabeth; Kavira-Bapitani, Sifa; Mukadi, Patrick; OToole, Aine; Tshiani-Mbaya, Olivier; Paku-Tshambu, Princesse; Lokilo-Lofiko, Emmanuel; Muswamba-Kayembe, Chloe; Makangara-Cigolo, Jean-Claude; Cikaya-Kankolongo, Fiston; Luakanda-Ndelemo, Gradi; Lawanga, Leader; Mabika-Bope, Elzedek; Lumembe-Numbi, Raphael; Kabamba-Lungenyi, Gabriel; Citenga, Andre; Kelvin, D. J.; Pratt, Catherine; Ayouba, Ahidjo; Tessema, Sofonias; Mukadi-Bamuleka, Daniel; Jansen, Daan; Halbrook, Megan; Merrit, Sydney; Hensley, Lisa; Delaporte, Eric; Mwamba, Dieudonne; Liesenborghs, Laurens; Hoff, Nicole; Peeters, Martine; Low, Nicola; Rimoin, Anne; Kindrachuk, Jason; Vercauteren, Koen; Rambaut, Andrew; Ahuka-Mundeke, Steve; Muyembe-Tamfum, Jean-Jacques"
PP_004AGFY,Ia,None,Democratic Republic of the Congo,Kinshasa,2024-11-12,187461,0.6484744611047163,2025-10-21,"Amuri-Aziza, Adrienne; Mbala-Kingebeni, Placide; Wawina-Bokalanga, Tony; Kinganda-Lusamaki, Eddy; Pukuta-Simbu, Elisabeth; Hasivirwe-Vakaniaki, Emmanuel; Ola-Mpumbe, Rilia; Kwete-Mbokama, Papy; Akil-Bandali, Prince; Kacita, Cris; Ponga-Museme, Ange; Mapenzi-Kashali, Nelson; Vakaniaki, Gloria; Kenye, Kelly-Michel; Muyamuna, Elisabeth; Kavira-Bapitani, Sifa; Mukadi, Patrick; OToole, Aine; Tshiani-Mbaya, Olivier; Paku-Tshambu, Princesse; Lokilo-Lofiko, Emmanuel; Muswamba-Kayembe, Chloe; Makangara-Cigolo, Jean-Claude; Cikaya-Kankolongo, Fiston; Luakanda-Ndelemo, Gradi; Lawanga, Leader; Mabika-Bope, Elzedek; Lumembe-Numbi, Raphael; Kabamba-Lungenyi, Gabriel; Citenga, Andre; Kelvin, D. J.; Pratt, Catherine; Ayouba, Ahidjo; Tessema, Sofonias; Mukadi-Bamuleka, Daniel; Jansen, Daan; Halbrook, Megan; Merrit, Sydney; Hensley, Lisa; Delaporte, Eric; Mwamba, Dieudonne; Liesenborghs, Laurens; Hoff, Nicole; Peeters, Martine; Low, Nicola; Rimoin, Anne; Kindrachuk, Jason; Vercauteren, Koen; Rambaut, Andrew; Ahuka-Mundeke, Steve; Muyembe-Tamfum, Jean-Jacques"
PP_004AGGW,Ib,A.1,Democratic Republic of the Congo,Kinshasa,2024-11-04,187327,0.7269597229335375,2025-10-21,"Amuri-Aziza, Adrienne; Mbala-Kingebeni, Placide; Wawina-Bokalanga, Tony; Kinganda-Lusamaki, Eddy; Pukuta-Simbu, Elisabeth; Hasivirwe-Vakaniaki, Emmanuel; Ola-Mpumbe, Rilia; Kwete-Mbokama, Papy; Akil-Bandali, Prince; Kacita, Cris; Ponga-Museme, Ange; Mapenzi-Kashali, Nelson; Vakaniaki, Gloria; Kenye, Kelly-Michel; Muyamuna, Elisabeth; Kavira-Bapitani, Sifa; Mukadi, Patrick; OToole, Aine; Tshiani-Mbaya, Olivier; Paku-Tshambu, Princesse; Lokilo-Lofiko, Emmanuel; Muswamba-Kayembe, Chloe; Makangara-Cigolo, Jean-Claude; Cikaya-Kankolongo, Fiston; Luakanda-Ndelemo, Gradi; Lawanga, Leader; Mabika-Bope, Elzedek; Lumembe-Numbi, Raphael; Kabamba-Lungenyi, Gabriel; Citenga, Andre; Kelvin, D. J.; Pratt, Catherine; Ayouba, Ahidjo; Tessema, Sofonias; Mukadi-Bamuleka, Daniel; Jansen, Daan; Halbrook, Megan; Merrit, Sydney; Hensley, Lisa; Delaporte, Eric; Mwamba, Dieudonne; Liesenborghs, Laurens; Hoff, Nicole; Peeters, Martine; Low, Nicola; Rimoin, Anne; Kindrachuk, Jason; Vercauteren, Koen; Rambaut, Andrew; Ahuka-Mundeke, Steve; Muyembe-Tamfum, Jean-Jacques"
PP_004AGHT,Ib,A.1,Democratic Republic of the Congo,Kinshasa,2024-11-12,187300,0.8143543144582651,2025-10-21,"Amuri-Aziza, Adrienne; Mbala-Kingebeni, Placide; Wawina-Bokalanga, Tony; Kinganda-Lusamaki, Eddy; Pukuta-Simbu, Elisabeth; Hasivirwe-Vakaniaki, Emmanuel; Ola-Mpumbe, Rilia; Kwete-Mbokama, Papy; Akil-Bandali, Prince; Kacita, Cris; Ponga-Museme, Ange; Mapenzi-Kashali, Nelson; Vakaniaki, Gloria; Kenye, Kelly-Michel; Muyamuna, Elisabeth; Kavira-Bapitani, Sifa; Mukadi, Patrick; OToole, Aine; Tshiani-Mbaya, Olivier; Paku-Tshambu, Princesse; Lokilo-Lofiko, Emmanuel; Muswamba-Kayembe, Chloe; Makangara-Cigolo, Jean-Claude; Cikaya-Kankolongo, Fiston; Luakanda-Ndelemo, Gradi; Lawanga, Leader; Mabika-Bope, Elzedek; Lumembe-Numbi, Raphael; Kabamba-Lungenyi, Gabriel; Citenga, Andre; Kelvin, D. J.; Pratt, Catherine; Ayouba, Ahidjo; Tessema, Sofonias; Mukadi-Bamuleka, Daniel; Jansen, Daan; Halbrook, Megan; Merrit, Sydney; Hensley, Lisa; Delaporte, Eric; Mwamba, Dieudonne; Liesenborghs, Laurens; Hoff, Nicole; Peeters, Martine; Low, Nicola; Rimoin, Anne; Kindrachuk, Jason; Vercauteren, Koen; Rambaut, Andrew; Ahuka-Mundeke, Steve; Muyembe-Tamfum, Jean-Jacques"
PP_004AGJR,Ib,A.1,Democratic Republic of the Congo,Kinshasa,2024-11-12,187333,0.6644118676125329,2025-10-21,"Amuri-Aziza, Adrienne; Mbala-Kingebeni, Placide; Wawina-Bokalanga, Tony; Kinganda-Lusamaki, Eddy; Pukuta-Simbu, Elisabeth; Hasivirwe-Vakaniaki, Emmanuel; Ola-Mpumbe, Rilia; Kwete-Mbokama, Papy; Akil-Bandali, Prince; Kacita, Cris; Ponga-Museme, Ange; Mapenzi-Kashali, Nelson; Vakaniaki, Gloria; Kenye, Kelly-Michel; Muyamuna, Elisabeth; Kavira-Bapitani, Sifa; Mukadi, Patrick; OToole, Aine; Tshiani-Mbaya, Olivier; Paku-Tshambu, Princesse; Lokilo-Lofiko, Emmanuel; Muswamba-Kayembe, Chloe; Makangara-Cigolo, Jean-Claude; Cikaya-Kankolongo, Fiston; Luakanda-Ndelemo, Gradi; Lawanga, Leader; Mabika-Bope, Elzedek; Lumembe-Numbi, Raphael; Kabamba-Lungenyi, Gabriel; Citenga, Andre; Kelvin, D. J.; Pratt, Catherine; Ayouba, Ahidjo; Tessema, Sofonias; Mukadi-Bamuleka, Daniel; Jansen, Daan; Halbrook, Megan; Merrit, Sydney; Hensley, Lisa; Delaporte, Eric; Mwamba, Dieudonne; Liesenborghs, Laurens; Hoff, Nicole; Peeters, Martine; Low, Nicola; Rimoin, Anne; Kindrachuk, Jason; Vercauteren, Koen; Rambaut, Andrew; Ahuka-Mundeke, Steve; Muyembe-Tamfum, Jean-Jacques"
PP_004AGKP,Ia,None,Democratic Republic of the Congo,Kinshasa,2024-11-12,187477,0.7744220598451389,2025-10-21,"Amuri-Aziza, Adrienne; Mbala-Kingebeni, Placide; Wawina-Bokalanga, Tony; Kinganda-Lusamaki, Eddy; Pukuta-Simbu, Elisabeth; Hasivirwe-Vakaniaki, Emmanuel; Ola-Mpumbe, Rilia; Kwete-Mbokama, Papy; Akil-Bandali, Prince; Kacita, Cris; Ponga-Museme, Ange; Mapenzi-Kashali, Nelson; Vakaniaki, Gloria; Kenye, Kelly-Michel; Muyamuna, Elisabeth; Kavira-Bapitani, Sifa; Mukadi, Patrick; OToole, Aine; Tshiani-Mbaya, Olivier; Paku-Tshambu, Princesse; Lokilo-Lofiko, Emmanuel; Muswamba-Kayembe, Chloe; Makangara-Cigolo, Jean-Claude; Cikaya-Kankolongo, Fiston; Luakanda-Ndelemo, Gradi; Lawanga, Leader; Mabika-Bope, Elzedek; Lumembe-Numbi, Raphael; Kabamba-Lungenyi, Gabriel; Citenga, Andre; Kelvin, D. J.; Pratt, Catherine; Ayouba, Ahidjo; Tessema, Sofonias; Mukadi-Bamuleka, Daniel; Jansen, Daan; Halbrook, Megan; Merrit, Sydney; Hensley, Lisa; Delaporte, Eric; Mwamba, Dieudonne; Liesenborghs, Laurens; Hoff, Nicole; Peeters, Martine; Low, Nicola; Rimoin, Anne; Kindrachuk, Jason; Vercauteren, Koen; Rambaut, Andrew; Ahuka-Mundeke, Steve; Muyembe-Tamfum, Jean-Jacques"
PP_004AGLM,Ia,None,Democratic Republic of the Congo,Kinshasa,2024-11-12,187482,0.6976963526005405,2025-10-21,"Amuri-Aziza, Adrienne; Mbala-Kingebeni, Placide; Wawina-Bokalanga, Tony; Kinganda-Lusamaki, Eddy; Pukuta-Simbu, Elisabeth; Hasivirwe-Vakaniaki, Emmanuel; Ola-Mpumbe, Rilia; Kwete-Mbokama, Papy; Akil-Bandali, Prince; Kacita, Cris; Ponga-Museme, Ange; Mapenzi-Kashali, Nelson; Vakaniaki, Gloria; Kenye, Kelly-Michel; Muyamuna, Elisabeth; Kavira-Bapitani, Sifa; Mukadi, Patrick; OToole, Aine; Tshiani-Mbaya, Olivier; Paku-Tshambu, Princesse; Lokilo-Lofiko, Emmanuel; Muswamba-Kayembe, Chloe; Makangara-Cigolo, Jean-Claude; Cikaya-Kankolongo, Fiston; Luakanda-Ndelemo, Gradi; Lawanga, Leader; Mabika-Bope, Elzedek; Lumembe-Numbi, Raphael; Kabamba-Lungenyi, Gabriel; Citenga, Andre; Kelvin, D. J.; Pratt, Catherine; Ayouba, Ahidjo; Tessema, Sofonias; Mukadi-Bamuleka, Daniel; Jansen, Daan; Halbrook, Megan; Merrit, Sydney; Hensley, Lisa; Delaporte, Eric; Mwamba, Dieudonne; Liesenborghs, Laurens; Hoff, Nicole; Peeters, Martine; Low, Nicola; Rimoin, Anne; Kindrachuk, Jason; Vercauteren, Koen; Rambaut, Andrew; Ahuka-Mundeke, Steve; Muyembe-Tamfum, Jean-Jacques"
PP_004AGMK,Ib,A.1,Democratic Republic of the Congo,Kinshasa,2024-11-12,187326,0.7948825864945311,2025-10-21,"Amuri-Aziza, Adrienne; Mbala-Kingebeni, Placide; Wawina-Bokalanga, Tony; Kinganda-Lusamaki, Eddy; Pukuta-Simbu, Elisabeth; Hasivirwe-Vakaniaki, Emmanuel; Ola-Mpumbe, Rilia; Kwete-Mbokama, Papy; Akil-Bandali, Prince; Kacita, Cris; Ponga-Museme, Ange; Mapenzi-Kashali, Nelson; Vakaniaki, Gloria; Kenye, Kelly-Michel; Muyamuna, Elisabeth; Kavira-Bapitani, Sifa; Mukadi, Patrick; OToole, Aine; Tshiani-Mbaya, Olivier; Paku-Tshambu, Princesse; Lokilo-Lofiko, Emmanuel; Muswamba-Kayembe, Chloe; Makangara-Cigolo, Jean-Claude; Cikaya-Kankolongo, Fiston; Luakanda-Ndelemo, Gradi; Lawanga, Leader; Mabika-Bope, Elzedek; Lumembe-Numbi, Raphael; Kabamba-Lungenyi, Gabriel; Citenga, Andre; Kelvin, D. J.; Pratt, Catherine; Ayouba, Ahidjo; Tessema, Sofonias; Mukadi-Bamuleka, Daniel; Jansen, Daan; Halbrook, Megan; Merrit, Sydney; Hensley, Lisa; Delaporte, Eric; Mwamba, Dieudonne; Liesenborghs, Laurens; Hoff, Nicole; Peeters, Martine; Low, Nicola; Rimoin, Anne; Kindrachuk, Jason; Vercauteren, Koen; Rambaut, Andrew; Ahuka-Mundeke, Steve; Muyembe-Tamfum, Jean-Jacques"
PP_004AGNH,Ia,None,Democratic Republic of the Congo,Kinshasa,2024-11-12,187484,0.6651623404611351,2025-10-21,"Amuri-Aziza, Adrienne; Mbala-Kingebeni, Placide; Wawina-Bokalanga, Tony; Kinganda-Lusamaki, Eddy; Pukuta-Simbu, Elisabeth; Hasivirwe-Vakaniaki, Emmanuel; Ola-Mpumbe, Rilia; Kwete-Mbokama, Papy; Akil-Bandali, Prince; Kacita, Cris; Ponga-Museme, Ange; Mapenzi-Kashali, Nelson; Vakaniaki, Gloria; Kenye, Kelly-Michel; Muyamuna, Elisabeth; Kavira-Bapitani, Sifa; Mukadi, Patrick; OToole, Aine; Tshiani-Mbaya, Olivier; Paku-Tshambu, Princesse; Lokilo-Lofiko, Emmanuel; Muswamba-Kayembe, Chloe; Makangara-Cigolo, Jean-Claude; Cikaya-Kankolongo, Fiston; Luakanda-Ndelemo, Gradi; Lawanga, Leader; Mabika-Bope, Elzedek; Lumembe-Numbi, Raphael; Kabamba-Lungenyi, Gabriel; Citenga, Andre; Kelvin, D. J.; Pratt, Catherine; Ayouba, Ahidjo; Tessema, Sofonias; Mukadi-Bamuleka, Daniel; Jansen, Daan; Halbrook, Megan; Merrit, Sydney; Hensley, Lisa; Delaporte, Eric; Mwamba, Dieudonne; Liesenborghs, Laurens; Hoff, Nicole; Peeters, Martine; Low, Nicola; Rimoin, Anne; Kindrachuk, Jason; Vercauteren, Koen; Rambaut, Andrew; Ahuka-Mundeke, Steve; Muyembe-Tamfum, Jean-Jacques"
PP_004AGPF,Ia,None,Democratic Republic of the Congo,Kinshasa,2024-11-12,187474,0.843561906403866,2025-10-21,"Amuri-Aziza, Adrienne; Mbala-Kingebeni, Placide; Wawina-Bokalanga, Tony; Kinganda-Lusamaki, Eddy; Pukuta-Simbu, Elisabeth; Hasivirwe-Vakaniaki, Emmanuel; Ola-Mpumbe, Rilia; Kwete-Mbokama, Papy; Akil-Bandali, Prince; Kacita, Cris; Ponga-Museme, Ange; Mapenzi-Kashali, Nelson; Vakaniaki, Gloria; Kenye, Kelly-Michel; Muyamuna, Elisabeth; Kavira-Bapitani, Sifa; Mukadi, Patrick; OToole, Aine; Tshiani-Mbaya, Olivier; Paku-Tshambu, Princesse; Lokilo-Lofiko, Emmanuel; Muswamba-Kayembe, Chloe; Makangara-Cigolo, Jean-Claude; Cikaya-Kankolongo, Fiston; Luakanda-Ndelemo, Gradi; Lawanga, Leader; Mabika-Bope, Elzedek; Lumembe-Numbi, Raphael; Kabamba-Lungenyi, Gabriel; Citenga, Andre; Kelvin, D. J.; Pratt, Catherine; Ayouba, Ahidjo; Tessema, Sofonias; Mukadi-Bamuleka, Daniel; Jansen, Daan; Halbrook, Megan; Merrit, Sydney; Hensley, Lisa; Delaporte, Eric; Mwamba, Dieudonne; Liesenborghs, Laurens; Hoff, Nicole; Peeters, Martine; Low, Nicola; Rimoin, Anne; Kindrachuk, Jason; Vercauteren, Koen; Rambaut, Andrew; Ahuka-Mundeke, Steve; Muyembe-Tamfum, Jean-Jacques"
PP_004AGQD,Ib,A.1,Democratic Republic of the Congo,Kinshasa,2024-11-12,187339,0.7028431765284546,2025-10-21,"Amuri-Aziza, Adrienne; Mbala-Kingebeni, Placide; Wawina-Bokalanga, Tony; Kinganda-Lusamaki, Eddy; Pukuta-Simbu, Elisabeth; Hasivirwe-Vakaniaki, Emmanuel; Ola-Mpumbe, Rilia; Kwete-Mbokama, Papy; Akil-Bandali, Prince; Kacita, Cris; Ponga-Museme, Ange; Mapenzi-Kashali, Nelson; Vakaniaki, Gloria; Kenye, Kelly-Michel; Muyamuna, Elisabeth; Kavira-Bapitani, Sifa; Mukadi, Patrick; OToole, Aine; Tshiani-Mbaya, Olivier; Paku-Tshambu, Princesse; Lokilo-Lofiko, Emmanuel; Muswamba-Kayembe, Chloe; Makangara-Cigolo, Jean-Claude; Cikaya-Kankolongo, Fiston; Luakanda-Ndelemo, Gradi; Lawanga, Leader; Mabika-Bope, Elzedek; Lumembe-Numbi, Raphael; Kabamba-Lungenyi, Gabriel; Citenga, Andre; Kelvin, D. J.; Pratt, Catherine; Ayouba, Ahidjo; Tessema, Sofonias; Mukadi-Bamuleka, Daniel; Jansen, Daan; Halbrook, Megan; Merrit, Sydney; Hensley, Lisa; Delaporte, Eric; Mwamba, Dieudonne; Liesenborghs, Laurens; Hoff, Nicole; Peeters, Martine; Low, Nicola; Rimoin, Anne; Kindrachuk, Jason; Vercauteren, Koen; Rambaut, Andrew; Ahuka-Mundeke, Steve; Muyembe-Tamfum, Jean-Jacques"
PP_004AGRB,Ia,None,Democratic Republic of the Congo,Kinshasa,2024-11-12,187416,0.8867901566358534,2025-10-21,"Amuri-Aziza, Adrienne; Mbala-Kingebeni, Placide; Wawina-Bokalanga, Tony; Kinganda-Lusamaki, Eddy; Pukuta-Simbu, Elisabeth; Hasivirwe-Vakaniaki, Emmanuel; Ola-Mpumbe, Rilia; Kwete-Mbokama, Papy; Akil-Bandali, Prince; Kacita, Cris; Ponga-Museme, Ange; Mapenzi-Kashali, Nelson; Vakaniaki, Gloria; Kenye, Kelly-Michel; Muyamuna, Elisabeth; Kavira-Bapitani, Sifa; Mukadi, Patrick; OToole, Aine; Tshiani-Mbaya, Olivier; Paku-Tshambu, Princesse; Lokilo-Lofiko, Emmanuel; Muswamba-Kayembe, Chloe; Makangara-Cigolo, Jean-Claude; Cikaya-Kankolongo, Fiston; Luakanda-Ndelemo, Gradi; Lawanga, Leader; Mabika-Bope, Elzedek; Lumembe-Numbi, Raphael; Kabamba-Lungenyi, Gabriel; Citenga, Andre; Kelvin, D. J.; Pratt, Catherine; Ayouba, Ahidjo; Tessema, Sofonias; Mukadi-Bamuleka, Daniel; Jansen, Daan; Halbrook, Megan; Merrit, Sydney; Hensley, Lisa; Delaporte, Eric; Mwamba, Dieudonne; Liesenborghs, Laurens; Hoff, Nicole; Peeters, Martine; Low, Nicola; Rimoin, Anne; Kindrachuk, Jason; Vercauteren, Koen; Rambaut, Andrew; Ahuka-Mundeke, Steve; Muyembe-Tamfum, Jean-Jacques"
PP_004AGS9,Ib,A.1,Democratic Republic of the Congo,Kinshasa,2024-11-11,187378,0.5074109193799472,2025-10-21,"Amuri-Aziza, Adrienne; Mbala-Kingebeni, Placide; Wawina-Bokalanga, Tony; Kinganda-Lusamaki, Eddy; Pukuta-Simbu, Elisabeth; Hasivirwe-Vakaniaki, Emmanuel; Ola-Mpumbe, Rilia; Kwete-Mbokama, Papy; Akil-Bandali, Prince; Kacita, Cris; Ponga-Museme, Ange; Mapenzi-Kashali, Nelson; Vakaniaki, Gloria; Kenye, Kelly-Michel; Muyamuna, Elisabeth; Kavira-Bapitani, Sifa; Mukadi, Patrick; OToole, Aine; Tshiani-Mbaya, Olivier; Paku-Tshambu, Princesse; Lokilo-Lofiko, Emmanuel; Muswamba-Kayembe, Chloe; Makangara-Cigolo, Jean-Claude; Cikaya-Kankolongo, Fiston; Luakanda-Ndelemo, Gradi; Lawanga, Leader; Mabika-Bope, Elzedek; Lumembe-Numbi, Raphael; Kabamba-Lungenyi, Gabriel; Citenga, Andre; Kelvin, D. J.; Pratt, Catherine; Ayouba, Ahidjo; Tessema, Sofonias; Mukadi-Bamuleka, Daniel; Jansen, Daan; Halbrook, Megan; Merrit, Sydney; Hensley, Lisa; Delaporte, Eric; Mwamba, Dieudonne; Liesenborghs, Laurens; Hoff, Nicole; Peeters, Martine; Low, Nicola; Rimoin, Anne; Kindrachuk, Jason; Vercauteren, Koen; Rambaut, Andrew; Ahuka-Mundeke, Steve; Muyembe-Tamfum, Jean-Jacques"
PP_004AGT7,Ia,None,Democratic Republic of the Congo,Kinshasa,2024-11-12,190029,0.9306218276042167,2025-10-21,"Wawina-Bokalanga, Tony; Amuri-Aziza, Adrienne; Mbala-Kingebeni, Placide; Kinganda-Lusamaki, Eddy; Pukuta-Simbu, Elisabeth; Hasivirwe-Vakaniaki, Emmanuel; Ola-Mpumbe, Rilia; Kwete-Mbokama, Papy; Akil-Bandali, Prince; Kacita, Cris; Ponga-Museme, Ange; Mapenzi-Kashali, Nelson; Vakaniaki, Gloria; Kenye, Kelly-Michel; Muyamuna, Elisabeth; Kavira-Bapitani, Sifa; Mukadi, Patrick; OToole, Aine; Tshiani-Mbaya, Olivier; Paku-Tshambu, Princesse; Lokilo-Lofiko, Emmanuel; Muswamba-Kayembe, Chloe; Makangara-Cigolo, Jean-Claude; Cikaya-Kankolongo, Fiston; Luakanda-Ndelemo, Gradi; Lawanga, Leader; Mabika-Bope, Elzedek; Lumembe-Numbi, Raphael; Kabamba-Lungenyi, Gabriel; Citenga, Andre; Kelvin, D. J.; Pratt, Catherine; Ayouba, Ahidjo; Tessema, Sofonias; Mukadi-Bamuleka, Daniel; Jansen, Daan; Halbrook, Megan; Merrit, Sydney; Hensley, Lisa; Delaporte, Eric; Mwamba, Dieudonne; Liesenborghs, Laurens; Hoff, Nicole; Peeters, Martine; Low, Nicola; Rimoin, Anne; Kindrachuk, Jason; Vercauteren, Koen; Rambaut, Andrew; Ahuka-Mundeke, Steve; Muyembe-Tamfum, Jean-Jacques"
PP_004AGU5,Ia,None,Democratic Republic of the Congo,Kinshasa,2024-11-13,189768,0.9042994995157422,2025-10-21,"Wawina-Bokalanga, Tony; Amuri-Aziza, Adrienne; Mbala-Kingebeni, Placide; Kinganda-Lusamaki, Eddy; Pukuta-Simbu, Elisabeth; Hasivirwe-Vakaniaki, Emmanuel; Ola-Mpumbe, Rilia; Kwete-Mbokama, Papy; Akil-Bandali, Prince; Kacita, Cris; Ponga-Museme, Ange; Mapenzi-Kashali, Nelson; Vakaniaki, Gloria; Kenye, Kelly-Michel; Muyamuna, Elisabeth; Kavira-Bapitani, Sifa; Mukadi, Patrick; OToole, Aine; Tshiani-Mbaya, Olivier; Paku-Tshambu, Princesse; Lokilo-Lofiko, Emmanuel; Muswamba-Kayembe, Chloe; Makangara-Cigolo, Jean-Claude; Cikaya-Kankolongo, Fiston; Luakanda-Ndelemo, Gradi; Lawanga, Leader; Mabika-Bope, Elzedek; Lumembe-Numbi, Raphael; Kabamba-Lungenyi, Gabriel; Citenga, Andre; Kelvin, D. J.; Pratt, Catherine; Ayouba, Ahidjo; Tessema, Sofonias; Mukadi-Bamuleka, Daniel; Jansen, Daan; Halbrook, Megan; Merrit, Sydney; Hensley, Lisa; Delaporte, Eric; Mwamba, Dieudonne; Liesenborghs, Laurens; Hoff, Nicole; Peeters, Martine; Low, Nicola; Rimoin, Anne; Kindrachuk, Jason; Vercauteren, Koen; Rambaut, Andrew; Ahuka-Mundeke, Steve; Muyembe-Tamfum, Jean-Jacques"
PP_004AGV3,Ia,None,Democratic Republic of the Congo,Kinshasa,2024-11-13,186317,0.784943892013042,2025-10-21,"Amuri-Aziza, Adrienne; Mbala-Kingebeni, Placide; Wawina-Bokalanga, Tony; Kinganda-Lusamaki, Eddy; Pukuta-Simbu, Elisabeth; Hasivirwe-Vakaniaki, Emmanuel; Ola-Mpumbe, Rilia; Kwete-Mbokama, Papy; Akil-Bandali, Prince; Kacita, Cris; Ponga-Museme, Ange; Mapenzi-Kashali, Nelson; Vakaniaki, Gloria; Kenye, Kelly-Michel; Muyamuna, Elisabeth; Kavira-Bapitani, Sifa; Mukadi, Patrick; OToole, Aine; Tshiani-Mbaya, Olivier; Paku-Tshambu, Princesse; Lokilo-Lofiko, Emmanuel; Muswamba-Kayembe, Chloe; Makangara-Cigolo, Jean-Claude; Cikaya-Kankolongo, Fiston; Luakanda-Ndelemo, Gradi; Lawanga, Leader; Mabika-Bope, Elzedek; Lumembe-Numbi, Raphael; Kabamba-Lungenyi, Gabriel; Citenga, Andre; Kelvin, D. J.; Pratt, Catherine; Ayouba, Ahidjo; Tessema, Sofonias; Mukadi-Bamuleka, Daniel; Jansen, Daan; Halbrook, Megan; Merrit, Sydney; Hensley, Lisa; Delaporte, Eric; Mwamba, Dieudonne; Liesenborghs, Laurens; Hoff, Nicole; Peeters, Martine; Low, Nicola; Rimoin, Anne; Kindrachuk, Jason; Vercauteren, Koen; Rambaut, Andrew; Ahuka-Mundeke, Steve; Muyembe-Tamfum, Jean-Jacques"
PP_004AGW1,Ia,None,Democratic Republic of the Congo,Kinshasa,2024-11-11,186093,0.6780572894746183,2025-10-21,"Amuri-Aziza, Adrienne; Mbala-Kingebeni, Placide; Wawina-Bokalanga, Tony; Kinganda-Lusamaki, Eddy; Pukuta-Simbu, Elisabeth; Hasivirwe-Vakaniaki, Emmanuel; Ola-Mpumbe, Rilia; Kwete-Mbokama, Papy; Akil-Bandali, Prince; Kacita, Cris; Ponga-Museme, Ange; Mapenzi-Kashali, Nelson; Vakaniaki, Gloria; Kenye, Kelly-Michel; Muyamuna, Elisabeth; Kavira-Bapitani, Sifa; Mukadi, Patrick; OToole, Aine; Tshiani-Mbaya, Olivier; Paku-Tshambu, Princesse; Lokilo-Lofiko, Emmanuel; Muswamba-Kayembe, Chloe; Makangara-Cigolo, Jean-Claude; Cikaya-Kankolongo, Fiston; Luakanda-Ndelemo, Gradi; Lawanga, Leader; Mabika-Bope, Elzedek; Lumembe-Numbi, Raphael; Kabamba-Lungenyi, Gabriel; Citenga, Andre; Kelvin, D. J.; Pratt, Catherine; Ayouba, Ahidjo; Tessema, Sofonias; Mukadi-Bamuleka, Daniel; Jansen, Daan; Halbrook, Megan; Merrit, Sydney; Hensley, Lisa; Delaporte, Eric; Mwamba, Dieudonne; Liesenborghs, Laurens; Hoff, Nicole; Peeters, Martine; Low, Nicola; Rimoin, Anne; Kindrachuk, Jason; Vercauteren, Koen; Rambaut, Andrew; Ahuka-Mundeke, Steve; Muyembe-Tamfum, Jean-Jacques"
PP_004AGXZ,Ia,None,Democratic Republic of the Congo,Kinshasa,2024-11-14,186286,0.5263299342322105,2025-10-21,"Amuri-Aziza, Adrienne; Mbala-Kingebeni, Placide; Wawina-Bokalanga, Tony; Kinganda-Lusamaki, Eddy; Pukuta-Simbu, Elisabeth; Hasivirwe-Vakaniaki, Emmanuel; Ola-Mpumbe, Rilia; Kwete-Mbokama, Papy; Akil-Bandali, Prince; Kacita, Cris; Ponga-Museme, Ange; Mapenzi-Kashali, Nelson; Vakaniaki, Gloria; Kenye, Kelly-Michel; Muyamuna, Elisabeth; Kavira-Bapitani, Sifa; Mukadi, Patrick; OToole, Aine; Tshiani-Mbaya, Olivier; Paku-Tshambu, Princesse; Lokilo-Lofiko, Emmanuel; Muswamba-Kayembe, Chloe; Makangara-Cigolo, Jean-Claude; Cikaya-Kankolongo, Fiston; Luakanda-Ndelemo, Gradi; Lawanga, Leader; Mabika-Bope, Elzedek; Lumembe-Numbi, Raphael; Kabamba-Lungenyi, Gabriel; Citenga, Andre; Kelvin, D. J.; Pratt, Catherine; Ayouba, Ahidjo; Tessema, Sofonias; Mukadi-Bamuleka, Daniel; Jansen, Daan; Halbrook, Megan; Merrit, Sydney; Hensley, Lisa; Delaporte, Eric; Mwamba, Dieudonne; Liesenborghs, Laurens; Hoff, Nicole; Peeters, Martine; Low, Nicola; Rimoin, Anne; Kindrachuk, Jason; Vercauteren, Koen; Rambaut, Andrew; Ahuka-Mundeke, Steve; Muyembe-Tamfum, Jean-Jacques"
PP_004AGYX,Ia,None,Democratic Republic of the Congo,Kinshasa,2024-11-14,186270,0.7682154465566987,2025-10-21,"Amuri-Aziza, Adrienne; Mbala-Kingebeni, Placide; Wawina-Bokalanga, Tony; Kinganda-Lusamaki, Eddy; Pukuta-Simbu, Elisabeth; Hasivirwe-Vakaniaki, Emmanuel; Ola-Mpumbe, Rilia; Kwete-Mbokama, Papy; Akil-Bandali, Prince; Kacita, Cris; Ponga-Museme, Ange; Mapenzi-Kashali, Nelson; Vakaniaki, Gloria; Kenye, Kelly-Michel; Muyamuna, Elisabeth; Kavira-Bapitani, Sifa; Mukadi, Patrick; OToole, Aine; Tshiani-Mbaya, Olivier; Paku-Tshambu, Princesse; Lokilo-Lofiko, Emmanuel; Muswamba-Kayembe, Chloe; Makangara-Cigolo, Jean-Claude; Cikaya-Kankolongo, Fiston; Luakanda-Ndelemo, Gradi; Lawanga, Leader; Mabika-Bope, Elzedek; Lumembe-Numbi, Raphael; Kabamba-Lungenyi, Gabriel; Citenga, Andre; Kelvin, D. J.; Pratt, Catherine; Ayouba, Ahidjo; Tessema, Sofonias; Mukadi-Bamuleka, Daniel; Jansen, Daan; Halbrook, Megan; Merrit, Sydney; Hensley, Lisa; Delaporte, Eric; Mwamba, Dieudonne; Liesenborghs, Laurens; Hoff, Nicole; Peeters, Martine; Low, Nicola; Rimoin, Anne; Kindrachuk, Jason; Vercauteren, Koen; Rambaut, Andrew; Ahuka-Mundeke, Steve; Muyembe-Tamfum, Jean-Jacques"
PP_004AGZV,Ia,None,Democratic Republic of the Congo,Kinshasa,2024-11-13,186301,0.7031981299027935,2025-10-21,"Amuri-Aziza, Adrienne; Mbala-Kingebeni, Placide; Wawina-Bokalanga, Tony; Kinganda-Lusamaki, Eddy; Pukuta-Simbu, Elisabeth; Hasivirwe-Vakaniaki, Emmanuel; Ola-Mpumbe, Rilia; Kwete-Mbokama, Papy; Akil-Bandali, Prince; Kacita, Cris; Ponga-Museme, Ange; Mapenzi-Kashali, Nelson; Vakaniaki, Gloria; Kenye, Kelly-Michel; Muyamuna, Elisabeth; Kavira-Bapitani, Sifa; Mukadi, Patrick; OToole, Aine; Tshiani-Mbaya, Olivier; Paku-Tshambu, Princesse; Lokilo-Lofiko, Emmanuel; Muswamba-Kayembe, Chloe; Makangara-Cigolo, Jean-Claude; Cikaya-Kankolongo, Fiston; Luakanda-Ndelemo, Gradi; Lawanga, Leader; Mabika-Bope, Elzedek; Lumembe-Numbi, Raphael; Kabamba-Lungenyi, Gabriel; Citenga, Andre; Kelvin, D. J.; Pratt, Catherine; Ayouba, Ahidjo; Tessema, Sofonias; Mukadi-Bamuleka, Daniel; Jansen, Daan; Halbrook, Megan; Merrit, Sydney; Hensley, Lisa; Delaporte, Eric; Mwamba, Dieudonne; Liesenborghs, Laurens; Hoff, Nicole; Peeters, Martine; Low, Nicola; Rimoin, Anne; Kindrachuk, Jason; Vercauteren, Koen; Rambaut, Andrew; Ahuka-Mundeke, Steve; Muyembe-Tamfum, Jean-Jacques"
PP_004AH0T,Ia,None,Democratic Republic of the Congo,Kinshasa,2024-10-13,190127,0.9220015313702722,2025-10-21,"Wawina-Bokalanga, Tony; Amuri-Aziza, Adrienne; Mbala-Kingebeni, Placide; Kinganda-Lusamaki, Eddy; Pukuta-Simbu, Elisabeth; Hasivirwe-Vakaniaki, Emmanuel; Ola-Mpumbe, Rilia; Kwete-Mbokama, Papy; Akil-Bandali, Prince; Kacita, Cris; Ponga-Museme, Ange; Mapenzi-Kashali, Nelson; Vakaniaki, Gloria; Kenye, Kelly-Michel; Muyamuna, Elisabeth; Kavira-Bapitani, Sifa; Mukadi, Patrick; OToole, Aine; Tshiani-Mbaya, Olivier; Paku-Tshambu, Princesse; Lokilo-Lofiko, Emmanuel; Muswamba-Kayembe, Chloe; Makangara-Cigolo, Jean-Claude; Cikaya-Kankolongo, Fiston; Luakanda-Ndelemo, Gradi; Lawanga, Leader; Mabika-Bope, Elzedek; Lumembe-Numbi, Raphael; Kabamba-Lungenyi, Gabriel; Citenga, Andre; Kelvin, D. J.; Pratt, Catherine; Ayouba, Ahidjo; Tessema, Sofonias; Mukadi-Bamuleka, Daniel; Jansen, Daan; Halbrook, Megan; Merrit, Sydney; Hensley, Lisa; Delaporte, Eric; Mwamba, Dieudonne; Liesenborghs, Laurens; Hoff, Nicole; Peeters, Martine; Low, Nicola; Rimoin, Anne; Kindrachuk, Jason; Vercauteren, Koen; Rambaut, Andrew; Ahuka-Mundeke, Steve; Muyembe-Tamfum, Jean-Jacques"
PP_004AH1R,Ia,None,Democratic Republic of the Congo,Kinshasa,2024-11-14,190096,0.9502253953927052,2025-10-21,"Wawina-Bokalanga, Tony; Amuri-Aziza, Adrienne; Mbala-Kingebeni, Placide; Kinganda-Lusamaki, Eddy; Pukuta-Simbu, Elisabeth; Hasivirwe-Vakaniaki, Emmanuel; Ola-Mpumbe, Rilia; Kwete-Mbokama, Papy; Akil-Bandali, Prince; Kacita, Cris; Ponga-Museme, Ange; Mapenzi-Kashali, Nelson; Vakaniaki, Gloria; Kenye, Kelly-Michel; Muyamuna, Elisabeth; Kavira-Bapitani, Sifa; Mukadi, Patrick; OToole, Aine; Tshiani-Mbaya, Olivier; Paku-Tshambu, Princesse; Lokilo-Lofiko, Emmanuel; Muswamba-Kayembe, Chloe; Makangara-Cigolo, Jean-Claude; Cikaya-Kankolongo, Fiston; Luakanda-Ndelemo, Gradi; Lawanga, Leader; Mabika-Bope, Elzedek; Lumembe-Numbi, Raphael; Kabamba-Lungenyi, Gabriel; Citenga, Andre; Kelvin, D. J.; Pratt, Catherine; Ayouba, Ahidjo; Tessema, Sofonias; Mukadi-Bamuleka, Daniel; Jansen, Daan; Halbrook, Megan; Merrit, Sydney; Hensley, Lisa; Delaporte, Eric; Mwamba, Dieudonne; Liesenborghs, Laurens; Hoff, Nicole; Peeters, Martine; Low, Nicola; Rimoin, Anne; Kindrachuk, Jason; Vercauteren, Koen; Rambaut, Andrew; Ahuka-Mundeke, Steve; Muyembe-Tamfum, Jean-Jacques"
PP_004AH2P,Ia,None,Democratic Republic of the Congo,Kinshasa,2024-11-13,190117,0.9461687854002606,2025-10-21,"Wawina-Bokalanga, Tony; Amuri-Aziza, Adrienne; Mbala-Kingebeni, Placide; Kinganda-Lusamaki, Eddy; Pukuta-Simbu, Elisabeth; Hasivirwe-Vakaniaki, Emmanuel; Ola-Mpumbe, Rilia; Kwete-Mbokama, Papy; Akil-Bandali, Prince; Kacita, Cris; Ponga-Museme, Ange; Mapenzi-Kashali, Nelson; Vakaniaki, Gloria; Kenye, Kelly-Michel; Muyamuna, Elisabeth; Kavira-Bapitani, Sifa; Mukadi, Patrick; OToole, Aine; Tshiani-Mbaya, Olivier; Paku-Tshambu, Princesse; Lokilo-Lofiko, Emmanuel; Muswamba-Kayembe, Chloe; Makangara-Cigolo, Jean-Claude; Cikaya-Kankolongo, Fiston; Luakanda-Ndelemo, Gradi; Lawanga, Leader; Mabika-Bope, Elzedek; Lumembe-Numbi, Raphael; Kabamba-Lungenyi, Gabriel; Citenga, Andre; Kelvin, D. J.; Pratt, Catherine; Ayouba, Ahidjo; Tessema, Sofonias; Mukadi-Bamuleka, Daniel; Jansen, Daan; Halbrook, Megan; Merrit, Sydney; Hensley, Lisa; Delaporte, Eric; Mwamba, Dieudonne; Liesenborghs, Laurens; Hoff, Nicole; Peeters, Martine; Low, Nicola; Rimoin, Anne; Kindrachuk, Jason; Vercauteren, Koen; Rambaut, Andrew; Ahuka-Mundeke, Steve; Muyembe-Tamfum, Jean-Jacques"
PP_004AH3M,Ia,None,Democratic Republic of the Congo,Kinshasa,2024-11-14,187499,0.9129806448995736,2025-10-21,"Wawina-Bokalanga, Tony; Amuri-Aziza, Adrienne; Mbala-Kingebeni, Placide; Kinganda-Lusamaki, Eddy; Pukuta-Simbu, Elisabeth; Hasivirwe-Vakaniaki, Emmanuel; Ola-Mpumbe, Rilia; Kwete-Mbokama, Papy; Akil-Bandali, Prince; Kacita, Cris; Ponga-Museme, Ange; Mapenzi-Kashali, Nelson; Vakaniaki, Gloria; Kenye, Kelly-Michel; Muyamuna, Elisabeth; Kavira-Bapitani, Sifa; Mukadi, Patrick; OToole, Aine; Tshiani-Mbaya, Olivier; Paku-Tshambu, Princesse; Lokilo-Lofiko, Emmanuel; Muswamba-Kayembe, Chloe; Makangara-Cigolo, Jean-Claude; Cikaya-Kankolongo, Fiston; Luakanda-Ndelemo, Gradi; Lawanga, Leader; Mabika-Bope, Elzedek; Lumembe-Numbi, Raphael; Kabamba-Lungenyi, Gabriel; Citenga, Andre; Kelvin, D. J.; Pratt, Catherine; Ayouba, Ahidjo; Tessema, Sofonias; Mukadi-Bamuleka, Daniel; Jansen, Daan; Halbrook, Megan; Merrit, Sydney; Hensley, Lisa; Delaporte, Eric; Mwamba, Dieudonne; Liesenborghs, Laurens; Hoff, Nicole; Peeters, Martine; Low, Nicola; Rimoin, Anne; Kindrachuk, Jason; Vercauteren, Koen; Rambaut, Andrew; Ahuka-Mundeke, Steve; Muyembe-Tamfum, Jean-Jacques"
PP_004AH4K,Ia,None,Democratic Republic of the Congo,Kinshasa,2024-11-13,190051,0.94096111232246,2025-10-21,"Wawina-Bokalanga, Tony; Amuri-Aziza, Adrienne; Mbala-Kingebeni, Placide; Kinganda-Lusamaki, Eddy; Pukuta-Simbu, Elisabeth; Hasivirwe-Vakaniaki, Emmanuel; Ola-Mpumbe, Rilia; Kwete-Mbokama, Papy; Akil-Bandali, Prince; Kacita, Cris; Ponga-Museme, Ange; Mapenzi-Kashali, Nelson; Vakaniaki, Gloria; Kenye, Kelly-Michel; Muyamuna, Elisabeth; Kavira-Bapitani, Sifa; Mukadi, Patrick; OToole, Aine; Tshiani-Mbaya, Olivier; Paku-Tshambu, Princesse; Lokilo-Lofiko, Emmanuel; Muswamba-Kayembe, Chloe; Makangara-Cigolo, Jean-Claude; Cikaya-Kankolongo, Fiston; Luakanda-Ndelemo, Gradi; Lawanga, Leader; Mabika-Bope, Elzedek; Lumembe-Numbi, Raphael; Kabamba-Lungenyi, Gabriel; Citenga, Andre; Kelvin, D. J.; Pratt, Catherine; Ayouba, Ahidjo; Tessema, Sofonias; Mukadi-Bamuleka, Daniel; Jansen, Daan; Halbrook, Megan; Merrit, Sydney; Hensley, Lisa; Delaporte, Eric; Mwamba, Dieudonne; Liesenborghs, Laurens; Hoff, Nicole; Peeters, Martine; Low, Nicola; Rimoin, Anne; Kindrachuk, Jason; Vercauteren, Koen; Rambaut, Andrew; Ahuka-Mundeke, Steve; Muyembe-Tamfum, Jean-Jacques"
PP_004AH5H,Ia,None,Democratic Republic of the Congo,Kinshasa,2024-11-14,190134,0.9476545188099934,2025-10-21,"Wawina-Bokalanga, Tony; Amuri-Aziza, Adrienne; Mbala-Kingebeni, Placide; Kinganda-Lusamaki, Eddy; Pukuta-Simbu, Elisabeth; Hasivirwe-Vakaniaki, Emmanuel; Ola-Mpumbe, Rilia; Kwete-Mbokama, Papy; Akil-Bandali, Prince; Kacita, Cris; Ponga-Museme, Ange; Mapenzi-Kashali, Nelson; Vakaniaki, Gloria; Kenye, Kelly-Michel; Muyamuna, Elisabeth; Kavira-Bapitani, Sifa; Mukadi, Patrick; OToole, Aine; Tshiani-Mbaya, Olivier; Paku-Tshambu, Princesse; Lokilo-Lofiko, Emmanuel; Muswamba-Kayembe, Chloe; Makangara-Cigolo, Jean-Claude; Cikaya-Kankolongo, Fiston; Luakanda-Ndelemo, Gradi; Lawanga, Leader; Mabika-Bope, Elzedek; Lumembe-Numbi, Raphael; Kabamba-Lungenyi, Gabriel; Citenga, Andre; Kelvin, D. J.; Pratt, Catherine; Ayouba, Ahidjo; Tessema, Sofonias; Mukadi-Bamuleka, Daniel; Jansen, Daan; Halbrook, Megan; Merrit, Sydney; Hensley, Lisa; Delaporte, Eric; Mwamba, Dieudonne; Liesenborghs, Laurens; Hoff, Nicole; Peeters, Martine; Low, Nicola; Rimoin, Anne; Kindrachuk, Jason; Vercauteren, Koen; Rambaut, Andrew; Ahuka-Mundeke, Steve; Muyembe-Tamfum, Jean-Jacques"
PP_004AH6F,Ib,A.1,Democratic Republic of the Congo,Kinshasa,2024-11-14,188841,0.9307080305665564,2025-10-21,"Wawina-Bokalanga, Tony; Amuri-Aziza, Adrienne; Mbala-Kingebeni, Placide; Kinganda-Lusamaki, Eddy; Pukuta-Simbu, Elisabeth; Hasivirwe-Vakaniaki, Emmanuel; Ola-Mpumbe, Rilia; Kwete-Mbokama, Papy; Akil-Bandali, Prince; Kacita, Cris; Ponga-Museme, Ange; Mapenzi-Kashali, Nelson; Vakaniaki, Gloria; Kenye, Kelly-Michel; Muyamuna, Elisabeth; Kavira-Bapitani, Sifa; Mukadi, Patrick; OToole, Aine; Tshiani-Mbaya, Olivier; Paku-Tshambu, Princesse; Lokilo-Lofiko, Emmanuel; Muswamba-Kayembe, Chloe; Makangara-Cigolo, Jean-Claude; Cikaya-Kankolongo, Fiston; Luakanda-Ndelemo, Gradi; Lawanga, Leader; Mabika-Bope, Elzedek; Lumembe-Numbi, Raphael; Kabamba-Lungenyi, Gabriel; Citenga, Andre; Kelvin, D. J.; Pratt, Catherine; Ayouba, Ahidjo; Tessema, Sofonias; Mukadi-Bamuleka, Daniel; Jansen, Daan; Halbrook, Megan; Merrit, Sydney; Hensley, Lisa; Delaporte, Eric; Mwamba, Dieudonne; Liesenborghs, Laurens; Hoff, Nicole; Peeters, Martine; Low, Nicola; Rimoin, Anne; Kindrachuk, Jason; Vercauteren, Koen; Rambaut, Andrew; Ahuka-Mundeke, Steve; Muyembe-Tamfum, Jean-Jacques"
PP_004AH7D,Ib,A.1,Democratic Republic of the Congo,Kinshasa,2024-11-15,188667,0.9140100096851564,2025-10-21,"Wawina-Bokalanga, Tony; Amuri-Aziza, Adrienne; Mbala-Kingebeni, Placide; Kinganda-Lusamaki, Eddy; Pukuta-Simbu, Elisabeth; Hasivirwe-Vakaniaki, Emmanuel; Ola-Mpumbe, Rilia; Kwete-Mbokama, Papy; Akil-Bandali, Prince; Kacita, Cris; Ponga-Museme, Ange; Mapenzi-Kashali, Nelson; Vakaniaki, Gloria; Kenye, Kelly-Michel; Muyamuna, Elisabeth; Kavira-Bapitani, Sifa; Mukadi, Patrick; OToole, Aine; Tshiani-Mbaya, Olivier; Paku-Tshambu, Princesse; Lokilo-Lofiko, Emmanuel; Muswamba-Kayembe, Chloe; Makangara-Cigolo, Jean-Claude; Cikaya-Kankolongo, Fiston; Luakanda-Ndelemo, Gradi; Lawanga, Leader; Mabika-Bope, Elzedek; Lumembe-Numbi, Raphael; Kabamba-Lungenyi, Gabriel; Citenga, Andre; Kelvin, D. J.; Pratt, Catherine; Ayouba, Ahidjo; Tessema, Sofonias; Mukadi-Bamuleka, Daniel; Jansen, Daan; Halbrook, Megan; Merrit, Sydney; Hensley, Lisa; Delaporte, Eric; Mwamba, Dieudonne; Liesenborghs, Laurens; Hoff, Nicole; Peeters, Martine; Low, Nicola; Rimoin, Anne; Kindrachuk, Jason; Vercauteren, Koen; Rambaut, Andrew; Ahuka-Mundeke, Steve; Muyembe-Tamfum, Jean-Jacques"
PP_004AH8B,Ia,None,Democratic Republic of the Congo,Mongala,2024-10-26,190043,0.9326247787879864,2025-10-21,"Mapenzi-Kashali, Nelson; Citenga, Andre; Mbala-Kingebeni, Placide; Wawina-Bokalanga, Tony; Kinganda-Lusamaki, Eddy; Pukuta-Simbu, Elisabeth; Hasivirwe-Vakaniaki, Emmanuel; Ola-Mpumbe, Rilia; Kwete-Mbokama, Papy; Akil-Bandali, Prince; Kacita, Cris; Ponga-Museme, Ange; Vakaniaki, Gloria; Amuri-Aziza, Adrienne; Kenye, Kelly-Michel; Muyamuna, Elisabeth; Kavira-Bapitani, Sifa; Mukadi, Patrick; OToole, Aine; Tshiani-Mbaya, Olivier; Paku-Tshambu, Princesse; Lokilo-Lofiko, Emmanuel; Muswamba-Kayembe, Chloe; Makangara-Cigolo, Jean-Claude; Cikaya-Kankolongo, Fiston; Luakanda-Ndelemo, Gradi; Lawanga, Leader; Mabika-Bope, Elzedek; Lumembe-Numbi, Raphael; Kabamba-Lungenyi, Gabriel; Kelvin, D. J.; Pratt, Catherine; Ayouba, Ahidjo; Tessema, Sofonias; Mukadi-Bamuleka, Daniel; Jansen, Daan; Halbrook, Megan; Merrit, Sydney; Hensley, Lisa; Delaporte, Eric; Mwamba, Dieudonne; Liesenborghs, Laurens; Hoff, Nicole; Peeters, Martine; Low, Nicola; Rimoin, Anne; Kindrachuk, Jason; Vercauteren, Koen; Rambaut, Andrew; Ahuka-Mundeke, Steve; Muyembe-Tamfum, Jean-Jacques"
PP_004AH99,Ia,None,Democratic Republic of the Congo,Mongala,2024-10-26,190090,0.9491706767946696,2025-10-21,"Mapenzi-Kashali, Nelson; Citenga, Andre; Mbala-Kingebeni, Placide; Wawina-Bokalanga, Tony; Kinganda-Lusamaki, Eddy; Pukuta-Simbu, Elisabeth; Hasivirwe-Vakaniaki, Emmanuel; Ola-Mpumbe, Rilia; Kwete-Mbokama, Papy; Akil-Bandali, Prince; Kacita, Cris; Ponga-Museme, Ange; Vakaniaki, Gloria; Amuri-Aziza, Adrienne; Kenye, Kelly-Michel; Muyamuna, Elisabeth; Kavira-Bapitani, Sifa; Mukadi, Patrick; OToole, Aine; Tshiani-Mbaya, Olivier; Paku-Tshambu, Princesse; Lokilo-Lofiko, Emmanuel; Muswamba-Kayembe, Chloe; Makangara-Cigolo, Jean-Claude; Cikaya-Kankolongo, Fiston; Luakanda-Ndelemo, Gradi; Lawanga, Leader; Mabika-Bope, Elzedek; Lumembe-Numbi, Raphael; Kabamba-Lungenyi, Gabriel; Kelvin, D. J.; Pratt, Catherine; Ayouba, Ahidjo; Tessema, Sofonias; Mukadi-Bamuleka, Daniel; Jansen, Daan; Halbrook, Megan; Merrit, Sydney; Hensley, Lisa; Delaporte, Eric; Mwamba, Dieudonne; Liesenborghs, Laurens; Hoff, Nicole; Peeters, Martine; Low, Nicola; Rimoin, Anne; Kindrachuk, Jason; Vercauteren, Koen; Rambaut, Andrew; Ahuka-Mundeke, Steve; Muyembe-Tamfum, Jean-Jacques"
PP_004AHA7,Ia,None,Democratic Republic of the Congo,Tshuapa,2024-11-04,190272,0.9377817442408816,2025-10-21,"Muyembe-Tamfum, Jean-Jacques; Lokilo-Lofiko, Emmanuel; Mbala-Kingebeni, Placide; Wawina-Bokalanga, Tony; Kinganda-Lusamaki, Eddy; Pukuta-Simbu, Elisabeth; Hasivirwe-Vakaniaki, Emmanuel; Ola-Mpumbe, Rilia; Kwete-Mbokama, Papy; Akil-Bandali, Prince; Kacita, Cris; Ponga-Museme, Ange; Mapenzi-Kashali, Nelson; Vakaniaki, Gloria; Amuri-Aziza, Adrienne; Kenye, Kelly-Michel; Muyamuna, Elisabeth; Kavira-Bapitani, Sifa; Mukadi, Patrick; OToole, Aine; Tshiani-Mbaya, Olivier; Paku-Tshambu, Princesse; Muswamba-Kayembe, Chloe; Makangara-Cigolo, Jean-Claude; Cikaya-Kankolongo, Fiston; Luakanda-Ndelemo, Gradi; Lawanga, Leader; Mabika-Bope, Elzedek; Lumembe-Numbi, Raphael; Kabamba-Lungenyi, Gabriel; Citenga, Andre; Kelvin, D. J.; Pratt, Catherine; Ayouba, Ahidjo; Tessema, Sofonias; Mukadi-Bamuleka, Daniel; Jansen, Daan; Halbrook, Megan; Merrit, Sydney; Hensley, Lisa; Delaporte, Eric; Mwamba, Dieudonne; Liesenborghs, Laurens; Hoff, Nicole; Peeters, Martine; Low, Nicola; Rimoin, Anne; Kindrachuk, Jason; Vercauteren, Koen; Rambaut, Andrew; Ahuka-Mundeke, Steve"
PP_004AHB5,Ia,None,Democratic Republic of the Congo,Tshuapa,2024-11-04,190002,0.943481281280266,2025-10-21,"Muyembe-Tamfum, Jean-Jacques; Lokilo-Lofiko, Emmanuel; Mbala-Kingebeni, Placide; Wawina-Bokalanga, Tony; Kinganda-Lusamaki, Eddy; Pukuta-Simbu, Elisabeth; Hasivirwe-Vakaniaki, Emmanuel; Ola-Mpumbe, Rilia; Kwete-Mbokama, Papy; Akil-Bandali, Prince; Kacita, Cris; Ponga-Museme, Ange; Mapenzi-Kashali, Nelson; Vakaniaki, Gloria; Amuri-Aziza, Adrienne; Kenye, Kelly-Michel; Muyamuna, Elisabeth; Kavira-Bapitani, Sifa; Mukadi, Patrick; OToole, Aine; Tshiani-Mbaya, Olivier; Paku-Tshambu, Princesse; Muswamba-Kayembe, Chloe; Makangara-Cigolo, Jean-Claude; Cikaya-Kankolongo, Fiston; Luakanda-Ndelemo, Gradi; Lawanga, Leader; Mabika-Bope, Elzedek; Lumembe-Numbi, Raphael; Kabamba-Lungenyi, Gabriel; Citenga, Andre; Kelvin, D. J.; Pratt, Catherine; Ayouba, Ahidjo; Tessema, Sofonias; Mukadi-Bamuleka, Daniel; Jansen, Daan; Halbrook, Megan; Merrit, Sydney; Hensley, Lisa; Delaporte, Eric; Mwamba, Dieudonne; Liesenborghs, Laurens; Hoff, Nicole; Peeters, Martine; Low, Nicola; Rimoin, Anne; Kindrachuk, Jason; Vercauteren, Koen; Rambaut, Andrew; Ahuka-Mundeke, Steve"
PP_004AHC3,Ia,None,Democratic Republic of the Congo,Tshuapa,2024-11-04,190203,0.9196132022372204,2025-10-21,"Muyembe-Tamfum, Jean-Jacques; Lokilo-Lofiko, Emmanuel; Mbala-Kingebeni, Placide; Wawina-Bokalanga, Tony; Kinganda-Lusamaki, Eddy; Pukuta-Simbu, Elisabeth; Hasivirwe-Vakaniaki, Emmanuel; Ola-Mpumbe, Rilia; Kwete-Mbokama, Papy; Akil-Bandali, Prince; Kacita, Cris; Ponga-Museme, Ange; Mapenzi-Kashali, Nelson; Vakaniaki, Gloria; Amuri-Aziza, Adrienne; Kenye, Kelly-Michel; Muyamuna, Elisabeth; Kavira-Bapitani, Sifa; Mukadi, Patrick; OToole, Aine; Tshiani-Mbaya, Olivier; Paku-Tshambu, Princesse; Muswamba-Kayembe, Chloe; Makangara-Cigolo, Jean-Claude; Cikaya-Kankolongo, Fiston; Luakanda-Ndelemo, Gradi; Lawanga, Leader; Mabika-Bope, Elzedek; Lumembe-Numbi, Raphael; Kabamba-Lungenyi, Gabriel; Citenga, Andre; Kelvin, D. J.; Pratt, Catherine; Ayouba, Ahidjo; Tessema, Sofonias; Mukadi-Bamuleka, Daniel; Jansen, Daan; Halbrook, Megan; Merrit, Sydney; Hensley, Lisa; Delaporte, Eric; Mwamba, Dieudonne; Liesenborghs, Laurens; Hoff, Nicole; Peeters, Martine; Low, Nicola; Rimoin, Anne; Kindrachuk, Jason; Vercauteren, Koen; Rambaut, Andrew; Ahuka-Mundeke, Steve"
PP_004AHD1,Ia,None,Democratic Republic of the Congo,Tshuapa,2024-11-04,190127,0.9241058978038528,2025-10-21,"Muyembe-Tamfum, Jean-Jacques; Lokilo-Lofiko, Emmanuel; Mbala-Kingebeni, Placide; Wawina-Bokalanga, Tony; Kinganda-Lusamaki, Eddy; Pukuta-Simbu, Elisabeth; Hasivirwe-Vakaniaki, Emmanuel; Ola-Mpumbe, Rilia; Kwete-Mbokama, Papy; Akil-Bandali, Prince; Kacita, Cris; Ponga-Museme, Ange; Mapenzi-Kashali, Nelson; Vakaniaki, Gloria; Amuri-Aziza, Adrienne; Kenye, Kelly-Michel; Muyamuna, Elisabeth; Kavira-Bapitani, Sifa; Mukadi, Patrick; OToole, Aine; Tshiani-Mbaya, Olivier; Paku-Tshambu, Princesse; Muswamba-Kayembe, Chloe; Makangara-Cigolo, Jean-Claude; Cikaya-Kankolongo, Fiston; Luakanda-Ndelemo, Gradi; Lawanga, Leader; Mabika-Bope, Elzedek; Lumembe-Numbi, Raphael; Kabamba-Lungenyi, Gabriel; Citenga, Andre; Kelvin, D. J.; Pratt, Catherine; Ayouba, Ahidjo; Tessema, Sofonias; Mukadi-Bamuleka, Daniel; Jansen, Daan; Halbrook, Megan; Merrit, Sydney; Hensley, Lisa; Delaporte, Eric; Mwamba, Dieudonne; Liesenborghs, Laurens; Hoff, Nicole; Peeters, Martine; Low, Nicola; Rimoin, Anne; Kindrachuk, Jason; Vercauteren, Koen; Rambaut, Andrew; Ahuka-Mundeke, Steve"
PP_004AHEZ,Ia,None,Democratic Republic of the Congo,Tshuapa,2024-11-04,187489,0.9235176893549484,2025-10-21,"Muyembe-Tamfum, Jean-Jacques; Lokilo-Lofiko, Emmanuel; Mbala-Kingebeni, Placide; Wawina-Bokalanga, Tony; Kinganda-Lusamaki, Eddy; Pukuta-Simbu, Elisabeth; Hasivirwe-Vakaniaki, Emmanuel; Ola-Mpumbe, Rilia; Kwete-Mbokama, Papy; Akil-Bandali, Prince; Kacita, Cris; Ponga-Museme, Ange; Mapenzi-Kashali, Nelson; Vakaniaki, Gloria; Amuri-Aziza, Adrienne; Kenye, Kelly-Michel; Muyamuna, Elisabeth; Kavira-Bapitani, Sifa; Mukadi, Patrick; OToole, Aine; Tshiani-Mbaya, Olivier; Paku-Tshambu, Princesse; Muswamba-Kayembe, Chloe; Makangara-Cigolo, Jean-Claude; Cikaya-Kankolongo, Fiston; Luakanda-Ndelemo, Gradi; Lawanga, Leader; Mabika-Bope, Elzedek; Lumembe-Numbi, Raphael; Kabamba-Lungenyi, Gabriel; Citenga, Andre; Kelvin, D. J.; Pratt, Catherine; Ayouba, Ahidjo; Tessema, Sofonias; Mukadi-Bamuleka, Daniel; Jansen, Daan; Halbrook, Megan; Merrit, Sydney; Hensley, Lisa; Delaporte, Eric; Mwamba, Dieudonne; Liesenborghs, Laurens; Hoff, Nicole; Peeters, Martine; Low, Nicola; Rimoin, Anne; Kindrachuk, Jason; Vercauteren, Koen; Rambaut, Andrew; Ahuka-Mundeke, Steve"
PP_004AHFX,Ia,None,Democratic Republic of the Congo,Tshuapa,2024-11-04,190194,0.9386184200518232,2025-10-21,"Muyembe-Tamfum, Jean-Jacques; Lokilo-Lofiko, Emmanuel; Mbala-Kingebeni, Placide; Wawina-Bokalanga, Tony; Kinganda-Lusamaki, Eddy; Pukuta-Simbu, Elisabeth; Hasivirwe-Vakaniaki, Emmanuel; Ola-Mpumbe, Rilia; Kwete-Mbokama, Papy; Akil-Bandali, Prince; Kacita, Cris; Ponga-Museme, Ange; Mapenzi-Kashali, Nelson; Vakaniaki, Gloria; Amuri-Aziza, Adrienne; Kenye, Kelly-Michel; Muyamuna, Elisabeth; Kavira-Bapitani, Sifa; Mukadi, Patrick; OToole, Aine; Tshiani-Mbaya, Olivier; Paku-Tshambu, Princesse; Muswamba-Kayembe, Chloe; Makangara-Cigolo, Jean-Claude; Cikaya-Kankolongo, Fiston; Luakanda-Ndelemo, Gradi; Lawanga, Leader; Mabika-Bope, Elzedek; Lumembe-Numbi, Raphael; Kabamba-Lungenyi, Gabriel; Citenga, Andre; Kelvin, D. J.; Pratt, Catherine; Ayouba, Ahidjo; Tessema, Sofonias; Mukadi-Bamuleka, Daniel; Jansen, Daan; Halbrook, Megan; Merrit, Sydney; Hensley, Lisa; Delaporte, Eric; Mwamba, Dieudonne; Liesenborghs, Laurens; Hoff, Nicole; Peeters, Martine; Low, Nicola; Rimoin, Anne; Kindrachuk, Jason; Vercauteren, Koen; Rambaut, Andrew; Ahuka-Mundeke, Steve"
PP_004AHGV,Ia,None,Democratic Republic of the Congo,Tshuapa,2024-11-04,187569,0.9397441293247264,2025-10-21,"Muyembe-Tamfum, Jean-Jacques; Lokilo-Lofiko, Emmanuel; Mbala-Kingebeni, Placide; Wawina-Bokalanga, Tony; Kinganda-Lusamaki, Eddy; Pukuta-Simbu, Elisabeth; Hasivirwe-Vakaniaki, Emmanuel; Ola-Mpumbe, Rilia; Kwete-Mbokama, Papy; Akil-Bandali, Prince; Kacita, Cris; Ponga-Museme, Ange; Mapenzi-Kashali, Nelson; Vakaniaki, Gloria; Amuri-Aziza, Adrienne; Kenye, Kelly-Michel; Muyamuna, Elisabeth; Kavira-Bapitani, Sifa; Mukadi, Patrick; OToole, Aine; Tshiani-Mbaya, Olivier; Paku-Tshambu, Princesse; Muswamba-Kayembe, Chloe; Makangara-Cigolo, Jean-Claude; Cikaya-Kankolongo, Fiston; Luakanda-Ndelemo, Gradi; Lawanga, Leader; Mabika-Bope, Elzedek; Lumembe-Numbi, Raphael; Kabamba-Lungenyi, Gabriel; Citenga, Andre; Kelvin, D. J.; Pratt, Catherine; Ayouba, Ahidjo; Tessema, Sofonias; Mukadi-Bamuleka, Daniel; Jansen, Daan; Halbrook, Megan; Merrit, Sydney; Hensley, Lisa; Delaporte, Eric; Mwamba, Dieudonne; Liesenborghs, Laurens; Hoff, Nicole; Peeters, Martine; Low, Nicola; Rimoin, Anne; Kindrachuk, Jason; Vercauteren, Koen; Rambaut, Andrew; Ahuka-Mundeke, Steve"
PP_004AHHS,Ia,None,Democratic Republic of the Congo,Tshuapa,2024-11-04,187470,0.5458980066832649,2025-10-21,"Muyembe-Tamfum, Jean-Jacques; Lokilo-Lofiko, Emmanuel; Mbala-Kingebeni, Placide; Wawina-Bokalanga, Tony; Kinganda-Lusamaki, Eddy; Pukuta-Simbu, Elisabeth; Hasivirwe-Vakaniaki, Emmanuel; Ola-Mpumbe, Rilia; Kwete-Mbokama, Papy; Akil-Bandali, Prince; Kacita, Cris; Ponga-Museme, Ange; Mapenzi-Kashali, Nelson; Vakaniaki, Gloria; Amuri-Aziza, Adrienne; Kenye, Kelly-Michel; Muyamuna, Elisabeth; Kavira-Bapitani, Sifa; Mukadi, Patrick; OToole, Aine; Tshiani-Mbaya, Olivier; Paku-Tshambu, Princesse; Muswamba-Kayembe, Chloe; Makangara-Cigolo, Jean-Claude; Cikaya-Kankolongo, Fiston; Luakanda-Ndelemo, Gradi; Lawanga, Leader; Mabika-Bope, Elzedek; Lumembe-Numbi, Raphael; Kabamba-Lungenyi, Gabriel; Citenga, Andre; Kelvin, D. J.; Pratt, Catherine; Ayouba, Ahidjo; Tessema, Sofonias; Mukadi-Bamuleka, Daniel; Jansen, Daan; Halbrook, Megan; Merrit, Sydney; Hensley, Lisa; Delaporte, Eric; Mwamba, Dieudonne; Liesenborghs, Laurens; Hoff, Nicole; Peeters, Martine; Low, Nicola; Rimoin, Anne; Kindrachuk, Jason; Vercauteren, Koen; Rambaut, Andrew; Ahuka-Mundeke, Steve"
PP_004AHJQ,Ia,None,Democratic Republic of the Congo,Tshuapa,2024-11-03,187495,0.9520660821767768,2025-10-21,"Muyembe-Tamfum, Jean-Jacques; Lokilo-Lofiko, Emmanuel; Mbala-Kingebeni, Placide; Wawina-Bokalanga, Tony; Kinganda-Lusamaki, Eddy; Pukuta-Simbu, Elisabeth; Hasivirwe-Vakaniaki, Emmanuel; Ola-Mpumbe, Rilia; Kwete-Mbokama, Papy; Akil-Bandali, Prince; Kacita, Cris; Ponga-Museme, Ange; Mapenzi-Kashali, Nelson; Vakaniaki, Gloria; Amuri-Aziza, Adrienne; Kenye, Kelly-Michel; Muyamuna, Elisabeth; Kavira-Bapitani, Sifa; Mukadi, Patrick; OToole, Aine; Tshiani-Mbaya, Olivier; Paku-Tshambu, Princesse; Muswamba-Kayembe, Chloe; Makangara-Cigolo, Jean-Claude; Cikaya-Kankolongo, Fiston; Luakanda-Ndelemo, Gradi; Lawanga, Leader; Mabika-Bope, Elzedek; Lumembe-Numbi, Raphael; Kabamba-Lungenyi, Gabriel; Citenga, Andre; Kelvin, D. J.; Pratt, Catherine; Ayouba, Ahidjo; Tessema, Sofonias; Mukadi-Bamuleka, Daniel; Jansen, Daan; Halbrook, Megan; Merrit, Sydney; Hensley, Lisa; Delaporte, Eric; Mwamba, Dieudonne; Liesenborghs, Laurens; Hoff, Nicole; Peeters, Martine; Low, Nicola; Rimoin, Anne; Kindrachuk, Jason; Vercauteren, Koen; Rambaut, Andrew; Ahuka-Mundeke, Steve"
PP_004AHKN,Ia,None,Democratic Republic of the Congo,Tshuapa,2024-10-30,187525,0.9520863652267392,2025-10-21,"Muyembe-Tamfum, Jean-Jacques; Lokilo-Lofiko, Emmanuel; Mbala-Kingebeni, Placide; Wawina-Bokalanga, Tony; Kinganda-Lusamaki, Eddy; Pukuta-Simbu, Elisabeth; Hasivirwe-Vakaniaki, Emmanuel; Ola-Mpumbe, Rilia; Kwete-Mbokama, Papy; Akil-Bandali, Prince; Kacita, Cris; Ponga-Museme, Ange; Mapenzi-Kashali, Nelson; Vakaniaki, Gloria; Amuri-Aziza, Adrienne; Kenye, Kelly-Michel; Muyamuna, Elisabeth; Kavira-Bapitani, Sifa; Mukadi, Patrick; OToole, Aine; Tshiani-Mbaya, Olivier; Paku-Tshambu, Princesse; Muswamba-Kayembe, Chloe; Makangara-Cigolo, Jean-Claude; Cikaya-Kankolongo, Fiston; Luakanda-Ndelemo, Gradi; Lawanga, Leader; Mabika-Bope, Elzedek; Lumembe-Numbi, Raphael; Kabamba-Lungenyi, Gabriel; Citenga, Andre; Kelvin, D. J.; Pratt, Catherine; Ayouba, Ahidjo; Tessema, Sofonias; Mukadi-Bamuleka, Daniel; Jansen, Daan; Halbrook, Megan; Merrit, Sydney; Hensley, Lisa; Delaporte, Eric; Mwamba, Dieudonne; Liesenborghs, Laurens; Hoff, Nicole; Peeters, Martine; Low, Nicola; Rimoin, Anne; Kindrachuk, Jason; Vercauteren, Koen; Rambaut, Andrew; Ahuka-Mundeke, Steve"
PP_004AHLL,Ia,None,Democratic Republic of the Congo,Tshuapa,2024-11-05,187431,0.542632435639347,2025-10-21,"Muyembe-Tamfum, Jean-Jacques; Lokilo-Lofiko, Emmanuel; Mbala-Kingebeni, Placide; Wawina-Bokalanga, Tony; Kinganda-Lusamaki, Eddy; Pukuta-Simbu, Elisabeth; Hasivirwe-Vakaniaki, Emmanuel; Ola-Mpumbe, Rilia; Kwete-Mbokama, Papy; Akil-Bandali, Prince; Kacita, Cris; Ponga-Museme, Ange; Mapenzi-Kashali, Nelson; Vakaniaki, Gloria; Amuri-Aziza, Adrienne; Kenye, Kelly-Michel; Muyamuna, Elisabeth; Kavira-Bapitani, Sifa; Mukadi, Patrick; OToole, Aine; Tshiani-Mbaya, Olivier; Paku-Tshambu, Princesse; Muswamba-Kayembe, Chloe; Makangara-Cigolo, Jean-Claude; Cikaya-Kankolongo, Fiston; Luakanda-Ndelemo, Gradi; Lawanga, Leader; Mabika-Bope, Elzedek; Lumembe-Numbi, Raphael; Kabamba-Lungenyi, Gabriel; Citenga, Andre; Kelvin, D. J.; Pratt, Catherine; Ayouba, Ahidjo; Tessema, Sofonias; Mukadi-Bamuleka, Daniel; Jansen, Daan; Halbrook, Megan; Merrit, Sydney; Hensley, Lisa; Delaporte, Eric; Mwamba, Dieudonne; Liesenborghs, Laurens; Hoff, Nicole; Peeters, Martine; Low, Nicola; Rimoin, Anne; Kindrachuk, Jason; Vercauteren, Koen; Rambaut, Andrew; Ahuka-Mundeke, Steve"
PP_004AHMJ,Ia,None,Democratic Republic of the Congo,Tshuapa,2024-11-05,187422,0.9514575906779102,2025-10-21,"Muyembe-Tamfum, Jean-Jacques; Lokilo-Lofiko, Emmanuel; Mbala-Kingebeni, Placide; Wawina-Bokalanga, Tony; Kinganda-Lusamaki, Eddy; Pukuta-Simbu, Elisabeth; Hasivirwe-Vakaniaki, Emmanuel; Ola-Mpumbe, Rilia; Kwete-Mbokama, Papy; Akil-Bandali, Prince; Kacita, Cris; Ponga-Museme, Ange; Mapenzi-Kashali, Nelson; Vakaniaki, Gloria; Amuri-Aziza, Adrienne; Kenye, Kelly-Michel; Muyamuna, Elisabeth; Kavira-Bapitani, Sifa; Mukadi, Patrick; OToole, Aine; Tshiani-Mbaya, Olivier; Paku-Tshambu, Princesse; Muswamba-Kayembe, Chloe; Makangara-Cigolo, Jean-Claude; Cikaya-Kankolongo, Fiston; Luakanda-Ndelemo, Gradi; Lawanga, Leader; Mabika-Bope, Elzedek; Lumembe-Numbi, Raphael; Kabamba-Lungenyi, Gabriel; Citenga, Andre; Kelvin, D. J.; Pratt, Catherine; Ayouba, Ahidjo; Tessema, Sofonias; Mukadi-Bamuleka, Daniel; Jansen, Daan; Halbrook, Megan; Merrit, Sydney; Hensley, Lisa; Delaporte, Eric; Mwamba, Dieudonne; Liesenborghs, Laurens; Hoff, Nicole; Peeters, Martine; Low, Nicola; Rimoin, Anne; Kindrachuk, Jason; Vercauteren, Koen; Rambaut, Andrew; Ahuka-Mundeke, Steve"
PP_004AHNG,Ia,None,Democratic Republic of the Congo,Tshuapa,2024-11-05,187434,0.946508526487128,2025-10-21,"Muyembe-Tamfum, Jean-Jacques; Lokilo-Lofiko, Emmanuel; Mbala-Kingebeni, Placide; Wawina-Bokalanga, Tony; Kinganda-Lusamaki, Eddy; Pukuta-Simbu, Elisabeth; Hasivirwe-Vakaniaki, Emmanuel; Ola-Mpumbe, Rilia; Kwete-Mbokama, Papy; Akil-Bandali, Prince; Kacita, Cris; Ponga-Museme, Ange; Mapenzi-Kashali, Nelson; Vakaniaki, Gloria; Amuri-Aziza, Adrienne; Kenye, Kelly-Michel; Muyamuna, Elisabeth; Kavira-Bapitani, Sifa; Mukadi, Patrick; OToole, Aine; Tshiani-Mbaya, Olivier; Paku-Tshambu, Princesse; Muswamba-Kayembe, Chloe; Makangara-Cigolo, Jean-Claude; Cikaya-Kankolongo, Fiston; Luakanda-Ndelemo, Gradi; Lawanga, Leader; Mabika-Bope, Elzedek; Lumembe-Numbi, Raphael; Kabamba-Lungenyi, Gabriel; Citenga, Andre; Kelvin, D. J.; Pratt, Catherine; Ayouba, Ahidjo; Tessema, Sofonias; Mukadi-Bamuleka, Daniel; Jansen, Daan; Halbrook, Megan; Merrit, Sydney; Hensley, Lisa; Delaporte, Eric; Mwamba, Dieudonne; Liesenborghs, Laurens; Hoff, Nicole; Peeters, Martine; Low, Nicola; Rimoin, Anne; Kindrachuk, Jason; Vercauteren, Koen; Rambaut, Andrew; Ahuka-Mundeke, Steve"
PP_004AHPE,Ia,None,Democratic Republic of the Congo,Tshuapa,2024-11-05,187429,0.9520914359892296,2025-10-21,"Muyembe-Tamfum, Jean-Jacques; Lokilo-Lofiko, Emmanuel; Mbala-Kingebeni, Placide; Wawina-Bokalanga, Tony; Kinganda-Lusamaki, Eddy; Pukuta-Simbu, Elisabeth; Hasivirwe-Vakaniaki, Emmanuel; Ola-Mpumbe, Rilia; Kwete-Mbokama, Papy; Akil-Bandali, Prince; Kacita, Cris; Ponga-Museme, Ange; Mapenzi-Kashali, Nelson; Vakaniaki, Gloria; Amuri-Aziza, Adrienne; Kenye, Kelly-Michel; Muyamuna, Elisabeth; Kavira-Bapitani, Sifa; Mukadi, Patrick; OToole, Aine; Tshiani-Mbaya, Olivier; Paku-Tshambu, Princesse; Muswamba-Kayembe, Chloe; Makangara-Cigolo, Jean-Claude; Cikaya-Kankolongo, Fiston; Luakanda-Ndelemo, Gradi; Lawanga, Leader; Mabika-Bope, Elzedek; Lumembe-Numbi, Raphael; Kabamba-Lungenyi, Gabriel; Citenga, Andre; Kelvin, D. J.; Pratt, Catherine; Ayouba, Ahidjo; Tessema, Sofonias; Mukadi-Bamuleka, Daniel; Jansen, Daan; Halbrook, Megan; Merrit, Sydney; Hensley, Lisa; Delaporte, Eric; Mwamba, Dieudonne; Liesenborghs, Laurens; Hoff, Nicole; Peeters, Martine; Low, Nicola; Rimoin, Anne; Kindrachuk, Jason; Vercauteren, Koen; Rambaut, Andrew; Ahuka-Mundeke, Steve"
PP_004AHQC,Ia,None,Democratic Republic of the Congo,Tshuapa,2024-11-05,187434,0.9520711529392676,2025-10-21,"Muyembe-Tamfum, Jean-Jacques; Lokilo-Lofiko, Emmanuel; Mbala-Kingebeni, Placide; Wawina-Bokalanga, Tony; Kinganda-Lusamaki, Eddy; Pukuta-Simbu, Elisabeth; Hasivirwe-Vakaniaki, Emmanuel; Ola-Mpumbe, Rilia; Kwete-Mbokama, Papy; Akil-Bandali, Prince; Kacita, Cris; Ponga-Museme, Ange; Mapenzi-Kashali, Nelson; Vakaniaki, Gloria; Amuri-Aziza, Adrienne; Kenye, Kelly-Michel; Muyamuna, Elisabeth; Kavira-Bapitani, Sifa; Mukadi, Patrick; OToole, Aine; Tshiani-Mbaya, Olivier; Paku-Tshambu, Princesse; Muswamba-Kayembe, Chloe; Makangara-Cigolo, Jean-Claude; Cikaya-Kankolongo, Fiston; Luakanda-Ndelemo, Gradi; Lawanga, Leader; Mabika-Bope, Elzedek; Lumembe-Numbi, Raphael; Kabamba-Lungenyi, Gabriel; Citenga, Andre; Kelvin, D. J.; Pratt, Catherine; Ayouba, Ahidjo; Tessema, Sofonias; Mukadi-Bamuleka, Daniel; Jansen, Daan; Halbrook, Megan; Merrit, Sydney; Hensley, Lisa; Delaporte, Eric; Mwamba, Dieudonne; Liesenborghs, Laurens; Hoff, Nicole; Peeters, Martine; Low, Nicola; Rimoin, Anne; Kindrachuk, Jason; Vercauteren, Koen; Rambaut, Andrew; Ahuka-Mundeke, Steve"
PP_004AHRA,Ia,None,Democratic Republic of the Congo,Tshuapa,2024-11-05,187419,0.951766907189834,2025-10-21,"Muyembe-Tamfum, Jean-Jacques; Lokilo-Lofiko, Emmanuel; Mbala-Kingebeni, Placide; Wawina-Bokalanga, Tony; Kinganda-Lusamaki, Eddy; Pukuta-Simbu, Elisabeth; Hasivirwe-Vakaniaki, Emmanuel; Ola-Mpumbe, Rilia; Kwete-Mbokama, Papy; Akil-Bandali, Prince; Kacita, Cris; Ponga-Museme, Ange; Mapenzi-Kashali, Nelson; Vakaniaki, Gloria; Amuri-Aziza, Adrienne; Kenye, Kelly-Michel; Muyamuna, Elisabeth; Kavira-Bapitani, Sifa; Mukadi, Patrick; OToole, Aine; Tshiani-Mbaya, Olivier; Paku-Tshambu, Princesse; Muswamba-Kayembe, Chloe; Makangara-Cigolo, Jean-Claude; Cikaya-Kankolongo, Fiston; Luakanda-Ndelemo, Gradi; Lawanga, Leader; Mabika-Bope, Elzedek; Lumembe-Numbi, Raphael; Kabamba-Lungenyi, Gabriel; Citenga, Andre; Kelvin, D. J.; Pratt, Catherine; Ayouba, Ahidjo; Tessema, Sofonias; Mukadi-Bamuleka, Daniel; Jansen, Daan; Halbrook, Megan; Merrit, Sydney; Hensley, Lisa; Delaporte, Eric; Mwamba, Dieudonne; Liesenborghs, Laurens; Hoff, Nicole; Peeters, Martine; Low, Nicola; Rimoin, Anne; Kindrachuk, Jason; Vercauteren, Koen; Rambaut, Andrew; Ahuka-Mundeke, Steve"
PP_004AHS8,Ia,None,Democratic Republic of the Congo,Tshuapa,2024-11-05,187419,0.9462803421750527,2025-10-21,"Muyembe-Tamfum, Jean-Jacques; Lokilo-Lofiko, Emmanuel; Mbala-Kingebeni, Placide; Wawina-Bokalanga, Tony; Kinganda-Lusamaki, Eddy; Pukuta-Simbu, Elisabeth; Hasivirwe-Vakaniaki, Emmanuel; Ola-Mpumbe, Rilia; Kwete-Mbokama, Papy; Akil-Bandali, Prince; Kacita, Cris; Ponga-Museme, Ange; Mapenzi-Kashali, Nelson; Vakaniaki, Gloria; Amuri-Aziza, Adrienne; Kenye, Kelly-Michel; Muyamuna, Elisabeth; Kavira-Bapitani, Sifa; Mukadi, Patrick; OToole, Aine; Tshiani-Mbaya, Olivier; Paku-Tshambu, Princesse; Muswamba-Kayembe, Chloe; Makangara-Cigolo, Jean-Claude; Cikaya-Kankolongo, Fiston; Luakanda-Ndelemo, Gradi; Lawanga, Leader; Mabika-Bope, Elzedek; Lumembe-Numbi, Raphael; Kabamba-Lungenyi, Gabriel; Citenga, Andre; Kelvin, D. J.; Pratt, Catherine; Ayouba, Ahidjo; Tessema, Sofonias; Mukadi-Bamuleka, Daniel; Jansen, Daan; Halbrook, Megan; Merrit, Sydney; Hensley, Lisa; Delaporte, Eric; Mwamba, Dieudonne; Liesenborghs, Laurens; Hoff, Nicole; Peeters, Martine; Low, Nicola; Rimoin, Anne; Kindrachuk, Jason; Vercauteren, Koen; Rambaut, Andrew; Ahuka-Mundeke, Steve"
PP_004AHT6,Ia,None,Democratic Republic of the Congo,Tshuapa,2024-11-05,187440,0.5866567955823517,2025-10-21,"Muyembe-Tamfum, Jean-Jacques; Lokilo-Lofiko, Emmanuel; Mbala-Kingebeni, Placide; Wawina-Bokalanga, Tony; Kinganda-Lusamaki, Eddy; Pukuta-Simbu, Elisabeth; Hasivirwe-Vakaniaki, Emmanuel; Ola-Mpumbe, Rilia; Kwete-Mbokama, Papy; Akil-Bandali, Prince; Kacita, Cris; Ponga-Museme, Ange; Mapenzi-Kashali, Nelson; Vakaniaki, Gloria; Amuri-Aziza, Adrienne; Kenye, Kelly-Michel; Muyamuna, Elisabeth; Kavira-Bapitani, Sifa; Mukadi, Patrick; OToole, Aine; Tshiani-Mbaya, Olivier; Paku-Tshambu, Princesse; Muswamba-Kayembe, Chloe; Makangara-Cigolo, Jean-Claude; Cikaya-Kankolongo, Fiston; Luakanda-Ndelemo, Gradi; Lawanga, Leader; Mabika-Bope, Elzedek; Lumembe-Numbi, Raphael; Kabamba-Lungenyi, Gabriel; Citenga, Andre; Kelvin, D. J.; Pratt, Catherine; Ayouba, Ahidjo; Tessema, Sofonias; Mukadi-Bamuleka, Daniel; Jansen, Daan; Halbrook, Megan; Merrit, Sydney; Hensley, Lisa; Delaporte, Eric; Mwamba, Dieudonne; Liesenborghs, Laurens; Hoff, Nicole; Peeters, Martine; Low, Nicola; Rimoin, Anne; Kindrachuk, Jason; Vercauteren, Koen; Rambaut, Andrew; Ahuka-Mundeke, Steve"
PP_004AHU4,Ia,None,Democratic Republic of the Congo,Tshuapa,2024-10-22,187424,0.9515336521152684,2025-10-21,"Muyembe-Tamfum, Jean-Jacques; Lokilo-Lofiko, Emmanuel; Mbala-Kingebeni, Placide; Wawina-Bokalanga, Tony; Kinganda-Lusamaki, Eddy; Pukuta-Simbu, Elisabeth; Hasivirwe-Vakaniaki, Emmanuel; Ola-Mpumbe, Rilia; Kwete-Mbokama, Papy; Akil-Bandali, Prince; Kacita, Cris; Ponga-Museme, Ange; Mapenzi-Kashali, Nelson; Vakaniaki, Gloria; Amuri-Aziza, Adrienne; Kenye, Kelly-Michel; Muyamuna, Elisabeth; Kavira-Bapitani, Sifa; Mukadi, Patrick; OToole, Aine; Tshiani-Mbaya, Olivier; Paku-Tshambu, Princesse; Muswamba-Kayembe, Chloe; Makangara-Cigolo, Jean-Claude; Cikaya-Kankolongo, Fiston; Luakanda-Ndelemo, Gradi; Lawanga, Leader; Mabika-Bope, Elzedek; Lumembe-Numbi, Raphael; Kabamba-Lungenyi, Gabriel; Citenga, Andre; Kelvin, D. J.; Pratt, Catherine; Ayouba, Ahidjo; Tessema, Sofonias; Mukadi-Bamuleka, Daniel; Jansen, Daan; Halbrook, Megan; Merrit, Sydney; Hensley, Lisa; Delaporte, Eric; Mwamba, Dieudonne; Liesenborghs, Laurens; Hoff, Nicole; Peeters, Martine; Low, Nicola; Rimoin, Anne; Kindrachuk, Jason; Vercauteren, Koen; Rambaut, Andrew; Ahuka-Mundeke, Steve"
PP_004AHV2,Ia,None,Democratic Republic of the Congo,Tshuapa,2024-11-06,187443,0.9367726625052608,2025-10-21,"Muyembe-Tamfum, Jean-Jacques; Lokilo-Lofiko, Emmanuel; Mbala-Kingebeni, Placide; Wawina-Bokalanga, Tony; Kinganda-Lusamaki, Eddy; Pukuta-Simbu, Elisabeth; Hasivirwe-Vakaniaki, Emmanuel; Ola-Mpumbe, Rilia; Kwete-Mbokama, Papy; Akil-Bandali, Prince; Kacita, Cris; Ponga-Museme, Ange; Mapenzi-Kashali, Nelson; Vakaniaki, Gloria; Amuri-Aziza, Adrienne; Kenye, Kelly-Michel; Muyamuna, Elisabeth; Kavira-Bapitani, Sifa; Mukadi, Patrick; OToole, Aine; Tshiani-Mbaya, Olivier; Paku-Tshambu, Princesse; Muswamba-Kayembe, Chloe; Makangara-Cigolo, Jean-Claude; Cikaya-Kankolongo, Fiston; Luakanda-Ndelemo, Gradi; Lawanga, Leader; Mabika-Bope, Elzedek; Lumembe-Numbi, Raphael; Kabamba-Lungenyi, Gabriel; Citenga, Andre; Kelvin, D. J.; Pratt, Catherine; Ayouba, Ahidjo; Tessema, Sofonias; Mukadi-Bamuleka, Daniel; Jansen, Daan; Halbrook, Megan; Merrit, Sydney; Hensley, Lisa; Delaporte, Eric; Mwamba, Dieudonne; Liesenborghs, Laurens; Hoff, Nicole; Peeters, Martine; Low, Nicola; Rimoin, Anne; Kindrachuk, Jason; Vercauteren, Koen; Rambaut, Andrew; Ahuka-Mundeke, Steve"
PP_004AHW0,Ia,None,Democratic Republic of the Congo,Kinshasa,2024-10-14,187396,0.951665491940023,2025-10-21,"Amuri-Aziza, Adrienne; Mbala-Kingebeni, Placide; Wawina-Bokalanga, Tony; Kinganda-Lusamaki, Eddy; Pukuta-Simbu, Elisabeth; Hasivirwe-Vakaniaki, Emmanuel; Ola-Mpumbe, Rilia; Kwete-Mbokama, Papy; Akil-Bandali, Prince; Kacita, Cris; Ponga-Museme, Ange; Mapenzi-Kashali, Nelson; Vakaniaki, Gloria; Kenye, Kelly-Michel; Muyamuna, Elisabeth; Kavira-Bapitani, Sifa; Mukadi, Patrick; OToole, Aine; Tshiani-Mbaya, Olivier; Paku-Tshambu, Princesse; Lokilo-Lofiko, Emmanuel; Muswamba-Kayembe, Chloe; Makangara-Cigolo, Jean-Claude; Cikaya-Kankolongo, Fiston; Luakanda-Ndelemo, Gradi; Lawanga, Leader; Mabika-Bope, Elzedek; Lumembe-Numbi, Raphael; Kabamba-Lungenyi, Gabriel; Citenga, Andre; Kelvin, D. J.; Pratt, Catherine; Ayouba, Ahidjo; Tessema, Sofonias; Mukadi-Bamuleka, Daniel; Jansen, Daan; Halbrook, Megan; Merrit, Sydney; Hensley, Lisa; Delaporte, Eric; Mwamba, Dieudonne; Liesenborghs, Laurens; Hoff, Nicole; Peeters, Martine; Low, Nicola; Rimoin, Anne; Kindrachuk, Jason; Vercauteren, Koen; Rambaut, Andrew; Ahuka-Mundeke, Steve; Muyembe-Tamfum, Jean-Jacques"
PP_004AHXY,Ia,None,Democratic Republic of the Congo,Mai-Ndombe,2024-10-09,187434,0.638023619611681,2025-10-21,"Kenye, Kelly-Michel; Mbala-Kingebeni, Placide; Wawina-Bokalanga, Tony; Kinganda-Lusamaki, Eddy; Pukuta-Simbu, Elisabeth; Hasivirwe-Vakaniaki, Emmanuel; Ola-Mpumbe, Rilia; Kwete-Mbokama, Papy; Akil-Bandali, Prince; Kacita, Cris; Ponga-Museme, Ange; Mapenzi-Kashali, Nelson; Vakaniaki, Gloria; Amuri-Aziza, Adrienne; Muyamuna, Elisabeth; Kavira-Bapitani, Sifa; Mukadi, Patrick; OToole, Aine; Tshiani-Mbaya, Olivier; Paku-Tshambu, Princesse; Lokilo-Lofiko, Emmanuel; Muswamba-Kayembe, Chloe; Makangara-Cigolo, Jean-Claude; Cikaya-Kankolongo, Fiston; Luakanda-Ndelemo, Gradi; Lawanga, Leader; Mabika-Bope, Elzedek; Lumembe-Numbi, Raphael; Kabamba-Lungenyi, Gabriel; Citenga, Andre; Kelvin, D. J.; Pratt, Catherine; Ayouba, Ahidjo; Tessema, Sofonias; Mukadi-Bamuleka, Daniel; Jansen, Daan; Halbrook, Megan; Merrit, Sydney; Hensley, Lisa; Delaporte, Eric; Mwamba, Dieudonne; Liesenborghs, Laurens; Hoff, Nicole; Peeters, Martine; Low, Nicola; Rimoin, Anne; Kindrachuk, Jason; Vercauteren, Koen; Rambaut, Andrew; Ahuka-Mundeke, Steve; Muyembe-Tamfum, Jean-Jacques"
PP_004AHYW,Ia,None,Democratic Republic of the Congo,Mai-Ndombe,2024-10-09,187416,0.5436364466124771,2025-10-21,"Kenye, Kelly-Michel; Mbala-Kingebeni, Placide; Wawina-Bokalanga, Tony; Kinganda-Lusamaki, Eddy; Pukuta-Simbu, Elisabeth; Hasivirwe-Vakaniaki, Emmanuel; Ola-Mpumbe, Rilia; Kwete-Mbokama, Papy; Akil-Bandali, Prince; Kacita, Cris; Ponga-Museme, Ange; Mapenzi-Kashali, Nelson; Vakaniaki, Gloria; Amuri-Aziza, Adrienne; Muyamuna, Elisabeth; Kavira-Bapitani, Sifa; Mukadi, Patrick; OToole, Aine; Tshiani-Mbaya, Olivier; Paku-Tshambu, Princesse; Lokilo-Lofiko, Emmanuel; Muswamba-Kayembe, Chloe; Makangara-Cigolo, Jean-Claude; Cikaya-Kankolongo, Fiston; Luakanda-Ndelemo, Gradi; Lawanga, Leader; Mabika-Bope, Elzedek; Lumembe-Numbi, Raphael; Kabamba-Lungenyi, Gabriel; Citenga, Andre; Kelvin, D. J.; Pratt, Catherine; Ayouba, Ahidjo; Tessema, Sofonias; Mukadi-Bamuleka, Daniel; Jansen, Daan; Halbrook, Megan; Merrit, Sydney; Hensley, Lisa; Delaporte, Eric; Mwamba, Dieudonne; Liesenborghs, Laurens; Hoff, Nicole; Peeters, Martine; Low, Nicola; Rimoin, Anne; Kindrachuk, Jason; Vercauteren, Koen; Rambaut, Andrew; Ahuka-Mundeke, Steve; Muyembe-Tamfum, Jean-Jacques"
PP_004AHZU,Ia,None,Democratic Republic of the Congo,Mai-Ndombe,2024-09-24,187384,0.938334457352352,2025-10-21,"Kenye, Kelly-Michel; Mbala-Kingebeni, Placide; Wawina-Bokalanga, Tony; Kinganda-Lusamaki, Eddy; Pukuta-Simbu, Elisabeth; Hasivirwe-Vakaniaki, Emmanuel; Ola-Mpumbe, Rilia; Kwete-Mbokama, Papy; Akil-Bandali, Prince; Kacita, Cris; Ponga-Museme, Ange; Mapenzi-Kashali, Nelson; Vakaniaki, Gloria; Amuri-Aziza, Adrienne; Muyamuna, Elisabeth; Kavira-Bapitani, Sifa; Mukadi, Patrick; OToole, Aine; Tshiani-Mbaya, Olivier; Paku-Tshambu, Princesse; Lokilo-Lofiko, Emmanuel; Muswamba-Kayembe, Chloe; Makangara-Cigolo, Jean-Claude; Cikaya-Kankolongo, Fiston; Luakanda-Ndelemo, Gradi; Lawanga, Leader; Mabika-Bope, Elzedek; Lumembe-Numbi, Raphael; Kabamba-Lungenyi, Gabriel; Citenga, Andre; Kelvin, D. J.; Pratt, Catherine; Ayouba, Ahidjo; Tessema, Sofonias; Mukadi-Bamuleka, Daniel; Jansen, Daan; Halbrook, Megan; Merrit, Sydney; Hensley, Lisa; Delaporte, Eric; Mwamba, Dieudonne; Liesenborghs, Laurens; Hoff, Nicole; Peeters, Martine; Low, Nicola; Rimoin, Anne; Kindrachuk, Jason; Vercauteren, Koen; Rambaut, Andrew; Ahuka-Mundeke, Steve; Muyembe-Tamfum, Jean-Jacques"
PP_004AJ0S,Ia,None,Democratic Republic of the Congo,Mai-Ndombe,2024-10-01,187432,0.9503115983550446,2025-10-21,"Kenye, Kelly-Michel; Mbala-Kingebeni, Placide; Wawina-Bokalanga, Tony; Kinganda-Lusamaki, Eddy; Pukuta-Simbu, Elisabeth; Hasivirwe-Vakaniaki, Emmanuel; Ola-Mpumbe, Rilia; Kwete-Mbokama, Papy; Akil-Bandali, Prince; Kacita, Cris; Ponga-Museme, Ange; Mapenzi-Kashali, Nelson; Vakaniaki, Gloria; Amuri-Aziza, Adrienne; Muyamuna, Elisabeth; Kavira-Bapitani, Sifa; Mukadi, Patrick; OToole, Aine; Tshiani-Mbaya, Olivier; Paku-Tshambu, Princesse; Lokilo-Lofiko, Emmanuel; Muswamba-Kayembe, Chloe; Makangara-Cigolo, Jean-Claude; Cikaya-Kankolongo, Fiston; Luakanda-Ndelemo, Gradi; Lawanga, Leader; Mabika-Bope, Elzedek; Lumembe-Numbi, Raphael; Kabamba-Lungenyi, Gabriel; Citenga, Andre; Kelvin, D. J.; Pratt, Catherine; Ayouba, Ahidjo; Tessema, Sofonias; Mukadi-Bamuleka, Daniel; Jansen, Daan; Halbrook, Megan; Merrit, Sydney; Hensley, Lisa; Delaporte, Eric; Mwamba, Dieudonne; Liesenborghs, Laurens; Hoff, Nicole; Peeters, Martine; Low, Nicola; Rimoin, Anne; Kindrachuk, Jason; Vercauteren, Koen; Rambaut, Andrew; Ahuka-Mundeke, Steve; Muyembe-Tamfum, Jean-Jacques"
PP_004AJ1Q,Ia,None,Democratic Republic of the Congo,Mai-Ndombe,2024-09-30,187430,0.9283805505833912,2025-10-21,"Kenye, Kelly-Michel; Mbala-Kingebeni, Placide; Wawina-Bokalanga, Tony; Kinganda-Lusamaki, Eddy; Pukuta-Simbu, Elisabeth; Hasivirwe-Vakaniaki, Emmanuel; Ola-Mpumbe, Rilia; Kwete-Mbokama, Papy; Akil-Bandali, Prince; Kacita, Cris; Ponga-Museme, Ange; Mapenzi-Kashali, Nelson; Vakaniaki, Gloria; Amuri-Aziza, Adrienne; Muyamuna, Elisabeth; Kavira-Bapitani, Sifa; Mukadi, Patrick; OToole, Aine; Tshiani-Mbaya, Olivier; Paku-Tshambu, Princesse; Lokilo-Lofiko, Emmanuel; Muswamba-Kayembe, Chloe; Makangara-Cigolo, Jean-Claude; Cikaya-Kankolongo, Fiston; Luakanda-Ndelemo, Gradi; Lawanga, Leader; Mabika-Bope, Elzedek; Lumembe-Numbi, Raphael; Kabamba-Lungenyi, Gabriel; Citenga, Andre; Kelvin, D. J.; Pratt, Catherine; Ayouba, Ahidjo; Tessema, Sofonias; Mukadi-Bamuleka, Daniel; Jansen, Daan; Halbrook, Megan; Merrit, Sydney; Hensley, Lisa; Delaporte, Eric; Mwamba, Dieudonne; Liesenborghs, Laurens; Hoff, Nicole; Peeters, Martine; Low, Nicola; Rimoin, Anne; Kindrachuk, Jason; Vercauteren, Koen; Rambaut, Andrew; Ahuka-Mundeke, Steve; Muyembe-Tamfum, Jean-Jacques"
PP_004AJ2N,Ia,None,Democratic Republic of the Congo,Mai-Ndombe,2024-09-29,187461,0.9218240546831028,2025-10-21,"Kenye, Kelly-Michel; Mbala-Kingebeni, Placide; Wawina-Bokalanga, Tony; Kinganda-Lusamaki, Eddy; Pukuta-Simbu, Elisabeth; Hasivirwe-Vakaniaki, Emmanuel; Ola-Mpumbe, Rilia; Kwete-Mbokama, Papy; Akil-Bandali, Prince; Kacita, Cris; Ponga-Museme, Ange; Mapenzi-Kashali, Nelson; Vakaniaki, Gloria; Amuri-Aziza, Adrienne; Muyamuna, Elisabeth; Kavira-Bapitani, Sifa; Mukadi, Patrick; OToole, Aine; Tshiani-Mbaya, Olivier; Paku-Tshambu, Princesse; Lokilo-Lofiko, Emmanuel; Muswamba-Kayembe, Chloe; Makangara-Cigolo, Jean-Claude; Cikaya-Kankolongo, Fiston; Luakanda-Ndelemo, Gradi; Lawanga, Leader; Mabika-Bope, Elzedek; Lumembe-Numbi, Raphael; Kabamba-Lungenyi, Gabriel; Citenga, Andre; Kelvin, D. J.; Pratt, Catherine; Ayouba, Ahidjo; Tessema, Sofonias; Mukadi-Bamuleka, Daniel; Jansen, Daan; Halbrook, Megan; Merrit, Sydney; Hensley, Lisa; Delaporte, Eric; Mwamba, Dieudonne; Liesenborghs, Laurens; Hoff, Nicole; Peeters, Martine; Low, Nicola; Rimoin, Anne; Kindrachuk, Jason; Vercauteren, Koen; Rambaut, Andrew; Ahuka-Mundeke, Steve; Muyembe-Tamfum, Jean-Jacques"
PP_004AJ3L,Ib,A.1,Democratic Republic of the Congo,Mai-Ndombe,2024-10-02,187345,0.9337048511984748,2025-10-21,"Kenye, Kelly-Michel; Mbala-Kingebeni, Placide; Wawina-Bokalanga, Tony; Kinganda-Lusamaki, Eddy; Pukuta-Simbu, Elisabeth; Hasivirwe-Vakaniaki, Emmanuel; Ola-Mpumbe, Rilia; Kwete-Mbokama, Papy; Akil-Bandali, Prince; Kacita, Cris; Ponga-Museme, Ange; Mapenzi-Kashali, Nelson; Vakaniaki, Gloria; Amuri-Aziza, Adrienne; Muyamuna, Elisabeth; Kavira-Bapitani, Sifa; Mukadi, Patrick; OToole, Aine; Tshiani-Mbaya, Olivier; Paku-Tshambu, Princesse; Lokilo-Lofiko, Emmanuel; Muswamba-Kayembe, Chloe; Makangara-Cigolo, Jean-Claude; Cikaya-Kankolongo, Fiston; Luakanda-Ndelemo, Gradi; Lawanga, Leader; Mabika-Bope, Elzedek; Lumembe-Numbi, Raphael; Kabamba-Lungenyi, Gabriel; Citenga, Andre; Kelvin, D. J.; Pratt, Catherine; Ayouba, Ahidjo; Tessema, Sofonias; Mukadi-Bamuleka, Daniel; Jansen, Daan; Halbrook, Megan; Merrit, Sydney; Hensley, Lisa; Delaporte, Eric; Mwamba, Dieudonne; Liesenborghs, Laurens; Hoff, Nicole; Peeters, Martine; Low, Nicola; Rimoin, Anne; Kindrachuk, Jason; Vercauteren, Koen; Rambaut, Andrew; Ahuka-Mundeke, Steve; Muyembe-Tamfum, Jean-Jacques"
PP_004AJ4J,Ib,A.1,Democratic Republic of the Congo,Mai-Ndombe,2024-10-12,187381,0.8883215269080011,2025-10-21,"Kenye, Kelly-Michel; Mbala-Kingebeni, Placide; Wawina-Bokalanga, Tony; Kinganda-Lusamaki, Eddy; Pukuta-Simbu, Elisabeth; Hasivirwe-Vakaniaki, Emmanuel; Ola-Mpumbe, Rilia; Kwete-Mbokama, Papy; Akil-Bandali, Prince; Kacita, Cris; Ponga-Museme, Ange; Mapenzi-Kashali, Nelson; Vakaniaki, Gloria; Amuri-Aziza, Adrienne; Muyamuna, Elisabeth; Kavira-Bapitani, Sifa; Mukadi, Patrick; OToole, Aine; Tshiani-Mbaya, Olivier; Paku-Tshambu, Princesse; Lokilo-Lofiko, Emmanuel; Muswamba-Kayembe, Chloe; Makangara-Cigolo, Jean-Claude; Cikaya-Kankolongo, Fiston; Luakanda-Ndelemo, Gradi; Lawanga, Leader; Mabika-Bope, Elzedek; Lumembe-Numbi, Raphael; Kabamba-Lungenyi, Gabriel; Citenga, Andre; Kelvin, D. J.; Pratt, Catherine; Ayouba, Ahidjo; Tessema, Sofonias; Mukadi-Bamuleka, Daniel; Jansen, Daan; Halbrook, Megan; Merrit, Sydney; Hensley, Lisa; Delaporte, Eric; Mwamba, Dieudonne; Liesenborghs, Laurens; Hoff, Nicole; Peeters, Martine; Low, Nicola; Rimoin, Anne; Kindrachuk, Jason; Vercauteren, Koen; Rambaut, Andrew; Ahuka-Mundeke, Steve; Muyembe-Tamfum, Jean-Jacques"
PP_004AJ5G,Ia,None,Democratic Republic of the Congo,Mai-Ndombe,2024-10-12,187410,0.913878169860402,2025-10-21,"Kenye, Kelly-Michel; Mbala-Kingebeni, Placide; Wawina-Bokalanga, Tony; Kinganda-Lusamaki, Eddy; Pukuta-Simbu, Elisabeth; Hasivirwe-Vakaniaki, Emmanuel; Ola-Mpumbe, Rilia; Kwete-Mbokama, Papy; Akil-Bandali, Prince; Kacita, Cris; Ponga-Museme, Ange; Mapenzi-Kashali, Nelson; Vakaniaki, Gloria; Amuri-Aziza, Adrienne; Muyamuna, Elisabeth; Kavira-Bapitani, Sifa; Mukadi, Patrick; OToole, Aine; Tshiani-Mbaya, Olivier; Paku-Tshambu, Princesse; Lokilo-Lofiko, Emmanuel; Muswamba-Kayembe, Chloe; Makangara-Cigolo, Jean-Claude; Cikaya-Kankolongo, Fiston; Luakanda-Ndelemo, Gradi; Lawanga, Leader; Mabika-Bope, Elzedek; Lumembe-Numbi, Raphael; Kabamba-Lungenyi, Gabriel; Citenga, Andre; Kelvin, D. J.; Pratt, Catherine; Ayouba, Ahidjo; Tessema, Sofonias; Mukadi-Bamuleka, Daniel; Jansen, Daan; Halbrook, Megan; Merrit, Sydney; Hensley, Lisa; Delaporte, Eric; Mwamba, Dieudonne; Liesenborghs, Laurens; Hoff, Nicole; Peeters, Martine; Low, Nicola; Rimoin, Anne; Kindrachuk, Jason; Vercauteren, Koen; Rambaut, Andrew; Ahuka-Mundeke, Steve; Muyembe-Tamfum, Jean-Jacques"
PP_004AJ6E,Ia,None,Democratic Republic of the Congo,Mai-Ndombe,2024-10-14,187372,0.94972338990614,2025-10-21,"Kenye, Kelly-Michel; Mbala-Kingebeni, Placide; Wawina-Bokalanga, Tony; Kinganda-Lusamaki, Eddy; Pukuta-Simbu, Elisabeth; Hasivirwe-Vakaniaki, Emmanuel; Ola-Mpumbe, Rilia; Kwete-Mbokama, Papy; Akil-Bandali, Prince; Kacita, Cris; Ponga-Museme, Ange; Mapenzi-Kashali, Nelson; Vakaniaki, Gloria; Amuri-Aziza, Adrienne; Muyamuna, Elisabeth; Kavira-Bapitani, Sifa; Mukadi, Patrick; OToole, Aine; Tshiani-Mbaya, Olivier; Paku-Tshambu, Princesse; Lokilo-Lofiko, Emmanuel; Muswamba-Kayembe, Chloe; Makangara-Cigolo, Jean-Claude; Cikaya-Kankolongo, Fiston; Luakanda-Ndelemo, Gradi; Lawanga, Leader; Mabika-Bope, Elzedek; Lumembe-Numbi, Raphael; Kabamba-Lungenyi, Gabriel; Citenga, Andre; Kelvin, D. J.; Pratt, Catherine; Ayouba, Ahidjo; Tessema, Sofonias; Mukadi-Bamuleka, Daniel; Jansen, Daan; Halbrook, Megan; Merrit, Sydney; Hensley, Lisa; Delaporte, Eric; Mwamba, Dieudonne; Liesenborghs, Laurens; Hoff, Nicole; Peeters, Martine; Low, Nicola; Rimoin, Anne; Kindrachuk, Jason; Vercauteren, Koen; Rambaut, Andrew; Ahuka-Mundeke, Steve; Muyembe-Tamfum, Jean-Jacques"
PP_004AJ7C,Ia,None,Democratic Republic of the Congo,Mai-Ndombe,2024-10-15,187438,0.9150799405706636,2025-10-21,"Kenye, Kelly-Michel; Mbala-Kingebeni, Placide; Wawina-Bokalanga, Tony; Kinganda-Lusamaki, Eddy; Pukuta-Simbu, Elisabeth; Hasivirwe-Vakaniaki, Emmanuel; Ola-Mpumbe, Rilia; Kwete-Mbokama, Papy; Akil-Bandali, Prince; Kacita, Cris; Ponga-Museme, Ange; Mapenzi-Kashali, Nelson; Vakaniaki, Gloria; Amuri-Aziza, Adrienne; Muyamuna, Elisabeth; Kavira-Bapitani, Sifa; Mukadi, Patrick; OToole, Aine; Tshiani-Mbaya, Olivier; Paku-Tshambu, Princesse; Lokilo-Lofiko, Emmanuel; Muswamba-Kayembe, Chloe; Makangara-Cigolo, Jean-Claude; Cikaya-Kankolongo, Fiston; Luakanda-Ndelemo, Gradi; Lawanga, Leader; Mabika-Bope, Elzedek; Lumembe-Numbi, Raphael; Kabamba-Lungenyi, Gabriel; Citenga, Andre; Kelvin, D. J.; Pratt, Catherine; Ayouba, Ahidjo; Tessema, Sofonias; Mukadi-Bamuleka, Daniel; Jansen, Daan; Halbrook, Megan; Merrit, Sydney; Hensley, Lisa; Delaporte, Eric; Mwamba, Dieudonne; Liesenborghs, Laurens; Hoff, Nicole; Peeters, Martine; Low, Nicola; Rimoin, Anne; Kindrachuk, Jason; Vercauteren, Koen; Rambaut, Andrew; Ahuka-Mundeke, Steve; Muyembe-Tamfum, Jean-Jacques"
PP_004AJ8A,Ib,A.1,Democratic Republic of the Congo,Kinshasa,2024-11-14,183672,0.4975989939607219,2025-10-21,"Amuri-Aziza, Adrienne; Mbala-Kingebeni, Placide; Wawina-Bokalanga, Tony; Kinganda-Lusamaki, Eddy; Pukuta-Simbu, Elisabeth; Hasivirwe-Vakaniaki, Emmanuel; Ola-Mpumbe, Rilia; Kwete-Mbokama, Papy; Akil-Bandali, Prince; Kacita, Cris; Ponga-Museme, Ange; Mapenzi-Kashali, Nelson; Vakaniaki, Gloria; Kenye, Kelly-Michel; Muyamuna, Elisabeth; Kavira-Bapitani, Sifa; Mukadi, Patrick; OToole, Aine; Tshiani-Mbaya, Olivier; Paku-Tshambu, Princesse; Lokilo-Lofiko, Emmanuel; Muswamba-Kayembe, Chloe; Makangara-Cigolo, Jean-Claude; Cikaya-Kankolongo, Fiston; Luakanda-Ndelemo, Gradi; Lawanga, Leader; Mabika-Bope, Elzedek; Lumembe-Numbi, Raphael; Kabamba-Lungenyi, Gabriel; Citenga, Andre; Kelvin, D. J.; Pratt, Catherine; Ayouba, Ahidjo; Tessema, Sofonias; Mukadi-Bamuleka, Daniel; Jansen, Daan; Halbrook, Megan; Merrit, Sydney; Hensley, Lisa; Delaporte, Eric; Mwamba, Dieudonne; Liesenborghs, Laurens; Hoff, Nicole; Peeters, Martine; Low, Nicola; Rimoin, Anne; Kindrachuk, Jason; Vercauteren, Koen; Rambaut, Andrew; Ahuka-Mundeke, Steve; Muyembe-Tamfum, Jean-Jacques"
PP_004AJ98,Ia,None,Democratic Republic of the Congo,Kinshasa,2024-11-15,187436,0.52915434893945,2025-10-21,"Amuri-Aziza, Adrienne; Mbala-Kingebeni, Placide; Wawina-Bokalanga, Tony; Kinganda-Lusamaki, Eddy; Pukuta-Simbu, Elisabeth; Hasivirwe-Vakaniaki, Emmanuel; Ola-Mpumbe, Rilia; Kwete-Mbokama, Papy; Akil-Bandali, Prince; Kacita, Cris; Ponga-Museme, Ange; Mapenzi-Kashali, Nelson; Vakaniaki, Gloria; Kenye, Kelly-Michel; Muyamuna, Elisabeth; Kavira-Bapitani, Sifa; Mukadi, Patrick; OToole, Aine; Tshiani-Mbaya, Olivier; Paku-Tshambu, Princesse; Lokilo-Lofiko, Emmanuel; Muswamba-Kayembe, Chloe; Makangara-Cigolo, Jean-Claude; Cikaya-Kankolongo, Fiston; Luakanda-Ndelemo, Gradi; Lawanga, Leader; Mabika-Bope, Elzedek; Lumembe-Numbi, Raphael; Kabamba-Lungenyi, Gabriel; Citenga, Andre; Kelvin, D. J.; Pratt, Catherine; Ayouba, Ahidjo; Tessema, Sofonias; Mukadi-Bamuleka, Daniel; Jansen, Daan; Halbrook, Megan; Merrit, Sydney; Hensley, Lisa; Delaporte, Eric; Mwamba, Dieudonne; Liesenborghs, Laurens; Hoff, Nicole; Peeters, Martine; Low, Nicola; Rimoin, Anne; Kindrachuk, Jason; Vercauteren, Koen; Rambaut, Andrew; Ahuka-Mundeke, Steve; Muyembe-Tamfum, Jean-Jacques"
PP_004AJA6,Ia,None,Democratic Republic of the Congo,Kinshasa,2024-11-15,187414,0.9218950453579704,2025-10-21,"Amuri-Aziza, Adrienne; Mbala-Kingebeni, Placide; Wawina-Bokalanga, Tony; Kinganda-Lusamaki, Eddy; Pukuta-Simbu, Elisabeth; Hasivirwe-Vakaniaki, Emmanuel; Ola-Mpumbe, Rilia; Kwete-Mbokama, Papy; Akil-Bandali, Prince; Kacita, Cris; Ponga-Museme, Ange; Mapenzi-Kashali, Nelson; Vakaniaki, Gloria; Kenye, Kelly-Michel; Muyamuna, Elisabeth; Kavira-Bapitani, Sifa; Mukadi, Patrick; OToole, Aine; Tshiani-Mbaya, Olivier; Paku-Tshambu, Princesse; Lokilo-Lofiko, Emmanuel; Muswamba-Kayembe, Chloe; Makangara-Cigolo, Jean-Claude; Cikaya-Kankolongo, Fiston; Luakanda-Ndelemo, Gradi; Lawanga, Leader; Mabika-Bope, Elzedek; Lumembe-Numbi, Raphael; Kabamba-Lungenyi, Gabriel; Citenga, Andre; Kelvin, D. J.; Pratt, Catherine; Ayouba, Ahidjo; Tessema, Sofonias; Mukadi-Bamuleka, Daniel; Jansen, Daan; Halbrook, Megan; Merrit, Sydney; Hensley, Lisa; Delaporte, Eric; Mwamba, Dieudonne; Liesenborghs, Laurens; Hoff, Nicole; Peeters, Martine; Low, Nicola; Rimoin, Anne; Kindrachuk, Jason; Vercauteren, Koen; Rambaut, Andrew; Ahuka-Mundeke, Steve; Muyembe-Tamfum, Jean-Jacques"
PP_004AJB4,Ia,None,Democratic Republic of the Congo,Kinshasa,2024-11-15,187411,0.9350080371585476,2025-10-21,"Amuri-Aziza, Adrienne; Mbala-Kingebeni, Placide; Wawina-Bokalanga, Tony; Kinganda-Lusamaki, Eddy; Pukuta-Simbu, Elisabeth; Hasivirwe-Vakaniaki, Emmanuel; Ola-Mpumbe, Rilia; Kwete-Mbokama, Papy; Akil-Bandali, Prince; Kacita, Cris; Ponga-Museme, Ange; Mapenzi-Kashali, Nelson; Vakaniaki, Gloria; Kenye, Kelly-Michel; Muyamuna, Elisabeth; Kavira-Bapitani, Sifa; Mukadi, Patrick; OToole, Aine; Tshiani-Mbaya, Olivier; Paku-Tshambu, Princesse; Lokilo-Lofiko, Emmanuel; Muswamba-Kayembe, Chloe; Makangara-Cigolo, Jean-Claude; Cikaya-Kankolongo, Fiston; Luakanda-Ndelemo, Gradi; Lawanga, Leader; Mabika-Bope, Elzedek; Lumembe-Numbi, Raphael; Kabamba-Lungenyi, Gabriel; Citenga, Andre; Kelvin, D. J.; Pratt, Catherine; Ayouba, Ahidjo; Tessema, Sofonias; Mukadi-Bamuleka, Daniel; Jansen, Daan; Halbrook, Megan; Merrit, Sydney; Hensley, Lisa; Delaporte, Eric; Mwamba, Dieudonne; Liesenborghs, Laurens; Hoff, Nicole; Peeters, Martine; Low, Nicola; Rimoin, Anne; Kindrachuk, Jason; Vercauteren, Koen; Rambaut, Andrew; Ahuka-Mundeke, Steve; Muyembe-Tamfum, Jean-Jacques"
PP_004AJC2,Ib,A.1,Democratic Republic of the Congo,Kinshasa,2024-11-19,196687,0.9968764103058176,2025-10-21,"Amuri-Aziza, Adrienne; Mbala-Kingebeni, Placide; Wawina-Bokalanga, Tony; Kinganda-Lusamaki, Eddy; Pukuta-Simbu, Elisabeth; Hasivirwe-Vakaniaki, Emmanuel; Ola-Mpumbe, Rilia; Kwete-Mbokama, Papy; Akil-Bandali, Prince; Kacita, Cris; Ponga-Museme, Ange; Mapenzi-Kashali, Nelson; Vakaniaki, Gloria; Kenye, Kelly-Michel; Muyamuna, Elisabeth; Kavira-Bapitani, Sifa; Mukadi, Patrick; OToole, Aine; Tshiani-Mbaya, Olivier; Paku-Tshambu, Princesse; Lokilo-Lofiko, Emmanuel; Muswamba-Kayembe, Chloe; Makangara-Cigolo, Jean-Claude; Cikaya-Kankolongo, Fiston; Luakanda-Ndelemo, Gradi; Lawanga, Leader; Mabika-Bope, Elzedek; Lumembe-Numbi, Raphael; Kabamba-Lungenyi, Gabriel; Citenga, Andre; Kelvin, D. J.; Pratt, Catherine; Ayouba, Ahidjo; Tessema, Sofonias; Mukadi-Bamuleka, Daniel; Jansen, Daan; Halbrook, Megan; Merrit, Sydney; Hensley, Lisa; Delaporte, Eric; Mwamba, Dieudonne; Liesenborghs, Laurens; Hoff, Nicole; Peeters, Martine; Low, Nicola; Rimoin, Anne; Kindrachuk, Jason; Vercauteren, Koen; Rambaut, Andrew; Ahuka-Mundeke, Steve; Muyembe-Tamfum, Jean-Jacques"
PP_004AJD0,Ib,A.1,Democratic Republic of the Congo,Kinshasa,2024-11-19,196634,0.9978702797539666,2025-10-21,"Amuri-Aziza, Adrienne; Mbala-Kingebeni, Placide; Wawina-Bokalanga, Tony; Kinganda-Lusamaki, Eddy; Pukuta-Simbu, Elisabeth; Hasivirwe-Vakaniaki, Emmanuel; Ola-Mpumbe, Rilia; Kwete-Mbokama, Papy; Akil-Bandali, Prince; Kacita, Cris; Ponga-Museme, Ange; Mapenzi-Kashali, Nelson; Vakaniaki, Gloria; Kenye, Kelly-Michel; Muyamuna, Elisabeth; Kavira-Bapitani, Sifa; Mukadi, Patrick; OToole, Aine; Tshiani-Mbaya, Olivier; Paku-Tshambu, Princesse; Lokilo-Lofiko, Emmanuel; Muswamba-Kayembe, Chloe; Makangara-Cigolo, Jean-Claude; Cikaya-Kankolongo, Fiston; Luakanda-Ndelemo, Gradi; Lawanga, Leader; Mabika-Bope, Elzedek; Lumembe-Numbi, Raphael; Kabamba-Lungenyi, Gabriel; Citenga, Andre; Kelvin, D. J.; Pratt, Catherine; Ayouba, Ahidjo; Tessema, Sofonias; Mukadi-Bamuleka, Daniel; Jansen, Daan; Halbrook, Megan; Merrit, Sydney; Hensley, Lisa; Delaporte, Eric; Mwamba, Dieudonne; Liesenborghs, Laurens; Hoff, Nicole; Peeters, Martine; Low, Nicola; Rimoin, Anne; Kindrachuk, Jason; Vercauteren, Koen; Rambaut, Andrew; Ahuka-Mundeke, Steve; Muyembe-Tamfum, Jean-Jacques"
PP_004AJEY,Ia,None,Democratic Republic of the Congo,Kinshasa,2024-11-17,196710,0.9976725200168348,2025-10-21,"Amuri-Aziza, Adrienne; Mbala-Kingebeni, Placide; Wawina-Bokalanga, Tony; Kinganda-Lusamaki, Eddy; Pukuta-Simbu, Elisabeth; Hasivirwe-Vakaniaki, Emmanuel; Ola-Mpumbe, Rilia; Kwete-Mbokama, Papy; Akil-Bandali, Prince; Kacita, Cris; Ponga-Museme, Ange; Mapenzi-Kashali, Nelson; Vakaniaki, Gloria; Kenye, Kelly-Michel; Muyamuna, Elisabeth; Kavira-Bapitani, Sifa; Mukadi, Patrick; OToole, Aine; Tshiani-Mbaya, Olivier; Paku-Tshambu, Princesse; Lokilo-Lofiko, Emmanuel; Muswamba-Kayembe, Chloe; Makangara-Cigolo, Jean-Claude; Cikaya-Kankolongo, Fiston; Luakanda-Ndelemo, Gradi; Lawanga, Leader; Mabika-Bope, Elzedek; Lumembe-Numbi, Raphael; Kabamba-Lungenyi, Gabriel; Citenga, Andre; Kelvin, D. J.; Pratt, Catherine; Ayouba, Ahidjo; Tessema, Sofonias; Mukadi-Bamuleka, Daniel; Jansen, Daan; Halbrook, Megan; Merrit, Sydney; Hensley, Lisa; Delaporte, Eric; Mwamba, Dieudonne; Liesenborghs, Laurens; Hoff, Nicole; Peeters, Martine; Low, Nicola; Rimoin, Anne; Kindrachuk, Jason; Vercauteren, Koen; Rambaut, Andrew; Ahuka-Mundeke, Steve; Muyembe-Tamfum, Jean-Jacques"
PP_004AJFW,Ia,None,Democratic Republic of the Congo,Kinshasa,2024-11-17,196728,0.9861466768758018,2025-10-21,"Amuri-Aziza, Adrienne; Mbala-Kingebeni, Placide; Wawina-Bokalanga, Tony; Kinganda-Lusamaki, Eddy; Pukuta-Simbu, Elisabeth; Hasivirwe-Vakaniaki, Emmanuel; Ola-Mpumbe, Rilia; Kwete-Mbokama, Papy; Akil-Bandali, Prince; Kacita, Cris; Ponga-Museme, Ange; Mapenzi-Kashali, Nelson; Vakaniaki, Gloria; Kenye, Kelly-Michel; Muyamuna, Elisabeth; Kavira-Bapitani, Sifa; Mukadi, Patrick; OToole, Aine; Tshiani-Mbaya, Olivier; Paku-Tshambu, Princesse; Lokilo-Lofiko, Emmanuel; Muswamba-Kayembe, Chloe; Makangara-Cigolo, Jean-Claude; Cikaya-Kankolongo, Fiston; Luakanda-Ndelemo, Gradi; Lawanga, Leader; Mabika-Bope, Elzedek; Lumembe-Numbi, Raphael; Kabamba-Lungenyi, Gabriel; Citenga, Andre; Kelvin, D. J.; Pratt, Catherine; Ayouba, Ahidjo; Tessema, Sofonias; Mukadi-Bamuleka, Daniel; Jansen, Daan; Halbrook, Megan; Merrit, Sydney; Hensley, Lisa; Delaporte, Eric; Mwamba, Dieudonne; Liesenborghs, Laurens; Hoff, Nicole; Peeters, Martine; Low, Nicola; Rimoin, Anne; Kindrachuk, Jason; Vercauteren, Koen; Rambaut, Andrew; Ahuka-Mundeke, Steve; Muyembe-Tamfum, Jean-Jacques"
PP_004AJGU,Ia,None,Democratic Republic of the Congo,Kinshasa,2024-11-17,196558,0.6609637491189551,2025-10-21,"Amuri-Aziza, Adrienne; Mbala-Kingebeni, Placide; Wawina-Bokalanga, Tony; Kinganda-Lusamaki, Eddy; Pukuta-Simbu, Elisabeth; Hasivirwe-Vakaniaki, Emmanuel; Ola-Mpumbe, Rilia; Kwete-Mbokama, Papy; Akil-Bandali, Prince; Kacita, Cris; Ponga-Museme, Ange; Mapenzi-Kashali, Nelson; Vakaniaki, Gloria; Kenye, Kelly-Michel; Muyamuna, Elisabeth; Kavira-Bapitani, Sifa; Mukadi, Patrick; OToole, Aine; Tshiani-Mbaya, Olivier; Paku-Tshambu, Princesse; Lokilo-Lofiko, Emmanuel; Muswamba-Kayembe, Chloe; Makangara-Cigolo, Jean-Claude; Cikaya-Kankolongo, Fiston; Luakanda-Ndelemo, Gradi; Lawanga, Leader; Mabika-Bope, Elzedek; Lumembe-Numbi, Raphael; Kabamba-Lungenyi, Gabriel; Citenga, Andre; Kelvin, D. J.; Pratt, Catherine; Ayouba, Ahidjo; Tessema, Sofonias; Mukadi-Bamuleka, Daniel; Jansen, Daan; Halbrook, Megan; Merrit, Sydney; Hensley, Lisa; Delaporte, Eric; Mwamba, Dieudonne; Liesenborghs, Laurens; Hoff, Nicole; Peeters, Martine; Low, Nicola; Rimoin, Anne; Kindrachuk, Jason; Vercauteren, Koen; Rambaut, Andrew; Ahuka-Mundeke, Steve; Muyembe-Tamfum, Jean-Jacques"
PP_004AJHR,Ia,None,Democratic Republic of the Congo,Kwilu,2024-11-12,196860,0.9991024750391716,2025-10-21,"Muyembe-Tamfum, Jean-Jacques; Kabamba-Lungenyi, Gabriel; Wawina-Bokalanga, Tony; Kinganda-Lusamaki, Eddy; Pukuta-Simbu, Elisabeth; Hasivirwe-Vakaniaki, Emmanuel; Ola-Mpumbe, Rilia; Kwete-Mbokama, Papy; Akil-Bandali, Prince; Kacita, Cris; Ponga-Museme, Ange; Mapenzi-Kashali, Nelson; Vakaniaki, Gloria; Amuri-Aziza, Adrienne; Kenye, Kelly-Michel; Muyamuna, Elisabeth; Kavira-Bapitani, Sifa; Mukadi, Patrick; OToole, Aine; Tshiani-Mbaya, Olivier; Paku-Tshambu, Princesse; Lokilo-Lofiko, Emmanuel; Muswamba-Kayembe, Chloe; Makangara-Cigolo, Jean-Claude; Cikaya-Kankolongo, Fiston; Luakanda-Ndelemo, Gradi; Lawanga, Leader; Mabika-Bope, Elzedek; Lumembe-Numbi, Raphael; Citenga, Andre; Kelvin, D. J.; Pratt, Catherine; Ayouba, Ahidjo; Tessema, Sofonias; Mukadi-Bamuleka, Daniel; Jansen, Daan; Halbrook, Megan; Merrit, Sydney; Hensley, Lisa; Delaporte, Eric; Mwamba, Dieudonne; Liesenborghs, Laurens; Hoff, Nicole; Peeters, Martine; Low, Nicola; Rimoin, Anne; Kindrachuk, Jason; Vercauteren, Koen; Rambaut, Andrew; Ahuka-Mundeke, Steve; Mbala-Kingebeni, Placide"
PP_004AJJP,Ib,A.1,Democratic Republic of the Congo,Kinshasa,2024-11-20,196576,0.9953602523211416,2025-10-21,"Amuri-Aziza, Adrienne; Mbala-Kingebeni, Placide; Wawina-Bokalanga, Tony; Kinganda-Lusamaki, Eddy; Pukuta-Simbu, Elisabeth; Hasivirwe-Vakaniaki, Emmanuel; Ola-Mpumbe, Rilia; Kwete-Mbokama, Papy; Akil-Bandali, Prince; Kacita, Cris; Ponga-Museme, Ange; Mapenzi-Kashali, Nelson; Vakaniaki, Gloria; Kenye, Kelly-Michel; Muyamuna, Elisabeth; Kavira-Bapitani, Sifa; Mukadi, Patrick; OToole, Aine; Tshiani-Mbaya, Olivier; Paku-Tshambu, Princesse; Lokilo-Lofiko, Emmanuel; Muswamba-Kayembe, Chloe; Makangara-Cigolo, Jean-Claude; Cikaya-Kankolongo, Fiston; Luakanda-Ndelemo, Gradi; Lawanga, Leader; Mabika-Bope, Elzedek; Lumembe-Numbi, Raphael; Kabamba-Lungenyi, Gabriel; Citenga, Andre; Kelvin, D. J.; Pratt, Catherine; Ayouba, Ahidjo; Tessema, Sofonias; Mukadi-Bamuleka, Daniel; Jansen, Daan; Halbrook, Megan; Merrit, Sydney; Hensley, Lisa; Delaporte, Eric; Mwamba, Dieudonne; Liesenborghs, Laurens; Hoff, Nicole; Peeters, Martine; Low, Nicola; Rimoin, Anne; Kindrachuk, Jason; Vercauteren, Koen; Rambaut, Andrew; Ahuka-Mundeke, Steve; Muyembe-Tamfum, Jean-Jacques"
PP_004AJKM,Ia,None,Democratic Republic of the Congo,Kinshasa,2024-11-19,196749,0.9988489369146438,2025-10-21,"Amuri-Aziza, Adrienne; Mbala-Kingebeni, Placide; Wawina-Bokalanga, Tony; Kinganda-Lusamaki, Eddy; Pukuta-Simbu, Elisabeth; Hasivirwe-Vakaniaki, Emmanuel; Ola-Mpumbe, Rilia; Kwete-Mbokama, Papy; Akil-Bandali, Prince; Kacita, Cris; Ponga-Museme, Ange; Mapenzi-Kashali, Nelson; Vakaniaki, Gloria; Kenye, Kelly-Michel; Muyamuna, Elisabeth; Kavira-Bapitani, Sifa; Mukadi, Patrick; OToole, Aine; Tshiani-Mbaya, Olivier; Paku-Tshambu, Princesse; Lokilo-Lofiko, Emmanuel; Muswamba-Kayembe, Chloe; Makangara-Cigolo, Jean-Claude; Cikaya-Kankolongo, Fiston; Luakanda-Ndelemo, Gradi; Lawanga, Leader; Mabika-Bope, Elzedek; Lumembe-Numbi, Raphael; Kabamba-Lungenyi, Gabriel; Citenga, Andre; Kelvin, D. J.; Pratt, Catherine; Ayouba, Ahidjo; Tessema, Sofonias; Mukadi-Bamuleka, Daniel; Jansen, Daan; Halbrook, Megan; Merrit, Sydney; Hensley, Lisa; Delaporte, Eric; Mwamba, Dieudonne; Liesenborghs, Laurens; Hoff, Nicole; Peeters, Martine; Low, Nicola; Rimoin, Anne; Kindrachuk, Jason; Vercauteren, Koen; Rambaut, Andrew; Ahuka-Mundeke, Steve; Muyembe-Tamfum, Jean-Jacques"
PP_004AJLK,Ia,None,Democratic Republic of the Congo,Kinshasa,2024-11-18,196754,0.998575115740154,2025-10-21,"Amuri-Aziza, Adrienne; Mbala-Kingebeni, Placide; Wawina-Bokalanga, Tony; Kinganda-Lusamaki, Eddy; Pukuta-Simbu, Elisabeth; Hasivirwe-Vakaniaki, Emmanuel; Ola-Mpumbe, Rilia; Kwete-Mbokama, Papy; Akil-Bandali, Prince; Kacita, Cris; Ponga-Museme, Ange; Mapenzi-Kashali, Nelson; Vakaniaki, Gloria; Kenye, Kelly-Michel; Muyamuna, Elisabeth; Kavira-Bapitani, Sifa; Mukadi, Patrick; OToole, Aine; Tshiani-Mbaya, Olivier; Paku-Tshambu, Princesse; Lokilo-Lofiko, Emmanuel; Muswamba-Kayembe, Chloe; Makangara-Cigolo, Jean-Claude; Cikaya-Kankolongo, Fiston; Luakanda-Ndelemo, Gradi; Lawanga, Leader; Mabika-Bope, Elzedek; Lumembe-Numbi, Raphael; Kabamba-Lungenyi, Gabriel; Citenga, Andre; Kelvin, D. J.; Pratt, Catherine; Ayouba, Ahidjo; Tessema, Sofonias; Mukadi-Bamuleka, Daniel; Jansen, Daan; Halbrook, Megan; Merrit, Sydney; Hensley, Lisa; Delaporte, Eric; Mwamba, Dieudonne; Liesenborghs, Laurens; Hoff, Nicole; Peeters, Martine; Low, Nicola; Rimoin, Anne; Kindrachuk, Jason; Vercauteren, Koen; Rambaut, Andrew; Ahuka-Mundeke, Steve; Muyembe-Tamfum, Jean-Jacques"
PP_004AJMH,Ia,None,Democratic Republic of the Congo,Kinshasa,2024-11-19,196862,0.9984686297278522,2025-10-21,"Amuri-Aziza, Adrienne; Mbala-Kingebeni, Placide; Wawina-Bokalanga, Tony; Kinganda-Lusamaki, Eddy; Pukuta-Simbu, Elisabeth; Hasivirwe-Vakaniaki, Emmanuel; Ola-Mpumbe, Rilia; Kwete-Mbokama, Papy; Akil-Bandali, Prince; Kacita, Cris; Ponga-Museme, Ange; Mapenzi-Kashali, Nelson; Vakaniaki, Gloria; Kenye, Kelly-Michel; Muyamuna, Elisabeth; Kavira-Bapitani, Sifa; Mukadi, Patrick; OToole, Aine; Tshiani-Mbaya, Olivier; Paku-Tshambu, Princesse; Lokilo-Lofiko, Emmanuel; Muswamba-Kayembe, Chloe; Makangara-Cigolo, Jean-Claude; Cikaya-Kankolongo, Fiston; Luakanda-Ndelemo, Gradi; Lawanga, Leader; Mabika-Bope, Elzedek; Lumembe-Numbi, Raphael; Kabamba-Lungenyi, Gabriel; Citenga, Andre; Kelvin, D. J.; Pratt, Catherine; Ayouba, Ahidjo; Tessema, Sofonias; Mukadi-Bamuleka, Daniel; Jansen, Daan; Halbrook, Megan; Merrit, Sydney; Hensley, Lisa; Delaporte, Eric; Mwamba, Dieudonne; Liesenborghs, Laurens; Hoff, Nicole; Peeters, Martine; Low, Nicola; Rimoin, Anne; Kindrachuk, Jason; Vercauteren, Koen; Rambaut, Andrew; Ahuka-Mundeke, Steve; Muyembe-Tamfum, Jean-Jacques"
PP_004AJNF,Ia,None,Democratic Republic of the Congo,Kinshasa,2024-11-19,196601,0.94096111232246,2025-10-21,"Amuri-Aziza, Adrienne; Mbala-Kingebeni, Placide; Wawina-Bokalanga, Tony; Kinganda-Lusamaki, Eddy; Pukuta-Simbu, Elisabeth; Hasivirwe-Vakaniaki, Emmanuel; Ola-Mpumbe, Rilia; Kwete-Mbokama, Papy; Akil-Bandali, Prince; Kacita, Cris; Ponga-Museme, Ange; Mapenzi-Kashali, Nelson; Vakaniaki, Gloria; Kenye, Kelly-Michel; Muyamuna, Elisabeth; Kavira-Bapitani, Sifa; Mukadi, Patrick; OToole, Aine; Tshiani-Mbaya, Olivier; Paku-Tshambu, Princesse; Lokilo-Lofiko, Emmanuel; Muswamba-Kayembe, Chloe; Makangara-Cigolo, Jean-Claude; Cikaya-Kankolongo, Fiston; Luakanda-Ndelemo, Gradi; Lawanga, Leader; Mabika-Bope, Elzedek; Lumembe-Numbi, Raphael; Kabamba-Lungenyi, Gabriel; Citenga, Andre; Kelvin, D. J.; Pratt, Catherine; Ayouba, Ahidjo; Tessema, Sofonias; Mukadi-Bamuleka, Daniel; Jansen, Daan; Halbrook, Megan; Merrit, Sydney; Hensley, Lisa; Delaporte, Eric; Mwamba, Dieudonne; Liesenborghs, Laurens; Hoff, Nicole; Peeters, Martine; Low, Nicola; Rimoin, Anne; Kindrachuk, Jason; Vercauteren, Koen; Rambaut, Andrew; Ahuka-Mundeke, Steve; Muyembe-Tamfum, Jean-Jacques"
PP_004AJPD,Ia,None,Democratic Republic of the Congo,Kinshasa,2024-11-19,196845,0.9982201623658148,2025-10-21,"Amuri-Aziza, Adrienne; Mbala-Kingebeni, Placide; Wawina-Bokalanga, Tony; Kinganda-Lusamaki, Eddy; Pukuta-Simbu, Elisabeth; Hasivirwe-Vakaniaki, Emmanuel; Ola-Mpumbe, Rilia; Kwete-Mbokama, Papy; Akil-Bandali, Prince; Kacita, Cris; Ponga-Museme, Ange; Mapenzi-Kashali, Nelson; Vakaniaki, Gloria; Kenye, Kelly-Michel; Muyamuna, Elisabeth; Kavira-Bapitani, Sifa; Mukadi, Patrick; OToole, Aine; Tshiani-Mbaya, Olivier; Paku-Tshambu, Princesse; Lokilo-Lofiko, Emmanuel; Muswamba-Kayembe, Chloe; Makangara-Cigolo, Jean-Claude; Cikaya-Kankolongo, Fiston; Luakanda-Ndelemo, Gradi; Lawanga, Leader; Mabika-Bope, Elzedek; Lumembe-Numbi, Raphael; Kabamba-Lungenyi, Gabriel; Citenga, Andre; Kelvin, D. J.; Pratt, Catherine; Ayouba, Ahidjo; Tessema, Sofonias; Mukadi-Bamuleka, Daniel; Jansen, Daan; Halbrook, Megan; Merrit, Sydney; Hensley, Lisa; Delaporte, Eric; Mwamba, Dieudonne; Liesenborghs, Laurens; Hoff, Nicole; Peeters, Martine; Low, Nicola; Rimoin, Anne; Kindrachuk, Jason; Vercauteren, Koen; Rambaut, Andrew; Ahuka-Mundeke, Steve; Muyembe-Tamfum, Jean-Jacques"
PP_004AJQB,Ib,A.1,Democratic Republic of the Congo,Kinshasa,2024-11-19,196642,0.9918360723902052,2025-10-21,"Amuri-Aziza, Adrienne; Mbala-Kingebeni, Placide; Wawina-Bokalanga, Tony; Kinganda-Lusamaki, Eddy; Pukuta-Simbu, Elisabeth; Hasivirwe-Vakaniaki, Emmanuel; Ola-Mpumbe, Rilia; Kwete-Mbokama, Papy; Akil-Bandali, Prince; Kacita, Cris; Ponga-Museme, Ange; Mapenzi-Kashali, Nelson; Vakaniaki, Gloria; Kenye, Kelly-Michel; Muyamuna, Elisabeth; Kavira-Bapitani, Sifa; Mukadi, Patrick; OToole, Aine; Tshiani-Mbaya, Olivier; Paku-Tshambu, Princesse; Lokilo-Lofiko, Emmanuel; Muswamba-Kayembe, Chloe; Makangara-Cigolo, Jean-Claude; Cikaya-Kankolongo, Fiston; Luakanda-Ndelemo, Gradi; Lawanga, Leader; Mabika-Bope, Elzedek; Lumembe-Numbi, Raphael; Kabamba-Lungenyi, Gabriel; Citenga, Andre; Kelvin, D. J.; Pratt, Catherine; Ayouba, Ahidjo; Tessema, Sofonias; Mukadi-Bamuleka, Daniel; Jansen, Daan; Halbrook, Megan; Merrit, Sydney; Hensley, Lisa; Delaporte, Eric; Mwamba, Dieudonne; Liesenborghs, Laurens; Hoff, Nicole; Peeters, Martine; Low, Nicola; Rimoin, Anne; Kindrachuk, Jason; Vercauteren, Koen; Rambaut, Andrew; Ahuka-Mundeke, Steve; Muyembe-Tamfum, Jean-Jacques"
PP_004AJR9,Ib,A.1,Democratic Republic of the Congo,Kinshasa,2024-11-18,196571,0.956447220968617,2025-10-21,"Amuri-Aziza, Adrienne; Mbala-Kingebeni, Placide; Wawina-Bokalanga, Tony; Kinganda-Lusamaki, Eddy; Pukuta-Simbu, Elisabeth; Hasivirwe-Vakaniaki, Emmanuel; Ola-Mpumbe, Rilia; Kwete-Mbokama, Papy; Akil-Bandali, Prince; Kacita, Cris; Ponga-Museme, Ange; Mapenzi-Kashali, Nelson; Vakaniaki, Gloria; Kenye, Kelly-Michel; Muyamuna, Elisabeth; Kavira-Bapitani, Sifa; Mukadi, Patrick; OToole, Aine; Tshiani-Mbaya, Olivier; Paku-Tshambu, Princesse; Lokilo-Lofiko, Emmanuel; Muswamba-Kayembe, Chloe; Makangara-Cigolo, Jean-Claude; Cikaya-Kankolongo, Fiston; Luakanda-Ndelemo, Gradi; Lawanga, Leader; Mabika-Bope, Elzedek; Lumembe-Numbi, Raphael; Kabamba-Lungenyi, Gabriel; Citenga, Andre; Kelvin, D. J.; Pratt, Catherine; Ayouba, Ahidjo; Tessema, Sofonias; Mukadi-Bamuleka, Daniel; Jansen, Daan; Halbrook, Megan; Merrit, Sydney; Hensley, Lisa; Delaporte, Eric; Mwamba, Dieudonne; Liesenborghs, Laurens; Hoff, Nicole; Peeters, Martine; Low, Nicola; Rimoin, Anne; Kindrachuk, Jason; Vercauteren, Koen; Rambaut, Andrew; Ahuka-Mundeke, Steve; Muyembe-Tamfum, Jean-Jacques"
PP_004AJS7,Ia,None,Democratic Republic of the Congo,Kinshasa,2024-11-17,196483,0.9842400701793528,2025-10-21,"Wawina-Bokalanga, Tony; Amuri-Aziza, Adrienne; Mbala-Kingebeni, Placide; Kinganda-Lusamaki, Eddy; Pukuta-Simbu, Elisabeth; Hasivirwe-Vakaniaki, Emmanuel; Ola-Mpumbe, Rilia; Kwete-Mbokama, Papy; Akil-Bandali, Prince; Kacita, Cris; Ponga-Museme, Ange; Mapenzi-Kashali, Nelson; Vakaniaki, Gloria; Kenye, Kelly-Michel; Muyamuna, Elisabeth; Kavira-Bapitani, Sifa; Mukadi, Patrick; OToole, Aine; Tshiani-Mbaya, Olivier; Paku-Tshambu, Princesse; Lokilo-Lofiko, Emmanuel; Muswamba-Kayembe, Chloe; Makangara-Cigolo, Jean-Claude; Cikaya-Kankolongo, Fiston; Luakanda-Ndelemo, Gradi; Lawanga, Leader; Mabika-Bope, Elzedek; Lumembe-Numbi, Raphael; Kabamba-Lungenyi, Gabriel; Citenga, Andre; Kelvin, D. J.; Pratt, Catherine; Ayouba, Ahidjo; Tessema, Sofonias; Mukadi-Bamuleka, Daniel; Jansen, Daan; Halbrook, Megan; Merrit, Sydney; Hensley, Lisa; Delaporte, Eric; Mwamba, Dieudonne; Liesenborghs, Laurens; Hoff, Nicole; Peeters, Martine; Low, Nicola; Rimoin, Anne; Kindrachuk, Jason; Vercauteren, Koen; Rambaut, Andrew; Ahuka-Mundeke, Steve; Muyembe-Tamfum, Jean-Jacques"
PP_004AJT5,Ia,None,Democratic Republic of the Congo,Kinshasa,2024-11-19,196837,0.9982404454157772,2025-10-21,"Wawina-Bokalanga, Tony; Amuri-Aziza, Adrienne; Mbala-Kingebeni, Placide; Kinganda-Lusamaki, Eddy; Pukuta-Simbu, Elisabeth; Hasivirwe-Vakaniaki, Emmanuel; Ola-Mpumbe, Rilia; Kwete-Mbokama, Papy; Akil-Bandali, Prince; Kacita, Cris; Ponga-Museme, Ange; Mapenzi-Kashali, Nelson; Vakaniaki, Gloria; Kenye, Kelly-Michel; Muyamuna, Elisabeth; Kavira-Bapitani, Sifa; Mukadi, Patrick; OToole, Aine; Tshiani-Mbaya, Olivier; Paku-Tshambu, Princesse; Lokilo-Lofiko, Emmanuel; Muswamba-Kayembe, Chloe; Makangara-Cigolo, Jean-Claude; Cikaya-Kankolongo, Fiston; Luakanda-Ndelemo, Gradi; Lawanga, Leader; Mabika-Bope, Elzedek; Lumembe-Numbi, Raphael; Kabamba-Lungenyi, Gabriel; Citenga, Andre; Kelvin, D. J.; Pratt, Catherine; Ayouba, Ahidjo; Tessema, Sofonias; Mukadi-Bamuleka, Daniel; Jansen, Daan; Halbrook, Megan; Merrit, Sydney; Hensley, Lisa; Delaporte, Eric; Mwamba, Dieudonne; Liesenborghs, Laurens; Hoff, Nicole; Peeters, Martine; Low, Nicola; Rimoin, Anne; Kindrachuk, Jason; Vercauteren, Koen; Rambaut, Andrew; Ahuka-Mundeke, Steve; Muyembe-Tamfum, Jean-Jacques"
PP_004AJU3,Ia,None,Democratic Republic of the Congo,Kinshasa,2024-11-20,196543,0.6285565060418135,2025-10-21,"Amuri-Aziza, Adrienne; Mbala-Kingebeni, Placide; Wawina-Bokalanga, Tony; Kinganda-Lusamaki, Eddy; Pukuta-Simbu, Elisabeth; Hasivirwe-Vakaniaki, Emmanuel; Ola-Mpumbe, Rilia; Kwete-Mbokama, Papy; Akil-Bandali, Prince; Kacita, Cris; Ponga-Museme, Ange; Mapenzi-Kashali, Nelson; Vakaniaki, Gloria; Kenye, Kelly-Michel; Muyamuna, Elisabeth; Kavira-Bapitani, Sifa; Mukadi, Patrick; OToole, Aine; Tshiani-Mbaya, Olivier; Paku-Tshambu, Princesse; Lokilo-Lofiko, Emmanuel; Muswamba-Kayembe, Chloe; Makangara-Cigolo, Jean-Claude; Cikaya-Kankolongo, Fiston; Luakanda-Ndelemo, Gradi; Lawanga, Leader; Mabika-Bope, Elzedek; Lumembe-Numbi, Raphael; Kabamba-Lungenyi, Gabriel; Citenga, Andre; Kelvin, D. J.; Pratt, Catherine; Ayouba, Ahidjo; Tessema, Sofonias; Mukadi-Bamuleka, Daniel; Jansen, Daan; Halbrook, Megan; Merrit, Sydney; Hensley, Lisa; Delaporte, Eric; Mwamba, Dieudonne; Liesenborghs, Laurens; Hoff, Nicole; Peeters, Martine; Low, Nicola; Rimoin, Anne; Kindrachuk, Jason; Vercauteren, Koen; Rambaut, Andrew; Ahuka-Mundeke, Steve; Muyembe-Tamfum, Jean-Jacques"
PP_004AJV1,Ib,A.1,Democratic Republic of the Congo,Kinshasa,2024-11-20,196537,0.937330446379222,2025-10-21,"Amuri-Aziza, Adrienne; Mbala-Kingebeni, Placide; Wawina-Bokalanga, Tony; Kinganda-Lusamaki, Eddy; Pukuta-Simbu, Elisabeth; Hasivirwe-Vakaniaki, Emmanuel; Ola-Mpumbe, Rilia; Kwete-Mbokama, Papy; Akil-Bandali, Prince; Kacita, Cris; Ponga-Museme, Ange; Mapenzi-Kashali, Nelson; Vakaniaki, Gloria; Kenye, Kelly-Michel; Muyamuna, Elisabeth; Kavira-Bapitani, Sifa; Mukadi, Patrick; OToole, Aine; Tshiani-Mbaya, Olivier; Paku-Tshambu, Princesse; Lokilo-Lofiko, Emmanuel; Muswamba-Kayembe, Chloe; Makangara-Cigolo, Jean-Claude; Cikaya-Kankolongo, Fiston; Luakanda-Ndelemo, Gradi; Lawanga, Leader; Mabika-Bope, Elzedek; Lumembe-Numbi, Raphael; Kabamba-Lungenyi, Gabriel; Citenga, Andre; Kelvin, D. J.; Pratt, Catherine; Ayouba, Ahidjo; Tessema, Sofonias; Mukadi-Bamuleka, Daniel; Jansen, Daan; Halbrook, Megan; Merrit, Sydney; Hensley, Lisa; Delaporte, Eric; Mwamba, Dieudonne; Liesenborghs, Laurens; Hoff, Nicole; Peeters, Martine; Low, Nicola; Rimoin, Anne; Kindrachuk, Jason; Vercauteren, Koen; Rambaut, Andrew; Ahuka-Mundeke, Steve; Muyembe-Tamfum, Jean-Jacques"
PP_004AJWZ,Ia,None,Democratic Republic of the Congo,Kinshasa,2024-11-20,196714,0.9740326252858642,2025-10-21,"Amuri-Aziza, Adrienne; Mbala-Kingebeni, Placide; Wawina-Bokalanga, Tony; Kinganda-Lusamaki, Eddy; Pukuta-Simbu, Elisabeth; Hasivirwe-Vakaniaki, Emmanuel; Ola-Mpumbe, Rilia; Kwete-Mbokama, Papy; Akil-Bandali, Prince; Kacita, Cris; Ponga-Museme, Ange; Mapenzi-Kashali, Nelson; Vakaniaki, Gloria; Kenye, Kelly-Michel; Muyamuna, Elisabeth; Kavira-Bapitani, Sifa; Mukadi, Patrick; OToole, Aine; Tshiani-Mbaya, Olivier; Paku-Tshambu, Princesse; Lokilo-Lofiko, Emmanuel; Muswamba-Kayembe, Chloe; Makangara-Cigolo, Jean-Claude; Cikaya-Kankolongo, Fiston; Luakanda-Ndelemo, Gradi; Lawanga, Leader; Mabika-Bope, Elzedek; Lumembe-Numbi, Raphael; Kabamba-Lungenyi, Gabriel; Citenga, Andre; Kelvin, D. J.; Pratt, Catherine; Ayouba, Ahidjo; Tessema, Sofonias; Mukadi-Bamuleka, Daniel; Jansen, Daan; Halbrook, Megan; Merrit, Sydney; Hensley, Lisa; Delaporte, Eric; Mwamba, Dieudonne; Liesenborghs, Laurens; Hoff, Nicole; Peeters, Martine; Low, Nicola; Rimoin, Anne; Kindrachuk, Jason; Vercauteren, Koen; Rambaut, Andrew; Ahuka-Mundeke, Steve; Muyembe-Tamfum, Jean-Jacques"
PP_004AJXX,Ib,A.1,Democratic Republic of the Congo,Kinshasa,2024-11-21,196657,0.9909740427668108,2025-10-21,"Wawina-Bokalanga, Tony; Amuri-Aziza, Adrienne; Mbala-Kingebeni, Placide; Kinganda-Lusamaki, Eddy; Pukuta-Simbu, Elisabeth; Hasivirwe-Vakaniaki, Emmanuel; Ola-Mpumbe, Rilia; Kwete-Mbokama, Papy; Akil-Bandali, Prince; Kacita, Cris; Ponga-Museme, Ange; Mapenzi-Kashali, Nelson; Vakaniaki, Gloria; Kenye, Kelly-Michel; Muyamuna, Elisabeth; Kavira-Bapitani, Sifa; Mukadi, Patrick; OToole, Aine; Tshiani-Mbaya, Olivier; Paku-Tshambu, Princesse; Lokilo-Lofiko, Emmanuel; Muswamba-Kayembe, Chloe; Makangara-Cigolo, Jean-Claude; Cikaya-Kankolongo, Fiston; Luakanda-Ndelemo, Gradi; Lawanga, Leader; Mabika-Bope, Elzedek; Lumembe-Numbi, Raphael; Kabamba-Lungenyi, Gabriel; Citenga, Andre; Kelvin, D. J.; Pratt, Catherine; Ayouba, Ahidjo; Tessema, Sofonias; Mukadi-Bamuleka, Daniel; Jansen, Daan; Halbrook, Megan; Merrit, Sydney; Hensley, Lisa; Delaporte, Eric; Mwamba, Dieudonne; Liesenborghs, Laurens; Hoff, Nicole; Peeters, Martine; Low, Nicola; Rimoin, Anne; Kindrachuk, Jason; Vercauteren, Koen; Rambaut, Andrew; Ahuka-Mundeke, Steve; Muyembe-Tamfum, Jean-Jacques"
PP_004AJYV,Ia,None,Democratic Republic of the Congo,Kinshasa,2024-11-21,196744,0.9987373801398516,2025-10-21,"Amuri-Aziza, Adrienne; Mbala-Kingebeni, Placide; Wawina-Bokalanga, Tony; Kinganda-Lusamaki, Eddy; Pukuta-Simbu, Elisabeth; Hasivirwe-Vakaniaki, Emmanuel; Ola-Mpumbe, Rilia; Kwete-Mbokama, Papy; Akil-Bandali, Prince; Kacita, Cris; Ponga-Museme, Ange; Mapenzi-Kashali, Nelson; Vakaniaki, Gloria; Kenye, Kelly-Michel; Muyamuna, Elisabeth; Kavira-Bapitani, Sifa; Mukadi, Patrick; OToole, Aine; Tshiani-Mbaya, Olivier; Paku-Tshambu, Princesse; Lokilo-Lofiko, Emmanuel; Muswamba-Kayembe, Chloe; Makangara-Cigolo, Jean-Claude; Cikaya-Kankolongo, Fiston; Luakanda-Ndelemo, Gradi; Lawanga, Leader; Mabika-Bope, Elzedek; Lumembe-Numbi, Raphael; Kabamba-Lungenyi, Gabriel; Citenga, Andre; Kelvin, D. J.; Pratt, Catherine; Ayouba, Ahidjo; Tessema, Sofonias; Mukadi-Bamuleka, Daniel; Jansen, Daan; Halbrook, Megan; Merrit, Sydney; Hensley, Lisa; Delaporte, Eric; Mwamba, Dieudonne; Liesenborghs, Laurens; Hoff, Nicole; Peeters, Martine; Low, Nicola; Rimoin, Anne; Kindrachuk, Jason; Vercauteren, Koen; Rambaut, Andrew; Ahuka-Mundeke, Steve; Muyembe-Tamfum, Jean-Jacques"
PP_004AJZT,Ia,None,Democratic Republic of the Congo,Kinshasa,2024-11-21,196845,0.9982404454157772,2025-10-21,"Wawina-Bokalanga, Tony; Amuri-Aziza, Adrienne; Mbala-Kingebeni, Placide; Kinganda-Lusamaki, Eddy; Pukuta-Simbu, Elisabeth; Hasivirwe-Vakaniaki, Emmanuel; Ola-Mpumbe, Rilia; Kwete-Mbokama, Papy; Akil-Bandali, Prince; Kacita, Cris; Ponga-Museme, Ange; Mapenzi-Kashali, Nelson; Vakaniaki, Gloria; Kenye, Kelly-Michel; Muyamuna, Elisabeth; Kavira-Bapitani, Sifa; Mukadi, Patrick; OToole, Aine; Tshiani-Mbaya, Olivier; Paku-Tshambu, Princesse; Lokilo-Lofiko, Emmanuel; Muswamba-Kayembe, Chloe; Makangara-Cigolo, Jean-Claude; Cikaya-Kankolongo, Fiston; Luakanda-Ndelemo, Gradi; Lawanga, Leader; Mabika-Bope, Elzedek; Lumembe-Numbi, Raphael; Kabamba-Lungenyi, Gabriel; Citenga, Andre; Kelvin, D. J.; Pratt, Catherine; Ayouba, Ahidjo; Tessema, Sofonias; Mukadi-Bamuleka, Daniel; Jansen, Daan; Halbrook, Megan; Merrit, Sydney; Hensley, Lisa; Delaporte, Eric; Mwamba, Dieudonne; Liesenborghs, Laurens; Hoff, Nicole; Peeters, Martine; Low, Nicola; Rimoin, Anne; Kindrachuk, Jason; Vercauteren, Koen; Rambaut, Andrew; Ahuka-Mundeke, Steve; Muyembe-Tamfum, Jean-Jacques"
PP_004AK0R,Ia,None,Democratic Republic of the Congo,Kinshasa,2024-11-21,196848,0.998275940753211,2025-10-21,"Wawina-Bokalanga, Tony; Amuri-Aziza, Adrienne; Mbala-Kingebeni, Placide; Kinganda-Lusamaki, Eddy; Pukuta-Simbu, Elisabeth; Hasivirwe-Vakaniaki, Emmanuel; Ola-Mpumbe, Rilia; Kwete-Mbokama, Papy; Akil-Bandali, Prince; Kacita, Cris; Ponga-Museme, Ange; Mapenzi-Kashali, Nelson; Vakaniaki, Gloria; Kenye, Kelly-Michel; Muyamuna, Elisabeth; Kavira-Bapitani, Sifa; Mukadi, Patrick; OToole, Aine; Tshiani-Mbaya, Olivier; Paku-Tshambu, Princesse; Lokilo-Lofiko, Emmanuel; Muswamba-Kayembe, Chloe; Makangara-Cigolo, Jean-Claude; Cikaya-Kankolongo, Fiston; Luakanda-Ndelemo, Gradi; Lawanga, Leader; Mabika-Bope, Elzedek; Lumembe-Numbi, Raphael; Kabamba-Lungenyi, Gabriel; Citenga, Andre; Kelvin, D. J.; Pratt, Catherine; Ayouba, Ahidjo; Tessema, Sofonias; Mukadi-Bamuleka, Daniel; Jansen, Daan; Halbrook, Megan; Merrit, Sydney; Hensley, Lisa; Delaporte, Eric; Mwamba, Dieudonne; Liesenborghs, Laurens; Hoff, Nicole; Peeters, Martine; Low, Nicola; Rimoin, Anne; Kindrachuk, Jason; Vercauteren, Koen; Rambaut, Andrew; Ahuka-Mundeke, Steve; Muyembe-Tamfum, Jean-Jacques"
PP_004AK1P,Ia,None,Democratic Republic of the Congo,Kinshasa,2024-11-20,196754,0.997500114092156,2025-10-21,"Wawina-Bokalanga, Tony; Amuri-Aziza, Adrienne; Mbala-Kingebeni, Placide; Kinganda-Lusamaki, Eddy; Pukuta-Simbu, Elisabeth; Hasivirwe-Vakaniaki, Emmanuel; Ola-Mpumbe, Rilia; Kwete-Mbokama, Papy; Akil-Bandali, Prince; Kacita, Cris; Ponga-Museme, Ange; Mapenzi-Kashali, Nelson; Vakaniaki, Gloria; Kenye, Kelly-Michel; Muyamuna, Elisabeth; Kavira-Bapitani, Sifa; Mukadi, Patrick; OToole, Aine; Tshiani-Mbaya, Olivier; Paku-Tshambu, Princesse; Lokilo-Lofiko, Emmanuel; Muswamba-Kayembe, Chloe; Makangara-Cigolo, Jean-Claude; Cikaya-Kankolongo, Fiston; Luakanda-Ndelemo, Gradi; Lawanga, Leader; Mabika-Bope, Elzedek; Lumembe-Numbi, Raphael; Kabamba-Lungenyi, Gabriel; Citenga, Andre; Kelvin, D. J.; Pratt, Catherine; Ayouba, Ahidjo; Tessema, Sofonias; Mukadi-Bamuleka, Daniel; Jansen, Daan; Halbrook, Megan; Merrit, Sydney; Hensley, Lisa; Delaporte, Eric; Mwamba, Dieudonne; Liesenborghs, Laurens; Hoff, Nicole; Peeters, Martine; Low, Nicola; Rimoin, Anne; Kindrachuk, Jason; Vercauteren, Koen; Rambaut, Andrew; Ahuka-Mundeke, Steve; Muyembe-Tamfum, Jean-Jacques"
PP_004AK2M,Ia,None,Democratic Republic of the Congo,Kinshasa,2024-11-19,196917,0.9976420954418916,2025-10-21,"Wawina-Bokalanga, Tony; Amuri-Aziza, Adrienne; Mbala-Kingebeni, Placide; Kinganda-Lusamaki, Eddy; Pukuta-Simbu, Elisabeth; Hasivirwe-Vakaniaki, Emmanuel; Ola-Mpumbe, Rilia; Kwete-Mbokama, Papy; Akil-Bandali, Prince; Kacita, Cris; Ponga-Museme, Ange; Mapenzi-Kashali, Nelson; Vakaniaki, Gloria; Kenye, Kelly-Michel; Muyamuna, Elisabeth; Kavira-Bapitani, Sifa; Mukadi, Patrick; OToole, Aine; Tshiani-Mbaya, Olivier; Paku-Tshambu, Princesse; Lokilo-Lofiko, Emmanuel; Muswamba-Kayembe, Chloe; Makangara-Cigolo, Jean-Claude; Cikaya-Kankolongo, Fiston; Luakanda-Ndelemo, Gradi; Lawanga, Leader; Mabika-Bope, Elzedek; Lumembe-Numbi, Raphael; Kabamba-Lungenyi, Gabriel; Citenga, Andre; Kelvin, D. J.; Pratt, Catherine; Ayouba, Ahidjo; Tessema, Sofonias; Mukadi-Bamuleka, Daniel; Jansen, Daan; Halbrook, Megan; Merrit, Sydney; Hensley, Lisa; Delaporte, Eric; Mwamba, Dieudonne; Liesenborghs, Laurens; Hoff, Nicole; Peeters, Martine; Low, Nicola; Rimoin, Anne; Kindrachuk, Jason; Vercauteren, Koen; Rambaut, Andrew; Ahuka-Mundeke, Steve; Muyembe-Tamfum, Jean-Jacques"
PP_004AK3K,Ib,A.1,Democratic Republic of the Congo,Kinshasa,2024-11-21,196695,0.9971198069053644,2025-10-21,"Amuri-Aziza, Adrienne; Mbala-Kingebeni, Placide; Wawina-Bokalanga, Tony; Kinganda-Lusamaki, Eddy; Pukuta-Simbu, Elisabeth; Hasivirwe-Vakaniaki, Emmanuel; Ola-Mpumbe, Rilia; Kwete-Mbokama, Papy; Akil-Bandali, Prince; Kacita, Cris; Ponga-Museme, Ange; Mapenzi-Kashali, Nelson; Vakaniaki, Gloria; Kenye, Kelly-Michel; Muyamuna, Elisabeth; Kavira-Bapitani, Sifa; Mukadi, Patrick; OToole, Aine; Tshiani-Mbaya, Olivier; Paku-Tshambu, Princesse; Lokilo-Lofiko, Emmanuel; Muswamba-Kayembe, Chloe; Makangara-Cigolo, Jean-Claude; Cikaya-Kankolongo, Fiston; Luakanda-Ndelemo, Gradi; Lawanga, Leader; Mabika-Bope, Elzedek; Lumembe-Numbi, Raphael; Kabamba-Lungenyi, Gabriel; Citenga, Andre; Kelvin, D. J.; Pratt, Catherine; Ayouba, Ahidjo; Tessema, Sofonias; Mukadi-Bamuleka, Daniel; Jansen, Daan; Halbrook, Megan; Merrit, Sydney; Hensley, Lisa; Delaporte, Eric; Mwamba, Dieudonne; Liesenborghs, Laurens; Hoff, Nicole; Peeters, Martine; Low, Nicola; Rimoin, Anne; Kindrachuk, Jason; Vercauteren, Koen; Rambaut, Andrew; Ahuka-Mundeke, Steve; Muyembe-Tamfum, Jean-Jacques"
PP_004AK4H,Ia,None,Democratic Republic of the Congo,Kinshasa,2024-11-22,196611,0.8740929673595018,2025-10-21,"Wawina-Bokalanga, Tony; Amuri-Aziza, Adrienne; Mbala-Kingebeni, Placide; Kinganda-Lusamaki, Eddy; Pukuta-Simbu, Elisabeth; Hasivirwe-Vakaniaki, Emmanuel; Ola-Mpumbe, Rilia; Kwete-Mbokama, Papy; Akil-Bandali, Prince; Kacita, Cris; Ponga-Museme, Ange; Mapenzi-Kashali, Nelson; Vakaniaki, Gloria; Kenye, Kelly-Michel; Muyamuna, Elisabeth; Kavira-Bapitani, Sifa; Mukadi, Patrick; OToole, Aine; Tshiani-Mbaya, Olivier; Paku-Tshambu, Princesse; Lokilo-Lofiko, Emmanuel; Muswamba-Kayembe, Chloe; Makangara-Cigolo, Jean-Claude; Cikaya-Kankolongo, Fiston; Luakanda-Ndelemo, Gradi; Lawanga, Leader; Mabika-Bope, Elzedek; Lumembe-Numbi, Raphael; Kabamba-Lungenyi, Gabriel; Citenga, Andre; Kelvin, D. J.; Pratt, Catherine; Ayouba, Ahidjo; Tessema, Sofonias; Mukadi-Bamuleka, Daniel; Jansen, Daan; Halbrook, Megan; Merrit, Sydney; Hensley, Lisa; Delaporte, Eric; Mwamba, Dieudonne; Liesenborghs, Laurens; Hoff, Nicole; Peeters, Martine; Low, Nicola; Rimoin, Anne; Kindrachuk, Jason; Vercauteren, Koen; Rambaut, Andrew; Ahuka-Mundeke, Steve; Muyembe-Tamfum, Jean-Jacques"
PP_004AK5F,Ia,None,Democratic Republic of the Congo,Kinshasa,2024-11-22,196833,0.4767733724120096,2025-10-21,"Wawina-Bokalanga, Tony; Amuri-Aziza, Adrienne; Mbala-Kingebeni, Placide; Kinganda-Lusamaki, Eddy; Pukuta-Simbu, Elisabeth; Hasivirwe-Vakaniaki, Emmanuel; Ola-Mpumbe, Rilia; Kwete-Mbokama, Papy; Akil-Bandali, Prince; Kacita, Cris; Ponga-Museme, Ange; Mapenzi-Kashali, Nelson; Vakaniaki, Gloria; Kenye, Kelly-Michel; Muyamuna, Elisabeth; Kavira-Bapitani, Sifa; Mukadi, Patrick; OToole, Aine; Tshiani-Mbaya, Olivier; Paku-Tshambu, Princesse; Lokilo-Lofiko, Emmanuel; Muswamba-Kayembe, Chloe; Makangara-Cigolo, Jean-Claude; Cikaya-Kankolongo, Fiston; Luakanda-Ndelemo, Gradi; Lawanga, Leader; Mabika-Bope, Elzedek; Lumembe-Numbi, Raphael; Kabamba-Lungenyi, Gabriel; Citenga, Andre; Kelvin, D. J.; Pratt, Catherine; Ayouba, Ahidjo; Tessema, Sofonias; Mukadi-Bamuleka, Daniel; Jansen, Daan; Halbrook, Megan; Merrit, Sydney; Hensley, Lisa; Delaporte, Eric; Mwamba, Dieudonne; Liesenborghs, Laurens; Hoff, Nicole; Peeters, Martine; Low, Nicola; Rimoin, Anne; Kindrachuk, Jason; Vercauteren, Koen; Rambaut, Andrew; Ahuka-Mundeke, Steve; Muyembe-Tamfum, Jean-Jacques"
PP_004AK6D,Ia,None,Democratic Republic of the Congo,Kinshasa,2024-11-20,196716,0.9974595479922316,2025-10-21,"Wawina-Bokalanga, Tony; Amuri-Aziza, Adrienne; Mbala-Kingebeni, Placide; Kinganda-Lusamaki, Eddy; Pukuta-Simbu, Elisabeth; Hasivirwe-Vakaniaki, Emmanuel; Ola-Mpumbe, Rilia; Kwete-Mbokama, Papy; Akil-Bandali, Prince; Kacita, Cris; Ponga-Museme, Ange; Mapenzi-Kashali, Nelson; Vakaniaki, Gloria; Kenye, Kelly-Michel; Muyamuna, Elisabeth; Kavira-Bapitani, Sifa; Mukadi, Patrick; OToole, Aine; Tshiani-Mbaya, Olivier; Paku-Tshambu, Princesse; Lokilo-Lofiko, Emmanuel; Muswamba-Kayembe, Chloe; Makangara-Cigolo, Jean-Claude; Cikaya-Kankolongo, Fiston; Luakanda-Ndelemo, Gradi; Lawanga, Leader; Mabika-Bope, Elzedek; Lumembe-Numbi, Raphael; Kabamba-Lungenyi, Gabriel; Citenga, Andre; Kelvin, D. J.; Pratt, Catherine; Ayouba, Ahidjo; Tessema, Sofonias; Mukadi-Bamuleka, Daniel; Jansen, Daan; Halbrook, Megan; Merrit, Sydney; Hensley, Lisa; Delaporte, Eric; Mwamba, Dieudonne; Liesenborghs, Laurens; Hoff, Nicole; Peeters, Martine; Low, Nicola; Rimoin, Anne; Kindrachuk, Jason; Vercauteren, Koen; Rambaut, Andrew; Ahuka-Mundeke, Steve; Muyembe-Tamfum, Jean-Jacques"
PP_004AK7B,Ib,A.1,Democratic Republic of the Congo,Kinshasa,2024-11-22,196752,0.9189590738759388,2025-10-21,"Wawina-Bokalanga, Tony; Amuri-Aziza, Adrienne; Mbala-Kingebeni, Placide; Kinganda-Lusamaki, Eddy; Pukuta-Simbu, Elisabeth; Hasivirwe-Vakaniaki, Emmanuel; Ola-Mpumbe, Rilia; Kwete-Mbokama, Papy; Akil-Bandali, Prince; Kacita, Cris; Ponga-Museme, Ange; Mapenzi-Kashali, Nelson; Vakaniaki, Gloria; Kenye, Kelly-Michel; Muyamuna, Elisabeth; Kavira-Bapitani, Sifa; Mukadi, Patrick; OToole, Aine; Tshiani-Mbaya, Olivier; Paku-Tshambu, Princesse; Lokilo-Lofiko, Emmanuel; Muswamba-Kayembe, Chloe; Makangara-Cigolo, Jean-Claude; Cikaya-Kankolongo, Fiston; Luakanda-Ndelemo, Gradi; Lawanga, Leader; Mabika-Bope, Elzedek; Lumembe-Numbi, Raphael; Kabamba-Lungenyi, Gabriel; Citenga, Andre; Kelvin, D. J.; Pratt, Catherine; Ayouba, Ahidjo; Tessema, Sofonias; Mukadi-Bamuleka, Daniel; Jansen, Daan; Halbrook, Megan; Merrit, Sydney; Hensley, Lisa; Delaporte, Eric; Mwamba, Dieudonne; Liesenborghs, Laurens; Hoff, Nicole; Peeters, Martine; Low, Nicola; Rimoin, Anne; Kindrachuk, Jason; Vercauteren, Koen; Rambaut, Andrew; Ahuka-Mundeke, Steve; Muyembe-Tamfum, Jean-Jacques"
PP_004AK89,Ia,None,Democratic Republic of the Congo,Kinshasa,2024-11-22,196725,0.9989249983520022,2025-10-21,"Amuri-Aziza, Adrienne; Mbala-Kingebeni, Placide; Wawina-Bokalanga, Tony; Kinganda-Lusamaki, Eddy; Pukuta-Simbu, Elisabeth; Hasivirwe-Vakaniaki, Emmanuel; Ola-Mpumbe, Rilia; Kwete-Mbokama, Papy; Akil-Bandali, Prince; Kacita, Cris; Ponga-Museme, Ange; Mapenzi-Kashali, Nelson; Vakaniaki, Gloria; Kenye, Kelly-Michel; Muyamuna, Elisabeth; Kavira-Bapitani, Sifa; Mukadi, Patrick; OToole, Aine; Tshiani-Mbaya, Olivier; Paku-Tshambu, Princesse; Lokilo-Lofiko, Emmanuel; Muswamba-Kayembe, Chloe; Makangara-Cigolo, Jean-Claude; Cikaya-Kankolongo, Fiston; Luakanda-Ndelemo, Gradi; Lawanga, Leader; Mabika-Bope, Elzedek; Lumembe-Numbi, Raphael; Kabamba-Lungenyi, Gabriel; Citenga, Andre; Kelvin, D. J.; Pratt, Catherine; Ayouba, Ahidjo; Tessema, Sofonias; Mukadi-Bamuleka, Daniel; Jansen, Daan; Halbrook, Megan; Merrit, Sydney; Hensley, Lisa; Delaporte, Eric; Mwamba, Dieudonne; Liesenborghs, Laurens; Hoff, Nicole; Peeters, Martine; Low, Nicola; Rimoin, Anne; Kindrachuk, Jason; Vercauteren, Koen; Rambaut, Andrew; Ahuka-Mundeke, Steve; Muyembe-Tamfum, Jean-Jacques"
PP_004AK97,Ia,None,Democratic Republic of the Congo,Kinshasa,2024-11-23,196822,0.8069510012220538,2025-10-21,"Wawina-Bokalanga, Tony; Amuri-Aziza, Adrienne; Mbala-Kingebeni, Placide; Kinganda-Lusamaki, Eddy; Pukuta-Simbu, Elisabeth; Hasivirwe-Vakaniaki, Emmanuel; Ola-Mpumbe, Rilia; Kwete-Mbokama, Papy; Akil-Bandali, Prince; Kacita, Cris; Ponga-Museme, Ange; Mapenzi-Kashali, Nelson; Vakaniaki, Gloria; Kenye, Kelly-Michel; Muyamuna, Elisabeth; Kavira-Bapitani, Sifa; Mukadi, Patrick; OToole, Aine; Tshiani-Mbaya, Olivier; Paku-Tshambu, Princesse; Lokilo-Lofiko, Emmanuel; Muswamba-Kayembe, Chloe; Makangara-Cigolo, Jean-Claude; Cikaya-Kankolongo, Fiston; Luakanda-Ndelemo, Gradi; Lawanga, Leader; Mabika-Bope, Elzedek; Lumembe-Numbi, Raphael; Kabamba-Lungenyi, Gabriel; Citenga, Andre; Kelvin, D. J.; Pratt, Catherine; Ayouba, Ahidjo; Tessema, Sofonias; Mukadi-Bamuleka, Daniel; Jansen, Daan; Halbrook, Megan; Merrit, Sydney; Hensley, Lisa; Delaporte, Eric; Mwamba, Dieudonne; Liesenborghs, Laurens; Hoff, Nicole; Peeters, Martine; Low, Nicola; Rimoin, Anne; Kindrachuk, Jason; Vercauteren, Koen; Rambaut, Andrew; Ahuka-Mundeke, Steve; Muyembe-Tamfum, Jean-Jacques"
PP_004AKA5,Ib,A.1,Democratic Republic of the Congo,Kinshasa,2024-11-22,196659,0.997489972567175,2025-10-21,"Wawina-Bokalanga, Tony; Amuri-Aziza, Adrienne; Mbala-Kingebeni, Placide; Kinganda-Lusamaki, Eddy; Pukuta-Simbu, Elisabeth; Hasivirwe-Vakaniaki, Emmanuel; Ola-Mpumbe, Rilia; Kwete-Mbokama, Papy; Akil-Bandali, Prince; Kacita, Cris; Ponga-Museme, Ange; Mapenzi-Kashali, Nelson; Vakaniaki, Gloria; Kenye, Kelly-Michel; Muyamuna, Elisabeth; Kavira-Bapitani, Sifa; Mukadi, Patrick; OToole, Aine; Tshiani-Mbaya, Olivier; Paku-Tshambu, Princesse; Lokilo-Lofiko, Emmanuel; Muswamba-Kayembe, Chloe; Makangara-Cigolo, Jean-Claude; Cikaya-Kankolongo, Fiston; Luakanda-Ndelemo, Gradi; Lawanga, Leader; Mabika-Bope, Elzedek; Lumembe-Numbi, Raphael; Kabamba-Lungenyi, Gabriel; Citenga, Andre; Kelvin, D. J.; Pratt, Catherine; Ayouba, Ahidjo; Tessema, Sofonias; Mukadi-Bamuleka, Daniel; Jansen, Daan; Halbrook, Megan; Merrit, Sydney; Hensley, Lisa; Delaporte, Eric; Mwamba, Dieudonne; Liesenborghs, Laurens; Hoff, Nicole; Peeters, Martine; Low, Nicola; Rimoin, Anne; Kindrachuk, Jason; Vercauteren, Koen; Rambaut, Andrew; Ahuka-Mundeke, Steve; Muyembe-Tamfum, Jean-Jacques"
PP_004AKB3,Ia,None,Democratic Republic of the Congo,Kinshasa,2024-11-21,196729,0.997454477229741,2025-10-21,"Wawina-Bokalanga, Tony; Amuri-Aziza, Adrienne; Mbala-Kingebeni, Placide; Kinganda-Lusamaki, Eddy; Pukuta-Simbu, Elisabeth; Hasivirwe-Vakaniaki, Emmanuel; Ola-Mpumbe, Rilia; Kwete-Mbokama, Papy; Akil-Bandali, Prince; Kacita, Cris; Ponga-Museme, Ange; Mapenzi-Kashali, Nelson; Vakaniaki, Gloria; Kenye, Kelly-Michel; Muyamuna, Elisabeth; Kavira-Bapitani, Sifa; Mukadi, Patrick; OToole, Aine; Tshiani-Mbaya, Olivier; Paku-Tshambu, Princesse; Lokilo-Lofiko, Emmanuel; Muswamba-Kayembe, Chloe; Makangara-Cigolo, Jean-Claude; Cikaya-Kankolongo, Fiston; Luakanda-Ndelemo, Gradi; Lawanga, Leader; Mabika-Bope, Elzedek; Lumembe-Numbi, Raphael; Kabamba-Lungenyi, Gabriel; Citenga, Andre; Kelvin, D. J.; Pratt, Catherine; Ayouba, Ahidjo; Tessema, Sofonias; Mukadi-Bamuleka, Daniel; Jansen, Daan; Halbrook, Megan; Merrit, Sydney; Hensley, Lisa; Delaporte, Eric; Mwamba, Dieudonne; Liesenborghs, Laurens; Hoff, Nicole; Peeters, Martine; Low, Nicola; Rimoin, Anne; Kindrachuk, Jason; Vercauteren, Koen; Rambaut, Andrew; Ahuka-Mundeke, Steve; Muyembe-Tamfum, Jean-Jacques"
PP_004AKC1,Ia,None,Democratic Republic of the Congo,Kinshasa,2024-11-23,196812,0.9983469314280788,2025-10-21,"Wawina-Bokalanga, Tony; Amuri-Aziza, Adrienne; Mbala-Kingebeni, Placide; Kinganda-Lusamaki, Eddy; Pukuta-Simbu, Elisabeth; Hasivirwe-Vakaniaki, Emmanuel; Ola-Mpumbe, Rilia; Kwete-Mbokama, Papy; Akil-Bandali, Prince; Kacita, Cris; Ponga-Museme, Ange; Mapenzi-Kashali, Nelson; Vakaniaki, Gloria; Kenye, Kelly-Michel; Muyamuna, Elisabeth; Kavira-Bapitani, Sifa; Mukadi, Patrick; OToole, Aine; Tshiani-Mbaya, Olivier; Paku-Tshambu, Princesse; Lokilo-Lofiko, Emmanuel; Muswamba-Kayembe, Chloe; Makangara-Cigolo, Jean-Claude; Cikaya-Kankolongo, Fiston; Luakanda-Ndelemo, Gradi; Lawanga, Leader; Mabika-Bope, Elzedek; Lumembe-Numbi, Raphael; Kabamba-Lungenyi, Gabriel; Citenga, Andre; Kelvin, D. J.; Pratt, Catherine; Ayouba, Ahidjo; Tessema, Sofonias; Mukadi-Bamuleka, Daniel; Jansen, Daan; Halbrook, Megan; Merrit, Sydney; Hensley, Lisa; Delaporte, Eric; Mwamba, Dieudonne; Liesenborghs, Laurens; Hoff, Nicole; Peeters, Martine; Low, Nicola; Rimoin, Anne; Kindrachuk, Jason; Vercauteren, Koen; Rambaut, Andrew; Ahuka-Mundeke, Steve; Muyembe-Tamfum, Jean-Jacques"
PP_004AKDZ,Ia,None,Democratic Republic of the Congo,Kinshasa,2024-11-23,196742,0.9978043598415892,2025-10-21,"Wawina-Bokalanga, Tony; Amuri-Aziza, Adrienne; Mbala-Kingebeni, Placide; Kinganda-Lusamaki, Eddy; Pukuta-Simbu, Elisabeth; Hasivirwe-Vakaniaki, Emmanuel; Ola-Mpumbe, Rilia; Kwete-Mbokama, Papy; Akil-Bandali, Prince; Kacita, Cris; Ponga-Museme, Ange; Mapenzi-Kashali, Nelson; Vakaniaki, Gloria; Kenye, Kelly-Michel; Muyamuna, Elisabeth; Kavira-Bapitani, Sifa; Mukadi, Patrick; OToole, Aine; Tshiani-Mbaya, Olivier; Paku-Tshambu, Princesse; Lokilo-Lofiko, Emmanuel; Muswamba-Kayembe, Chloe; Makangara-Cigolo, Jean-Claude; Cikaya-Kankolongo, Fiston; Luakanda-Ndelemo, Gradi; Lawanga, Leader; Mabika-Bope, Elzedek; Lumembe-Numbi, Raphael; Kabamba-Lungenyi, Gabriel; Citenga, Andre; Kelvin, D. J.; Pratt, Catherine; Ayouba, Ahidjo; Tessema, Sofonias; Mukadi-Bamuleka, Daniel; Jansen, Daan; Halbrook, Megan; Merrit, Sydney; Hensley, Lisa; Delaporte, Eric; Mwamba, Dieudonne; Liesenborghs, Laurens; Hoff, Nicole; Peeters, Martine; Low, Nicola; Rimoin, Anne; Kindrachuk, Jason; Vercauteren, Koen; Rambaut, Andrew; Ahuka-Mundeke, Steve; Muyembe-Tamfum, Jean-Jacques"
PP_004AKEX,Ib,A.1,Democratic Republic of the Congo,Kinshasa,2024-11-23,196636,0.7094453092911581,2025-10-21,"Wawina-Bokalanga, Tony; Amuri-Aziza, Adrienne; Mbala-Kingebeni, Placide; Kinganda-Lusamaki, Eddy; Pukuta-Simbu, Elisabeth; Hasivirwe-Vakaniaki, Emmanuel; Ola-Mpumbe, Rilia; Kwete-Mbokama, Papy; Akil-Bandali, Prince; Kacita, Cris; Ponga-Museme, Ange; Mapenzi-Kashali, Nelson; Vakaniaki, Gloria; Kenye, Kelly-Michel; Muyamuna, Elisabeth; Kavira-Bapitani, Sifa; Mukadi, Patrick; OToole, Aine; Tshiani-Mbaya, Olivier; Paku-Tshambu, Princesse; Lokilo-Lofiko, Emmanuel; Muswamba-Kayembe, Chloe; Makangara-Cigolo, Jean-Claude; Cikaya-Kankolongo, Fiston; Luakanda-Ndelemo, Gradi; Lawanga, Leader; Mabika-Bope, Elzedek; Lumembe-Numbi, Raphael; Kabamba-Lungenyi, Gabriel; Citenga, Andre; Kelvin, D. J.; Pratt, Catherine; Ayouba, Ahidjo; Tessema, Sofonias; Mukadi-Bamuleka, Daniel; Jansen, Daan; Halbrook, Megan; Merrit, Sydney; Hensley, Lisa; Delaporte, Eric; Mwamba, Dieudonne; Liesenborghs, Laurens; Hoff, Nicole; Peeters, Martine; Low, Nicola; Rimoin, Anne; Kindrachuk, Jason; Vercauteren, Koen; Rambaut, Andrew; Ahuka-Mundeke, Steve; Muyembe-Tamfum, Jean-Jacques"
PP_004AKFV,Ia,None,Democratic Republic of the Congo,Kinshasa,2024-11-22,196592,0.728095573731422,2025-10-21,"Wawina-Bokalanga, Tony; Amuri-Aziza, Adrienne; Mbala-Kingebeni, Placide; Kinganda-Lusamaki, Eddy; Pukuta-Simbu, Elisabeth; Hasivirwe-Vakaniaki, Emmanuel; Ola-Mpumbe, Rilia; Kwete-Mbokama, Papy; Akil-Bandali, Prince; Kacita, Cris; Ponga-Museme, Ange; Mapenzi-Kashali, Nelson; Vakaniaki, Gloria; Kenye, Kelly-Michel; Muyamuna, Elisabeth; Kavira-Bapitani, Sifa; Mukadi, Patrick; OToole, Aine; Tshiani-Mbaya, Olivier; Paku-Tshambu, Princesse; Lokilo-Lofiko, Emmanuel; Muswamba-Kayembe, Chloe; Makangara-Cigolo, Jean-Claude; Cikaya-Kankolongo, Fiston; Luakanda-Ndelemo, Gradi; Lawanga, Leader; Mabika-Bope, Elzedek; Lumembe-Numbi, Raphael; Kabamba-Lungenyi, Gabriel; Citenga, Andre; Kelvin, D. J.; Pratt, Catherine; Ayouba, Ahidjo; Tessema, Sofonias; Mukadi-Bamuleka, Daniel; Jansen, Daan; Halbrook, Megan; Merrit, Sydney; Hensley, Lisa; Delaporte, Eric; Mwamba, Dieudonne; Liesenborghs, Laurens; Hoff, Nicole; Peeters, Martine; Low, Nicola; Rimoin, Anne; Kindrachuk, Jason; Vercauteren, Koen; Rambaut, Andrew; Ahuka-Mundeke, Steve; Muyembe-Tamfum, Jean-Jacques"
PP_004AKGT,Ia,None,Democratic Republic of the Congo,Kinshasa,2024-11-22,196704,0.9979666242412872,2025-10-21,"Wawina-Bokalanga, Tony; Amuri-Aziza, Adrienne; Mbala-Kingebeni, Placide; Kinganda-Lusamaki, Eddy; Pukuta-Simbu, Elisabeth; Hasivirwe-Vakaniaki, Emmanuel; Ola-Mpumbe, Rilia; Kwete-Mbokama, Papy; Akil-Bandali, Prince; Kacita, Cris; Ponga-Museme, Ange; Mapenzi-Kashali, Nelson; Vakaniaki, Gloria; Kenye, Kelly-Michel; Muyamuna, Elisabeth; Kavira-Bapitani, Sifa; Mukadi, Patrick; OToole, Aine; Tshiani-Mbaya, Olivier; Paku-Tshambu, Princesse; Lokilo-Lofiko, Emmanuel; Muswamba-Kayembe, Chloe; Makangara-Cigolo, Jean-Claude; Cikaya-Kankolongo, Fiston; Luakanda-Ndelemo, Gradi; Lawanga, Leader; Mabika-Bope, Elzedek; Lumembe-Numbi, Raphael; Kabamba-Lungenyi, Gabriel; Citenga, Andre; Kelvin, D. J.; Pratt, Catherine; Ayouba, Ahidjo; Tessema, Sofonias; Mukadi-Bamuleka, Daniel; Jansen, Daan; Halbrook, Megan; Merrit, Sydney; Hensley, Lisa; Delaporte, Eric; Mwamba, Dieudonne; Liesenborghs, Laurens; Hoff, Nicole; Peeters, Martine; Low, Nicola; Rimoin, Anne; Kindrachuk, Jason; Vercauteren, Koen; Rambaut, Andrew; Ahuka-Mundeke, Steve; Muyembe-Tamfum, Jean-Jacques"
PP_004AKHQ,Ia,None,Democratic Republic of the Congo,Kinshasa,2024-11-21,196618,0.7765467093286818,2025-10-21,"Wawina-Bokalanga, Tony; Amuri-Aziza, Adrienne; Mbala-Kingebeni, Placide; Kinganda-Lusamaki, Eddy; Pukuta-Simbu, Elisabeth; Hasivirwe-Vakaniaki, Emmanuel; Ola-Mpumbe, Rilia; Kwete-Mbokama, Papy; Akil-Bandali, Prince; Kacita, Cris; Ponga-Museme, Ange; Mapenzi-Kashali, Nelson; Vakaniaki, Gloria; Kenye, Kelly-Michel; Muyamuna, Elisabeth; Kavira-Bapitani, Sifa; Mukadi, Patrick; OToole, Aine; Tshiani-Mbaya, Olivier; Paku-Tshambu, Princesse; Lokilo-Lofiko, Emmanuel; Muswamba-Kayembe, Chloe; Makangara-Cigolo, Jean-Claude; Cikaya-Kankolongo, Fiston; Luakanda-Ndelemo, Gradi; Lawanga, Leader; Mabika-Bope, Elzedek; Lumembe-Numbi, Raphael; Kabamba-Lungenyi, Gabriel; Citenga, Andre; Kelvin, D. J.; Pratt, Catherine; Ayouba, Ahidjo; Tessema, Sofonias; Mukadi-Bamuleka, Daniel; Jansen, Daan; Halbrook, Megan; Merrit, Sydney; Hensley, Lisa; Delaporte, Eric; Mwamba, Dieudonne; Liesenborghs, Laurens; Hoff, Nicole; Peeters, Martine; Low, Nicola; Rimoin, Anne; Kindrachuk, Jason; Vercauteren, Koen; Rambaut, Andrew; Ahuka-Mundeke, Steve; Muyembe-Tamfum, Jean-Jacques"
PP_004AKJN,Ia,None,Democratic Republic of the Congo,Kinshasa,2024-11-23,196822,0.9985345496402294,2025-10-21,"Wawina-Bokalanga, Tony; Amuri-Aziza, Adrienne; Mbala-Kingebeni, Placide; Kinganda-Lusamaki, Eddy; Pukuta-Simbu, Elisabeth; Hasivirwe-Vakaniaki, Emmanuel; Ola-Mpumbe, Rilia; Kwete-Mbokama, Papy; Akil-Bandali, Prince; Kacita, Cris; Ponga-Museme, Ange; Mapenzi-Kashali, Nelson; Vakaniaki, Gloria; Kenye, Kelly-Michel; Muyamuna, Elisabeth; Kavira-Bapitani, Sifa; Mukadi, Patrick; OToole, Aine; Tshiani-Mbaya, Olivier; Paku-Tshambu, Princesse; Lokilo-Lofiko, Emmanuel; Muswamba-Kayembe, Chloe; Makangara-Cigolo, Jean-Claude; Cikaya-Kankolongo, Fiston; Luakanda-Ndelemo, Gradi; Lawanga, Leader; Mabika-Bope, Elzedek; Lumembe-Numbi, Raphael; Kabamba-Lungenyi, Gabriel; Citenga, Andre; Kelvin, D. J.; Pratt, Catherine; Ayouba, Ahidjo; Tessema, Sofonias; Mukadi-Bamuleka, Daniel; Jansen, Daan; Halbrook, Megan; Merrit, Sydney; Hensley, Lisa; Delaporte, Eric; Mwamba, Dieudonne; Liesenborghs, Laurens; Hoff, Nicole; Peeters, Martine; Low, Nicola; Rimoin, Anne; Kindrachuk, Jason; Vercauteren, Koen; Rambaut, Andrew; Ahuka-Mundeke, Steve; Muyembe-Tamfum, Jean-Jacques"
PP_004AKKL,Ia,None,Democratic Republic of the Congo,Kinshasa,2024-11-23,196713,0.9243594359283804,2025-10-21,"Wawina-Bokalanga, Tony; Amuri-Aziza, Adrienne; Mbala-Kingebeni, Placide; Kinganda-Lusamaki, Eddy; Pukuta-Simbu, Elisabeth; Hasivirwe-Vakaniaki, Emmanuel; Ola-Mpumbe, Rilia; Kwete-Mbokama, Papy; Akil-Bandali, Prince; Kacita, Cris; Ponga-Museme, Ange; Mapenzi-Kashali, Nelson; Vakaniaki, Gloria; Kenye, Kelly-Michel; Muyamuna, Elisabeth; Kavira-Bapitani, Sifa; Mukadi, Patrick; OToole, Aine; Tshiani-Mbaya, Olivier; Paku-Tshambu, Princesse; Lokilo-Lofiko, Emmanuel; Muswamba-Kayembe, Chloe; Makangara-Cigolo, Jean-Claude; Cikaya-Kankolongo, Fiston; Luakanda-Ndelemo, Gradi; Lawanga, Leader; Mabika-Bope, Elzedek; Lumembe-Numbi, Raphael; Kabamba-Lungenyi, Gabriel; Citenga, Andre; Kelvin, D. J.; Pratt, Catherine; Ayouba, Ahidjo; Tessema, Sofonias; Mukadi-Bamuleka, Daniel; Jansen, Daan; Halbrook, Megan; Merrit, Sydney; Hensley, Lisa; Delaporte, Eric; Mwamba, Dieudonne; Liesenborghs, Laurens; Hoff, Nicole; Peeters, Martine; Low, Nicola; Rimoin, Anne; Kindrachuk, Jason; Vercauteren, Koen; Rambaut, Andrew; Ahuka-Mundeke, Steve; Muyembe-Tamfum, Jean-Jacques"
PP_004AKLJ,Ia,None,Democratic Republic of the Congo,Kinshasa,2024-11-22,196720,0.99644032473163,2025-10-21,"Wawina-Bokalanga, Tony; Amuri-Aziza, Adrienne; Mbala-Kingebeni, Placide; Kinganda-Lusamaki, Eddy; Pukuta-Simbu, Elisabeth; Hasivirwe-Vakaniaki, Emmanuel; Ola-Mpumbe, Rilia; Kwete-Mbokama, Papy; Akil-Bandali, Prince; Kacita, Cris; Ponga-Museme, Ange; Mapenzi-Kashali, Nelson; Vakaniaki, Gloria; Kenye, Kelly-Michel; Muyamuna, Elisabeth; Kavira-Bapitani, Sifa; Mukadi, Patrick; OToole, Aine; Tshiani-Mbaya, Olivier; Paku-Tshambu, Princesse; Lokilo-Lofiko, Emmanuel; Muswamba-Kayembe, Chloe; Makangara-Cigolo, Jean-Claude; Cikaya-Kankolongo, Fiston; Luakanda-Ndelemo, Gradi; Lawanga, Leader; Mabika-Bope, Elzedek; Lumembe-Numbi, Raphael; Kabamba-Lungenyi, Gabriel; Citenga, Andre; Kelvin, D. J.; Pratt, Catherine; Ayouba, Ahidjo; Tessema, Sofonias; Mukadi-Bamuleka, Daniel; Jansen, Daan; Halbrook, Megan; Merrit, Sydney; Hensley, Lisa; Delaporte, Eric; Mwamba, Dieudonne; Liesenborghs, Laurens; Hoff, Nicole; Peeters, Martine; Low, Nicola; Rimoin, Anne; Kindrachuk, Jason; Vercauteren, Koen; Rambaut, Andrew; Ahuka-Mundeke, Steve; Muyembe-Tamfum, Jean-Jacques"
PP_004AKMG,Ia,None,Democratic Republic of the Congo,Kinshasa,2024-11-22,196730,0.9985649742151728,2025-10-21,"Wawina-Bokalanga, Tony; Amuri-Aziza, Adrienne; Mbala-Kingebeni, Placide; Kinganda-Lusamaki, Eddy; Pukuta-Simbu, Elisabeth; Hasivirwe-Vakaniaki, Emmanuel; Ola-Mpumbe, Rilia; Kwete-Mbokama, Papy; Akil-Bandali, Prince; Kacita, Cris; Ponga-Museme, Ange; Mapenzi-Kashali, Nelson; Vakaniaki, Gloria; Kenye, Kelly-Michel; Muyamuna, Elisabeth; Kavira-Bapitani, Sifa; Mukadi, Patrick; OToole, Aine; Tshiani-Mbaya, Olivier; Paku-Tshambu, Princesse; Lokilo-Lofiko, Emmanuel; Muswamba-Kayembe, Chloe; Makangara-Cigolo, Jean-Claude; Cikaya-Kankolongo, Fiston; Luakanda-Ndelemo, Gradi; Lawanga, Leader; Mabika-Bope, Elzedek; Lumembe-Numbi, Raphael; Kabamba-Lungenyi, Gabriel; Citenga, Andre; Kelvin, D. J.; Pratt, Catherine; Ayouba, Ahidjo; Tessema, Sofonias; Mukadi-Bamuleka, Daniel; Jansen, Daan; Halbrook, Megan; Merrit, Sydney; Hensley, Lisa; Delaporte, Eric; Mwamba, Dieudonne; Liesenborghs, Laurens; Hoff, Nicole; Peeters, Martine; Low, Nicola; Rimoin, Anne; Kindrachuk, Jason; Vercauteren, Koen; Rambaut, Andrew; Ahuka-Mundeke, Steve; Muyembe-Tamfum, Jean-Jacques"
PP_004AKNE,Ia,None,Democratic Republic of the Congo,Tshopo,2024-10-14,196803,0.9983874975280032,2025-10-21,"Luakanda-Ndelemo, Gradi; Mbala-Kingebeni, Placide; Wawina-Bokalanga, Tony; Kinganda-Lusamaki, Eddy; Pukuta-Simbu, Elisabeth; Hasivirwe-Vakaniaki, Emmanuel; Ola-Mpumbe, Rilia; Kwete-Mbokama, Papy; Akil-Bandali, Prince; Kacita, Cris; Ponga-Museme, Ange; Mapenzi-Kashali, Nelson; Vakaniaki, Gloria; Amuri-Aziza, Adrienne; Kenye, Kelly-Michel; Muyamuna, Elisabeth; Kavira-Bapitani, Sifa; Mukadi, Patrick; OToole, Aine; Tshiani-Mbaya, Olivier; Paku-Tshambu, Princesse; Lokilo-Lofiko, Emmanuel; Muswamba-Kayembe, Chloe; Makangara-Cigolo, Jean-Claude; Cikaya-Kankolongo, Fiston; Lawanga, Leader; Mabika-Bope, Elzedek; Lumembe-Numbi, Raphael; Kabamba-Lungenyi, Gabriel; Citenga, Andre; Kelvin, D. J.; Pratt, Catherine; Ayouba, Ahidjo; Tessema, Sofonias; Mukadi-Bamuleka, Daniel; Jansen, Daan; Halbrook, Megan; Merrit, Sydney; Hensley, Lisa; Delaporte, Eric; Mwamba, Dieudonne; Liesenborghs, Laurens; Hoff, Nicole; Peeters, Martine; Low, Nicola; Rimoin, Anne; Kindrachuk, Jason; Vercauteren, Koen; Rambaut, Andrew; Ahuka-Mundeke, Steve; Muyembe-Tamfum, Jean-Jacques"
PP_004AKPC,Ia,None,Democratic Republic of the Congo,Kinshasa,2024-11-23,196821,0.9986968140399272,2025-10-21,"Wawina-Bokalanga, Tony; Amuri-Aziza, Adrienne; Mbala-Kingebeni, Placide; Kinganda-Lusamaki, Eddy; Pukuta-Simbu, Elisabeth; Hasivirwe-Vakaniaki, Emmanuel; Ola-Mpumbe, Rilia; Kwete-Mbokama, Papy; Akil-Bandali, Prince; Kacita, Cris; Ponga-Museme, Ange; Mapenzi-Kashali, Nelson; Vakaniaki, Gloria; Kenye, Kelly-Michel; Muyamuna, Elisabeth; Kavira-Bapitani, Sifa; Mukadi, Patrick; OToole, Aine; Tshiani-Mbaya, Olivier; Paku-Tshambu, Princesse; Lokilo-Lofiko, Emmanuel; Muswamba-Kayembe, Chloe; Makangara-Cigolo, Jean-Claude; Cikaya-Kankolongo, Fiston; Luakanda-Ndelemo, Gradi; Lawanga, Leader; Mabika-Bope, Elzedek; Lumembe-Numbi, Raphael; Kabamba-Lungenyi, Gabriel; Citenga, Andre; Kelvin, D. J.; Pratt, Catherine; Ayouba, Ahidjo; Tessema, Sofonias; Mukadi-Bamuleka, Daniel; Jansen, Daan; Halbrook, Megan; Merrit, Sydney; Hensley, Lisa; Delaporte, Eric; Mwamba, Dieudonne; Liesenborghs, Laurens; Hoff, Nicole; Peeters, Martine; Low, Nicola; Rimoin, Anne; Kindrachuk, Jason; Vercauteren, Koen; Rambaut, Andrew; Ahuka-Mundeke, Steve; Muyembe-Tamfum, Jean-Jacques"
PP_004AKQA,Ib,A.1,Democratic Republic of the Congo,Kinshasa,2024-11-25,196572,0.7484901804684371,2025-10-21,"Wawina-Bokalanga, Tony; Amuri-Aziza, Adrienne; Mbala-Kingebeni, Placide; Kinganda-Lusamaki, Eddy; Pukuta-Simbu, Elisabeth; Hasivirwe-Vakaniaki, Emmanuel; Ola-Mpumbe, Rilia; Kwete-Mbokama, Papy; Akil-Bandali, Prince; Kacita, Cris; Ponga-Museme, Ange; Mapenzi-Kashali, Nelson; Vakaniaki, Gloria; Kenye, Kelly-Michel; Muyamuna, Elisabeth; Kavira-Bapitani, Sifa; Mukadi, Patrick; OToole, Aine; Tshiani-Mbaya, Olivier; Paku-Tshambu, Princesse; Lokilo-Lofiko, Emmanuel; Muswamba-Kayembe, Chloe; Makangara-Cigolo, Jean-Claude; Cikaya-Kankolongo, Fiston; Luakanda-Ndelemo, Gradi; Lawanga, Leader; Mabika-Bope, Elzedek; Lumembe-Numbi, Raphael; Kabamba-Lungenyi, Gabriel; Citenga, Andre; Kelvin, D. J.; Pratt, Catherine; Ayouba, Ahidjo; Tessema, Sofonias; Mukadi-Bamuleka, Daniel; Jansen, Daan; Halbrook, Megan; Merrit, Sydney; Hensley, Lisa; Delaporte, Eric; Mwamba, Dieudonne; Liesenborghs, Laurens; Hoff, Nicole; Peeters, Martine; Low, Nicola; Rimoin, Anne; Kindrachuk, Jason; Vercauteren, Koen; Rambaut, Andrew; Ahuka-Mundeke, Steve; Muyembe-Tamfum, Jean-Jacques"
PP_004AKR8,Ia,None,Democratic Republic of the Congo,Kinshasa,2024-11-24,196619,0.9946503455724636,2025-10-21,"Wawina-Bokalanga, Tony; Amuri-Aziza, Adrienne; Mbala-Kingebeni, Placide; Kinganda-Lusamaki, Eddy; Pukuta-Simbu, Elisabeth; Hasivirwe-Vakaniaki, Emmanuel; Ola-Mpumbe, Rilia; Kwete-Mbokama, Papy; Akil-Bandali, Prince; Kacita, Cris; Ponga-Museme, Ange; Mapenzi-Kashali, Nelson; Vakaniaki, Gloria; Kenye, Kelly-Michel; Muyamuna, Elisabeth; Kavira-Bapitani, Sifa; Mukadi, Patrick; OToole, Aine; Tshiani-Mbaya, Olivier; Paku-Tshambu, Princesse; Lokilo-Lofiko, Emmanuel; Muswamba-Kayembe, Chloe; Makangara-Cigolo, Jean-Claude; Cikaya-Kankolongo, Fiston; Luakanda-Ndelemo, Gradi; Lawanga, Leader; Mabika-Bope, Elzedek; Lumembe-Numbi, Raphael; Kabamba-Lungenyi, Gabriel; Citenga, Andre; Kelvin, D. J.; Pratt, Catherine; Ayouba, Ahidjo; Tessema, Sofonias; Mukadi-Bamuleka, Daniel; Jansen, Daan; Halbrook, Megan; Merrit, Sydney; Hensley, Lisa; Delaporte, Eric; Mwamba, Dieudonne; Liesenborghs, Laurens; Hoff, Nicole; Peeters, Martine; Low, Nicola; Rimoin, Anne; Kindrachuk, Jason; Vercauteren, Koen; Rambaut, Andrew; Ahuka-Mundeke, Steve; Muyembe-Tamfum, Jean-Jacques"
PP_004AKS6,Ia,None,Democratic Republic of the Congo,Kinshasa,2024-11-20,196728,0.99853962040272,2025-10-21,"Wawina-Bokalanga, Tony; Amuri-Aziza, Adrienne; Mbala-Kingebeni, Placide; Kinganda-Lusamaki, Eddy; Pukuta-Simbu, Elisabeth; Hasivirwe-Vakaniaki, Emmanuel; Ola-Mpumbe, Rilia; Kwete-Mbokama, Papy; Akil-Bandali, Prince; Kacita, Cris; Ponga-Museme, Ange; Mapenzi-Kashali, Nelson; Vakaniaki, Gloria; Kenye, Kelly-Michel; Muyamuna, Elisabeth; Kavira-Bapitani, Sifa; Mukadi, Patrick; OToole, Aine; Tshiani-Mbaya, Olivier; Paku-Tshambu, Princesse; Lokilo-Lofiko, Emmanuel; Muswamba-Kayembe, Chloe; Makangara-Cigolo, Jean-Claude; Cikaya-Kankolongo, Fiston; Luakanda-Ndelemo, Gradi; Lawanga, Leader; Mabika-Bope, Elzedek; Lumembe-Numbi, Raphael; Kabamba-Lungenyi, Gabriel; Citenga, Andre; Kelvin, D. J.; Pratt, Catherine; Ayouba, Ahidjo; Tessema, Sofonias; Mukadi-Bamuleka, Daniel; Jansen, Daan; Halbrook, Megan; Merrit, Sydney; Hensley, Lisa; Delaporte, Eric; Mwamba, Dieudonne; Liesenborghs, Laurens; Hoff, Nicole; Peeters, Martine; Low, Nicola; Rimoin, Anne; Kindrachuk, Jason; Vercauteren, Koen; Rambaut, Andrew; Ahuka-Mundeke, Steve; Muyembe-Tamfum, Jean-Jacques"
PP_004AKT4,Ib,A.1,Democratic Republic of the Congo,Kinshasa,2024-11-26,189524,0.8788442718131525,2025-10-21,"Wawina-Bokalanga, Tony; Amuri-Aziza, Adrienne; Mbala-Kingebeni, Placide; Kinganda-Lusamaki, Eddy; Pukuta-Simbu, Elisabeth; Hasivirwe-Vakaniaki, Emmanuel; Ola-Mpumbe, Rilia; Kwete-Mbokama, Papy; Akil-Bandali, Prince; Kacita, Cris; Ponga-Museme, Ange; Mapenzi-Kashali, Nelson; Vakaniaki, Gloria; Kenye, Kelly-Michel; Muyamuna, Elisabeth; Kavira-Bapitani, Sifa; Mukadi, Patrick; OToole, Aine; Tshiani-Mbaya, Olivier; Paku-Tshambu, Princesse; Lokilo-Lofiko, Emmanuel; Muswamba-Kayembe, Chloe; Makangara-Cigolo, Jean-Claude; Cikaya-Kankolongo, Fiston; Luakanda-Ndelemo, Gradi; Lawanga, Leader; Mabika-Bope, Elzedek; Lumembe-Numbi, Raphael; Kabamba-Lungenyi, Gabriel; Citenga, Andre; Kelvin, D. J.; Pratt, Catherine; Ayouba, Ahidjo; Tessema, Sofonias; Mukadi-Bamuleka, Daniel; Jansen, Daan; Halbrook, Megan; Merrit, Sydney; Hensley, Lisa; Delaporte, Eric; Mwamba, Dieudonne; Liesenborghs, Laurens; Hoff, Nicole; Peeters, Martine; Low, Nicola; Rimoin, Anne; Kindrachuk, Jason; Vercauteren, Koen; Rambaut, Andrew; Ahuka-Mundeke, Steve; Muyembe-Tamfum, Jean-Jacques"
PP_004AKU2,Ia,None,Democratic Republic of the Congo,Kinshasa,2024-11-26,189930,0.9316309093398374,2025-10-21,"Wawina-Bokalanga, Tony; Amuri-Aziza, Adrienne; Mbala-Kingebeni, Placide; Kinganda-Lusamaki, Eddy; Pukuta-Simbu, Elisabeth; Hasivirwe-Vakaniaki, Emmanuel; Ola-Mpumbe, Rilia; Kwete-Mbokama, Papy; Akil-Bandali, Prince; Kacita, Cris; Ponga-Museme, Ange; Mapenzi-Kashali, Nelson; Vakaniaki, Gloria; Kenye, Kelly-Michel; Muyamuna, Elisabeth; Kavira-Bapitani, Sifa; Mukadi, Patrick; OToole, Aine; Tshiani-Mbaya, Olivier; Paku-Tshambu, Princesse; Lokilo-Lofiko, Emmanuel; Muswamba-Kayembe, Chloe; Makangara-Cigolo, Jean-Claude; Cikaya-Kankolongo, Fiston; Luakanda-Ndelemo, Gradi; Lawanga, Leader; Mabika-Bope, Elzedek; Lumembe-Numbi, Raphael; Kabamba-Lungenyi, Gabriel; Citenga, Andre; Kelvin, D. J.; Pratt, Catherine; Ayouba, Ahidjo; Tessema, Sofonias; Mukadi-Bamuleka, Daniel; Jansen, Daan; Halbrook, Megan; Merrit, Sydney; Hensley, Lisa; Delaporte, Eric; Mwamba, Dieudonne; Liesenborghs, Laurens; Hoff, Nicole; Peeters, Martine; Low, Nicola; Rimoin, Anne; Kindrachuk, Jason; Vercauteren, Koen; Rambaut, Andrew; Ahuka-Mundeke, Steve; Muyembe-Tamfum, Jean-Jacques"
PP_004AKV0,Ia,None,Democratic Republic of the Congo,Kinshasa,2024-11-26,189248,0.9123569411132352,2025-10-21,"Wawina-Bokalanga, Tony; Amuri-Aziza, Adrienne; Mbala-Kingebeni, Placide; Kinganda-Lusamaki, Eddy; Pukuta-Simbu, Elisabeth; Hasivirwe-Vakaniaki, Emmanuel; Ola-Mpumbe, Rilia; Kwete-Mbokama, Papy; Akil-Bandali, Prince; Kacita, Cris; Ponga-Museme, Ange; Mapenzi-Kashali, Nelson; Vakaniaki, Gloria; Kenye, Kelly-Michel; Muyamuna, Elisabeth; Kavira-Bapitani, Sifa; Mukadi, Patrick; OToole, Aine; Tshiani-Mbaya, Olivier; Paku-Tshambu, Princesse; Lokilo-Lofiko, Emmanuel; Muswamba-Kayembe, Chloe; Makangara-Cigolo, Jean-Claude; Cikaya-Kankolongo, Fiston; Luakanda-Ndelemo, Gradi; Lawanga, Leader; Mabika-Bope, Elzedek; Lumembe-Numbi, Raphael; Kabamba-Lungenyi, Gabriel; Citenga, Andre; Kelvin, D. J.; Pratt, Catherine; Ayouba, Ahidjo; Tessema, Sofonias; Mukadi-Bamuleka, Daniel; Jansen, Daan; Halbrook, Megan; Merrit, Sydney; Hensley, Lisa; Delaporte, Eric; Mwamba, Dieudonne; Liesenborghs, Laurens; Hoff, Nicole; Peeters, Martine; Low, Nicola; Rimoin, Anne; Kindrachuk, Jason; Vercauteren, Koen; Rambaut, Andrew; Ahuka-Mundeke, Steve; Muyembe-Tamfum, Jean-Jacques"
PP_004AKWY,Ia,None,Democratic Republic of the Congo,Kinshasa,2024-11-23,190125,0.8868155104483061,2025-10-21,"Wawina-Bokalanga, Tony; Amuri-Aziza, Adrienne; Mbala-Kingebeni, Placide; Kinganda-Lusamaki, Eddy; Pukuta-Simbu, Elisabeth; Hasivirwe-Vakaniaki, Emmanuel; Ola-Mpumbe, Rilia; Kwete-Mbokama, Papy; Akil-Bandali, Prince; Kacita, Cris; Ponga-Museme, Ange; Mapenzi-Kashali, Nelson; Vakaniaki, Gloria; Kenye, Kelly-Michel; Muyamuna, Elisabeth; Kavira-Bapitani, Sifa; Mukadi, Patrick; OToole, Aine; Tshiani-Mbaya, Olivier; Paku-Tshambu, Princesse; Lokilo-Lofiko, Emmanuel; Muswamba-Kayembe, Chloe; Makangara-Cigolo, Jean-Claude; Cikaya-Kankolongo, Fiston; Luakanda-Ndelemo, Gradi; Lawanga, Leader; Mabika-Bope, Elzedek; Lumembe-Numbi, Raphael; Kabamba-Lungenyi, Gabriel; Citenga, Andre; Kelvin, D. J.; Pratt, Catherine; Ayouba, Ahidjo; Tessema, Sofonias; Mukadi-Bamuleka, Daniel; Jansen, Daan; Halbrook, Megan; Merrit, Sydney; Hensley, Lisa; Delaporte, Eric; Mwamba, Dieudonne; Liesenborghs, Laurens; Hoff, Nicole; Peeters, Martine; Low, Nicola; Rimoin, Anne; Kindrachuk, Jason; Vercauteren, Koen; Rambaut, Andrew; Ahuka-Mundeke, Steve; Muyembe-Tamfum, Jean-Jacques"
PP_004AKXW,Ia,None,Democratic Republic of the Congo,Kinshasa,2024-11-26,190111,0.920449878048162,2025-10-21,"Wawina-Bokalanga, Tony; Amuri-Aziza, Adrienne; Mbala-Kingebeni, Placide; Kinganda-Lusamaki, Eddy; Pukuta-Simbu, Elisabeth; Hasivirwe-Vakaniaki, Emmanuel; Ola-Mpumbe, Rilia; Kwete-Mbokama, Papy; Akil-Bandali, Prince; Kacita, Cris; Ponga-Museme, Ange; Mapenzi-Kashali, Nelson; Vakaniaki, Gloria; Kenye, Kelly-Michel; Muyamuna, Elisabeth; Kavira-Bapitani, Sifa; Mukadi, Patrick; OToole, Aine; Tshiani-Mbaya, Olivier; Paku-Tshambu, Princesse; Lokilo-Lofiko, Emmanuel; Muswamba-Kayembe, Chloe; Makangara-Cigolo, Jean-Claude; Cikaya-Kankolongo, Fiston; Luakanda-Ndelemo, Gradi; Lawanga, Leader; Mabika-Bope, Elzedek; Lumembe-Numbi, Raphael; Kabamba-Lungenyi, Gabriel; Citenga, Andre; Kelvin, D. J.; Pratt, Catherine; Ayouba, Ahidjo; Tessema, Sofonias; Mukadi-Bamuleka, Daniel; Jansen, Daan; Halbrook, Megan; Merrit, Sydney; Hensley, Lisa; Delaporte, Eric; Mwamba, Dieudonne; Liesenborghs, Laurens; Hoff, Nicole; Peeters, Martine; Low, Nicola; Rimoin, Anne; Kindrachuk, Jason; Vercauteren, Koen; Rambaut, Andrew; Ahuka-Mundeke, Steve; Muyembe-Tamfum, Jean-Jacques"
PP_004AKYU,Ia,None,Democratic Republic of the Congo,Kinshasa,2024-11-26,189767,0.8857506503252894,2025-10-21,"Wawina-Bokalanga, Tony; Amuri-Aziza, Adrienne; Mbala-Kingebeni, Placide; Kinganda-Lusamaki, Eddy; Pukuta-Simbu, Elisabeth; Hasivirwe-Vakaniaki, Emmanuel; Ola-Mpumbe, Rilia; Kwete-Mbokama, Papy; Akil-Bandali, Prince; Kacita, Cris; Ponga-Museme, Ange; Mapenzi-Kashali, Nelson; Vakaniaki, Gloria; Kenye, Kelly-Michel; Muyamuna, Elisabeth; Kavira-Bapitani, Sifa; Mukadi, Patrick; OToole, Aine; Tshiani-Mbaya, Olivier; Paku-Tshambu, Princesse; Lokilo-Lofiko, Emmanuel; Muswamba-Kayembe, Chloe; Makangara-Cigolo, Jean-Claude; Cikaya-Kankolongo, Fiston; Luakanda-Ndelemo, Gradi; Lawanga, Leader; Mabika-Bope, Elzedek; Lumembe-Numbi, Raphael; Kabamba-Lungenyi, Gabriel; Citenga, Andre; Kelvin, D. J.; Pratt, Catherine; Ayouba, Ahidjo; Tessema, Sofonias; Mukadi-Bamuleka, Daniel; Jansen, Daan; Halbrook, Megan; Merrit, Sydney; Hensley, Lisa; Delaporte, Eric; Mwamba, Dieudonne; Liesenborghs, Laurens; Hoff, Nicole; Peeters, Martine; Low, Nicola; Rimoin, Anne; Kindrachuk, Jason; Vercauteren, Koen; Rambaut, Andrew; Ahuka-Mundeke, Steve; Muyembe-Tamfum, Jean-Jacques"
PP_004AKZS,Ia,None,Democratic Republic of the Congo,Kinshasa,2024-11-26,189563,0.8766232778422891,2025-10-21,"Wawina-Bokalanga, Tony; Amuri-Aziza, Adrienne; Mbala-Kingebeni, Placide; Kinganda-Lusamaki, Eddy; Pukuta-Simbu, Elisabeth; Hasivirwe-Vakaniaki, Emmanuel; Ola-Mpumbe, Rilia; Kwete-Mbokama, Papy; Akil-Bandali, Prince; Kacita, Cris; Ponga-Museme, Ange; Mapenzi-Kashali, Nelson; Vakaniaki, Gloria; Kenye, Kelly-Michel; Muyamuna, Elisabeth; Kavira-Bapitani, Sifa; Mukadi, Patrick; OToole, Aine; Tshiani-Mbaya, Olivier; Paku-Tshambu, Princesse; Lokilo-Lofiko, Emmanuel; Muswamba-Kayembe, Chloe; Makangara-Cigolo, Jean-Claude; Cikaya-Kankolongo, Fiston; Luakanda-Ndelemo, Gradi; Lawanga, Leader; Mabika-Bope, Elzedek; Lumembe-Numbi, Raphael; Kabamba-Lungenyi, Gabriel; Citenga, Andre; Kelvin, D. J.; Pratt, Catherine; Ayouba, Ahidjo; Tessema, Sofonias; Mukadi-Bamuleka, Daniel; Jansen, Daan; Halbrook, Megan; Merrit, Sydney; Hensley, Lisa; Delaporte, Eric; Mwamba, Dieudonne; Liesenborghs, Laurens; Hoff, Nicole; Peeters, Martine; Low, Nicola; Rimoin, Anne; Kindrachuk, Jason; Vercauteren, Koen; Rambaut, Andrew; Ahuka-Mundeke, Steve; Muyembe-Tamfum, Jean-Jacques"
PP_004AL0Q,Ia,None,Democratic Republic of the Congo,Kinshasa,2024-11-23,189244,0.8797012306740565,2025-10-21,"Wawina-Bokalanga, Tony; Amuri-Aziza, Adrienne; Mbala-Kingebeni, Placide; Kinganda-Lusamaki, Eddy; Pukuta-Simbu, Elisabeth; Hasivirwe-Vakaniaki, Emmanuel; Ola-Mpumbe, Rilia; Kwete-Mbokama, Papy; Akil-Bandali, Prince; Kacita, Cris; Ponga-Museme, Ange; Mapenzi-Kashali, Nelson; Vakaniaki, Gloria; Kenye, Kelly-Michel; Muyamuna, Elisabeth; Kavira-Bapitani, Sifa; Mukadi, Patrick; OToole, Aine; Tshiani-Mbaya, Olivier; Paku-Tshambu, Princesse; Lokilo-Lofiko, Emmanuel; Muswamba-Kayembe, Chloe; Makangara-Cigolo, Jean-Claude; Cikaya-Kankolongo, Fiston; Luakanda-Ndelemo, Gradi; Lawanga, Leader; Mabika-Bope, Elzedek; Lumembe-Numbi, Raphael; Kabamba-Lungenyi, Gabriel; Citenga, Andre; Kelvin, D. J.; Pratt, Catherine; Ayouba, Ahidjo; Tessema, Sofonias; Mukadi-Bamuleka, Daniel; Jansen, Daan; Halbrook, Megan; Merrit, Sydney; Hensley, Lisa; Delaporte, Eric; Mwamba, Dieudonne; Liesenborghs, Laurens; Hoff, Nicole; Peeters, Martine; Low, Nicola; Rimoin, Anne; Kindrachuk, Jason; Vercauteren, Koen; Rambaut, Andrew; Ahuka-Mundeke, Steve; Muyembe-Tamfum, Jean-Jacques"
PP_004AL1N,Ia,None,Democratic Republic of the Congo,Kinshasa,2024-11-26,189260,0.9173313591164703,2025-10-21,"Wawina-Bokalanga, Tony; Amuri-Aziza, Adrienne; Mbala-Kingebeni, Placide; Kinganda-Lusamaki, Eddy; Pukuta-Simbu, Elisabeth; Hasivirwe-Vakaniaki, Emmanuel; Ola-Mpumbe, Rilia; Kwete-Mbokama, Papy; Akil-Bandali, Prince; Kacita, Cris; Ponga-Museme, Ange; Mapenzi-Kashali, Nelson; Vakaniaki, Gloria; Kenye, Kelly-Michel; Muyamuna, Elisabeth; Kavira-Bapitani, Sifa; Mukadi, Patrick; OToole, Aine; Tshiani-Mbaya, Olivier; Paku-Tshambu, Princesse; Lokilo-Lofiko, Emmanuel; Muswamba-Kayembe, Chloe; Makangara-Cigolo, Jean-Claude; Cikaya-Kankolongo, Fiston; Luakanda-Ndelemo, Gradi; Lawanga, Leader; Mabika-Bope, Elzedek; Lumembe-Numbi, Raphael; Kabamba-Lungenyi, Gabriel; Citenga, Andre; Kelvin, D. J.; Pratt, Catherine; Ayouba, Ahidjo; Tessema, Sofonias; Mukadi-Bamuleka, Daniel; Jansen, Daan; Halbrook, Megan; Merrit, Sydney; Hensley, Lisa; Delaporte, Eric; Mwamba, Dieudonne; Liesenborghs, Laurens; Hoff, Nicole; Peeters, Martine; Low, Nicola; Rimoin, Anne; Kindrachuk, Jason; Vercauteren, Koen; Rambaut, Andrew; Ahuka-Mundeke, Steve; Muyembe-Tamfum, Jean-Jacques"
PP_004AL2L,Ia,None,Democratic Republic of the Congo,Kinshasa,2024-11-25,189203,0.8898681094676206,2025-10-21,"Wawina-Bokalanga, Tony; Amuri-Aziza, Adrienne; Mbala-Kingebeni, Placide; Kinganda-Lusamaki, Eddy; Pukuta-Simbu, Elisabeth; Hasivirwe-Vakaniaki, Emmanuel; Ola-Mpumbe, Rilia; Kwete-Mbokama, Papy; Akil-Bandali, Prince; Kacita, Cris; Ponga-Museme, Ange; Mapenzi-Kashali, Nelson; Vakaniaki, Gloria; Kenye, Kelly-Michel; Muyamuna, Elisabeth; Kavira-Bapitani, Sifa; Mukadi, Patrick; OToole, Aine; Tshiani-Mbaya, Olivier; Paku-Tshambu, Princesse; Lokilo-Lofiko, Emmanuel; Muswamba-Kayembe, Chloe; Makangara-Cigolo, Jean-Claude; Cikaya-Kankolongo, Fiston; Luakanda-Ndelemo, Gradi; Lawanga, Leader; Mabika-Bope, Elzedek; Lumembe-Numbi, Raphael; Kabamba-Lungenyi, Gabriel; Citenga, Andre; Kelvin, D. J.; Pratt, Catherine; Ayouba, Ahidjo; Tessema, Sofonias; Mukadi-Bamuleka, Daniel; Jansen, Daan; Halbrook, Megan; Merrit, Sydney; Hensley, Lisa; Delaporte, Eric; Mwamba, Dieudonne; Liesenborghs, Laurens; Hoff, Nicole; Peeters, Martine; Low, Nicola; Rimoin, Anne; Kindrachuk, Jason; Vercauteren, Koen; Rambaut, Andrew; Ahuka-Mundeke, Steve; Muyembe-Tamfum, Jean-Jacques"
PP_004AL3J,Ia,None,Democratic Republic of the Congo,Kinshasa,2024-11-23,189513,0.8932198834738779,2025-10-21,"Wawina-Bokalanga, Tony; Amuri-Aziza, Adrienne; Mbala-Kingebeni, Placide; Kinganda-Lusamaki, Eddy; Pukuta-Simbu, Elisabeth; Hasivirwe-Vakaniaki, Emmanuel; Ola-Mpumbe, Rilia; Kwete-Mbokama, Papy; Akil-Bandali, Prince; Kacita, Cris; Ponga-Museme, Ange; Mapenzi-Kashali, Nelson; Vakaniaki, Gloria; Kenye, Kelly-Michel; Muyamuna, Elisabeth; Kavira-Bapitani, Sifa; Mukadi, Patrick; OToole, Aine; Tshiani-Mbaya, Olivier; Paku-Tshambu, Princesse; Lokilo-Lofiko, Emmanuel; Muswamba-Kayembe, Chloe; Makangara-Cigolo, Jean-Claude; Cikaya-Kankolongo, Fiston; Luakanda-Ndelemo, Gradi; Lawanga, Leader; Mabika-Bope, Elzedek; Lumembe-Numbi, Raphael; Kabamba-Lungenyi, Gabriel; Citenga, Andre; Kelvin, D. J.; Pratt, Catherine; Ayouba, Ahidjo; Tessema, Sofonias; Mukadi-Bamuleka, Daniel; Jansen, Daan; Halbrook, Megan; Merrit, Sydney; Hensley, Lisa; Delaporte, Eric; Mwamba, Dieudonne; Liesenborghs, Laurens; Hoff, Nicole; Peeters, Martine; Low, Nicola; Rimoin, Anne; Kindrachuk, Jason; Vercauteren, Koen; Rambaut, Andrew; Ahuka-Mundeke, Steve; Muyembe-Tamfum, Jean-Jacques"
PP_004AL4G,Ia,None,Democratic Republic of the Congo,Kinshasa,2024-11-21,190087,0.912108473751198,2025-10-21,"Wawina-Bokalanga, Tony; Amuri-Aziza, Adrienne; Mbala-Kingebeni, Placide; Kinganda-Lusamaki, Eddy; Pukuta-Simbu, Elisabeth; Hasivirwe-Vakaniaki, Emmanuel; Ola-Mpumbe, Rilia; Kwete-Mbokama, Papy; Akil-Bandali, Prince; Kacita, Cris; Ponga-Museme, Ange; Mapenzi-Kashali, Nelson; Vakaniaki, Gloria; Kenye, Kelly-Michel; Muyamuna, Elisabeth; Kavira-Bapitani, Sifa; Mukadi, Patrick; OToole, Aine; Tshiani-Mbaya, Olivier; Paku-Tshambu, Princesse; Lokilo-Lofiko, Emmanuel; Muswamba-Kayembe, Chloe; Makangara-Cigolo, Jean-Claude; Cikaya-Kankolongo, Fiston; Luakanda-Ndelemo, Gradi; Lawanga, Leader; Mabika-Bope, Elzedek; Lumembe-Numbi, Raphael; Kabamba-Lungenyi, Gabriel; Citenga, Andre; Kelvin, D. J.; Pratt, Catherine; Ayouba, Ahidjo; Tessema, Sofonias; Mukadi-Bamuleka, Daniel; Jansen, Daan; Halbrook, Megan; Merrit, Sydney; Hensley, Lisa; Delaporte, Eric; Mwamba, Dieudonne; Liesenborghs, Laurens; Hoff, Nicole; Peeters, Martine; Low, Nicola; Rimoin, Anne; Kindrachuk, Jason; Vercauteren, Koen; Rambaut, Andrew; Ahuka-Mundeke, Steve; Muyembe-Tamfum, Jean-Jacques"
PP_004AL5E,Ia,None,Democratic Republic of the Congo,Kinshasa,2024-11-26,189562,0.8760553524433469,2025-10-21,"Wawina-Bokalanga, Tony; Amuri-Aziza, Adrienne; Mbala-Kingebeni, Placide; Kinganda-Lusamaki, Eddy; Pukuta-Simbu, Elisabeth; Hasivirwe-Vakaniaki, Emmanuel; Ola-Mpumbe, Rilia; Kwete-Mbokama, Papy; Akil-Bandali, Prince; Kacita, Cris; Ponga-Museme, Ange; Mapenzi-Kashali, Nelson; Vakaniaki, Gloria; Kenye, Kelly-Michel; Muyamuna, Elisabeth; Kavira-Bapitani, Sifa; Mukadi, Patrick; OToole, Aine; Tshiani-Mbaya, Olivier; Paku-Tshambu, Princesse; Lokilo-Lofiko, Emmanuel; Muswamba-Kayembe, Chloe; Makangara-Cigolo, Jean-Claude; Cikaya-Kankolongo, Fiston; Luakanda-Ndelemo, Gradi; Lawanga, Leader; Mabika-Bope, Elzedek; Lumembe-Numbi, Raphael; Kabamba-Lungenyi, Gabriel; Citenga, Andre; Kelvin, D. J.; Pratt, Catherine; Ayouba, Ahidjo; Tessema, Sofonias; Mukadi-Bamuleka, Daniel; Jansen, Daan; Halbrook, Megan; Merrit, Sydney; Hensley, Lisa; Delaporte, Eric; Mwamba, Dieudonne; Liesenborghs, Laurens; Hoff, Nicole; Peeters, Martine; Low, Nicola; Rimoin, Anne; Kindrachuk, Jason; Vercauteren, Koen; Rambaut, Andrew; Ahuka-Mundeke, Steve; Muyembe-Tamfum, Jean-Jacques"
PP_004AL6C,Ib,A.1,Democratic Republic of the Congo,Kinshasa,2024-11-25,187449,0.8598796200984742,2025-10-21,"Wawina-Bokalanga, Tony; Amuri-Aziza, Adrienne; Mbala-Kingebeni, Placide; Kinganda-Lusamaki, Eddy; Pukuta-Simbu, Elisabeth; Hasivirwe-Vakaniaki, Emmanuel; Ola-Mpumbe, Rilia; Kwete-Mbokama, Papy; Akil-Bandali, Prince; Kacita, Cris; Ponga-Museme, Ange; Mapenzi-Kashali, Nelson; Vakaniaki, Gloria; Kenye, Kelly-Michel; Muyamuna, Elisabeth; Kavira-Bapitani, Sifa; Mukadi, Patrick; OToole, Aine; Tshiani-Mbaya, Olivier; Paku-Tshambu, Princesse; Lokilo-Lofiko, Emmanuel; Muswamba-Kayembe, Chloe; Makangara-Cigolo, Jean-Claude; Cikaya-Kankolongo, Fiston; Luakanda-Ndelemo, Gradi; Lawanga, Leader; Mabika-Bope, Elzedek; Lumembe-Numbi, Raphael; Kabamba-Lungenyi, Gabriel; Citenga, Andre; Kelvin, D. J.; Pratt, Catherine; Ayouba, Ahidjo; Tessema, Sofonias; Mukadi-Bamuleka, Daniel; Jansen, Daan; Halbrook, Megan; Merrit, Sydney; Hensley, Lisa; Delaporte, Eric; Mwamba, Dieudonne; Liesenborghs, Laurens; Hoff, Nicole; Peeters, Martine; Low, Nicola; Rimoin, Anne; Kindrachuk, Jason; Vercauteren, Koen; Rambaut, Andrew; Ahuka-Mundeke, Steve; Muyembe-Tamfum, Jean-Jacques"
PP_004AL7A,Ib,A.1,Democratic Republic of the Congo,Kinshasa,2024-11-26,189338,0.8880020688710961,2025-10-21,"Wawina-Bokalanga, Tony; Amuri-Aziza, Adrienne; Mbala-Kingebeni, Placide; Kinganda-Lusamaki, Eddy; Pukuta-Simbu, Elisabeth; Hasivirwe-Vakaniaki, Emmanuel; Ola-Mpumbe, Rilia; Kwete-Mbokama, Papy; Akil-Bandali, Prince; Kacita, Cris; Ponga-Museme, Ange; Mapenzi-Kashali, Nelson; Vakaniaki, Gloria; Kenye, Kelly-Michel; Muyamuna, Elisabeth; Kavira-Bapitani, Sifa; Mukadi, Patrick; OToole, Aine; Tshiani-Mbaya, Olivier; Paku-Tshambu, Princesse; Lokilo-Lofiko, Emmanuel; Muswamba-Kayembe, Chloe; Makangara-Cigolo, Jean-Claude; Cikaya-Kankolongo, Fiston; Luakanda-Ndelemo, Gradi; Lawanga, Leader; Mabika-Bope, Elzedek; Lumembe-Numbi, Raphael; Kabamba-Lungenyi, Gabriel; Citenga, Andre; Kelvin, D. J.; Pratt, Catherine; Ayouba, Ahidjo; Tessema, Sofonias; Mukadi-Bamuleka, Daniel; Jansen, Daan; Halbrook, Megan; Merrit, Sydney; Hensley, Lisa; Delaporte, Eric; Mwamba, Dieudonne; Liesenborghs, Laurens; Hoff, Nicole; Peeters, Martine; Low, Nicola; Rimoin, Anne; Kindrachuk, Jason; Vercauteren, Koen; Rambaut, Andrew; Ahuka-Mundeke, Steve; Muyembe-Tamfum, Jean-Jacques"
PP_004AL88,Ib,A.1,Democratic Republic of the Congo,Kinshasa,2024-11-26,188762,0.9409763246099316,2025-10-21,"Wawina-Bokalanga, Tony; Amuri-Aziza, Adrienne; Mbala-Kingebeni, Placide; Kinganda-Lusamaki, Eddy; Pukuta-Simbu, Elisabeth; Hasivirwe-Vakaniaki, Emmanuel; Ola-Mpumbe, Rilia; Kwete-Mbokama, Papy; Akil-Bandali, Prince; Kacita, Cris; Ponga-Museme, Ange; Mapenzi-Kashali, Nelson; Vakaniaki, Gloria; Kenye, Kelly-Michel; Muyamuna, Elisabeth; Kavira-Bapitani, Sifa; Mukadi, Patrick; OToole, Aine; Tshiani-Mbaya, Olivier; Paku-Tshambu, Princesse; Lokilo-Lofiko, Emmanuel; Muswamba-Kayembe, Chloe; Makangara-Cigolo, Jean-Claude; Cikaya-Kankolongo, Fiston; Luakanda-Ndelemo, Gradi; Lawanga, Leader; Mabika-Bope, Elzedek; Lumembe-Numbi, Raphael; Kabamba-Lungenyi, Gabriel; Citenga, Andre; Kelvin, D. J.; Pratt, Catherine; Ayouba, Ahidjo; Tessema, Sofonias; Mukadi-Bamuleka, Daniel; Jansen, Daan; Halbrook, Megan; Merrit, Sydney; Hensley, Lisa; Delaporte, Eric; Mwamba, Dieudonne; Liesenborghs, Laurens; Hoff, Nicole; Peeters, Martine; Low, Nicola; Rimoin, Anne; Kindrachuk, Jason; Vercauteren, Koen; Rambaut, Andrew; Ahuka-Mundeke, Steve; Muyembe-Tamfum, Jean-Jacques"
PP_004AL96,Ia,None,Democratic Republic of the Congo,Kinshasa,2024-11-27,189844,0.8993859306623937,2025-10-21,"Wawina-Bokalanga, Tony; Amuri-Aziza, Adrienne; Mbala-Kingebeni, Placide; Kinganda-Lusamaki, Eddy; Pukuta-Simbu, Elisabeth; Hasivirwe-Vakaniaki, Emmanuel; Ola-Mpumbe, Rilia; Kwete-Mbokama, Papy; Akil-Bandali, Prince; Kacita, Cris; Ponga-Museme, Ange; Mapenzi-Kashali, Nelson; Vakaniaki, Gloria; Kenye, Kelly-Michel; Muyamuna, Elisabeth; Kavira-Bapitani, Sifa; Mukadi, Patrick; OToole, Aine; Tshiani-Mbaya, Olivier; Paku-Tshambu, Princesse; Lokilo-Lofiko, Emmanuel; Muswamba-Kayembe, Chloe; Makangara-Cigolo, Jean-Claude; Cikaya-Kankolongo, Fiston; Luakanda-Ndelemo, Gradi; Lawanga, Leader; Mabika-Bope, Elzedek; Lumembe-Numbi, Raphael; Kabamba-Lungenyi, Gabriel; Citenga, Andre; Kelvin, D. J.; Pratt, Catherine; Ayouba, Ahidjo; Tessema, Sofonias; Mukadi-Bamuleka, Daniel; Jansen, Daan; Halbrook, Megan; Merrit, Sydney; Hensley, Lisa; Delaporte, Eric; Mwamba, Dieudonne; Liesenborghs, Laurens; Hoff, Nicole; Peeters, Martine; Low, Nicola; Rimoin, Anne; Kindrachuk, Jason; Vercauteren, Koen; Rambaut, Andrew; Ahuka-Mundeke, Steve; Muyembe-Tamfum, Jean-Jacques"
PP_004ALA4,Ia,None,Democratic Republic of the Congo,Kinshasa,2024-11-20,181677,0.8947360414585541,2025-10-21,"Wawina-Bokalanga, Tony; Amuri-Aziza, Adrienne; Mbala-Kingebeni, Placide; Kinganda-Lusamaki, Eddy; Pukuta-Simbu, Elisabeth; Hasivirwe-Vakaniaki, Emmanuel; Ola-Mpumbe, Rilia; Kwete-Mbokama, Papy; Akil-Bandali, Prince; Kacita, Cris; Ponga-Museme, Ange; Mapenzi-Kashali, Nelson; Vakaniaki, Gloria; Kenye, Kelly-Michel; Muyamuna, Elisabeth; Kavira-Bapitani, Sifa; Mukadi, Patrick; OToole, Aine; Tshiani-Mbaya, Olivier; Paku-Tshambu, Princesse; Lokilo-Lofiko, Emmanuel; Muswamba-Kayembe, Chloe; Makangara-Cigolo, Jean-Claude; Cikaya-Kankolongo, Fiston; Luakanda-Ndelemo, Gradi; Lawanga, Leader; Mabika-Bope, Elzedek; Lumembe-Numbi, Raphael; Kabamba-Lungenyi, Gabriel; Citenga, Andre; Kelvin, D. J.; Pratt, Catherine; Ayouba, Ahidjo; Tessema, Sofonias; Mukadi-Bamuleka, Daniel; Jansen, Daan; Halbrook, Megan; Merrit, Sydney; Hensley, Lisa; Delaporte, Eric; Mwamba, Dieudonne; Liesenborghs, Laurens; Hoff, Nicole; Peeters, Martine; Low, Nicola; Rimoin, Anne; Kindrachuk, Jason; Vercauteren, Koen; Rambaut, Andrew; Ahuka-Mundeke, Steve; Muyembe-Tamfum, Jean-Jacques"
PP_004ALB2,Ia,None,Democratic Republic of the Congo,Kinshasa,2024-11-22,189001,0.799963490510068,2025-10-21,"Wawina-Bokalanga, Tony; Amuri-Aziza, Adrienne; Mbala-Kingebeni, Placide; Kinganda-Lusamaki, Eddy; Pukuta-Simbu, Elisabeth; Hasivirwe-Vakaniaki, Emmanuel; Ola-Mpumbe, Rilia; Kwete-Mbokama, Papy; Akil-Bandali, Prince; Kacita, Cris; Ponga-Museme, Ange; Mapenzi-Kashali, Nelson; Vakaniaki, Gloria; Kenye, Kelly-Michel; Muyamuna, Elisabeth; Kavira-Bapitani, Sifa; Mukadi, Patrick; OToole, Aine; Tshiani-Mbaya, Olivier; Paku-Tshambu, Princesse; Lokilo-Lofiko, Emmanuel; Muswamba-Kayembe, Chloe; Makangara-Cigolo, Jean-Claude; Cikaya-Kankolongo, Fiston; Luakanda-Ndelemo, Gradi; Lawanga, Leader; Mabika-Bope, Elzedek; Lumembe-Numbi, Raphael; Kabamba-Lungenyi, Gabriel; Citenga, Andre; Kelvin, D. J.; Pratt, Catherine; Ayouba, Ahidjo; Tessema, Sofonias; Mukadi-Bamuleka, Daniel; Jansen, Daan; Halbrook, Megan; Merrit, Sydney; Hensley, Lisa; Delaporte, Eric; Mwamba, Dieudonne; Liesenborghs, Laurens; Hoff, Nicole; Peeters, Martine; Low, Nicola; Rimoin, Anne; Kindrachuk, Jason; Vercauteren, Koen; Rambaut, Andrew; Ahuka-Mundeke, Steve; Muyembe-Tamfum, Jean-Jacques"
PP_004ALC0,Ib,A.1,Democratic Republic of the Congo,Kinshasa,2024-11-27,196664,0.9976471662043822,2025-10-21,"Wawina-Bokalanga, Tony; Amuri-Aziza, Adrienne; Mbala-Kingebeni, Placide; Kinganda-Lusamaki, Eddy; Pukuta-Simbu, Elisabeth; Hasivirwe-Vakaniaki, Emmanuel; Ola-Mpumbe, Rilia; Kwete-Mbokama, Papy; Akil-Bandali, Prince; Kacita, Cris; Ponga-Museme, Ange; Mapenzi-Kashali, Nelson; Vakaniaki, Gloria; Kenye, Kelly-Michel; Muyamuna, Elisabeth; Kavira-Bapitani, Sifa; Mukadi, Patrick; OToole, Aine; Tshiani-Mbaya, Olivier; Paku-Tshambu, Princesse; Lokilo-Lofiko, Emmanuel; Muswamba-Kayembe, Chloe; Makangara-Cigolo, Jean-Claude; Cikaya-Kankolongo, Fiston; Luakanda-Ndelemo, Gradi; Lawanga, Leader; Mabika-Bope, Elzedek; Lumembe-Numbi, Raphael; Kabamba-Lungenyi, Gabriel; Citenga, Andre; Kelvin, D. J.; Pratt, Catherine; Ayouba, Ahidjo; Tessema, Sofonias; Mukadi-Bamuleka, Daniel; Jansen, Daan; Halbrook, Megan; Merrit, Sydney; Hensley, Lisa; Delaporte, Eric; Mwamba, Dieudonne; Liesenborghs, Laurens; Hoff, Nicole; Peeters, Martine; Low, Nicola; Rimoin, Anne; Kindrachuk, Jason; Vercauteren, Koen; Rambaut, Andrew; Ahuka-Mundeke, Steve; Muyembe-Tamfum, Jean-Jacques"
PP_004ALDY,Ib,A.1,Democratic Republic of the Congo,Kinshasa,2024-11-27,196583,0.5690004005902367,2025-10-21,"Wawina-Bokalanga, Tony; Amuri-Aziza, Adrienne; Mbala-Kingebeni, Placide; Kinganda-Lusamaki, Eddy; Pukuta-Simbu, Elisabeth; Hasivirwe-Vakaniaki, Emmanuel; Ola-Mpumbe, Rilia; Kwete-Mbokama, Papy; Akil-Bandali, Prince; Kacita, Cris; Ponga-Museme, Ange; Mapenzi-Kashali, Nelson; Vakaniaki, Gloria; Kenye, Kelly-Michel; Muyamuna, Elisabeth; Kavira-Bapitani, Sifa; Mukadi, Patrick; OToole, Aine; Tshiani-Mbaya, Olivier; Paku-Tshambu, Princesse; Lokilo-Lofiko, Emmanuel; Muswamba-Kayembe, Chloe; Makangara-Cigolo, Jean-Claude; Cikaya-Kankolongo, Fiston; Luakanda-Ndelemo, Gradi; Lawanga, Leader; Mabika-Bope, Elzedek; Lumembe-Numbi, Raphael; Kabamba-Lungenyi, Gabriel; Citenga, Andre; Kelvin, D. J.; Pratt, Catherine; Ayouba, Ahidjo; Tessema, Sofonias; Mukadi-Bamuleka, Daniel; Jansen, Daan; Halbrook, Megan; Merrit, Sydney; Hensley, Lisa; Delaporte, Eric; Mwamba, Dieudonne; Liesenborghs, Laurens; Hoff, Nicole; Peeters, Martine; Low, Nicola; Rimoin, Anne; Kindrachuk, Jason; Vercauteren, Koen; Rambaut, Andrew; Ahuka-Mundeke, Steve; Muyembe-Tamfum, Jean-Jacques"
PP_004ALEW,Ib,A.1,Democratic Republic of the Congo,Kinshasa,2024-11-26,196554,0.9773438331921972,2025-10-21,"Wawina-Bokalanga, Tony; Amuri-Aziza, Adrienne; Mbala-Kingebeni, Placide; Kinganda-Lusamaki, Eddy; Pukuta-Simbu, Elisabeth; Hasivirwe-Vakaniaki, Emmanuel; Ola-Mpumbe, Rilia; Kwete-Mbokama, Papy; Akil-Bandali, Prince; Kacita, Cris; Ponga-Museme, Ange; Mapenzi-Kashali, Nelson; Vakaniaki, Gloria; Kenye, Kelly-Michel; Muyamuna, Elisabeth; Kavira-Bapitani, Sifa; Mukadi, Patrick; OToole, Aine; Tshiani-Mbaya, Olivier; Paku-Tshambu, Princesse; Lokilo-Lofiko, Emmanuel; Muswamba-Kayembe, Chloe; Makangara-Cigolo, Jean-Claude; Cikaya-Kankolongo, Fiston; Luakanda-Ndelemo, Gradi; Lawanga, Leader; Mabika-Bope, Elzedek; Lumembe-Numbi, Raphael; Kabamba-Lungenyi, Gabriel; Citenga, Andre; Kelvin, D. J.; Pratt, Catherine; Ayouba, Ahidjo; Tessema, Sofonias; Mukadi-Bamuleka, Daniel; Jansen, Daan; Halbrook, Megan; Merrit, Sydney; Hensley, Lisa; Delaporte, Eric; Mwamba, Dieudonne; Liesenborghs, Laurens; Hoff, Nicole; Peeters, Martine; Low, Nicola; Rimoin, Anne; Kindrachuk, Jason; Vercauteren, Koen; Rambaut, Andrew; Ahuka-Mundeke, Steve; Muyembe-Tamfum, Jean-Jacques"
PP_004ALFU,Ia,None,Democratic Republic of the Congo,Kinshasa,2024-11-27,196358,0.754493963257255,2025-10-21,"Wawina-Bokalanga, Tony; Amuri-Aziza, Adrienne; Mbala-Kingebeni, Placide; Kinganda-Lusamaki, Eddy; Pukuta-Simbu, Elisabeth; Hasivirwe-Vakaniaki, Emmanuel; Ola-Mpumbe, Rilia; Kwete-Mbokama, Papy; Akil-Bandali, Prince; Kacita, Cris; Ponga-Museme, Ange; Mapenzi-Kashali, Nelson; Vakaniaki, Gloria; Kenye, Kelly-Michel; Muyamuna, Elisabeth; Kavira-Bapitani, Sifa; Mukadi, Patrick; OToole, Aine; Tshiani-Mbaya, Olivier; Paku-Tshambu, Princesse; Lokilo-Lofiko, Emmanuel; Muswamba-Kayembe, Chloe; Makangara-Cigolo, Jean-Claude; Cikaya-Kankolongo, Fiston; Luakanda-Ndelemo, Gradi; Lawanga, Leader; Mabika-Bope, Elzedek; Lumembe-Numbi, Raphael; Kabamba-Lungenyi, Gabriel; Citenga, Andre; Kelvin, D. J.; Pratt, Catherine; Ayouba, Ahidjo; Tessema, Sofonias; Mukadi-Bamuleka, Daniel; Jansen, Daan; Halbrook, Megan; Merrit, Sydney; Hensley, Lisa; Delaporte, Eric; Mwamba, Dieudonne; Liesenborghs, Laurens; Hoff, Nicole; Peeters, Martine; Low, Nicola; Rimoin, Anne; Kindrachuk, Jason; Vercauteren, Koen; Rambaut, Andrew; Ahuka-Mundeke, Steve; Muyembe-Tamfum, Jean-Jacques"
PP_004ALGS,Ib,A.1,Democratic Republic of the Congo,Kinshasa,2024-11-26,196533,0.8661014456743861,2025-10-21,"Wawina-Bokalanga, Tony; Amuri-Aziza, Adrienne; Mbala-Kingebeni, Placide; Kinganda-Lusamaki, Eddy; Pukuta-Simbu, Elisabeth; Hasivirwe-Vakaniaki, Emmanuel; Ola-Mpumbe, Rilia; Kwete-Mbokama, Papy; Akil-Bandali, Prince; Kacita, Cris; Ponga-Museme, Ange; Mapenzi-Kashali, Nelson; Vakaniaki, Gloria; Kenye, Kelly-Michel; Muyamuna, Elisabeth; Kavira-Bapitani, Sifa; Mukadi, Patrick; OToole, Aine; Tshiani-Mbaya, Olivier; Paku-Tshambu, Princesse; Lokilo-Lofiko, Emmanuel; Muswamba-Kayembe, Chloe; Makangara-Cigolo, Jean-Claude; Cikaya-Kankolongo, Fiston; Luakanda-Ndelemo, Gradi; Lawanga, Leader; Mabika-Bope, Elzedek; Lumembe-Numbi, Raphael; Kabamba-Lungenyi, Gabriel; Citenga, Andre; Kelvin, D. J.; Pratt, Catherine; Ayouba, Ahidjo; Tessema, Sofonias; Mukadi-Bamuleka, Daniel; Jansen, Daan; Halbrook, Megan; Merrit, Sydney; Hensley, Lisa; Delaporte, Eric; Mwamba, Dieudonne; Liesenborghs, Laurens; Hoff, Nicole; Peeters, Martine; Low, Nicola; Rimoin, Anne; Kindrachuk, Jason; Vercauteren, Koen; Rambaut, Andrew; Ahuka-Mundeke, Steve; Muyembe-Tamfum, Jean-Jacques"
PP_004ALHP,Ia,None,Democratic Republic of the Congo,Kinshasa,2024-11-27,196805,0.9982962238031732,2025-10-21,"Wawina-Bokalanga, Tony; Amuri-Aziza, Adrienne; Mbala-Kingebeni, Placide; Kinganda-Lusamaki, Eddy; Pukuta-Simbu, Elisabeth; Hasivirwe-Vakaniaki, Emmanuel; Ola-Mpumbe, Rilia; Kwete-Mbokama, Papy; Akil-Bandali, Prince; Kacita, Cris; Ponga-Museme, Ange; Mapenzi-Kashali, Nelson; Vakaniaki, Gloria; Kenye, Kelly-Michel; Muyamuna, Elisabeth; Kavira-Bapitani, Sifa; Mukadi, Patrick; OToole, Aine; Tshiani-Mbaya, Olivier; Paku-Tshambu, Princesse; Lokilo-Lofiko, Emmanuel; Muswamba-Kayembe, Chloe; Makangara-Cigolo, Jean-Claude; Cikaya-Kankolongo, Fiston; Luakanda-Ndelemo, Gradi; Lawanga, Leader; Mabika-Bope, Elzedek; Lumembe-Numbi, Raphael; Kabamba-Lungenyi, Gabriel; Citenga, Andre; Kelvin, D. J.; Pratt, Catherine; Ayouba, Ahidjo; Tessema, Sofonias; Mukadi-Bamuleka, Daniel; Jansen, Daan; Halbrook, Megan; Merrit, Sydney; Hensley, Lisa; Delaporte, Eric; Mwamba, Dieudonne; Liesenborghs, Laurens; Hoff, Nicole; Peeters, Martine; Low, Nicola; Rimoin, Anne; Kindrachuk, Jason; Vercauteren, Koen; Rambaut, Andrew; Ahuka-Mundeke, Steve; Muyembe-Tamfum, Jean-Jacques"
PP_004ALJM,Ia,None,Democratic Republic of the Congo,Kinshasa,2024-11-21,190041,0.9241413931412866,2025-10-21,"Wawina-Bokalanga, Tony; Amuri-Aziza, Adrienne; Mbala-Kingebeni, Placide; Kinganda-Lusamaki, Eddy; Pukuta-Simbu, Elisabeth; Hasivirwe-Vakaniaki, Emmanuel; Ola-Mpumbe, Rilia; Kwete-Mbokama, Papy; Akil-Bandali, Prince; Kacita, Cris; Ponga-Museme, Ange; Mapenzi-Kashali, Nelson; Vakaniaki, Gloria; Kenye, Kelly-Michel; Muyamuna, Elisabeth; Kavira-Bapitani, Sifa; Mukadi, Patrick; OToole, Aine; Tshiani-Mbaya, Olivier; Paku-Tshambu, Princesse; Lokilo-Lofiko, Emmanuel; Muswamba-Kayembe, Chloe; Makangara-Cigolo, Jean-Claude; Cikaya-Kankolongo, Fiston; Luakanda-Ndelemo, Gradi; Lawanga, Leader; Mabika-Bope, Elzedek; Lumembe-Numbi, Raphael; Kabamba-Lungenyi, Gabriel; Citenga, Andre; Kelvin, D. J.; Pratt, Catherine; Ayouba, Ahidjo; Tessema, Sofonias; Mukadi-Bamuleka, Daniel; Jansen, Daan; Halbrook, Megan; Merrit, Sydney; Hensley, Lisa; Delaporte, Eric; Mwamba, Dieudonne; Liesenborghs, Laurens; Hoff, Nicole; Peeters, Martine; Low, Nicola; Rimoin, Anne; Kindrachuk, Jason; Vercauteren, Koen; Rambaut, Andrew; Ahuka-Mundeke, Steve; Muyembe-Tamfum, Jean-Jacques"
PP_004ALKK,Ib,A.1,Democratic Republic of the Congo,Kinshasa,2024-11-28,189549,0.8825611407187299,2025-10-21,"Wawina-Bokalanga, Tony; Amuri-Aziza, Adrienne; Mbala-Kingebeni, Placide; Kinganda-Lusamaki, Eddy; Pukuta-Simbu, Elisabeth; Hasivirwe-Vakaniaki, Emmanuel; Ola-Mpumbe, Rilia; Kwete-Mbokama, Papy; Akil-Bandali, Prince; Kacita, Cris; Ponga-Museme, Ange; Mapenzi-Kashali, Nelson; Vakaniaki, Gloria; Kenye, Kelly-Michel; Muyamuna, Elisabeth; Kavira-Bapitani, Sifa; Mukadi, Patrick; OToole, Aine; Tshiani-Mbaya, Olivier; Paku-Tshambu, Princesse; Lokilo-Lofiko, Emmanuel; Muswamba-Kayembe, Chloe; Makangara-Cigolo, Jean-Claude; Cikaya-Kankolongo, Fiston; Luakanda-Ndelemo, Gradi; Lawanga, Leader; Mabika-Bope, Elzedek; Lumembe-Numbi, Raphael; Kabamba-Lungenyi, Gabriel; Citenga, Andre; Kelvin, D. J.; Pratt, Catherine; Ayouba, Ahidjo; Tessema, Sofonias; Mukadi-Bamuleka, Daniel; Jansen, Daan; Halbrook, Megan; Merrit, Sydney; Hensley, Lisa; Delaporte, Eric; Mwamba, Dieudonne; Liesenborghs, Laurens; Hoff, Nicole; Peeters, Martine; Low, Nicola; Rimoin, Anne; Kindrachuk, Jason; Vercauteren, Koen; Rambaut, Andrew; Ahuka-Mundeke, Steve; Muyembe-Tamfum, Jean-Jacques"
PP_004ALLH,Ia,None,Democratic Republic of the Congo,Tshuapa,2024-11-03,188959,0.8176807346520696,2025-10-21,"Muyembe-Tamfum, Jean-Jacques; Lokilo-Lofiko, Emmanuel; Mbala-Kingebeni, Placide; Wawina-Bokalanga, Tony; Kinganda-Lusamaki, Eddy; Pukuta-Simbu, Elisabeth; Hasivirwe-Vakaniaki, Emmanuel; Ola-Mpumbe, Rilia; Kwete-Mbokama, Papy; Akil-Bandali, Prince; Kacita, Cris; Ponga-Museme, Ange; Mapenzi-Kashali, Nelson; Vakaniaki, Gloria; Amuri-Aziza, Adrienne; Kenye, Kelly-Michel; Muyamuna, Elisabeth; Kavira-Bapitani, Sifa; Mukadi, Patrick; OToole, Aine; Tshiani-Mbaya, Olivier; Paku-Tshambu, Princesse; Muswamba-Kayembe, Chloe; Makangara-Cigolo, Jean-Claude; Cikaya-Kankolongo, Fiston; Luakanda-Ndelemo, Gradi; Lawanga, Leader; Mabika-Bope, Elzedek; Lumembe-Numbi, Raphael; Kabamba-Lungenyi, Gabriel; Citenga, Andre; Kelvin, D. J.; Pratt, Catherine; Ayouba, Ahidjo; Tessema, Sofonias; Mukadi-Bamuleka, Daniel; Jansen, Daan; Halbrook, Megan; Merrit, Sydney; Hensley, Lisa; Delaporte, Eric; Mwamba, Dieudonne; Liesenborghs, Laurens; Hoff, Nicole; Peeters, Martine; Low, Nicola; Rimoin, Anne; Kindrachuk, Jason; Vercauteren, Koen; Rambaut, Andrew; Ahuka-Mundeke, Steve"
PP_004ALMF,Ia,None,Democratic Republic of the Congo,Kinshasa,2024-11-30,188532,0.60616908964601,2025-10-21,"Wawina-Bokalanga, Tony; Amuri-Aziza, Adrienne; Mbala-Kingebeni, Placide; Kinganda-Lusamaki, Eddy; Pukuta-Simbu, Elisabeth; Hasivirwe-Vakaniaki, Emmanuel; Ola-Mpumbe, Rilia; Kwete-Mbokama, Papy; Akil-Bandali, Prince; Kacita, Cris; Ponga-Museme, Ange; Mapenzi-Kashali, Nelson; Vakaniaki, Gloria; Kenye, Kelly-Michel; Muyamuna, Elisabeth; Kavira-Bapitani, Sifa; Mukadi, Patrick; OToole, Aine; Tshiani-Mbaya, Olivier; Paku-Tshambu, Princesse; Lokilo-Lofiko, Emmanuel; Muswamba-Kayembe, Chloe; Makangara-Cigolo, Jean-Claude; Cikaya-Kankolongo, Fiston; Luakanda-Ndelemo, Gradi; Lawanga, Leader; Mabika-Bope, Elzedek; Lumembe-Numbi, Raphael; Kabamba-Lungenyi, Gabriel; Citenga, Andre; Kelvin, D. J.; Pratt, Catherine; Ayouba, Ahidjo; Tessema, Sofonias; Mukadi-Bamuleka, Daniel; Jansen, Daan; Halbrook, Megan; Merrit, Sydney; Hensley, Lisa; Delaporte, Eric; Mwamba, Dieudonne; Liesenborghs, Laurens; Hoff, Nicole; Peeters, Martine; Low, Nicola; Rimoin, Anne; Kindrachuk, Jason; Vercauteren, Koen; Rambaut, Andrew; Ahuka-Mundeke, Steve; Muyembe-Tamfum, Jean-Jacques"
PP_004ALND,Ib,A.1,Democratic Republic of the Congo,Kinshasa,2024-11-26,189987,0.9470967349360324,2025-10-21,"Wawina-Bokalanga, Tony; Amuri-Aziza, Adrienne; Mbala-Kingebeni, Placide; Kinganda-Lusamaki, Eddy; Pukuta-Simbu, Elisabeth; Hasivirwe-Vakaniaki, Emmanuel; Ola-Mpumbe, Rilia; Kwete-Mbokama, Papy; Akil-Bandali, Prince; Kacita, Cris; Ponga-Museme, Ange; Mapenzi-Kashali, Nelson; Vakaniaki, Gloria; Kenye, Kelly-Michel; Muyamuna, Elisabeth; Kavira-Bapitani, Sifa; Mukadi, Patrick; OToole, Aine; Tshiani-Mbaya, Olivier; Paku-Tshambu, Princesse; Lokilo-Lofiko, Emmanuel; Muswamba-Kayembe, Chloe; Makangara-Cigolo, Jean-Claude; Cikaya-Kankolongo, Fiston; Luakanda-Ndelemo, Gradi; Lawanga, Leader; Mabika-Bope, Elzedek; Lumembe-Numbi, Raphael; Kabamba-Lungenyi, Gabriel; Citenga, Andre; Kelvin, D. J.; Pratt, Catherine; Ayouba, Ahidjo; Tessema, Sofonias; Mukadi-Bamuleka, Daniel; Jansen, Daan; Halbrook, Megan; Merrit, Sydney; Hensley, Lisa; Delaporte, Eric; Mwamba, Dieudonne; Liesenborghs, Laurens; Hoff, Nicole; Peeters, Martine; Low, Nicola; Rimoin, Anne; Kindrachuk, Jason; Vercauteren, Koen; Rambaut, Andrew; Ahuka-Mundeke, Steve; Muyembe-Tamfum, Jean-Jacques"
PP_004ALPB,Ia,None,Democratic Republic of the Congo,Kinshasa,2024-11-30,190110,0.949201101369613,2025-10-21,"Wawina-Bokalanga, Tony; Amuri-Aziza, Adrienne; Mbala-Kingebeni, Placide; Kinganda-Lusamaki, Eddy; Pukuta-Simbu, Elisabeth; Hasivirwe-Vakaniaki, Emmanuel; Ola-Mpumbe, Rilia; Kwete-Mbokama, Papy; Akil-Bandali, Prince; Kacita, Cris; Ponga-Museme, Ange; Mapenzi-Kashali, Nelson; Vakaniaki, Gloria; Kenye, Kelly-Michel; Muyamuna, Elisabeth; Kavira-Bapitani, Sifa; Mukadi, Patrick; OToole, Aine; Tshiani-Mbaya, Olivier; Paku-Tshambu, Princesse; Lokilo-Lofiko, Emmanuel; Muswamba-Kayembe, Chloe; Makangara-Cigolo, Jean-Claude; Cikaya-Kankolongo, Fiston; Luakanda-Ndelemo, Gradi; Lawanga, Leader; Mabika-Bope, Elzedek; Lumembe-Numbi, Raphael; Kabamba-Lungenyi, Gabriel; Citenga, Andre; Kelvin, D. J.; Pratt, Catherine; Ayouba, Ahidjo; Tessema, Sofonias; Mukadi-Bamuleka, Daniel; Jansen, Daan; Halbrook, Megan; Merrit, Sydney; Hensley, Lisa; Delaporte, Eric; Mwamba, Dieudonne; Liesenborghs, Laurens; Hoff, Nicole; Peeters, Martine; Low, Nicola; Rimoin, Anne; Kindrachuk, Jason; Vercauteren, Koen; Rambaut, Andrew; Ahuka-Mundeke, Steve; Muyembe-Tamfum, Jean-Jacques"
PP_004ALQ9,Ia,None,Democratic Republic of the Congo,Sud-Ubangi,2024-11-15,189270,0.9212865538591036,2025-10-21,"Kinganda-Lusamaki, Eddy; Mbala-Kingebeni, Placide; Wawina-Bokalanga, Tony; Pukuta-Simbu, Elisabeth; Hasivirwe-Vakaniaki, Emmanuel; Ola-Mpumbe, Rilia; Kwete-Mbokama, Papy; Akil-Bandali, Prince; Kacita, Cris; Ponga-Museme, Ange; Mapenzi-Kashali, Nelson; Vakaniaki, Gloria; Amuri-Aziza, Adrienne; Kenye, Kelly-Michel; Muyamuna, Elisabeth; Kavira-Bapitani, Sifa; Mukadi, Patrick; OToole, Aine; Tshiani-Mbaya, Olivier; Paku-Tshambu, Princesse; Lokilo-Lofiko, Emmanuel; Muswamba-Kayembe, Chloe; Makangara-Cigolo, Jean-Claude; Cikaya-Kankolongo, Fiston; Luakanda-Ndelemo, Gradi; Lawanga, Leader; Mabika-Bope, Elzedek; Lumembe-Numbi, Raphael; Kabamba-Lungenyi, Gabriel; Citenga, Andre; Kelvin, D. J.; Pratt, Catherine; Ayouba, Ahidjo; Tessema, Sofonias; Mukadi-Bamuleka, Daniel; Jansen, Daan; Halbrook, Megan; Merrit, Sydney; Hensley, Lisa; Delaporte, Eric; Mwamba, Dieudonne; Liesenborghs, Laurens; Hoff, Nicole; Peeters, Martine; Low, Nicola; Rimoin, Anne; Kindrachuk, Jason; Vercauteren, Koen; Rambaut, Andrew; Ahuka-Mundeke, Steve; Muyembe-Tamfum, Jean-Jacques"
PP_004ALR7,Ia,None,Democratic Republic of the Congo,Sud-Ubangi,2024-11-15,189923,0.9208758220973688,2025-10-21,"Kinganda-Lusamaki, Eddy; Mbala-Kingebeni, Placide; Wawina-Bokalanga, Tony; Pukuta-Simbu, Elisabeth; Hasivirwe-Vakaniaki, Emmanuel; Ola-Mpumbe, Rilia; Kwete-Mbokama, Papy; Akil-Bandali, Prince; Kacita, Cris; Ponga-Museme, Ange; Mapenzi-Kashali, Nelson; Vakaniaki, Gloria; Amuri-Aziza, Adrienne; Kenye, Kelly-Michel; Muyamuna, Elisabeth; Kavira-Bapitani, Sifa; Mukadi, Patrick; OToole, Aine; Tshiani-Mbaya, Olivier; Paku-Tshambu, Princesse; Lokilo-Lofiko, Emmanuel; Muswamba-Kayembe, Chloe; Makangara-Cigolo, Jean-Claude; Cikaya-Kankolongo, Fiston; Luakanda-Ndelemo, Gradi; Lawanga, Leader; Mabika-Bope, Elzedek; Lumembe-Numbi, Raphael; Kabamba-Lungenyi, Gabriel; Citenga, Andre; Kelvin, D. J.; Pratt, Catherine; Ayouba, Ahidjo; Tessema, Sofonias; Mukadi-Bamuleka, Daniel; Jansen, Daan; Halbrook, Megan; Merrit, Sydney; Hensley, Lisa; Delaporte, Eric; Mwamba, Dieudonne; Liesenborghs, Laurens; Hoff, Nicole; Peeters, Martine; Low, Nicola; Rimoin, Anne; Kindrachuk, Jason; Vercauteren, Koen; Rambaut, Andrew; Ahuka-Mundeke, Steve; Muyembe-Tamfum, Jean-Jacques"
PP_004ALS5,Ib,A.1,Democratic Republic of the Congo,Kinshasa,2024-12-03,187652,0.897088875254172,2025-10-21,"Wawina-Bokalanga, Tony; Amuri-Aziza, Adrienne; Mbala-Kingebeni, Placide; Kinganda-Lusamaki, Eddy; Pukuta-Simbu, Elisabeth; Hasivirwe-Vakaniaki, Emmanuel; Ola-Mpumbe, Rilia; Kwete-Mbokama, Papy; Akil-Bandali, Prince; Kacita, Cris; Ponga-Museme, Ange; Mapenzi-Kashali, Nelson; Vakaniaki, Gloria; Kenye, Kelly-Michel; Muyamuna, Elisabeth; Kavira-Bapitani, Sifa; Mukadi, Patrick; OToole, Aine; Tshiani-Mbaya, Olivier; Paku-Tshambu, Princesse; Lokilo-Lofiko, Emmanuel; Muswamba-Kayembe, Chloe; Makangara-Cigolo, Jean-Claude; Cikaya-Kankolongo, Fiston; Luakanda-Ndelemo, Gradi; Lawanga, Leader; Mabika-Bope, Elzedek; Lumembe-Numbi, Raphael; Kabamba-Lungenyi, Gabriel; Citenga, Andre; Kelvin, D. J.; Pratt, Catherine; Ayouba, Ahidjo; Tessema, Sofonias; Mukadi-Bamuleka, Daniel; Jansen, Daan; Halbrook, Megan; Merrit, Sydney; Hensley, Lisa; Delaporte, Eric; Mwamba, Dieudonne; Liesenborghs, Laurens; Hoff, Nicole; Peeters, Martine; Low, Nicola; Rimoin, Anne; Kindrachuk, Jason; Vercauteren, Koen; Rambaut, Andrew; Ahuka-Mundeke, Steve; Muyembe-Tamfum, Jean-Jacques"
PP_004ALT3,Ia,None,Democratic Republic of the Congo,Kinshasa,2024-12-03,189914,0.9395970772125004,2025-10-21,"Wawina-Bokalanga, Tony; Amuri-Aziza, Adrienne; Mbala-Kingebeni, Placide; Kinganda-Lusamaki, Eddy; Pukuta-Simbu, Elisabeth; Hasivirwe-Vakaniaki, Emmanuel; Ola-Mpumbe, Rilia; Kwete-Mbokama, Papy; Akil-Bandali, Prince; Kacita, Cris; Ponga-Museme, Ange; Mapenzi-Kashali, Nelson; Vakaniaki, Gloria; Kenye, Kelly-Michel; Muyamuna, Elisabeth; Kavira-Bapitani, Sifa; Mukadi, Patrick; OToole, Aine; Tshiani-Mbaya, Olivier; Paku-Tshambu, Princesse; Lokilo-Lofiko, Emmanuel; Muswamba-Kayembe, Chloe; Makangara-Cigolo, Jean-Claude; Cikaya-Kankolongo, Fiston; Luakanda-Ndelemo, Gradi; Lawanga, Leader; Mabika-Bope, Elzedek; Lumembe-Numbi, Raphael; Kabamba-Lungenyi, Gabriel; Citenga, Andre; Kelvin, D. J.; Pratt, Catherine; Ayouba, Ahidjo; Tessema, Sofonias; Mukadi-Bamuleka, Daniel; Jansen, Daan; Halbrook, Megan; Merrit, Sydney; Hensley, Lisa; Delaporte, Eric; Mwamba, Dieudonne; Liesenborghs, Laurens; Hoff, Nicole; Peeters, Martine; Low, Nicola; Rimoin, Anne; Kindrachuk, Jason; Vercauteren, Koen; Rambaut, Andrew; Ahuka-Mundeke, Steve; Muyembe-Tamfum, Jean-Jacques"
PP_004ALU1,Ia,None,Democratic Republic of the Congo,Kinshasa,2024-12-02,188906,0.8944368664716114,2025-10-21,"Wawina-Bokalanga, Tony; Amuri-Aziza, Adrienne; Mbala-Kingebeni, Placide; Kinganda-Lusamaki, Eddy; Pukuta-Simbu, Elisabeth; Hasivirwe-Vakaniaki, Emmanuel; Ola-Mpumbe, Rilia; Kwete-Mbokama, Papy; Akil-Bandali, Prince; Kacita, Cris; Ponga-Museme, Ange; Mapenzi-Kashali, Nelson; Vakaniaki, Gloria; Kenye, Kelly-Michel; Muyamuna, Elisabeth; Kavira-Bapitani, Sifa; Mukadi, Patrick; OToole, Aine; Tshiani-Mbaya, Olivier; Paku-Tshambu, Princesse; Lokilo-Lofiko, Emmanuel; Muswamba-Kayembe, Chloe; Makangara-Cigolo, Jean-Claude; Cikaya-Kankolongo, Fiston; Luakanda-Ndelemo, Gradi; Lawanga, Leader; Mabika-Bope, Elzedek; Lumembe-Numbi, Raphael; Kabamba-Lungenyi, Gabriel; Citenga, Andre; Kelvin, D. J.; Pratt, Catherine; Ayouba, Ahidjo; Tessema, Sofonias; Mukadi-Bamuleka, Daniel; Jansen, Daan; Halbrook, Megan; Merrit, Sydney; Hensley, Lisa; Delaporte, Eric; Mwamba, Dieudonne; Liesenborghs, Laurens; Hoff, Nicole; Peeters, Martine; Low, Nicola; Rimoin, Anne; Kindrachuk, Jason; Vercauteren, Koen; Rambaut, Andrew; Ahuka-Mundeke, Steve; Muyembe-Tamfum, Jean-Jacques"
PP_004ALVZ,Ia,None,Democratic Republic of the Congo,Kinshasa,2024-12-02,189244,0.9062061062121912,2025-10-21,"Wawina-Bokalanga, Tony; Amuri-Aziza, Adrienne; Mbala-Kingebeni, Placide; Kinganda-Lusamaki, Eddy; Pukuta-Simbu, Elisabeth; Hasivirwe-Vakaniaki, Emmanuel; Ola-Mpumbe, Rilia; Kwete-Mbokama, Papy; Akil-Bandali, Prince; Kacita, Cris; Ponga-Museme, Ange; Mapenzi-Kashali, Nelson; Vakaniaki, Gloria; Kenye, Kelly-Michel; Muyamuna, Elisabeth; Kavira-Bapitani, Sifa; Mukadi, Patrick; OToole, Aine; Tshiani-Mbaya, Olivier; Paku-Tshambu, Princesse; Lokilo-Lofiko, Emmanuel; Muswamba-Kayembe, Chloe; Makangara-Cigolo, Jean-Claude; Cikaya-Kankolongo, Fiston; Luakanda-Ndelemo, Gradi; Lawanga, Leader; Mabika-Bope, Elzedek; Lumembe-Numbi, Raphael; Kabamba-Lungenyi, Gabriel; Citenga, Andre; Kelvin, D. J.; Pratt, Catherine; Ayouba, Ahidjo; Tessema, Sofonias; Mukadi-Bamuleka, Daniel; Jansen, Daan; Halbrook, Megan; Merrit, Sydney; Hensley, Lisa; Delaporte, Eric; Mwamba, Dieudonne; Liesenborghs, Laurens; Hoff, Nicole; Peeters, Martine; Low, Nicola; Rimoin, Anne; Kindrachuk, Jason; Vercauteren, Koen; Rambaut, Andrew; Ahuka-Mundeke, Steve; Muyembe-Tamfum, Jean-Jacques"
PP_004ALWX,Ia,None,Democratic Republic of the Congo,Kinshasa,2024-11-25,188934,0.896358685455532,2025-10-21,"Wawina-Bokalanga, Tony; Amuri-Aziza, Adrienne; Mbala-Kingebeni, Placide; Kinganda-Lusamaki, Eddy; Pukuta-Simbu, Elisabeth; Hasivirwe-Vakaniaki, Emmanuel; Ola-Mpumbe, Rilia; Kwete-Mbokama, Papy; Akil-Bandali, Prince; Kacita, Cris; Ponga-Museme, Ange; Mapenzi-Kashali, Nelson; Vakaniaki, Gloria; Kenye, Kelly-Michel; Muyamuna, Elisabeth; Kavira-Bapitani, Sifa; Mukadi, Patrick; OToole, Aine; Tshiani-Mbaya, Olivier; Paku-Tshambu, Princesse; Lokilo-Lofiko, Emmanuel; Muswamba-Kayembe, Chloe; Makangara-Cigolo, Jean-Claude; Cikaya-Kankolongo, Fiston; Luakanda-Ndelemo, Gradi; Lawanga, Leader; Mabika-Bope, Elzedek; Lumembe-Numbi, Raphael; Kabamba-Lungenyi, Gabriel; Citenga, Andre; Kelvin, D. J.; Pratt, Catherine; Ayouba, Ahidjo; Tessema, Sofonias; Mukadi-Bamuleka, Daniel; Jansen, Daan; Halbrook, Megan; Merrit, Sydney; Hensley, Lisa; Delaporte, Eric; Mwamba, Dieudonne; Liesenborghs, Laurens; Hoff, Nicole; Peeters, Martine; Low, Nicola; Rimoin, Anne; Kindrachuk, Jason; Vercauteren, Koen; Rambaut, Andrew; Ahuka-Mundeke, Steve; Muyembe-Tamfum, Jean-Jacques"
PP_004ALXV,Ib,A.1,Democratic Republic of the Congo,Kinshasa,2024-12-07,188736,0.9435218473801904,2025-10-21,"Wawina-Bokalanga, Tony; Amuri-Aziza, Adrienne; Mbala-Kingebeni, Placide; Kinganda-Lusamaki, Eddy; Pukuta-Simbu, Elisabeth; Hasivirwe-Vakaniaki, Emmanuel; Ola-Mpumbe, Rilia; Kwete-Mbokama, Papy; Akil-Bandali, Prince; Kacita, Cris; Ponga-Museme, Ange; Mapenzi-Kashali, Nelson; Vakaniaki, Gloria; Kenye, Kelly-Michel; Muyamuna, Elisabeth; Kavira-Bapitani, Sifa; Mukadi, Patrick; OToole, Aine; Tshiani-Mbaya, Olivier; Paku-Tshambu, Princesse; Lokilo-Lofiko, Emmanuel; Muswamba-Kayembe, Chloe; Makangara-Cigolo, Jean-Claude; Cikaya-Kankolongo, Fiston; Luakanda-Ndelemo, Gradi; Lawanga, Leader; Mabika-Bope, Elzedek; Lumembe-Numbi, Raphael; Kabamba-Lungenyi, Gabriel; Citenga, Andre; Kelvin, D. J.; Pratt, Catherine; Ayouba, Ahidjo; Tessema, Sofonias; Mukadi-Bamuleka, Daniel; Jansen, Daan; Halbrook, Megan; Merrit, Sydney; Hensley, Lisa; Delaporte, Eric; Mwamba, Dieudonne; Liesenborghs, Laurens; Hoff, Nicole; Peeters, Martine; Low, Nicola; Rimoin, Anne; Kindrachuk, Jason; Vercauteren, Koen; Rambaut, Andrew; Ahuka-Mundeke, Steve; Muyembe-Tamfum, Jean-Jacques"
PP_004ALYT,Ia,None,Democratic Republic of the Congo,Kinshasa,2024-12-07,190098,0.952248629626437,2025-10-21,"Wawina-Bokalanga, Tony; Amuri-Aziza, Adrienne; Mbala-Kingebeni, Placide; Kinganda-Lusamaki, Eddy; Pukuta-Simbu, Elisabeth; Hasivirwe-Vakaniaki, Emmanuel; Ola-Mpumbe, Rilia; Kwete-Mbokama, Papy; Akil-Bandali, Prince; Kacita, Cris; Ponga-Museme, Ange; Mapenzi-Kashali, Nelson; Vakaniaki, Gloria; Kenye, Kelly-Michel; Muyamuna, Elisabeth; Kavira-Bapitani, Sifa; Mukadi, Patrick; OToole, Aine; Tshiani-Mbaya, Olivier; Paku-Tshambu, Princesse; Lokilo-Lofiko, Emmanuel; Muswamba-Kayembe, Chloe; Makangara-Cigolo, Jean-Claude; Cikaya-Kankolongo, Fiston; Luakanda-Ndelemo, Gradi; Lawanga, Leader; Mabika-Bope, Elzedek; Lumembe-Numbi, Raphael; Kabamba-Lungenyi, Gabriel; Citenga, Andre; Kelvin, D. J.; Pratt, Catherine; Ayouba, Ahidjo; Tessema, Sofonias; Mukadi-Bamuleka, Daniel; Jansen, Daan; Halbrook, Megan; Merrit, Sydney; Hensley, Lisa; Delaporte, Eric; Mwamba, Dieudonne; Liesenborghs, Laurens; Hoff, Nicole; Peeters, Martine; Low, Nicola; Rimoin, Anne; Kindrachuk, Jason; Vercauteren, Koen; Rambaut, Andrew; Ahuka-Mundeke, Steve; Muyembe-Tamfum, Jean-Jacques"
PP_004ALZR,Ia,None,Democratic Republic of the Congo,Kinshasa,2024-12-06,190075,0.9425837563194378,2025-10-21,"Wawina-Bokalanga, Tony; Amuri-Aziza, Adrienne; Mbala-Kingebeni, Placide; Kinganda-Lusamaki, Eddy; Pukuta-Simbu, Elisabeth; Hasivirwe-Vakaniaki, Emmanuel; Ola-Mpumbe, Rilia; Kwete-Mbokama, Papy; Akil-Bandali, Prince; Kacita, Cris; Ponga-Museme, Ange; Mapenzi-Kashali, Nelson; Vakaniaki, Gloria; Kenye, Kelly-Michel; Muyamuna, Elisabeth; Kavira-Bapitani, Sifa; Mukadi, Patrick; OToole, Aine; Tshiani-Mbaya, Olivier; Paku-Tshambu, Princesse; Lokilo-Lofiko, Emmanuel; Muswamba-Kayembe, Chloe; Makangara-Cigolo, Jean-Claude; Cikaya-Kankolongo, Fiston; Luakanda-Ndelemo, Gradi; Lawanga, Leader; Mabika-Bope, Elzedek; Lumembe-Numbi, Raphael; Kabamba-Lungenyi, Gabriel; Citenga, Andre; Kelvin, D. J.; Pratt, Catherine; Ayouba, Ahidjo; Tessema, Sofonias; Mukadi-Bamuleka, Daniel; Jansen, Daan; Halbrook, Megan; Merrit, Sydney; Hensley, Lisa; Delaporte, Eric; Mwamba, Dieudonne; Liesenborghs, Laurens; Hoff, Nicole; Peeters, Martine; Low, Nicola; Rimoin, Anne; Kindrachuk, Jason; Vercauteren, Koen; Rambaut, Andrew; Ahuka-Mundeke, Steve; Muyembe-Tamfum, Jean-Jacques"
PP_004AM0P,Ia,None,Democratic Republic of the Congo,Kinshasa,2024-12-06,189274,0.9133102444614596,2025-10-21,"Wawina-Bokalanga, Tony; Amuri-Aziza, Adrienne; Mbala-Kingebeni, Placide; Kinganda-Lusamaki, Eddy; Pukuta-Simbu, Elisabeth; Hasivirwe-Vakaniaki, Emmanuel; Ola-Mpumbe, Rilia; Kwete-Mbokama, Papy; Akil-Bandali, Prince; Kacita, Cris; Ponga-Museme, Ange; Mapenzi-Kashali, Nelson; Vakaniaki, Gloria; Kenye, Kelly-Michel; Muyamuna, Elisabeth; Kavira-Bapitani, Sifa; Mukadi, Patrick; OToole, Aine; Tshiani-Mbaya, Olivier; Paku-Tshambu, Princesse; Lokilo-Lofiko, Emmanuel; Muswamba-Kayembe, Chloe; Makangara-Cigolo, Jean-Claude; Cikaya-Kankolongo, Fiston; Luakanda-Ndelemo, Gradi; Lawanga, Leader; Mabika-Bope, Elzedek; Lumembe-Numbi, Raphael; Kabamba-Lungenyi, Gabriel; Citenga, Andre; Kelvin, D. J.; Pratt, Catherine; Ayouba, Ahidjo; Tessema, Sofonias; Mukadi-Bamuleka, Daniel; Jansen, Daan; Halbrook, Megan; Merrit, Sydney; Hensley, Lisa; Delaporte, Eric; Mwamba, Dieudonne; Liesenborghs, Laurens; Hoff, Nicole; Peeters, Martine; Low, Nicola; Rimoin, Anne; Kindrachuk, Jason; Vercauteren, Koen; Rambaut, Andrew; Ahuka-Mundeke, Steve; Muyembe-Tamfum, Jean-Jacques"
PP_004AM1M,Ib,A.1,Democratic Republic of the Congo,Kinshasa,2024-12-06,187152,0.6837771095639651,2025-10-21,"Amuri-Aziza, Adrienne; Mbala-Kingebeni, Placide; Wawina-Bokalanga, Tony; Kinganda-Lusamaki, Eddy; Pukuta-Simbu, Elisabeth; Hasivirwe-Vakaniaki, Emmanuel; Ola-Mpumbe, Rilia; Kwete-Mbokama, Papy; Akil-Bandali, Prince; Kacita, Cris; Ponga-Museme, Ange; Mapenzi-Kashali, Nelson; Vakaniaki, Gloria; Kenye, Kelly-Michel; Muyamuna, Elisabeth; Kavira-Bapitani, Sifa; Mukadi, Patrick; OToole, Aine; Tshiani-Mbaya, Olivier; Paku-Tshambu, Princesse; Lokilo-Lofiko, Emmanuel; Muswamba-Kayembe, Chloe; Makangara-Cigolo, Jean-Claude; Cikaya-Kankolongo, Fiston; Luakanda-Ndelemo, Gradi; Lawanga, Leader; Mabika-Bope, Elzedek; Lumembe-Numbi, Raphael; Kabamba-Lungenyi, Gabriel; Citenga, Andre; Kelvin, D. J.; Pratt, Catherine; Ayouba, Ahidjo; Tessema, Sofonias; Mukadi-Bamuleka, Daniel; Jansen, Daan; Halbrook, Megan; Merrit, Sydney; Hensley, Lisa; Delaporte, Eric; Mwamba, Dieudonne; Liesenborghs, Laurens; Hoff, Nicole; Peeters, Martine; Low, Nicola; Rimoin, Anne; Kindrachuk, Jason; Vercauteren, Koen; Rambaut, Andrew; Ahuka-Mundeke, Steve; Muyembe-Tamfum, Jean-Jacques"
PP_004AM2K,Ia,None,Democratic Republic of the Congo,Tshuapa,2024-11-23,190246,0.9291056696195408,2025-10-21,"Muyembe-Tamfum, Jean-Jacques; Lokilo-Lofiko, Emmanuel; Mbala-Kingebeni, Placide; Wawina-Bokalanga, Tony; Kinganda-Lusamaki, Eddy; Pukuta-Simbu, Elisabeth; Hasivirwe-Vakaniaki, Emmanuel; Ola-Mpumbe, Rilia; Kwete-Mbokama, Papy; Akil-Bandali, Prince; Kacita, Cris; Ponga-Museme, Ange; Mapenzi-Kashali, Nelson; Vakaniaki, Gloria; Amuri-Aziza, Adrienne; Kenye, Kelly-Michel; Muyamuna, Elisabeth; Kavira-Bapitani, Sifa; Mukadi, Patrick; OToole, Aine; Tshiani-Mbaya, Olivier; Paku-Tshambu, Princesse; Muswamba-Kayembe, Chloe; Makangara-Cigolo, Jean-Claude; Cikaya-Kankolongo, Fiston; Luakanda-Ndelemo, Gradi; Lawanga, Leader; Mabika-Bope, Elzedek; Lumembe-Numbi, Raphael; Kabamba-Lungenyi, Gabriel; Citenga, Andre; Kelvin, D. J.; Pratt, Catherine; Ayouba, Ahidjo; Tessema, Sofonias; Mukadi-Bamuleka, Daniel; Jansen, Daan; Halbrook, Megan; Merrit, Sydney; Hensley, Lisa; Delaporte, Eric; Mwamba, Dieudonne; Liesenborghs, Laurens; Hoff, Nicole; Peeters, Martine; Low, Nicola; Rimoin, Anne; Kindrachuk, Jason; Vercauteren, Koen; Rambaut, Andrew; Ahuka-Mundeke, Steve"
PP_004AM3H,Ia,None,Democratic Republic of the Congo,Kinshasa,2024-12-07,188122,0.7968094762409423,2025-10-21,"Amuri-Aziza, Adrienne; Mbala-Kingebeni, Placide; Wawina-Bokalanga, Tony; Kinganda-Lusamaki, Eddy; Pukuta-Simbu, Elisabeth; Hasivirwe-Vakaniaki, Emmanuel; Ola-Mpumbe, Rilia; Kwete-Mbokama, Papy; Akil-Bandali, Prince; Kacita, Cris; Ponga-Museme, Ange; Mapenzi-Kashali, Nelson; Vakaniaki, Gloria; Kenye, Kelly-Michel; Muyamuna, Elisabeth; Kavira-Bapitani, Sifa; Mukadi, Patrick; OToole, Aine; Tshiani-Mbaya, Olivier; Paku-Tshambu, Princesse; Lokilo-Lofiko, Emmanuel; Muswamba-Kayembe, Chloe; Makangara-Cigolo, Jean-Claude; Cikaya-Kankolongo, Fiston; Luakanda-Ndelemo, Gradi; Lawanga, Leader; Mabika-Bope, Elzedek; Lumembe-Numbi, Raphael; Kabamba-Lungenyi, Gabriel; Citenga, Andre; Kelvin, D. J.; Pratt, Catherine; Ayouba, Ahidjo; Tessema, Sofonias; Mukadi-Bamuleka, Daniel; Jansen, Daan; Halbrook, Megan; Merrit, Sydney; Hensley, Lisa; Delaporte, Eric; Mwamba, Dieudonne; Liesenborghs, Laurens; Hoff, Nicole; Peeters, Martine; Low, Nicola; Rimoin, Anne; Kindrachuk, Jason; Vercauteren, Koen; Rambaut, Andrew; Ahuka-Mundeke, Steve; Muyembe-Tamfum, Jean-Jacques"
PP_004AM4F,Ia,None,Democratic Republic of the Congo,Kinshasa,2024-12-07,188106,0.8238315695531137,2025-10-21,"Amuri-Aziza, Adrienne; Mbala-Kingebeni, Placide; Wawina-Bokalanga, Tony; Kinganda-Lusamaki, Eddy; Pukuta-Simbu, Elisabeth; Hasivirwe-Vakaniaki, Emmanuel; Ola-Mpumbe, Rilia; Kwete-Mbokama, Papy; Akil-Bandali, Prince; Kacita, Cris; Ponga-Museme, Ange; Mapenzi-Kashali, Nelson; Vakaniaki, Gloria; Kenye, Kelly-Michel; Muyamuna, Elisabeth; Kavira-Bapitani, Sifa; Mukadi, Patrick; OToole, Aine; Tshiani-Mbaya, Olivier; Paku-Tshambu, Princesse; Lokilo-Lofiko, Emmanuel; Muswamba-Kayembe, Chloe; Makangara-Cigolo, Jean-Claude; Cikaya-Kankolongo, Fiston; Luakanda-Ndelemo, Gradi; Lawanga, Leader; Mabika-Bope, Elzedek; Lumembe-Numbi, Raphael; Kabamba-Lungenyi, Gabriel; Citenga, Andre; Kelvin, D. J.; Pratt, Catherine; Ayouba, Ahidjo; Tessema, Sofonias; Mukadi-Bamuleka, Daniel; Jansen, Daan; Halbrook, Megan; Merrit, Sydney; Hensley, Lisa; Delaporte, Eric; Mwamba, Dieudonne; Liesenborghs, Laurens; Hoff, Nicole; Peeters, Martine; Low, Nicola; Rimoin, Anne; Kindrachuk, Jason; Vercauteren, Koen; Rambaut, Andrew; Ahuka-Mundeke, Steve; Muyembe-Tamfum, Jean-Jacques"
PP_004AM5D,Ib,A.1,Democratic Republic of the Congo,Kinshasa,2024-12-08,188727,0.9308550826787824,2025-10-21,"Amuri-Aziza, Adrienne; Mbala-Kingebeni, Placide; Wawina-Bokalanga, Tony; Kinganda-Lusamaki, Eddy; Pukuta-Simbu, Elisabeth; Hasivirwe-Vakaniaki, Emmanuel; Ola-Mpumbe, Rilia; Kwete-Mbokama, Papy; Akil-Bandali, Prince; Kacita, Cris; Ponga-Museme, Ange; Mapenzi-Kashali, Nelson; Vakaniaki, Gloria; Kenye, Kelly-Michel; Muyamuna, Elisabeth; Kavira-Bapitani, Sifa; Mukadi, Patrick; OToole, Aine; Tshiani-Mbaya, Olivier; Paku-Tshambu, Princesse; Lokilo-Lofiko, Emmanuel; Muswamba-Kayembe, Chloe; Makangara-Cigolo, Jean-Claude; Cikaya-Kankolongo, Fiston; Luakanda-Ndelemo, Gradi; Lawanga, Leader; Mabika-Bope, Elzedek; Lumembe-Numbi, Raphael; Kabamba-Lungenyi, Gabriel; Citenga, Andre; Kelvin, D. J.; Pratt, Catherine; Ayouba, Ahidjo; Tessema, Sofonias; Mukadi-Bamuleka, Daniel; Jansen, Daan; Halbrook, Megan; Merrit, Sydney; Hensley, Lisa; Delaporte, Eric; Mwamba, Dieudonne; Liesenborghs, Laurens; Hoff, Nicole; Peeters, Martine; Low, Nicola; Rimoin, Anne; Kindrachuk, Jason; Vercauteren, Koen; Rambaut, Andrew; Ahuka-Mundeke, Steve; Muyembe-Tamfum, Jean-Jacques"
PP_004AM6B,Ia,None,Democratic Republic of the Congo,Kinshasa,2024-12-08,190067,0.9277619175595434,2025-10-21,"Amuri-Aziza, Adrienne; Mbala-Kingebeni, Placide; Wawina-Bokalanga, Tony; Kinganda-Lusamaki, Eddy; Pukuta-Simbu, Elisabeth; Hasivirwe-Vakaniaki, Emmanuel; Ola-Mpumbe, Rilia; Kwete-Mbokama, Papy; Akil-Bandali, Prince; Kacita, Cris; Ponga-Museme, Ange; Mapenzi-Kashali, Nelson; Vakaniaki, Gloria; Kenye, Kelly-Michel; Muyamuna, Elisabeth; Kavira-Bapitani, Sifa; Mukadi, Patrick; OToole, Aine; Tshiani-Mbaya, Olivier; Paku-Tshambu, Princesse; Lokilo-Lofiko, Emmanuel; Muswamba-Kayembe, Chloe; Makangara-Cigolo, Jean-Claude; Cikaya-Kankolongo, Fiston; Luakanda-Ndelemo, Gradi; Lawanga, Leader; Mabika-Bope, Elzedek; Lumembe-Numbi, Raphael; Kabamba-Lungenyi, Gabriel; Citenga, Andre; Kelvin, D. J.; Pratt, Catherine; Ayouba, Ahidjo; Tessema, Sofonias; Mukadi-Bamuleka, Daniel; Jansen, Daan; Halbrook, Megan; Merrit, Sydney; Hensley, Lisa; Delaporte, Eric; Mwamba, Dieudonne; Liesenborghs, Laurens; Hoff, Nicole; Peeters, Martine; Low, Nicola; Rimoin, Anne; Kindrachuk, Jason; Vercauteren, Koen; Rambaut, Andrew; Ahuka-Mundeke, Steve; Muyembe-Tamfum, Jean-Jacques"
PP_004AM79,Ia,None,Democratic Republic of the Congo,Kinshasa,2024-12-09,190083,0.929627958156068,2025-10-21,"Amuri-Aziza, Adrienne; Mbala-Kingebeni, Placide; Wawina-Bokalanga, Tony; Kinganda-Lusamaki, Eddy; Pukuta-Simbu, Elisabeth; Hasivirwe-Vakaniaki, Emmanuel; Ola-Mpumbe, Rilia; Kwete-Mbokama, Papy; Akil-Bandali, Prince; Kacita, Cris; Ponga-Museme, Ange; Mapenzi-Kashali, Nelson; Vakaniaki, Gloria; Kenye, Kelly-Michel; Muyamuna, Elisabeth; Kavira-Bapitani, Sifa; Mukadi, Patrick; OToole, Aine; Tshiani-Mbaya, Olivier; Paku-Tshambu, Princesse; Lokilo-Lofiko, Emmanuel; Muswamba-Kayembe, Chloe; Makangara-Cigolo, Jean-Claude; Cikaya-Kankolongo, Fiston; Luakanda-Ndelemo, Gradi; Lawanga, Leader; Mabika-Bope, Elzedek; Lumembe-Numbi, Raphael; Kabamba-Lungenyi, Gabriel; Citenga, Andre; Kelvin, D. J.; Pratt, Catherine; Ayouba, Ahidjo; Tessema, Sofonias; Mukadi-Bamuleka, Daniel; Jansen, Daan; Halbrook, Megan; Merrit, Sydney; Hensley, Lisa; Delaporte, Eric; Mwamba, Dieudonne; Liesenborghs, Laurens; Hoff, Nicole; Peeters, Martine; Low, Nicola; Rimoin, Anne; Kindrachuk, Jason; Vercauteren, Koen; Rambaut, Andrew; Ahuka-Mundeke, Steve; Muyembe-Tamfum, Jean-Jacques"
PP_004AM87,Ia,None,Democratic Republic of the Congo,Kinshasa,2024-12-09,189940,0.9332839779117584,2025-10-21,"Amuri-Aziza, Adrienne; Mbala-Kingebeni, Placide; Wawina-Bokalanga, Tony; Kinganda-Lusamaki, Eddy; Pukuta-Simbu, Elisabeth; Hasivirwe-Vakaniaki, Emmanuel; Ola-Mpumbe, Rilia; Kwete-Mbokama, Papy; Akil-Bandali, Prince; Kacita, Cris; Ponga-Museme, Ange; Mapenzi-Kashali, Nelson; Vakaniaki, Gloria; Kenye, Kelly-Michel; Muyamuna, Elisabeth; Kavira-Bapitani, Sifa; Mukadi, Patrick; OToole, Aine; Tshiani-Mbaya, Olivier; Paku-Tshambu, Princesse; Lokilo-Lofiko, Emmanuel; Muswamba-Kayembe, Chloe; Makangara-Cigolo, Jean-Claude; Cikaya-Kankolongo, Fiston; Luakanda-Ndelemo, Gradi; Lawanga, Leader; Mabika-Bope, Elzedek; Lumembe-Numbi, Raphael; Kabamba-Lungenyi, Gabriel; Citenga, Andre; Kelvin, D. J.; Pratt, Catherine; Ayouba, Ahidjo; Tessema, Sofonias; Mukadi-Bamuleka, Daniel; Jansen, Daan; Halbrook, Megan; Merrit, Sydney; Hensley, Lisa; Delaporte, Eric; Mwamba, Dieudonne; Liesenborghs, Laurens; Hoff, Nicole; Peeters, Martine; Low, Nicola; Rimoin, Anne; Kindrachuk, Jason; Vercauteren, Koen; Rambaut, Andrew; Ahuka-Mundeke, Steve; Muyembe-Tamfum, Jean-Jacques"
PP_004AM95,Ia,None,Democratic Republic of the Congo,Kinshasa,2024-12-09,189470,0.92809658788392,2025-10-21,"Amuri-Aziza, Adrienne; Mbala-Kingebeni, Placide; Wawina-Bokalanga, Tony; Kinganda-Lusamaki, Eddy; Pukuta-Simbu, Elisabeth; Hasivirwe-Vakaniaki, Emmanuel; Ola-Mpumbe, Rilia; Kwete-Mbokama, Papy; Akil-Bandali, Prince; Kacita, Cris; Ponga-Museme, Ange; Mapenzi-Kashali, Nelson; Vakaniaki, Gloria; Kenye, Kelly-Michel; Muyamuna, Elisabeth; Kavira-Bapitani, Sifa; Mukadi, Patrick; OToole, Aine; Tshiani-Mbaya, Olivier; Paku-Tshambu, Princesse; Lokilo-Lofiko, Emmanuel; Muswamba-Kayembe, Chloe; Makangara-Cigolo, Jean-Claude; Cikaya-Kankolongo, Fiston; Luakanda-Ndelemo, Gradi; Lawanga, Leader; Mabika-Bope, Elzedek; Lumembe-Numbi, Raphael; Kabamba-Lungenyi, Gabriel; Citenga, Andre; Kelvin, D. J.; Pratt, Catherine; Ayouba, Ahidjo; Tessema, Sofonias; Mukadi-Bamuleka, Daniel; Jansen, Daan; Halbrook, Megan; Merrit, Sydney; Hensley, Lisa; Delaporte, Eric; Mwamba, Dieudonne; Liesenborghs, Laurens; Hoff, Nicole; Peeters, Martine; Low, Nicola; Rimoin, Anne; Kindrachuk, Jason; Vercauteren, Koen; Rambaut, Andrew; Ahuka-Mundeke, Steve; Muyembe-Tamfum, Jean-Jacques"
PP_004AMA3,Ia,None,Democratic Republic of the Congo,Kinshasa,2024-12-09,189656,0.9355556795075276,2025-10-21,"Amuri-Aziza, Adrienne; Mbala-Kingebeni, Placide; Wawina-Bokalanga, Tony; Kinganda-Lusamaki, Eddy; Pukuta-Simbu, Elisabeth; Hasivirwe-Vakaniaki, Emmanuel; Ola-Mpumbe, Rilia; Kwete-Mbokama, Papy; Akil-Bandali, Prince; Kacita, Cris; Ponga-Museme, Ange; Mapenzi-Kashali, Nelson; Vakaniaki, Gloria; Kenye, Kelly-Michel; Muyamuna, Elisabeth; Kavira-Bapitani, Sifa; Mukadi, Patrick; OToole, Aine; Tshiani-Mbaya, Olivier; Paku-Tshambu, Princesse; Lokilo-Lofiko, Emmanuel; Muswamba-Kayembe, Chloe; Makangara-Cigolo, Jean-Claude; Cikaya-Kankolongo, Fiston; Luakanda-Ndelemo, Gradi; Lawanga, Leader; Mabika-Bope, Elzedek; Lumembe-Numbi, Raphael; Kabamba-Lungenyi, Gabriel; Citenga, Andre; Kelvin, D. J.; Pratt, Catherine; Ayouba, Ahidjo; Tessema, Sofonias; Mukadi-Bamuleka, Daniel; Jansen, Daan; Halbrook, Megan; Merrit, Sydney; Hensley, Lisa; Delaporte, Eric; Mwamba, Dieudonne; Liesenborghs, Laurens; Hoff, Nicole; Peeters, Martine; Low, Nicola; Rimoin, Anne; Kindrachuk, Jason; Vercauteren, Koen; Rambaut, Andrew; Ahuka-Mundeke, Steve; Muyembe-Tamfum, Jean-Jacques"
PP_004AMB1,Ia,None,Democratic Republic of the Congo,Kinshasa,2024-12-09,190127,0.951381529240552,2025-10-21,"Amuri-Aziza, Adrienne; Mbala-Kingebeni, Placide; Wawina-Bokalanga, Tony; Kinganda-Lusamaki, Eddy; Pukuta-Simbu, Elisabeth; Hasivirwe-Vakaniaki, Emmanuel; Ola-Mpumbe, Rilia; Kwete-Mbokama, Papy; Akil-Bandali, Prince; Kacita, Cris; Ponga-Museme, Ange; Mapenzi-Kashali, Nelson; Vakaniaki, Gloria; Kenye, Kelly-Michel; Muyamuna, Elisabeth; Kavira-Bapitani, Sifa; Mukadi, Patrick; OToole, Aine; Tshiani-Mbaya, Olivier; Paku-Tshambu, Princesse; Lokilo-Lofiko, Emmanuel; Muswamba-Kayembe, Chloe; Makangara-Cigolo, Jean-Claude; Cikaya-Kankolongo, Fiston; Luakanda-Ndelemo, Gradi; Lawanga, Leader; Mabika-Bope, Elzedek; Lumembe-Numbi, Raphael; Kabamba-Lungenyi, Gabriel; Citenga, Andre; Kelvin, D. J.; Pratt, Catherine; Ayouba, Ahidjo; Tessema, Sofonias; Mukadi-Bamuleka, Daniel; Jansen, Daan; Halbrook, Megan; Merrit, Sydney; Hensley, Lisa; Delaporte, Eric; Mwamba, Dieudonne; Liesenborghs, Laurens; Hoff, Nicole; Peeters, Martine; Low, Nicola; Rimoin, Anne; Kindrachuk, Jason; Vercauteren, Koen; Rambaut, Andrew; Ahuka-Mundeke, Steve; Muyembe-Tamfum, Jean-Jacques"
PP_004AMCZ,Ia,None,Democratic Republic of the Congo,Kinshasa,2024-12-08,189527,0.9458036905009406,2025-10-21,"Amuri-Aziza, Adrienne; Mbala-Kingebeni, Placide; Wawina-Bokalanga, Tony; Kinganda-Lusamaki, Eddy; Pukuta-Simbu, Elisabeth; Hasivirwe-Vakaniaki, Emmanuel; Ola-Mpumbe, Rilia; Kwete-Mbokama, Papy; Akil-Bandali, Prince; Kacita, Cris; Ponga-Museme, Ange; Mapenzi-Kashali, Nelson; Vakaniaki, Gloria; Kenye, Kelly-Michel; Muyamuna, Elisabeth; Kavira-Bapitani, Sifa; Mukadi, Patrick; OToole, Aine; Tshiani-Mbaya, Olivier; Paku-Tshambu, Princesse; Lokilo-Lofiko, Emmanuel; Muswamba-Kayembe, Chloe; Makangara-Cigolo, Jean-Claude; Cikaya-Kankolongo, Fiston; Luakanda-Ndelemo, Gradi; Lawanga, Leader; Mabika-Bope, Elzedek; Lumembe-Numbi, Raphael; Kabamba-Lungenyi, Gabriel; Citenga, Andre; Kelvin, D. J.; Pratt, Catherine; Ayouba, Ahidjo; Tessema, Sofonias; Mukadi-Bamuleka, Daniel; Jansen, Daan; Halbrook, Megan; Merrit, Sydney; Hensley, Lisa; Delaporte, Eric; Mwamba, Dieudonne; Liesenborghs, Laurens; Hoff, Nicole; Peeters, Martine; Low, Nicola; Rimoin, Anne; Kindrachuk, Jason; Vercauteren, Koen; Rambaut, Andrew; Ahuka-Mundeke, Steve; Muyembe-Tamfum, Jean-Jacques"
PP_004AMDX,Ib,A.1,Democratic Republic of the Congo,Kinshasa,2024-12-06,188917,0.828552449431821,2025-10-21,"Amuri-Aziza, Adrienne; Mbala-Kingebeni, Placide; Wawina-Bokalanga, Tony; Kinganda-Lusamaki, Eddy; Pukuta-Simbu, Elisabeth; Hasivirwe-Vakaniaki, Emmanuel; Ola-Mpumbe, Rilia; Kwete-Mbokama, Papy; Akil-Bandali, Prince; Kacita, Cris; Ponga-Museme, Ange; Mapenzi-Kashali, Nelson; Vakaniaki, Gloria; Kenye, Kelly-Michel; Muyamuna, Elisabeth; Kavira-Bapitani, Sifa; Mukadi, Patrick; OToole, Aine; Tshiani-Mbaya, Olivier; Paku-Tshambu, Princesse; Lokilo-Lofiko, Emmanuel; Muswamba-Kayembe, Chloe; Makangara-Cigolo, Jean-Claude; Cikaya-Kankolongo, Fiston; Luakanda-Ndelemo, Gradi; Lawanga, Leader; Mabika-Bope, Elzedek; Lumembe-Numbi, Raphael; Kabamba-Lungenyi, Gabriel; Citenga, Andre; Kelvin, D. J.; Pratt, Catherine; Ayouba, Ahidjo; Tessema, Sofonias; Mukadi-Bamuleka, Daniel; Jansen, Daan; Halbrook, Megan; Merrit, Sydney; Hensley, Lisa; Delaporte, Eric; Mwamba, Dieudonne; Liesenborghs, Laurens; Hoff, Nicole; Peeters, Martine; Low, Nicola; Rimoin, Anne; Kindrachuk, Jason; Vercauteren, Koen; Rambaut, Andrew; Ahuka-Mundeke, Steve; Muyembe-Tamfum, Jean-Jacques"
PP_004AMEV,Ia,None,Democratic Republic of the Congo,Tshuapa,2024-11-24,188124,0.6883306542804841,2025-10-21,"Muyembe-Tamfum, Jean-Jacques; Lokilo-Lofiko, Emmanuel; Mbala-Kingebeni, Placide; Wawina-Bokalanga, Tony; Kinganda-Lusamaki, Eddy; Pukuta-Simbu, Elisabeth; Hasivirwe-Vakaniaki, Emmanuel; Ola-Mpumbe, Rilia; Kwete-Mbokama, Papy; Akil-Bandali, Prince; Kacita, Cris; Ponga-Museme, Ange; Mapenzi-Kashali, Nelson; Vakaniaki, Gloria; Amuri-Aziza, Adrienne; Kenye, Kelly-Michel; Muyamuna, Elisabeth; Kavira-Bapitani, Sifa; Mukadi, Patrick; OToole, Aine; Tshiani-Mbaya, Olivier; Paku-Tshambu, Princesse; Muswamba-Kayembe, Chloe; Makangara-Cigolo, Jean-Claude; Cikaya-Kankolongo, Fiston; Luakanda-Ndelemo, Gradi; Lawanga, Leader; Mabika-Bope, Elzedek; Lumembe-Numbi, Raphael; Kabamba-Lungenyi, Gabriel; Citenga, Andre; Kelvin, D. J.; Pratt, Catherine; Ayouba, Ahidjo; Tessema, Sofonias; Mukadi-Bamuleka, Daniel; Jansen, Daan; Halbrook, Megan; Merrit, Sydney; Hensley, Lisa; Delaporte, Eric; Mwamba, Dieudonne; Liesenborghs, Laurens; Hoff, Nicole; Peeters, Martine; Low, Nicola; Rimoin, Anne; Kindrachuk, Jason; Vercauteren, Koen; Rambaut, Andrew; Ahuka-Mundeke, Steve"
PP_004AMFT,Ia,None,Democratic Republic of the Congo,Tshuapa,2024-11-26,189269,0.8495707599551745,2025-10-21,"Muyembe-Tamfum, Jean-Jacques; Lokilo-Lofiko, Emmanuel; Mbala-Kingebeni, Placide; Wawina-Bokalanga, Tony; Kinganda-Lusamaki, Eddy; Pukuta-Simbu, Elisabeth; Hasivirwe-Vakaniaki, Emmanuel; Ola-Mpumbe, Rilia; Kwete-Mbokama, Papy; Akil-Bandali, Prince; Kacita, Cris; Ponga-Museme, Ange; Mapenzi-Kashali, Nelson; Vakaniaki, Gloria; Amuri-Aziza, Adrienne; Kenye, Kelly-Michel; Muyamuna, Elisabeth; Kavira-Bapitani, Sifa; Mukadi, Patrick; OToole, Aine; Tshiani-Mbaya, Olivier; Paku-Tshambu, Princesse; Muswamba-Kayembe, Chloe; Makangara-Cigolo, Jean-Claude; Cikaya-Kankolongo, Fiston; Luakanda-Ndelemo, Gradi; Lawanga, Leader; Mabika-Bope, Elzedek; Lumembe-Numbi, Raphael; Kabamba-Lungenyi, Gabriel; Citenga, Andre; Kelvin, D. J.; Pratt, Catherine; Ayouba, Ahidjo; Tessema, Sofonias; Mukadi-Bamuleka, Daniel; Jansen, Daan; Halbrook, Megan; Merrit, Sydney; Hensley, Lisa; Delaporte, Eric; Mwamba, Dieudonne; Liesenborghs, Laurens; Hoff, Nicole; Peeters, Martine; Low, Nicola; Rimoin, Anne; Kindrachuk, Jason; Vercauteren, Koen; Rambaut, Andrew; Ahuka-Mundeke, Steve"
PP_004AMGR,Ia,None,Democratic Republic of the Congo,Tshuapa,2024-11-26,187443,0.7639458645396509,2025-10-21,"Muyembe-Tamfum, Jean-Jacques; Lokilo-Lofiko, Emmanuel; Mbala-Kingebeni, Placide; Wawina-Bokalanga, Tony; Kinganda-Lusamaki, Eddy; Pukuta-Simbu, Elisabeth; Hasivirwe-Vakaniaki, Emmanuel; Ola-Mpumbe, Rilia; Kwete-Mbokama, Papy; Akil-Bandali, Prince; Kacita, Cris; Ponga-Museme, Ange; Mapenzi-Kashali, Nelson; Vakaniaki, Gloria; Amuri-Aziza, Adrienne; Kenye, Kelly-Michel; Muyamuna, Elisabeth; Kavira-Bapitani, Sifa; Mukadi, Patrick; OToole, Aine; Tshiani-Mbaya, Olivier; Paku-Tshambu, Princesse; Muswamba-Kayembe, Chloe; Makangara-Cigolo, Jean-Claude; Cikaya-Kankolongo, Fiston; Luakanda-Ndelemo, Gradi; Lawanga, Leader; Mabika-Bope, Elzedek; Lumembe-Numbi, Raphael; Kabamba-Lungenyi, Gabriel; Citenga, Andre; Kelvin, D. J.; Pratt, Catherine; Ayouba, Ahidjo; Tessema, Sofonias; Mukadi-Bamuleka, Daniel; Jansen, Daan; Halbrook, Megan; Merrit, Sydney; Hensley, Lisa; Delaporte, Eric; Mwamba, Dieudonne; Liesenborghs, Laurens; Hoff, Nicole; Peeters, Martine; Low, Nicola; Rimoin, Anne; Kindrachuk, Jason; Vercauteren, Koen; Rambaut, Andrew; Ahuka-Mundeke, Steve"
PP_004AMHN,Ia,None,Democratic Republic of the Congo,Tshuapa,2024-11-24,188793,0.8521669903503389,2025-10-21,"Muyembe-Tamfum, Jean-Jacques; Lokilo-Lofiko, Emmanuel; Mbala-Kingebeni, Placide; Wawina-Bokalanga, Tony; Kinganda-Lusamaki, Eddy; Pukuta-Simbu, Elisabeth; Hasivirwe-Vakaniaki, Emmanuel; Ola-Mpumbe, Rilia; Kwete-Mbokama, Papy; Akil-Bandali, Prince; Kacita, Cris; Ponga-Museme, Ange; Mapenzi-Kashali, Nelson; Vakaniaki, Gloria; Amuri-Aziza, Adrienne; Kenye, Kelly-Michel; Muyamuna, Elisabeth; Kavira-Bapitani, Sifa; Mukadi, Patrick; OToole, Aine; Tshiani-Mbaya, Olivier; Paku-Tshambu, Princesse; Muswamba-Kayembe, Chloe; Makangara-Cigolo, Jean-Claude; Cikaya-Kankolongo, Fiston; Luakanda-Ndelemo, Gradi; Lawanga, Leader; Mabika-Bope, Elzedek; Lumembe-Numbi, Raphael; Kabamba-Lungenyi, Gabriel; Citenga, Andre; Kelvin, D. J.; Pratt, Catherine; Ayouba, Ahidjo; Tessema, Sofonias; Mukadi-Bamuleka, Daniel; Jansen, Daan; Halbrook, Megan; Merrit, Sydney; Hensley, Lisa; Delaporte, Eric; Mwamba, Dieudonne; Liesenborghs, Laurens; Hoff, Nicole; Peeters, Martine; Low, Nicola; Rimoin, Anne; Kindrachuk, Jason; Vercauteren, Koen; Rambaut, Andrew; Ahuka-Mundeke, Steve"
PP_004AMJL,Ia,None,Democratic Republic of the Congo,Tshuapa,2024-11-26,189331,0.8471925723471039,2025-10-21,"Muyembe-Tamfum, Jean-Jacques; Lokilo-Lofiko, Emmanuel; Mbala-Kingebeni, Placide; Wawina-Bokalanga, Tony; Kinganda-Lusamaki, Eddy; Pukuta-Simbu, Elisabeth; Hasivirwe-Vakaniaki, Emmanuel; Ola-Mpumbe, Rilia; Kwete-Mbokama, Papy; Akil-Bandali, Prince; Kacita, Cris; Ponga-Museme, Ange; Mapenzi-Kashali, Nelson; Vakaniaki, Gloria; Amuri-Aziza, Adrienne; Kenye, Kelly-Michel; Muyamuna, Elisabeth; Kavira-Bapitani, Sifa; Mukadi, Patrick; OToole, Aine; Tshiani-Mbaya, Olivier; Paku-Tshambu, Princesse; Muswamba-Kayembe, Chloe; Makangara-Cigolo, Jean-Claude; Cikaya-Kankolongo, Fiston; Luakanda-Ndelemo, Gradi; Lawanga, Leader; Mabika-Bope, Elzedek; Lumembe-Numbi, Raphael; Kabamba-Lungenyi, Gabriel; Citenga, Andre; Kelvin, D. J.; Pratt, Catherine; Ayouba, Ahidjo; Tessema, Sofonias; Mukadi-Bamuleka, Daniel; Jansen, Daan; Halbrook, Megan; Merrit, Sydney; Hensley, Lisa; Delaporte, Eric; Mwamba, Dieudonne; Liesenborghs, Laurens; Hoff, Nicole; Peeters, Martine; Low, Nicola; Rimoin, Anne; Kindrachuk, Jason; Vercauteren, Koen; Rambaut, Andrew; Ahuka-Mundeke, Steve"
PP_004AMKJ,Ia,None,Democratic Republic of the Congo,Tshuapa,2024-11-26,189277,0.7721402167243888,2025-10-21,"Muyembe-Tamfum, Jean-Jacques; Lokilo-Lofiko, Emmanuel; Mbala-Kingebeni, Placide; Wawina-Bokalanga, Tony; Kinganda-Lusamaki, Eddy; Pukuta-Simbu, Elisabeth; Hasivirwe-Vakaniaki, Emmanuel; Ola-Mpumbe, Rilia; Kwete-Mbokama, Papy; Akil-Bandali, Prince; Kacita, Cris; Ponga-Museme, Ange; Mapenzi-Kashali, Nelson; Vakaniaki, Gloria; Amuri-Aziza, Adrienne; Kenye, Kelly-Michel; Muyamuna, Elisabeth; Kavira-Bapitani, Sifa; Mukadi, Patrick; OToole, Aine; Tshiani-Mbaya, Olivier; Paku-Tshambu, Princesse; Muswamba-Kayembe, Chloe; Makangara-Cigolo, Jean-Claude; Cikaya-Kankolongo, Fiston; Luakanda-Ndelemo, Gradi; Lawanga, Leader; Mabika-Bope, Elzedek; Lumembe-Numbi, Raphael; Kabamba-Lungenyi, Gabriel; Citenga, Andre; Kelvin, D. J.; Pratt, Catherine; Ayouba, Ahidjo; Tessema, Sofonias; Mukadi-Bamuleka, Daniel; Jansen, Daan; Halbrook, Megan; Merrit, Sydney; Hensley, Lisa; Delaporte, Eric; Mwamba, Dieudonne; Liesenborghs, Laurens; Hoff, Nicole; Peeters, Martine; Low, Nicola; Rimoin, Anne; Kindrachuk, Jason; Vercauteren, Koen; Rambaut, Andrew; Ahuka-Mundeke, Steve"
PP_004AMLG,Ia,None,Democratic Republic of the Congo,Tshuapa,2024-11-26,186694,0.8282127083449539,2025-10-21,"Muyembe-Tamfum, Jean-Jacques; Lokilo-Lofiko, Emmanuel; Mbala-Kingebeni, Placide; Wawina-Bokalanga, Tony; Kinganda-Lusamaki, Eddy; Pukuta-Simbu, Elisabeth; Hasivirwe-Vakaniaki, Emmanuel; Ola-Mpumbe, Rilia; Kwete-Mbokama, Papy; Akil-Bandali, Prince; Kacita, Cris; Ponga-Museme, Ange; Mapenzi-Kashali, Nelson; Vakaniaki, Gloria; Amuri-Aziza, Adrienne; Kenye, Kelly-Michel; Muyamuna, Elisabeth; Kavira-Bapitani, Sifa; Mukadi, Patrick; OToole, Aine; Tshiani-Mbaya, Olivier; Paku-Tshambu, Princesse; Muswamba-Kayembe, Chloe; Makangara-Cigolo, Jean-Claude; Cikaya-Kankolongo, Fiston; Luakanda-Ndelemo, Gradi; Lawanga, Leader; Mabika-Bope, Elzedek; Lumembe-Numbi, Raphael; Kabamba-Lungenyi, Gabriel; Citenga, Andre; Kelvin, D. J.; Pratt, Catherine; Ayouba, Ahidjo; Tessema, Sofonias; Mukadi-Bamuleka, Daniel; Jansen, Daan; Halbrook, Megan; Merrit, Sydney; Hensley, Lisa; Delaporte, Eric; Mwamba, Dieudonne; Liesenborghs, Laurens; Hoff, Nicole; Peeters, Martine; Low, Nicola; Rimoin, Anne; Kindrachuk, Jason; Vercauteren, Koen; Rambaut, Andrew; Ahuka-Mundeke, Steve"
PP_004AMME,Ia,None,Democratic Republic of the Congo,Tshuapa,2024-11-26,189090,0.7818355146063314,2025-10-21,"Muyembe-Tamfum, Jean-Jacques; Lokilo-Lofiko, Emmanuel; Mbala-Kingebeni, Placide; Wawina-Bokalanga, Tony; Kinganda-Lusamaki, Eddy; Pukuta-Simbu, Elisabeth; Hasivirwe-Vakaniaki, Emmanuel; Ola-Mpumbe, Rilia; Kwete-Mbokama, Papy; Akil-Bandali, Prince; Kacita, Cris; Ponga-Museme, Ange; Mapenzi-Kashali, Nelson; Vakaniaki, Gloria; Amuri-Aziza, Adrienne; Kenye, Kelly-Michel; Muyamuna, Elisabeth; Kavira-Bapitani, Sifa; Mukadi, Patrick; OToole, Aine; Tshiani-Mbaya, Olivier; Paku-Tshambu, Princesse; Muswamba-Kayembe, Chloe; Makangara-Cigolo, Jean-Claude; Cikaya-Kankolongo, Fiston; Luakanda-Ndelemo, Gradi; Lawanga, Leader; Mabika-Bope, Elzedek; Lumembe-Numbi, Raphael; Kabamba-Lungenyi, Gabriel; Citenga, Andre; Kelvin, D. J.; Pratt, Catherine; Ayouba, Ahidjo; Tessema, Sofonias; Mukadi-Bamuleka, Daniel; Jansen, Daan; Halbrook, Megan; Merrit, Sydney; Hensley, Lisa; Delaporte, Eric; Mwamba, Dieudonne; Liesenborghs, Laurens; Hoff, Nicole; Peeters, Martine; Low, Nicola; Rimoin, Anne; Kindrachuk, Jason; Vercauteren, Koen; Rambaut, Andrew; Ahuka-Mundeke, Steve"
PP_004AMNC,Ia,None,Democratic Republic of the Congo,Tshuapa,2024-11-26,188486,0.5327799441201974,2025-10-21,"Muyembe-Tamfum, Jean-Jacques; Lokilo-Lofiko, Emmanuel; Mbala-Kingebeni, Placide; Wawina-Bokalanga, Tony; Kinganda-Lusamaki, Eddy; Pukuta-Simbu, Elisabeth; Hasivirwe-Vakaniaki, Emmanuel; Ola-Mpumbe, Rilia; Kwete-Mbokama, Papy; Akil-Bandali, Prince; Kacita, Cris; Ponga-Museme, Ange; Mapenzi-Kashali, Nelson; Vakaniaki, Gloria; Amuri-Aziza, Adrienne; Kenye, Kelly-Michel; Muyamuna, Elisabeth; Kavira-Bapitani, Sifa; Mukadi, Patrick; OToole, Aine; Tshiani-Mbaya, Olivier; Paku-Tshambu, Princesse; Muswamba-Kayembe, Chloe; Makangara-Cigolo, Jean-Claude; Cikaya-Kankolongo, Fiston; Luakanda-Ndelemo, Gradi; Lawanga, Leader; Mabika-Bope, Elzedek; Lumembe-Numbi, Raphael; Kabamba-Lungenyi, Gabriel; Citenga, Andre; Kelvin, D. J.; Pratt, Catherine; Ayouba, Ahidjo; Tessema, Sofonias; Mukadi-Bamuleka, Daniel; Jansen, Daan; Halbrook, Megan; Merrit, Sydney; Hensley, Lisa; Delaporte, Eric; Mwamba, Dieudonne; Liesenborghs, Laurens; Hoff, Nicole; Peeters, Martine; Low, Nicola; Rimoin, Anne; Kindrachuk, Jason; Vercauteren, Koen; Rambaut, Andrew; Ahuka-Mundeke, Steve"
PP_004AMPA,Ia,None,Democratic Republic of the Congo,Tshuapa,2024-11-26,181913,0.6207982394312633,2025-10-21,"Muyembe-Tamfum, Jean-Jacques; Lokilo-Lofiko, Emmanuel; Mbala-Kingebeni, Placide; Wawina-Bokalanga, Tony; Kinganda-Lusamaki, Eddy; Pukuta-Simbu, Elisabeth; Hasivirwe-Vakaniaki, Emmanuel; Ola-Mpumbe, Rilia; Kwete-Mbokama, Papy; Akil-Bandali, Prince; Kacita, Cris; Ponga-Museme, Ange; Mapenzi-Kashali, Nelson; Vakaniaki, Gloria; Amuri-Aziza, Adrienne; Kenye, Kelly-Michel; Muyamuna, Elisabeth; Kavira-Bapitani, Sifa; Mukadi, Patrick; OToole, Aine; Tshiani-Mbaya, Olivier; Paku-Tshambu, Princesse; Muswamba-Kayembe, Chloe; Makangara-Cigolo, Jean-Claude; Cikaya-Kankolongo, Fiston; Luakanda-Ndelemo, Gradi; Lawanga, Leader; Mabika-Bope, Elzedek; Lumembe-Numbi, Raphael; Kabamba-Lungenyi, Gabriel; Citenga, Andre; Kelvin, D. J.; Pratt, Catherine; Ayouba, Ahidjo; Tessema, Sofonias; Mukadi-Bamuleka, Daniel; Jansen, Daan; Halbrook, Megan; Merrit, Sydney; Hensley, Lisa; Delaporte, Eric; Mwamba, Dieudonne; Liesenborghs, Laurens; Hoff, Nicole; Peeters, Martine; Low, Nicola; Rimoin, Anne; Kindrachuk, Jason; Vercauteren, Koen; Rambaut, Andrew; Ahuka-Mundeke, Steve"
PP_004AMQ8,Ia,None,Democratic Republic of the Congo,Tshuapa,2024-11-23,189158,0.8492411603932883,2025-10-21,"Muyembe-Tamfum, Jean-Jacques; Lokilo-Lofiko, Emmanuel; Mbala-Kingebeni, Placide; Wawina-Bokalanga, Tony; Kinganda-Lusamaki, Eddy; Pukuta-Simbu, Elisabeth; Hasivirwe-Vakaniaki, Emmanuel; Ola-Mpumbe, Rilia; Kwete-Mbokama, Papy; Akil-Bandali, Prince; Kacita, Cris; Ponga-Museme, Ange; Mapenzi-Kashali, Nelson; Vakaniaki, Gloria; Amuri-Aziza, Adrienne; Kenye, Kelly-Michel; Muyamuna, Elisabeth; Kavira-Bapitani, Sifa; Mukadi, Patrick; OToole, Aine; Tshiani-Mbaya, Olivier; Paku-Tshambu, Princesse; Muswamba-Kayembe, Chloe; Makangara-Cigolo, Jean-Claude; Cikaya-Kankolongo, Fiston; Luakanda-Ndelemo, Gradi; Lawanga, Leader; Mabika-Bope, Elzedek; Lumembe-Numbi, Raphael; Kabamba-Lungenyi, Gabriel; Citenga, Andre; Kelvin, D. J.; Pratt, Catherine; Ayouba, Ahidjo; Tessema, Sofonias; Mukadi-Bamuleka, Daniel; Jansen, Daan; Halbrook, Megan; Merrit, Sydney; Hensley, Lisa; Delaporte, Eric; Mwamba, Dieudonne; Liesenborghs, Laurens; Hoff, Nicole; Peeters, Martine; Low, Nicola; Rimoin, Anne; Kindrachuk, Jason; Vercauteren, Koen; Rambaut, Andrew; Ahuka-Mundeke, Steve"
PP_004AMR6,Ia,None,Democratic Republic of the Congo,Tshuapa,2024-11-26,189704,0.8219046798067026,2025-10-21,"Muyembe-Tamfum, Jean-Jacques; Lokilo-Lofiko, Emmanuel; Mbala-Kingebeni, Placide; Wawina-Bokalanga, Tony; Kinganda-Lusamaki, Eddy; Pukuta-Simbu, Elisabeth; Hasivirwe-Vakaniaki, Emmanuel; Ola-Mpumbe, Rilia; Kwete-Mbokama, Papy; Akil-Bandali, Prince; Kacita, Cris; Ponga-Museme, Ange; Mapenzi-Kashali, Nelson; Vakaniaki, Gloria; Amuri-Aziza, Adrienne; Kenye, Kelly-Michel; Muyamuna, Elisabeth; Kavira-Bapitani, Sifa; Mukadi, Patrick; OToole, Aine; Tshiani-Mbaya, Olivier; Paku-Tshambu, Princesse; Muswamba-Kayembe, Chloe; Makangara-Cigolo, Jean-Claude; Cikaya-Kankolongo, Fiston; Luakanda-Ndelemo, Gradi; Lawanga, Leader; Mabika-Bope, Elzedek; Lumembe-Numbi, Raphael; Kabamba-Lungenyi, Gabriel; Citenga, Andre; Kelvin, D. J.; Pratt, Catherine; Ayouba, Ahidjo; Tessema, Sofonias; Mukadi-Bamuleka, Daniel; Jansen, Daan; Halbrook, Megan; Merrit, Sydney; Hensley, Lisa; Delaporte, Eric; Mwamba, Dieudonne; Liesenborghs, Laurens; Hoff, Nicole; Peeters, Martine; Low, Nicola; Rimoin, Anne; Kindrachuk, Jason; Vercauteren, Koen; Rambaut, Andrew; Ahuka-Mundeke, Steve"
PP_004AMS4,Ia,None,Democratic Republic of the Congo,Tshuapa,2024-11-24,188907,0.7896444888417872,2025-10-21,"Muyembe-Tamfum, Jean-Jacques; Lokilo-Lofiko, Emmanuel; Mbala-Kingebeni, Placide; Wawina-Bokalanga, Tony; Kinganda-Lusamaki, Eddy; Pukuta-Simbu, Elisabeth; Hasivirwe-Vakaniaki, Emmanuel; Ola-Mpumbe, Rilia; Kwete-Mbokama, Papy; Akil-Bandali, Prince; Kacita, Cris; Ponga-Museme, Ange; Mapenzi-Kashali, Nelson; Vakaniaki, Gloria; Amuri-Aziza, Adrienne; Kenye, Kelly-Michel; Muyamuna, Elisabeth; Kavira-Bapitani, Sifa; Mukadi, Patrick; OToole, Aine; Tshiani-Mbaya, Olivier; Paku-Tshambu, Princesse; Muswamba-Kayembe, Chloe; Makangara-Cigolo, Jean-Claude; Cikaya-Kankolongo, Fiston; Luakanda-Ndelemo, Gradi; Lawanga, Leader; Mabika-Bope, Elzedek; Lumembe-Numbi, Raphael; Kabamba-Lungenyi, Gabriel; Citenga, Andre; Kelvin, D. J.; Pratt, Catherine; Ayouba, Ahidjo; Tessema, Sofonias; Mukadi-Bamuleka, Daniel; Jansen, Daan; Halbrook, Megan; Merrit, Sydney; Hensley, Lisa; Delaporte, Eric; Mwamba, Dieudonne; Liesenborghs, Laurens; Hoff, Nicole; Peeters, Martine; Low, Nicola; Rimoin, Anne; Kindrachuk, Jason; Vercauteren, Koen; Rambaut, Andrew; Ahuka-Mundeke, Steve"
PP_004AMT2,Ia,None,Democratic Republic of the Congo,Tshuapa,2024-11-23,190141,0.8386229837380647,2025-10-21,"Muyembe-Tamfum, Jean-Jacques; Lokilo-Lofiko, Emmanuel; Mbala-Kingebeni, Placide; Wawina-Bokalanga, Tony; Kinganda-Lusamaki, Eddy; Pukuta-Simbu, Elisabeth; Hasivirwe-Vakaniaki, Emmanuel; Ola-Mpumbe, Rilia; Kwete-Mbokama, Papy; Akil-Bandali, Prince; Kacita, Cris; Ponga-Museme, Ange; Mapenzi-Kashali, Nelson; Vakaniaki, Gloria; Amuri-Aziza, Adrienne; Kenye, Kelly-Michel; Muyamuna, Elisabeth; Kavira-Bapitani, Sifa; Mukadi, Patrick; OToole, Aine; Tshiani-Mbaya, Olivier; Paku-Tshambu, Princesse; Muswamba-Kayembe, Chloe; Makangara-Cigolo, Jean-Claude; Cikaya-Kankolongo, Fiston; Luakanda-Ndelemo, Gradi; Lawanga, Leader; Mabika-Bope, Elzedek; Lumembe-Numbi, Raphael; Kabamba-Lungenyi, Gabriel; Citenga, Andre; Kelvin, D. J.; Pratt, Catherine; Ayouba, Ahidjo; Tessema, Sofonias; Mukadi-Bamuleka, Daniel; Jansen, Daan; Halbrook, Megan; Merrit, Sydney; Hensley, Lisa; Delaporte, Eric; Mwamba, Dieudonne; Liesenborghs, Laurens; Hoff, Nicole; Peeters, Martine; Low, Nicola; Rimoin, Anne; Kindrachuk, Jason; Vercauteren, Koen; Rambaut, Andrew; Ahuka-Mundeke, Steve"
PP_004AMU0,Ia,None,Democratic Republic of the Congo,Tshuapa,2024-11-24,189402,0.845889386387031,2025-10-21,"Muyembe-Tamfum, Jean-Jacques; Lokilo-Lofiko, Emmanuel; Mbala-Kingebeni, Placide; Wawina-Bokalanga, Tony; Kinganda-Lusamaki, Eddy; Pukuta-Simbu, Elisabeth; Hasivirwe-Vakaniaki, Emmanuel; Ola-Mpumbe, Rilia; Kwete-Mbokama, Papy; Akil-Bandali, Prince; Kacita, Cris; Ponga-Museme, Ange; Mapenzi-Kashali, Nelson; Vakaniaki, Gloria; Amuri-Aziza, Adrienne; Kenye, Kelly-Michel; Muyamuna, Elisabeth; Kavira-Bapitani, Sifa; Mukadi, Patrick; OToole, Aine; Tshiani-Mbaya, Olivier; Paku-Tshambu, Princesse; Muswamba-Kayembe, Chloe; Makangara-Cigolo, Jean-Claude; Cikaya-Kankolongo, Fiston; Luakanda-Ndelemo, Gradi; Lawanga, Leader; Mabika-Bope, Elzedek; Lumembe-Numbi, Raphael; Kabamba-Lungenyi, Gabriel; Citenga, Andre; Kelvin, D. J.; Pratt, Catherine; Ayouba, Ahidjo; Tessema, Sofonias; Mukadi-Bamuleka, Daniel; Jansen, Daan; Halbrook, Megan; Merrit, Sydney; Hensley, Lisa; Delaporte, Eric; Mwamba, Dieudonne; Liesenborghs, Laurens; Hoff, Nicole; Peeters, Martine; Low, Nicola; Rimoin, Anne; Kindrachuk, Jason; Vercauteren, Koen; Rambaut, Andrew; Ahuka-Mundeke, Steve"
PP_004AMVY,Ia,None,Democratic Republic of the Congo,Tshuapa,2024-11-24,189409,0.8722218560004867,2025-10-21,"Muyembe-Tamfum, Jean-Jacques; Lokilo-Lofiko, Emmanuel; Mbala-Kingebeni, Placide; Wawina-Bokalanga, Tony; Kinganda-Lusamaki, Eddy; Pukuta-Simbu, Elisabeth; Hasivirwe-Vakaniaki, Emmanuel; Ola-Mpumbe, Rilia; Kwete-Mbokama, Papy; Akil-Bandali, Prince; Kacita, Cris; Ponga-Museme, Ange; Mapenzi-Kashali, Nelson; Vakaniaki, Gloria; Amuri-Aziza, Adrienne; Kenye, Kelly-Michel; Muyamuna, Elisabeth; Kavira-Bapitani, Sifa; Mukadi, Patrick; OToole, Aine; Tshiani-Mbaya, Olivier; Paku-Tshambu, Princesse; Muswamba-Kayembe, Chloe; Makangara-Cigolo, Jean-Claude; Cikaya-Kankolongo, Fiston; Luakanda-Ndelemo, Gradi; Lawanga, Leader; Mabika-Bope, Elzedek; Lumembe-Numbi, Raphael; Kabamba-Lungenyi, Gabriel; Citenga, Andre; Kelvin, D. J.; Pratt, Catherine; Ayouba, Ahidjo; Tessema, Sofonias; Mukadi-Bamuleka, Daniel; Jansen, Daan; Halbrook, Megan; Merrit, Sydney; Hensley, Lisa; Delaporte, Eric; Mwamba, Dieudonne; Liesenborghs, Laurens; Hoff, Nicole; Peeters, Martine; Low, Nicola; Rimoin, Anne; Kindrachuk, Jason; Vercauteren, Koen; Rambaut, Andrew; Ahuka-Mundeke, Steve"
PP_004AMWW,Ia,None,Democratic Republic of the Congo,Tshuapa,2024-11-24,189173,0.7888990867556754,2025-10-21,"Muyembe-Tamfum, Jean-Jacques; Lokilo-Lofiko, Emmanuel; Mbala-Kingebeni, Placide; Wawina-Bokalanga, Tony; Kinganda-Lusamaki, Eddy; Pukuta-Simbu, Elisabeth; Hasivirwe-Vakaniaki, Emmanuel; Ola-Mpumbe, Rilia; Kwete-Mbokama, Papy; Akil-Bandali, Prince; Kacita, Cris; Ponga-Museme, Ange; Mapenzi-Kashali, Nelson; Vakaniaki, Gloria; Amuri-Aziza, Adrienne; Kenye, Kelly-Michel; Muyamuna, Elisabeth; Kavira-Bapitani, Sifa; Mukadi, Patrick; OToole, Aine; Tshiani-Mbaya, Olivier; Paku-Tshambu, Princesse; Muswamba-Kayembe, Chloe; Makangara-Cigolo, Jean-Claude; Cikaya-Kankolongo, Fiston; Luakanda-Ndelemo, Gradi; Lawanga, Leader; Mabika-Bope, Elzedek; Lumembe-Numbi, Raphael; Kabamba-Lungenyi, Gabriel; Citenga, Andre; Kelvin, D. J.; Pratt, Catherine; Ayouba, Ahidjo; Tessema, Sofonias; Mukadi-Bamuleka, Daniel; Jansen, Daan; Halbrook, Megan; Merrit, Sydney; Hensley, Lisa; Delaporte, Eric; Mwamba, Dieudonne; Liesenborghs, Laurens; Hoff, Nicole; Peeters, Martine; Low, Nicola; Rimoin, Anne; Kindrachuk, Jason; Vercauteren, Koen; Rambaut, Andrew; Ahuka-Mundeke, Steve"
PP_004AMXU,Ia,None,Democratic Republic of the Congo,Tshuapa,2024-11-24,187445,0.8565785537171224,2025-10-21,"Muyembe-Tamfum, Jean-Jacques; Lokilo-Lofiko, Emmanuel; Mbala-Kingebeni, Placide; Wawina-Bokalanga, Tony; Kinganda-Lusamaki, Eddy; Pukuta-Simbu, Elisabeth; Hasivirwe-Vakaniaki, Emmanuel; Ola-Mpumbe, Rilia; Kwete-Mbokama, Papy; Akil-Bandali, Prince; Kacita, Cris; Ponga-Museme, Ange; Mapenzi-Kashali, Nelson; Vakaniaki, Gloria; Amuri-Aziza, Adrienne; Kenye, Kelly-Michel; Muyamuna, Elisabeth; Kavira-Bapitani, Sifa; Mukadi, Patrick; OToole, Aine; Tshiani-Mbaya, Olivier; Paku-Tshambu, Princesse; Muswamba-Kayembe, Chloe; Makangara-Cigolo, Jean-Claude; Cikaya-Kankolongo, Fiston; Luakanda-Ndelemo, Gradi; Lawanga, Leader; Mabika-Bope, Elzedek; Lumembe-Numbi, Raphael; Kabamba-Lungenyi, Gabriel; Citenga, Andre; Kelvin, D. J.; Pratt, Catherine; Ayouba, Ahidjo; Tessema, Sofonias; Mukadi-Bamuleka, Daniel; Jansen, Daan; Halbrook, Megan; Merrit, Sydney; Hensley, Lisa; Delaporte, Eric; Mwamba, Dieudonne; Liesenborghs, Laurens; Hoff, Nicole; Peeters, Martine; Low, Nicola; Rimoin, Anne; Kindrachuk, Jason; Vercauteren, Koen; Rambaut, Andrew; Ahuka-Mundeke, Steve"
PP_004AMYS,Ia,None,Democratic Republic of the Congo,Tshuapa,2024-11-24,189259,0.8867445197734384,2025-10-21,"Muyembe-Tamfum, Jean-Jacques; Lokilo-Lofiko, Emmanuel; Mbala-Kingebeni, Placide; Wawina-Bokalanga, Tony; Kinganda-Lusamaki, Eddy; Pukuta-Simbu, Elisabeth; Hasivirwe-Vakaniaki, Emmanuel; Ola-Mpumbe, Rilia; Kwete-Mbokama, Papy; Akil-Bandali, Prince; Kacita, Cris; Ponga-Museme, Ange; Mapenzi-Kashali, Nelson; Vakaniaki, Gloria; Amuri-Aziza, Adrienne; Kenye, Kelly-Michel; Muyamuna, Elisabeth; Kavira-Bapitani, Sifa; Mukadi, Patrick; OToole, Aine; Tshiani-Mbaya, Olivier; Paku-Tshambu, Princesse; Muswamba-Kayembe, Chloe; Makangara-Cigolo, Jean-Claude; Cikaya-Kankolongo, Fiston; Luakanda-Ndelemo, Gradi; Lawanga, Leader; Mabika-Bope, Elzedek; Lumembe-Numbi, Raphael; Kabamba-Lungenyi, Gabriel; Citenga, Andre; Kelvin, D. J.; Pratt, Catherine; Ayouba, Ahidjo; Tessema, Sofonias; Mukadi-Bamuleka, Daniel; Jansen, Daan; Halbrook, Megan; Merrit, Sydney; Hensley, Lisa; Delaporte, Eric; Mwamba, Dieudonne; Liesenborghs, Laurens; Hoff, Nicole; Peeters, Martine; Low, Nicola; Rimoin, Anne; Kindrachuk, Jason; Vercauteren, Koen; Rambaut, Andrew; Ahuka-Mundeke, Steve"
PP_004AMZQ,Ia,None,Democratic Republic of the Congo,Tshuapa,2024-11-24,188966,0.8519590890882262,2025-10-21,"Muyembe-Tamfum, Jean-Jacques; Lokilo-Lofiko, Emmanuel; Mbala-Kingebeni, Placide; Wawina-Bokalanga, Tony; Kinganda-Lusamaki, Eddy; Pukuta-Simbu, Elisabeth; Hasivirwe-Vakaniaki, Emmanuel; Ola-Mpumbe, Rilia; Kwete-Mbokama, Papy; Akil-Bandali, Prince; Kacita, Cris; Ponga-Museme, Ange; Mapenzi-Kashali, Nelson; Vakaniaki, Gloria; Amuri-Aziza, Adrienne; Kenye, Kelly-Michel; Muyamuna, Elisabeth; Kavira-Bapitani, Sifa; Mukadi, Patrick; OToole, Aine; Tshiani-Mbaya, Olivier; Paku-Tshambu, Princesse; Muswamba-Kayembe, Chloe; Makangara-Cigolo, Jean-Claude; Cikaya-Kankolongo, Fiston; Luakanda-Ndelemo, Gradi; Lawanga, Leader; Mabika-Bope, Elzedek; Lumembe-Numbi, Raphael; Kabamba-Lungenyi, Gabriel; Citenga, Andre; Kelvin, D. J.; Pratt, Catherine; Ayouba, Ahidjo; Tessema, Sofonias; Mukadi-Bamuleka, Daniel; Jansen, Daan; Halbrook, Megan; Merrit, Sydney; Hensley, Lisa; Delaporte, Eric; Mwamba, Dieudonne; Liesenborghs, Laurens; Hoff, Nicole; Peeters, Martine; Low, Nicola; Rimoin, Anne; Kindrachuk, Jason; Vercauteren, Koen; Rambaut, Andrew; Ahuka-Mundeke, Steve"
PP_004AN0N,Ia,None,Democratic Republic of the Congo,Tshuapa,2024-11-22,188928,0.8779213930398714,2025-10-21,"Muyembe-Tamfum, Jean-Jacques; Lokilo-Lofiko, Emmanuel; Mbala-Kingebeni, Placide; Wawina-Bokalanga, Tony; Kinganda-Lusamaki, Eddy; Pukuta-Simbu, Elisabeth; Hasivirwe-Vakaniaki, Emmanuel; Ola-Mpumbe, Rilia; Kwete-Mbokama, Papy; Akil-Bandali, Prince; Kacita, Cris; Ponga-Museme, Ange; Mapenzi-Kashali, Nelson; Vakaniaki, Gloria; Amuri-Aziza, Adrienne; Kenye, Kelly-Michel; Muyamuna, Elisabeth; Kavira-Bapitani, Sifa; Mukadi, Patrick; OToole, Aine; Tshiani-Mbaya, Olivier; Paku-Tshambu, Princesse; Muswamba-Kayembe, Chloe; Makangara-Cigolo, Jean-Claude; Cikaya-Kankolongo, Fiston; Luakanda-Ndelemo, Gradi; Lawanga, Leader; Mabika-Bope, Elzedek; Lumembe-Numbi, Raphael; Kabamba-Lungenyi, Gabriel; Citenga, Andre; Kelvin, D. J.; Pratt, Catherine; Ayouba, Ahidjo; Tessema, Sofonias; Mukadi-Bamuleka, Daniel; Jansen, Daan; Halbrook, Megan; Merrit, Sydney; Hensley, Lisa; Delaporte, Eric; Mwamba, Dieudonne; Liesenborghs, Laurens; Hoff, Nicole; Peeters, Martine; Low, Nicola; Rimoin, Anne; Kindrachuk, Jason; Vercauteren, Koen; Rambaut, Andrew; Ahuka-Mundeke, Steve"
PP_004AN1L,Ia,None,Democratic Republic of the Congo,Tshuapa,2024-11-22,190084,0.928177720083769,2025-10-21,"Muyembe-Tamfum, Jean-Jacques; Lokilo-Lofiko, Emmanuel; Mbala-Kingebeni, Placide; Wawina-Bokalanga, Tony; Kinganda-Lusamaki, Eddy; Pukuta-Simbu, Elisabeth; Hasivirwe-Vakaniaki, Emmanuel; Ola-Mpumbe, Rilia; Kwete-Mbokama, Papy; Akil-Bandali, Prince; Kacita, Cris; Ponga-Museme, Ange; Mapenzi-Kashali, Nelson; Vakaniaki, Gloria; Amuri-Aziza, Adrienne; Kenye, Kelly-Michel; Muyamuna, Elisabeth; Kavira-Bapitani, Sifa; Mukadi, Patrick; OToole, Aine; Tshiani-Mbaya, Olivier; Paku-Tshambu, Princesse; Muswamba-Kayembe, Chloe; Makangara-Cigolo, Jean-Claude; Cikaya-Kankolongo, Fiston; Luakanda-Ndelemo, Gradi; Lawanga, Leader; Mabika-Bope, Elzedek; Lumembe-Numbi, Raphael; Kabamba-Lungenyi, Gabriel; Citenga, Andre; Kelvin, D. J.; Pratt, Catherine; Ayouba, Ahidjo; Tessema, Sofonias; Mukadi-Bamuleka, Daniel; Jansen, Daan; Halbrook, Megan; Merrit, Sydney; Hensley, Lisa; Delaporte, Eric; Mwamba, Dieudonne; Liesenborghs, Laurens; Hoff, Nicole; Peeters, Martine; Low, Nicola; Rimoin, Anne; Kindrachuk, Jason; Vercauteren, Koen; Rambaut, Andrew; Ahuka-Mundeke, Steve"
PP_004AN2J,Ia,None,Democratic Republic of the Congo,Tshuapa,2024-11-22,188194,0.846472524073445,2025-10-21,"Muyembe-Tamfum, Jean-Jacques; Lokilo-Lofiko, Emmanuel; Mbala-Kingebeni, Placide; Wawina-Bokalanga, Tony; Kinganda-Lusamaki, Eddy; Pukuta-Simbu, Elisabeth; Hasivirwe-Vakaniaki, Emmanuel; Ola-Mpumbe, Rilia; Kwete-Mbokama, Papy; Akil-Bandali, Prince; Kacita, Cris; Ponga-Museme, Ange; Mapenzi-Kashali, Nelson; Vakaniaki, Gloria; Amuri-Aziza, Adrienne; Kenye, Kelly-Michel; Muyamuna, Elisabeth; Kavira-Bapitani, Sifa; Mukadi, Patrick; OToole, Aine; Tshiani-Mbaya, Olivier; Paku-Tshambu, Princesse; Muswamba-Kayembe, Chloe; Makangara-Cigolo, Jean-Claude; Cikaya-Kankolongo, Fiston; Luakanda-Ndelemo, Gradi; Lawanga, Leader; Mabika-Bope, Elzedek; Lumembe-Numbi, Raphael; Kabamba-Lungenyi, Gabriel; Citenga, Andre; Kelvin, D. J.; Pratt, Catherine; Ayouba, Ahidjo; Tessema, Sofonias; Mukadi-Bamuleka, Daniel; Jansen, Daan; Halbrook, Megan; Merrit, Sydney; Hensley, Lisa; Delaporte, Eric; Mwamba, Dieudonne; Liesenborghs, Laurens; Hoff, Nicole; Peeters, Martine; Low, Nicola; Rimoin, Anne; Kindrachuk, Jason; Vercauteren, Koen; Rambaut, Andrew; Ahuka-Mundeke, Steve"
PP_004AN3G,Ia,None,Democratic Republic of the Congo,Tshuapa,2024-11-22,189188,0.8915921687144096,2025-10-21,"Muyembe-Tamfum, Jean-Jacques; Lokilo-Lofiko, Emmanuel; Mbala-Kingebeni, Placide; Wawina-Bokalanga, Tony; Kinganda-Lusamaki, Eddy; Pukuta-Simbu, Elisabeth; Hasivirwe-Vakaniaki, Emmanuel; Ola-Mpumbe, Rilia; Kwete-Mbokama, Papy; Akil-Bandali, Prince; Kacita, Cris; Ponga-Museme, Ange; Mapenzi-Kashali, Nelson; Vakaniaki, Gloria; Amuri-Aziza, Adrienne; Kenye, Kelly-Michel; Muyamuna, Elisabeth; Kavira-Bapitani, Sifa; Mukadi, Patrick; OToole, Aine; Tshiani-Mbaya, Olivier; Paku-Tshambu, Princesse; Muswamba-Kayembe, Chloe; Makangara-Cigolo, Jean-Claude; Cikaya-Kankolongo, Fiston; Luakanda-Ndelemo, Gradi; Lawanga, Leader; Mabika-Bope, Elzedek; Lumembe-Numbi, Raphael; Kabamba-Lungenyi, Gabriel; Citenga, Andre; Kelvin, D. J.; Pratt, Catherine; Ayouba, Ahidjo; Tessema, Sofonias; Mukadi-Bamuleka, Daniel; Jansen, Daan; Halbrook, Megan; Merrit, Sydney; Hensley, Lisa; Delaporte, Eric; Mwamba, Dieudonne; Liesenborghs, Laurens; Hoff, Nicole; Peeters, Martine; Low, Nicola; Rimoin, Anne; Kindrachuk, Jason; Vercauteren, Koen; Rambaut, Andrew; Ahuka-Mundeke, Steve"
PP_004AN4E,Ia,None,Democratic Republic of the Congo,Tshuapa,2024-11-20,188903,0.8752541719698391,2025-10-21,"Muyembe-Tamfum, Jean-Jacques; Lokilo-Lofiko, Emmanuel; Mbala-Kingebeni, Placide; Wawina-Bokalanga, Tony; Kinganda-Lusamaki, Eddy; Pukuta-Simbu, Elisabeth; Hasivirwe-Vakaniaki, Emmanuel; Ola-Mpumbe, Rilia; Kwete-Mbokama, Papy; Akil-Bandali, Prince; Kacita, Cris; Ponga-Museme, Ange; Mapenzi-Kashali, Nelson; Vakaniaki, Gloria; Amuri-Aziza, Adrienne; Kenye, Kelly-Michel; Muyamuna, Elisabeth; Kavira-Bapitani, Sifa; Mukadi, Patrick; OToole, Aine; Tshiani-Mbaya, Olivier; Paku-Tshambu, Princesse; Muswamba-Kayembe, Chloe; Makangara-Cigolo, Jean-Claude; Cikaya-Kankolongo, Fiston; Luakanda-Ndelemo, Gradi; Lawanga, Leader; Mabika-Bope, Elzedek; Lumembe-Numbi, Raphael; Kabamba-Lungenyi, Gabriel; Citenga, Andre; Kelvin, D. J.; Pratt, Catherine; Ayouba, Ahidjo; Tessema, Sofonias; Mukadi-Bamuleka, Daniel; Jansen, Daan; Halbrook, Megan; Merrit, Sydney; Hensley, Lisa; Delaporte, Eric; Mwamba, Dieudonne; Liesenborghs, Laurens; Hoff, Nicole; Peeters, Martine; Low, Nicola; Rimoin, Anne; Kindrachuk, Jason; Vercauteren, Koen; Rambaut, Andrew; Ahuka-Mundeke, Steve"
PP_004AN5C,Ia,None,Democratic Republic of the Congo,Tshuapa,2024-11-20,188107,0.8523850331374329,2025-10-21,"Muyembe-Tamfum, Jean-Jacques; Lokilo-Lofiko, Emmanuel; Mbala-Kingebeni, Placide; Wawina-Bokalanga, Tony; Kinganda-Lusamaki, Eddy; Pukuta-Simbu, Elisabeth; Hasivirwe-Vakaniaki, Emmanuel; Ola-Mpumbe, Rilia; Kwete-Mbokama, Papy; Akil-Bandali, Prince; Kacita, Cris; Ponga-Museme, Ange; Mapenzi-Kashali, Nelson; Vakaniaki, Gloria; Amuri-Aziza, Adrienne; Kenye, Kelly-Michel; Muyamuna, Elisabeth; Kavira-Bapitani, Sifa; Mukadi, Patrick; OToole, Aine; Tshiani-Mbaya, Olivier; Paku-Tshambu, Princesse; Muswamba-Kayembe, Chloe; Makangara-Cigolo, Jean-Claude; Cikaya-Kankolongo, Fiston; Luakanda-Ndelemo, Gradi; Lawanga, Leader; Mabika-Bope, Elzedek; Lumembe-Numbi, Raphael; Kabamba-Lungenyi, Gabriel; Citenga, Andre; Kelvin, D. J.; Pratt, Catherine; Ayouba, Ahidjo; Tessema, Sofonias; Mukadi-Bamuleka, Daniel; Jansen, Daan; Halbrook, Megan; Merrit, Sydney; Hensley, Lisa; Delaporte, Eric; Mwamba, Dieudonne; Liesenborghs, Laurens; Hoff, Nicole; Peeters, Martine; Low, Nicola; Rimoin, Anne; Kindrachuk, Jason; Vercauteren, Koen; Rambaut, Andrew; Ahuka-Mundeke, Steve"
PP_004AN6A,Ia,None,Democratic Republic of the Congo,Tshuapa,2024-11-24,188869,0.8751831812949713,2025-10-21,"Muyembe-Tamfum, Jean-Jacques; Lokilo-Lofiko, Emmanuel; Mbala-Kingebeni, Placide; Wawina-Bokalanga, Tony; Kinganda-Lusamaki, Eddy; Pukuta-Simbu, Elisabeth; Hasivirwe-Vakaniaki, Emmanuel; Ola-Mpumbe, Rilia; Kwete-Mbokama, Papy; Akil-Bandali, Prince; Kacita, Cris; Ponga-Museme, Ange; Mapenzi-Kashali, Nelson; Vakaniaki, Gloria; Amuri-Aziza, Adrienne; Kenye, Kelly-Michel; Muyamuna, Elisabeth; Kavira-Bapitani, Sifa; Mukadi, Patrick; OToole, Aine; Tshiani-Mbaya, Olivier; Paku-Tshambu, Princesse; Muswamba-Kayembe, Chloe; Makangara-Cigolo, Jean-Claude; Cikaya-Kankolongo, Fiston; Luakanda-Ndelemo, Gradi; Lawanga, Leader; Mabika-Bope, Elzedek; Lumembe-Numbi, Raphael; Kabamba-Lungenyi, Gabriel; Citenga, Andre; Kelvin, D. J.; Pratt, Catherine; Ayouba, Ahidjo; Tessema, Sofonias; Mukadi-Bamuleka, Daniel; Jansen, Daan; Halbrook, Megan; Merrit, Sydney; Hensley, Lisa; Delaporte, Eric; Mwamba, Dieudonne; Liesenborghs, Laurens; Hoff, Nicole; Peeters, Martine; Low, Nicola; Rimoin, Anne; Kindrachuk, Jason; Vercauteren, Koen; Rambaut, Andrew; Ahuka-Mundeke, Steve"
PP_004AN78,Ia,None,Democratic Republic of the Congo,Tshuapa,2024-11-22,188041,0.8652292745260105,2025-10-21,"Muyembe-Tamfum, Jean-Jacques; Lokilo-Lofiko, Emmanuel; Mbala-Kingebeni, Placide; Wawina-Bokalanga, Tony; Kinganda-Lusamaki, Eddy; Pukuta-Simbu, Elisabeth; Hasivirwe-Vakaniaki, Emmanuel; Ola-Mpumbe, Rilia; Kwete-Mbokama, Papy; Akil-Bandali, Prince; Kacita, Cris; Ponga-Museme, Ange; Mapenzi-Kashali, Nelson; Vakaniaki, Gloria; Amuri-Aziza, Adrienne; Kenye, Kelly-Michel; Muyamuna, Elisabeth; Kavira-Bapitani, Sifa; Mukadi, Patrick; OToole, Aine; Tshiani-Mbaya, Olivier; Paku-Tshambu, Princesse; Muswamba-Kayembe, Chloe; Makangara-Cigolo, Jean-Claude; Cikaya-Kankolongo, Fiston; Luakanda-Ndelemo, Gradi; Lawanga, Leader; Mabika-Bope, Elzedek; Lumembe-Numbi, Raphael; Kabamba-Lungenyi, Gabriel; Citenga, Andre; Kelvin, D. J.; Pratt, Catherine; Ayouba, Ahidjo; Tessema, Sofonias; Mukadi-Bamuleka, Daniel; Jansen, Daan; Halbrook, Megan; Merrit, Sydney; Hensley, Lisa; Delaporte, Eric; Mwamba, Dieudonne; Liesenborghs, Laurens; Hoff, Nicole; Peeters, Martine; Low, Nicola; Rimoin, Anne; Kindrachuk, Jason; Vercauteren, Koen; Rambaut, Andrew; Ahuka-Mundeke, Steve"
PP_004AN86,Ia,None,Democratic Republic of the Congo,Tshuapa,2024-11-09,189489,0.915759422744398,2025-10-21,"Muyembe-Tamfum, Jean-Jacques; Lokilo-Lofiko, Emmanuel; Mbala-Kingebeni, Placide; Wawina-Bokalanga, Tony; Kinganda-Lusamaki, Eddy; Pukuta-Simbu, Elisabeth; Hasivirwe-Vakaniaki, Emmanuel; Ola-Mpumbe, Rilia; Kwete-Mbokama, Papy; Akil-Bandali, Prince; Kacita, Cris; Ponga-Museme, Ange; Mapenzi-Kashali, Nelson; Vakaniaki, Gloria; Amuri-Aziza, Adrienne; Kenye, Kelly-Michel; Muyamuna, Elisabeth; Kavira-Bapitani, Sifa; Mukadi, Patrick; OToole, Aine; Tshiani-Mbaya, Olivier; Paku-Tshambu, Princesse; Muswamba-Kayembe, Chloe; Makangara-Cigolo, Jean-Claude; Cikaya-Kankolongo, Fiston; Luakanda-Ndelemo, Gradi; Lawanga, Leader; Mabika-Bope, Elzedek; Lumembe-Numbi, Raphael; Kabamba-Lungenyi, Gabriel; Citenga, Andre; Kelvin, D. J.; Pratt, Catherine; Ayouba, Ahidjo; Tessema, Sofonias; Mukadi-Bamuleka, Daniel; Jansen, Daan; Halbrook, Megan; Merrit, Sydney; Hensley, Lisa; Delaporte, Eric; Mwamba, Dieudonne; Liesenborghs, Laurens; Hoff, Nicole; Peeters, Martine; Low, Nicola; Rimoin, Anne; Kindrachuk, Jason; Vercauteren, Koen; Rambaut, Andrew; Ahuka-Mundeke, Steve"
PP_004AN94,Ia,None,Democratic Republic of the Congo,Tshuapa,2024-11-16,189168,0.8934227139735001,2025-10-21,"Muyembe-Tamfum, Jean-Jacques; Lokilo-Lofiko, Emmanuel; Mbala-Kingebeni, Placide; Wawina-Bokalanga, Tony; Kinganda-Lusamaki, Eddy; Pukuta-Simbu, Elisabeth; Hasivirwe-Vakaniaki, Emmanuel; Ola-Mpumbe, Rilia; Kwete-Mbokama, Papy; Akil-Bandali, Prince; Kacita, Cris; Ponga-Museme, Ange; Mapenzi-Kashali, Nelson; Vakaniaki, Gloria; Amuri-Aziza, Adrienne; Kenye, Kelly-Michel; Muyamuna, Elisabeth; Kavira-Bapitani, Sifa; Mukadi, Patrick; OToole, Aine; Tshiani-Mbaya, Olivier; Paku-Tshambu, Princesse; Muswamba-Kayembe, Chloe; Makangara-Cigolo, Jean-Claude; Cikaya-Kankolongo, Fiston; Luakanda-Ndelemo, Gradi; Lawanga, Leader; Mabika-Bope, Elzedek; Lumembe-Numbi, Raphael; Kabamba-Lungenyi, Gabriel; Citenga, Andre; Kelvin, D. J.; Pratt, Catherine; Ayouba, Ahidjo; Tessema, Sofonias; Mukadi-Bamuleka, Daniel; Jansen, Daan; Halbrook, Megan; Merrit, Sydney; Hensley, Lisa; Delaporte, Eric; Mwamba, Dieudonne; Liesenborghs, Laurens; Hoff, Nicole; Peeters, Martine; Low, Nicola; Rimoin, Anne; Kindrachuk, Jason; Vercauteren, Koen; Rambaut, Andrew; Ahuka-Mundeke, Steve"
PP_004ANA2,Ia,None,Democratic Republic of the Congo,Tshuapa,2024-11-11,189224,0.897144653641568,2025-10-21,"Muyembe-Tamfum, Jean-Jacques; Lokilo-Lofiko, Emmanuel; Mbala-Kingebeni, Placide; Wawina-Bokalanga, Tony; Kinganda-Lusamaki, Eddy; Pukuta-Simbu, Elisabeth; Hasivirwe-Vakaniaki, Emmanuel; Ola-Mpumbe, Rilia; Kwete-Mbokama, Papy; Akil-Bandali, Prince; Kacita, Cris; Ponga-Museme, Ange; Mapenzi-Kashali, Nelson; Vakaniaki, Gloria; Amuri-Aziza, Adrienne; Kenye, Kelly-Michel; Muyamuna, Elisabeth; Kavira-Bapitani, Sifa; Mukadi, Patrick; OToole, Aine; Tshiani-Mbaya, Olivier; Paku-Tshambu, Princesse; Muswamba-Kayembe, Chloe; Makangara-Cigolo, Jean-Claude; Cikaya-Kankolongo, Fiston; Luakanda-Ndelemo, Gradi; Lawanga, Leader; Mabika-Bope, Elzedek; Lumembe-Numbi, Raphael; Kabamba-Lungenyi, Gabriel; Citenga, Andre; Kelvin, D. J.; Pratt, Catherine; Ayouba, Ahidjo; Tessema, Sofonias; Mukadi-Bamuleka, Daniel; Jansen, Daan; Halbrook, Megan; Merrit, Sydney; Hensley, Lisa; Delaporte, Eric; Mwamba, Dieudonne; Liesenborghs, Laurens; Hoff, Nicole; Peeters, Martine; Low, Nicola; Rimoin, Anne; Kindrachuk, Jason; Vercauteren, Koen; Rambaut, Andrew; Ahuka-Mundeke, Steve"
PP_004ANB0,Ia,None,Democratic Republic of the Congo,Tshuapa,2024-11-11,189375,0.9237357321420422,2025-10-21,"Muyembe-Tamfum, Jean-Jacques; Lokilo-Lofiko, Emmanuel; Mbala-Kingebeni, Placide; Wawina-Bokalanga, Tony; Kinganda-Lusamaki, Eddy; Pukuta-Simbu, Elisabeth; Hasivirwe-Vakaniaki, Emmanuel; Ola-Mpumbe, Rilia; Kwete-Mbokama, Papy; Akil-Bandali, Prince; Kacita, Cris; Ponga-Museme, Ange; Mapenzi-Kashali, Nelson; Vakaniaki, Gloria; Amuri-Aziza, Adrienne; Kenye, Kelly-Michel; Muyamuna, Elisabeth; Kavira-Bapitani, Sifa; Mukadi, Patrick; OToole, Aine; Tshiani-Mbaya, Olivier; Paku-Tshambu, Princesse; Muswamba-Kayembe, Chloe; Makangara-Cigolo, Jean-Claude; Cikaya-Kankolongo, Fiston; Luakanda-Ndelemo, Gradi; Lawanga, Leader; Mabika-Bope, Elzedek; Lumembe-Numbi, Raphael; Kabamba-Lungenyi, Gabriel; Citenga, Andre; Kelvin, D. J.; Pratt, Catherine; Ayouba, Ahidjo; Tessema, Sofonias; Mukadi-Bamuleka, Daniel; Jansen, Daan; Halbrook, Megan; Merrit, Sydney; Hensley, Lisa; Delaporte, Eric; Mwamba, Dieudonne; Liesenborghs, Laurens; Hoff, Nicole; Peeters, Martine; Low, Nicola; Rimoin, Anne; Kindrachuk, Jason; Vercauteren, Koen; Rambaut, Andrew; Ahuka-Mundeke, Steve"
PP_004ANCY,Ia,None,Democratic Republic of the Congo,Tshuapa,2024-11-16,188098,0.8358036397933157,2025-10-21,"Muyembe-Tamfum, Jean-Jacques; Lokilo-Lofiko, Emmanuel; Mbala-Kingebeni, Placide; Wawina-Bokalanga, Tony; Kinganda-Lusamaki, Eddy; Pukuta-Simbu, Elisabeth; Hasivirwe-Vakaniaki, Emmanuel; Ola-Mpumbe, Rilia; Kwete-Mbokama, Papy; Akil-Bandali, Prince; Kacita, Cris; Ponga-Museme, Ange; Mapenzi-Kashali, Nelson; Vakaniaki, Gloria; Amuri-Aziza, Adrienne; Kenye, Kelly-Michel; Muyamuna, Elisabeth; Kavira-Bapitani, Sifa; Mukadi, Patrick; OToole, Aine; Tshiani-Mbaya, Olivier; Paku-Tshambu, Princesse; Muswamba-Kayembe, Chloe; Makangara-Cigolo, Jean-Claude; Cikaya-Kankolongo, Fiston; Luakanda-Ndelemo, Gradi; Lawanga, Leader; Mabika-Bope, Elzedek; Lumembe-Numbi, Raphael; Kabamba-Lungenyi, Gabriel; Citenga, Andre; Kelvin, D. J.; Pratt, Catherine; Ayouba, Ahidjo; Tessema, Sofonias; Mukadi-Bamuleka, Daniel; Jansen, Daan; Halbrook, Megan; Merrit, Sydney; Hensley, Lisa; Delaporte, Eric; Mwamba, Dieudonne; Liesenborghs, Laurens; Hoff, Nicole; Peeters, Martine; Low, Nicola; Rimoin, Anne; Kindrachuk, Jason; Vercauteren, Koen; Rambaut, Andrew; Ahuka-Mundeke, Steve"
PP_004ANDW,Ia,None,Democratic Republic of the Congo,Tshuapa,2024-11-16,189391,0.8976973667530387,2025-10-21,"Muyembe-Tamfum, Jean-Jacques; Lokilo-Lofiko, Emmanuel; Mbala-Kingebeni, Placide; Wawina-Bokalanga, Tony; Kinganda-Lusamaki, Eddy; Pukuta-Simbu, Elisabeth; Hasivirwe-Vakaniaki, Emmanuel; Ola-Mpumbe, Rilia; Kwete-Mbokama, Papy; Akil-Bandali, Prince; Kacita, Cris; Ponga-Museme, Ange; Mapenzi-Kashali, Nelson; Vakaniaki, Gloria; Amuri-Aziza, Adrienne; Kenye, Kelly-Michel; Muyamuna, Elisabeth; Kavira-Bapitani, Sifa; Mukadi, Patrick; OToole, Aine; Tshiani-Mbaya, Olivier; Paku-Tshambu, Princesse; Muswamba-Kayembe, Chloe; Makangara-Cigolo, Jean-Claude; Cikaya-Kankolongo, Fiston; Luakanda-Ndelemo, Gradi; Lawanga, Leader; Mabika-Bope, Elzedek; Lumembe-Numbi, Raphael; Kabamba-Lungenyi, Gabriel; Citenga, Andre; Kelvin, D. J.; Pratt, Catherine; Ayouba, Ahidjo; Tessema, Sofonias; Mukadi-Bamuleka, Daniel; Jansen, Daan; Halbrook, Megan; Merrit, Sydney; Hensley, Lisa; Delaporte, Eric; Mwamba, Dieudonne; Liesenborghs, Laurens; Hoff, Nicole; Peeters, Martine; Low, Nicola; Rimoin, Anne; Kindrachuk, Jason; Vercauteren, Koen; Rambaut, Andrew; Ahuka-Mundeke, Steve"
PP_004ANEU,Ia,None,Democratic Republic of the Congo,Tshuapa,2024-11-11,189512,0.9396579263623872,2025-10-21,"Muyembe-Tamfum, Jean-Jacques; Lokilo-Lofiko, Emmanuel; Mbala-Kingebeni, Placide; Wawina-Bokalanga, Tony; Kinganda-Lusamaki, Eddy; Pukuta-Simbu, Elisabeth; Hasivirwe-Vakaniaki, Emmanuel; Ola-Mpumbe, Rilia; Kwete-Mbokama, Papy; Akil-Bandali, Prince; Kacita, Cris; Ponga-Museme, Ange; Mapenzi-Kashali, Nelson; Vakaniaki, Gloria; Amuri-Aziza, Adrienne; Kenye, Kelly-Michel; Muyamuna, Elisabeth; Kavira-Bapitani, Sifa; Mukadi, Patrick; OToole, Aine; Tshiani-Mbaya, Olivier; Paku-Tshambu, Princesse; Muswamba-Kayembe, Chloe; Makangara-Cigolo, Jean-Claude; Cikaya-Kankolongo, Fiston; Luakanda-Ndelemo, Gradi; Lawanga, Leader; Mabika-Bope, Elzedek; Lumembe-Numbi, Raphael; Kabamba-Lungenyi, Gabriel; Citenga, Andre; Kelvin, D. J.; Pratt, Catherine; Ayouba, Ahidjo; Tessema, Sofonias; Mukadi-Bamuleka, Daniel; Jansen, Daan; Halbrook, Megan; Merrit, Sydney; Hensley, Lisa; Delaporte, Eric; Mwamba, Dieudonne; Liesenborghs, Laurens; Hoff, Nicole; Peeters, Martine; Low, Nicola; Rimoin, Anne; Kindrachuk, Jason; Vercauteren, Koen; Rambaut, Andrew; Ahuka-Mundeke, Steve"
PP_004ANFS,Ia,None,Democratic Republic of the Congo,Tshuapa,2024-11-11,189187,0.9159470409565488,2025-10-21,"Muyembe-Tamfum, Jean-Jacques; Lokilo-Lofiko, Emmanuel; Mbala-Kingebeni, Placide; Wawina-Bokalanga, Tony; Kinganda-Lusamaki, Eddy; Pukuta-Simbu, Elisabeth; Hasivirwe-Vakaniaki, Emmanuel; Ola-Mpumbe, Rilia; Kwete-Mbokama, Papy; Akil-Bandali, Prince; Kacita, Cris; Ponga-Museme, Ange; Mapenzi-Kashali, Nelson; Vakaniaki, Gloria; Amuri-Aziza, Adrienne; Kenye, Kelly-Michel; Muyamuna, Elisabeth; Kavira-Bapitani, Sifa; Mukadi, Patrick; OToole, Aine; Tshiani-Mbaya, Olivier; Paku-Tshambu, Princesse; Muswamba-Kayembe, Chloe; Makangara-Cigolo, Jean-Claude; Cikaya-Kankolongo, Fiston; Luakanda-Ndelemo, Gradi; Lawanga, Leader; Mabika-Bope, Elzedek; Lumembe-Numbi, Raphael; Kabamba-Lungenyi, Gabriel; Citenga, Andre; Kelvin, D. J.; Pratt, Catherine; Ayouba, Ahidjo; Tessema, Sofonias; Mukadi-Bamuleka, Daniel; Jansen, Daan; Halbrook, Megan; Merrit, Sydney; Hensley, Lisa; Delaporte, Eric; Mwamba, Dieudonne; Liesenborghs, Laurens; Hoff, Nicole; Peeters, Martine; Low, Nicola; Rimoin, Anne; Kindrachuk, Jason; Vercauteren, Koen; Rambaut, Andrew; Ahuka-Mundeke, Steve"
PP_004ANGQ,Ia,None,Democratic Republic of the Congo,Tshuapa,2024-11-12,190073,0.9385474293769556,2025-10-21,"Muyembe-Tamfum, Jean-Jacques; Lokilo-Lofiko, Emmanuel; Mbala-Kingebeni, Placide; Wawina-Bokalanga, Tony; Kinganda-Lusamaki, Eddy; Pukuta-Simbu, Elisabeth; Hasivirwe-Vakaniaki, Emmanuel; Ola-Mpumbe, Rilia; Kwete-Mbokama, Papy; Akil-Bandali, Prince; Kacita, Cris; Ponga-Museme, Ange; Mapenzi-Kashali, Nelson; Vakaniaki, Gloria; Amuri-Aziza, Adrienne; Kenye, Kelly-Michel; Muyamuna, Elisabeth; Kavira-Bapitani, Sifa; Mukadi, Patrick; OToole, Aine; Tshiani-Mbaya, Olivier; Paku-Tshambu, Princesse; Muswamba-Kayembe, Chloe; Makangara-Cigolo, Jean-Claude; Cikaya-Kankolongo, Fiston; Luakanda-Ndelemo, Gradi; Lawanga, Leader; Mabika-Bope, Elzedek; Lumembe-Numbi, Raphael; Kabamba-Lungenyi, Gabriel; Citenga, Andre; Kelvin, D. J.; Pratt, Catherine; Ayouba, Ahidjo; Tessema, Sofonias; Mukadi-Bamuleka, Daniel; Jansen, Daan; Halbrook, Megan; Merrit, Sydney; Hensley, Lisa; Delaporte, Eric; Mwamba, Dieudonne; Liesenborghs, Laurens; Hoff, Nicole; Peeters, Martine; Low, Nicola; Rimoin, Anne; Kindrachuk, Jason; Vercauteren, Koen; Rambaut, Andrew; Ahuka-Mundeke, Steve"
PP_004ANHM,Ia,None,Democratic Republic of the Congo,Tshuapa,2024-11-12,189849,0.9493278704318768,2025-10-21,"Muyembe-Tamfum, Jean-Jacques; Lokilo-Lofiko, Emmanuel; Mbala-Kingebeni, Placide; Wawina-Bokalanga, Tony; Kinganda-Lusamaki, Eddy; Pukuta-Simbu, Elisabeth; Hasivirwe-Vakaniaki, Emmanuel; Ola-Mpumbe, Rilia; Kwete-Mbokama, Papy; Akil-Bandali, Prince; Kacita, Cris; Ponga-Museme, Ange; Mapenzi-Kashali, Nelson; Vakaniaki, Gloria; Amuri-Aziza, Adrienne; Kenye, Kelly-Michel; Muyamuna, Elisabeth; Kavira-Bapitani, Sifa; Mukadi, Patrick; OToole, Aine; Tshiani-Mbaya, Olivier; Paku-Tshambu, Princesse; Muswamba-Kayembe, Chloe; Makangara-Cigolo, Jean-Claude; Cikaya-Kankolongo, Fiston; Luakanda-Ndelemo, Gradi; Lawanga, Leader; Mabika-Bope, Elzedek; Lumembe-Numbi, Raphael; Kabamba-Lungenyi, Gabriel; Citenga, Andre; Kelvin, D. J.; Pratt, Catherine; Ayouba, Ahidjo; Tessema, Sofonias; Mukadi-Bamuleka, Daniel; Jansen, Daan; Halbrook, Megan; Merrit, Sydney; Hensley, Lisa; Delaporte, Eric; Mwamba, Dieudonne; Liesenborghs, Laurens; Hoff, Nicole; Peeters, Martine; Low, Nicola; Rimoin, Anne; Kindrachuk, Jason; Vercauteren, Koen; Rambaut, Andrew; Ahuka-Mundeke, Steve"
PP_004ANJK,Ia,None,Democratic Republic of the Congo,Tshuapa,2024-11-15,187188,0.844246459340091,2025-10-21,"Muyembe-Tamfum, Jean-Jacques; Lokilo-Lofiko, Emmanuel; Mbala-Kingebeni, Placide; Wawina-Bokalanga, Tony; Kinganda-Lusamaki, Eddy; Pukuta-Simbu, Elisabeth; Hasivirwe-Vakaniaki, Emmanuel; Ola-Mpumbe, Rilia; Kwete-Mbokama, Papy; Akil-Bandali, Prince; Kacita, Cris; Ponga-Museme, Ange; Mapenzi-Kashali, Nelson; Vakaniaki, Gloria; Amuri-Aziza, Adrienne; Kenye, Kelly-Michel; Muyamuna, Elisabeth; Kavira-Bapitani, Sifa; Mukadi, Patrick; OToole, Aine; Tshiani-Mbaya, Olivier; Paku-Tshambu, Princesse; Muswamba-Kayembe, Chloe; Makangara-Cigolo, Jean-Claude; Cikaya-Kankolongo, Fiston; Luakanda-Ndelemo, Gradi; Lawanga, Leader; Mabika-Bope, Elzedek; Lumembe-Numbi, Raphael; Kabamba-Lungenyi, Gabriel; Citenga, Andre; Kelvin, D. J.; Pratt, Catherine; Ayouba, Ahidjo; Tessema, Sofonias; Mukadi-Bamuleka, Daniel; Jansen, Daan; Halbrook, Megan; Merrit, Sydney; Hensley, Lisa; Delaporte, Eric; Mwamba, Dieudonne; Liesenborghs, Laurens; Hoff, Nicole; Peeters, Martine; Low, Nicola; Rimoin, Anne; Kindrachuk, Jason; Vercauteren, Koen; Rambaut, Andrew; Ahuka-Mundeke, Steve"
PP_004ANKH,Ia,None,Democratic Republic of the Congo,Tshuapa,2024-11-16,189415,0.893676252098028,2025-10-21,"Muyembe-Tamfum, Jean-Jacques; Lokilo-Lofiko, Emmanuel; Mbala-Kingebeni, Placide; Wawina-Bokalanga, Tony; Kinganda-Lusamaki, Eddy; Pukuta-Simbu, Elisabeth; Hasivirwe-Vakaniaki, Emmanuel; Ola-Mpumbe, Rilia; Kwete-Mbokama, Papy; Akil-Bandali, Prince; Kacita, Cris; Ponga-Museme, Ange; Mapenzi-Kashali, Nelson; Vakaniaki, Gloria; Amuri-Aziza, Adrienne; Kenye, Kelly-Michel; Muyamuna, Elisabeth; Kavira-Bapitani, Sifa; Mukadi, Patrick; OToole, Aine; Tshiani-Mbaya, Olivier; Paku-Tshambu, Princesse; Muswamba-Kayembe, Chloe; Makangara-Cigolo, Jean-Claude; Cikaya-Kankolongo, Fiston; Luakanda-Ndelemo, Gradi; Lawanga, Leader; Mabika-Bope, Elzedek; Lumembe-Numbi, Raphael; Kabamba-Lungenyi, Gabriel; Citenga, Andre; Kelvin, D. J.; Pratt, Catherine; Ayouba, Ahidjo; Tessema, Sofonias; Mukadi-Bamuleka, Daniel; Jansen, Daan; Halbrook, Megan; Merrit, Sydney; Hensley, Lisa; Delaporte, Eric; Mwamba, Dieudonne; Liesenborghs, Laurens; Hoff, Nicole; Peeters, Martine; Low, Nicola; Rimoin, Anne; Kindrachuk, Jason; Vercauteren, Koen; Rambaut, Andrew; Ahuka-Mundeke, Steve"
PP_004ANLF,Ia,None,Democratic Republic of the Congo,Tshuapa,2024-11-16,187776,0.6511619652247108,2025-10-21,"Muyembe-Tamfum, Jean-Jacques; Lokilo-Lofiko, Emmanuel; Mbala-Kingebeni, Placide; Wawina-Bokalanga, Tony; Kinganda-Lusamaki, Eddy; Pukuta-Simbu, Elisabeth; Hasivirwe-Vakaniaki, Emmanuel; Ola-Mpumbe, Rilia; Kwete-Mbokama, Papy; Akil-Bandali, Prince; Kacita, Cris; Ponga-Museme, Ange; Mapenzi-Kashali, Nelson; Vakaniaki, Gloria; Amuri-Aziza, Adrienne; Kenye, Kelly-Michel; Muyamuna, Elisabeth; Kavira-Bapitani, Sifa; Mukadi, Patrick; OToole, Aine; Tshiani-Mbaya, Olivier; Paku-Tshambu, Princesse; Muswamba-Kayembe, Chloe; Makangara-Cigolo, Jean-Claude; Cikaya-Kankolongo, Fiston; Luakanda-Ndelemo, Gradi; Lawanga, Leader; Mabika-Bope, Elzedek; Lumembe-Numbi, Raphael; Kabamba-Lungenyi, Gabriel; Citenga, Andre; Kelvin, D. J.; Pratt, Catherine; Ayouba, Ahidjo; Tessema, Sofonias; Mukadi-Bamuleka, Daniel; Jansen, Daan; Halbrook, Megan; Merrit, Sydney; Hensley, Lisa; Delaporte, Eric; Mwamba, Dieudonne; Liesenborghs, Laurens; Hoff, Nicole; Peeters, Martine; Low, Nicola; Rimoin, Anne; Kindrachuk, Jason; Vercauteren, Koen; Rambaut, Andrew; Ahuka-Mundeke, Steve"
PP_004ANMD,Ia,None,Democratic Republic of the Congo,Tshuapa,2024-11-16,188112,0.7668463406842487,2025-10-21,"Muyembe-Tamfum, Jean-Jacques; Lokilo-Lofiko, Emmanuel; Mbala-Kingebeni, Placide; Wawina-Bokalanga, Tony; Kinganda-Lusamaki, Eddy; Pukuta-Simbu, Elisabeth; Hasivirwe-Vakaniaki, Emmanuel; Ola-Mpumbe, Rilia; Kwete-Mbokama, Papy; Akil-Bandali, Prince; Kacita, Cris; Ponga-Museme, Ange; Mapenzi-Kashali, Nelson; Vakaniaki, Gloria; Amuri-Aziza, Adrienne; Kenye, Kelly-Michel; Muyamuna, Elisabeth; Kavira-Bapitani, Sifa; Mukadi, Patrick; OToole, Aine; Tshiani-Mbaya, Olivier; Paku-Tshambu, Princesse; Muswamba-Kayembe, Chloe; Makangara-Cigolo, Jean-Claude; Cikaya-Kankolongo, Fiston; Luakanda-Ndelemo, Gradi; Lawanga, Leader; Mabika-Bope, Elzedek; Lumembe-Numbi, Raphael; Kabamba-Lungenyi, Gabriel; Citenga, Andre; Kelvin, D. J.; Pratt, Catherine; Ayouba, Ahidjo; Tessema, Sofonias; Mukadi-Bamuleka, Daniel; Jansen, Daan; Halbrook, Megan; Merrit, Sydney; Hensley, Lisa; Delaporte, Eric; Mwamba, Dieudonne; Liesenborghs, Laurens; Hoff, Nicole; Peeters, Martine; Low, Nicola; Rimoin, Anne; Kindrachuk, Jason; Vercauteren, Koen; Rambaut, Andrew; Ahuka-Mundeke, Steve"
PP_004ANNB,Ia,None,Democratic Republic of the Congo,Tshuapa,2024-11-16,189258,0.8570907007286686,2025-10-21,"Muyembe-Tamfum, Jean-Jacques; Lokilo-Lofiko, Emmanuel; Mbala-Kingebeni, Placide; Wawina-Bokalanga, Tony; Kinganda-Lusamaki, Eddy; Pukuta-Simbu, Elisabeth; Hasivirwe-Vakaniaki, Emmanuel; Ola-Mpumbe, Rilia; Kwete-Mbokama, Papy; Akil-Bandali, Prince; Kacita, Cris; Ponga-Museme, Ange; Mapenzi-Kashali, Nelson; Vakaniaki, Gloria; Amuri-Aziza, Adrienne; Kenye, Kelly-Michel; Muyamuna, Elisabeth; Kavira-Bapitani, Sifa; Mukadi, Patrick; OToole, Aine; Tshiani-Mbaya, Olivier; Paku-Tshambu, Princesse; Muswamba-Kayembe, Chloe; Makangara-Cigolo, Jean-Claude; Cikaya-Kankolongo, Fiston; Luakanda-Ndelemo, Gradi; Lawanga, Leader; Mabika-Bope, Elzedek; Lumembe-Numbi, Raphael; Kabamba-Lungenyi, Gabriel; Citenga, Andre; Kelvin, D. J.; Pratt, Catherine; Ayouba, Ahidjo; Tessema, Sofonias; Mukadi-Bamuleka, Daniel; Jansen, Daan; Halbrook, Megan; Merrit, Sydney; Hensley, Lisa; Delaporte, Eric; Mwamba, Dieudonne; Liesenborghs, Laurens; Hoff, Nicole; Peeters, Martine; Low, Nicola; Rimoin, Anne; Kindrachuk, Jason; Vercauteren, Koen; Rambaut, Andrew; Ahuka-Mundeke, Steve"
PP_004ANP9,Ia,None,Democratic Republic of the Congo,Tshuapa,2024-11-16,188779,0.5192917158953192,2025-10-21,"Muyembe-Tamfum, Jean-Jacques; Lokilo-Lofiko, Emmanuel; Mbala-Kingebeni, Placide; Wawina-Bokalanga, Tony; Kinganda-Lusamaki, Eddy; Pukuta-Simbu, Elisabeth; Hasivirwe-Vakaniaki, Emmanuel; Ola-Mpumbe, Rilia; Kwete-Mbokama, Papy; Akil-Bandali, Prince; Kacita, Cris; Ponga-Museme, Ange; Mapenzi-Kashali, Nelson; Vakaniaki, Gloria; Amuri-Aziza, Adrienne; Kenye, Kelly-Michel; Muyamuna, Elisabeth; Kavira-Bapitani, Sifa; Mukadi, Patrick; OToole, Aine; Tshiani-Mbaya, Olivier; Paku-Tshambu, Princesse; Muswamba-Kayembe, Chloe; Makangara-Cigolo, Jean-Claude; Cikaya-Kankolongo, Fiston; Luakanda-Ndelemo, Gradi; Lawanga, Leader; Mabika-Bope, Elzedek; Lumembe-Numbi, Raphael; Kabamba-Lungenyi, Gabriel; Citenga, Andre; Kelvin, D. J.; Pratt, Catherine; Ayouba, Ahidjo; Tessema, Sofonias; Mukadi-Bamuleka, Daniel; Jansen, Daan; Halbrook, Megan; Merrit, Sydney; Hensley, Lisa; Delaporte, Eric; Mwamba, Dieudonne; Liesenborghs, Laurens; Hoff, Nicole; Peeters, Martine; Low, Nicola; Rimoin, Anne; Kindrachuk, Jason; Vercauteren, Koen; Rambaut, Andrew; Ahuka-Mundeke, Steve"
PP_004ANQ7,Ia,None,Democratic Republic of the Congo,Kinshasa,2024-12-10,186560,0.5577686616736559,2025-10-21,"Amuri-Aziza, Adrienne; Mbala-Kingebeni, Placide; Wawina-Bokalanga, Tony; Kinganda-Lusamaki, Eddy; Pukuta-Simbu, Elisabeth; Hasivirwe-Vakaniaki, Emmanuel; Ola-Mpumbe, Rilia; Kwete-Mbokama, Papy; Akil-Bandali, Prince; Kacita, Cris; Ponga-Museme, Ange; Mapenzi-Kashali, Nelson; Vakaniaki, Gloria; Kenye, Kelly-Michel; Muyamuna, Elisabeth; Kavira-Bapitani, Sifa; Mukadi, Patrick; OToole, Aine; Tshiani-Mbaya, Olivier; Paku-Tshambu, Princesse; Lokilo-Lofiko, Emmanuel; Muswamba-Kayembe, Chloe; Makangara-Cigolo, Jean-Claude; Cikaya-Kankolongo, Fiston; Luakanda-Ndelemo, Gradi; Lawanga, Leader; Mabika-Bope, Elzedek; Lumembe-Numbi, Raphael; Kabamba-Lungenyi, Gabriel; Citenga, Andre; Kelvin, D. J.; Pratt, Catherine; Ayouba, Ahidjo; Tessema, Sofonias; Mukadi-Bamuleka, Daniel; Jansen, Daan; Halbrook, Megan; Merrit, Sydney; Hensley, Lisa; Delaporte, Eric; Mwamba, Dieudonne; Liesenborghs, Laurens; Hoff, Nicole; Peeters, Martine; Low, Nicola; Rimoin, Anne; Kindrachuk, Jason; Vercauteren, Koen; Rambaut, Andrew; Ahuka-Mundeke, Steve; Muyembe-Tamfum, Jean-Jacques"
PP_004ANR5,Ia,None,Democratic Republic of the Congo,Kinshasa,2024-12-10,188100,0.723450755290073,2025-10-21,"Amuri-Aziza, Adrienne; Mbala-Kingebeni, Placide; Wawina-Bokalanga, Tony; Kinganda-Lusamaki, Eddy; Pukuta-Simbu, Elisabeth; Hasivirwe-Vakaniaki, Emmanuel; Ola-Mpumbe, Rilia; Kwete-Mbokama, Papy; Akil-Bandali, Prince; Kacita, Cris; Ponga-Museme, Ange; Mapenzi-Kashali, Nelson; Vakaniaki, Gloria; Kenye, Kelly-Michel; Muyamuna, Elisabeth; Kavira-Bapitani, Sifa; Mukadi, Patrick; OToole, Aine; Tshiani-Mbaya, Olivier; Paku-Tshambu, Princesse; Lokilo-Lofiko, Emmanuel; Muswamba-Kayembe, Chloe; Makangara-Cigolo, Jean-Claude; Cikaya-Kankolongo, Fiston; Luakanda-Ndelemo, Gradi; Lawanga, Leader; Mabika-Bope, Elzedek; Lumembe-Numbi, Raphael; Kabamba-Lungenyi, Gabriel; Citenga, Andre; Kelvin, D. J.; Pratt, Catherine; Ayouba, Ahidjo; Tessema, Sofonias; Mukadi-Bamuleka, Daniel; Jansen, Daan; Halbrook, Megan; Merrit, Sydney; Hensley, Lisa; Delaporte, Eric; Mwamba, Dieudonne; Liesenborghs, Laurens; Hoff, Nicole; Peeters, Martine; Low, Nicola; Rimoin, Anne; Kindrachuk, Jason; Vercauteren, Koen; Rambaut, Andrew; Ahuka-Mundeke, Steve; Muyembe-Tamfum, Jean-Jacques"
PP_004ANS3,Ia,None,Democratic Republic of the Congo,Tshuapa,2024-11-26,188120,0.5444579101359471,2025-10-21,"Muyembe-Tamfum, Jean-Jacques; Lokilo-Lofiko, Emmanuel; Mbala-Kingebeni, Placide; Wawina-Bokalanga, Tony; Kinganda-Lusamaki, Eddy; Pukuta-Simbu, Elisabeth; Hasivirwe-Vakaniaki, Emmanuel; Ola-Mpumbe, Rilia; Kwete-Mbokama, Papy; Akil-Bandali, Prince; Kacita, Cris; Ponga-Museme, Ange; Mapenzi-Kashali, Nelson; Vakaniaki, Gloria; Amuri-Aziza, Adrienne; Kenye, Kelly-Michel; Muyamuna, Elisabeth; Kavira-Bapitani, Sifa; Mukadi, Patrick; OToole, Aine; Tshiani-Mbaya, Olivier; Paku-Tshambu, Princesse; Muswamba-Kayembe, Chloe; Makangara-Cigolo, Jean-Claude; Cikaya-Kankolongo, Fiston; Luakanda-Ndelemo, Gradi; Lawanga, Leader; Mabika-Bope, Elzedek; Lumembe-Numbi, Raphael; Kabamba-Lungenyi, Gabriel; Citenga, Andre; Kelvin, D. J.; Pratt, Catherine; Ayouba, Ahidjo; Tessema, Sofonias; Mukadi-Bamuleka, Daniel; Jansen, Daan; Halbrook, Megan; Merrit, Sydney; Hensley, Lisa; Delaporte, Eric; Mwamba, Dieudonne; Liesenborghs, Laurens; Hoff, Nicole; Peeters, Martine; Low, Nicola; Rimoin, Anne; Kindrachuk, Jason; Vercauteren, Koen; Rambaut, Andrew; Ahuka-Mundeke, Steve"
PP_004ANT1,Ia,None,Democratic Republic of the Congo,Tshuapa,2024-11-20,188065,0.768965919405301,2025-10-21,"Muyembe-Tamfum, Jean-Jacques; Lokilo-Lofiko, Emmanuel; Mbala-Kingebeni, Placide; Wawina-Bokalanga, Tony; Kinganda-Lusamaki, Eddy; Pukuta-Simbu, Elisabeth; Hasivirwe-Vakaniaki, Emmanuel; Ola-Mpumbe, Rilia; Kwete-Mbokama, Papy; Akil-Bandali, Prince; Kacita, Cris; Ponga-Museme, Ange; Mapenzi-Kashali, Nelson; Vakaniaki, Gloria; Amuri-Aziza, Adrienne; Kenye, Kelly-Michel; Muyamuna, Elisabeth; Kavira-Bapitani, Sifa; Mukadi, Patrick; OToole, Aine; Tshiani-Mbaya, Olivier; Paku-Tshambu, Princesse; Muswamba-Kayembe, Chloe; Makangara-Cigolo, Jean-Claude; Cikaya-Kankolongo, Fiston; Luakanda-Ndelemo, Gradi; Lawanga, Leader; Mabika-Bope, Elzedek; Lumembe-Numbi, Raphael; Kabamba-Lungenyi, Gabriel; Citenga, Andre; Kelvin, D. J.; Pratt, Catherine; Ayouba, Ahidjo; Tessema, Sofonias; Mukadi-Bamuleka, Daniel; Jansen, Daan; Halbrook, Megan; Merrit, Sydney; Hensley, Lisa; Delaporte, Eric; Mwamba, Dieudonne; Liesenborghs, Laurens; Hoff, Nicole; Peeters, Martine; Low, Nicola; Rimoin, Anne; Kindrachuk, Jason; Vercauteren, Koen; Rambaut, Andrew; Ahuka-Mundeke, Steve"
PP_004ANUZ,Ia,None,Democratic Republic of the Congo,Tshuapa,2024-11-26,188071,0.7384095046372123,2025-10-21,"Muyembe-Tamfum, Jean-Jacques; Lokilo-Lofiko, Emmanuel; Mbala-Kingebeni, Placide; Wawina-Bokalanga, Tony; Kinganda-Lusamaki, Eddy; Pukuta-Simbu, Elisabeth; Hasivirwe-Vakaniaki, Emmanuel; Ola-Mpumbe, Rilia; Kwete-Mbokama, Papy; Akil-Bandali, Prince; Kacita, Cris; Ponga-Museme, Ange; Mapenzi-Kashali, Nelson; Vakaniaki, Gloria; Amuri-Aziza, Adrienne; Kenye, Kelly-Michel; Muyamuna, Elisabeth; Kavira-Bapitani, Sifa; Mukadi, Patrick; OToole, Aine; Tshiani-Mbaya, Olivier; Paku-Tshambu, Princesse; Muswamba-Kayembe, Chloe; Makangara-Cigolo, Jean-Claude; Cikaya-Kankolongo, Fiston; Luakanda-Ndelemo, Gradi; Lawanga, Leader; Mabika-Bope, Elzedek; Lumembe-Numbi, Raphael; Kabamba-Lungenyi, Gabriel; Citenga, Andre; Kelvin, D. J.; Pratt, Catherine; Ayouba, Ahidjo; Tessema, Sofonias; Mukadi-Bamuleka, Daniel; Jansen, Daan; Halbrook, Megan; Merrit, Sydney; Hensley, Lisa; Delaporte, Eric; Mwamba, Dieudonne; Liesenborghs, Laurens; Hoff, Nicole; Peeters, Martine; Low, Nicola; Rimoin, Anne; Kindrachuk, Jason; Vercauteren, Koen; Rambaut, Andrew; Ahuka-Mundeke, Steve"
PP_004ANVX,Ia,None,Democratic Republic of the Congo,Tshuapa,2024-11-26,189030,0.741107150282188,2025-10-21,"Muyembe-Tamfum, Jean-Jacques; Lokilo-Lofiko, Emmanuel; Mbala-Kingebeni, Placide; Wawina-Bokalanga, Tony; Kinganda-Lusamaki, Eddy; Pukuta-Simbu, Elisabeth; Hasivirwe-Vakaniaki, Emmanuel; Ola-Mpumbe, Rilia; Kwete-Mbokama, Papy; Akil-Bandali, Prince; Kacita, Cris; Ponga-Museme, Ange; Mapenzi-Kashali, Nelson; Vakaniaki, Gloria; Amuri-Aziza, Adrienne; Kenye, Kelly-Michel; Muyamuna, Elisabeth; Kavira-Bapitani, Sifa; Mukadi, Patrick; OToole, Aine; Tshiani-Mbaya, Olivier; Paku-Tshambu, Princesse; Muswamba-Kayembe, Chloe; Makangara-Cigolo, Jean-Claude; Cikaya-Kankolongo, Fiston; Luakanda-Ndelemo, Gradi; Lawanga, Leader; Mabika-Bope, Elzedek; Lumembe-Numbi, Raphael; Kabamba-Lungenyi, Gabriel; Citenga, Andre; Kelvin, D. J.; Pratt, Catherine; Ayouba, Ahidjo; Tessema, Sofonias; Mukadi-Bamuleka, Daniel; Jansen, Daan; Halbrook, Megan; Merrit, Sydney; Hensley, Lisa; Delaporte, Eric; Mwamba, Dieudonne; Liesenborghs, Laurens; Hoff, Nicole; Peeters, Martine; Low, Nicola; Rimoin, Anne; Kindrachuk, Jason; Vercauteren, Koen; Rambaut, Andrew; Ahuka-Mundeke, Steve"
PP_004ANWV,Ia,None,Democratic Republic of the Congo,Kinshasa,2024-12-11,187641,0.6466540573706068,2025-10-21,"Amuri-Aziza, Adrienne; Mbala-Kingebeni, Placide; Wawina-Bokalanga, Tony; Kinganda-Lusamaki, Eddy; Pukuta-Simbu, Elisabeth; Hasivirwe-Vakaniaki, Emmanuel; Ola-Mpumbe, Rilia; Kwete-Mbokama, Papy; Akil-Bandali, Prince; Kacita, Cris; Ponga-Museme, Ange; Mapenzi-Kashali, Nelson; Vakaniaki, Gloria; Kenye, Kelly-Michel; Muyamuna, Elisabeth; Kavira-Bapitani, Sifa; Mukadi, Patrick; OToole, Aine; Tshiani-Mbaya, Olivier; Paku-Tshambu, Princesse; Lokilo-Lofiko, Emmanuel; Muswamba-Kayembe, Chloe; Makangara-Cigolo, Jean-Claude; Cikaya-Kankolongo, Fiston; Luakanda-Ndelemo, Gradi; Lawanga, Leader; Mabika-Bope, Elzedek; Lumembe-Numbi, Raphael; Kabamba-Lungenyi, Gabriel; Citenga, Andre; Kelvin, D. J.; Pratt, Catherine; Ayouba, Ahidjo; Tessema, Sofonias; Mukadi-Bamuleka, Daniel; Jansen, Daan; Halbrook, Megan; Merrit, Sydney; Hensley, Lisa; Delaporte, Eric; Mwamba, Dieudonne; Liesenborghs, Laurens; Hoff, Nicole; Peeters, Martine; Low, Nicola; Rimoin, Anne; Kindrachuk, Jason; Vercauteren, Koen; Rambaut, Andrew; Ahuka-Mundeke, Steve; Muyembe-Tamfum, Jean-Jacques"
PP_004ANXT,Ia,None,Democratic Republic of the Congo,Kinshasa,2024-12-11,187865,0.7048511984747147,2025-10-21,"Amuri-Aziza, Adrienne; Mbala-Kingebeni, Placide; Wawina-Bokalanga, Tony; Kinganda-Lusamaki, Eddy; Pukuta-Simbu, Elisabeth; Hasivirwe-Vakaniaki, Emmanuel; Ola-Mpumbe, Rilia; Kwete-Mbokama, Papy; Akil-Bandali, Prince; Kacita, Cris; Ponga-Museme, Ange; Mapenzi-Kashali, Nelson; Vakaniaki, Gloria; Kenye, Kelly-Michel; Muyamuna, Elisabeth; Kavira-Bapitani, Sifa; Mukadi, Patrick; OToole, Aine; Tshiani-Mbaya, Olivier; Paku-Tshambu, Princesse; Lokilo-Lofiko, Emmanuel; Muswamba-Kayembe, Chloe; Makangara-Cigolo, Jean-Claude; Cikaya-Kankolongo, Fiston; Luakanda-Ndelemo, Gradi; Lawanga, Leader; Mabika-Bope, Elzedek; Lumembe-Numbi, Raphael; Kabamba-Lungenyi, Gabriel; Citenga, Andre; Kelvin, D. J.; Pratt, Catherine; Ayouba, Ahidjo; Tessema, Sofonias; Mukadi-Bamuleka, Daniel; Jansen, Daan; Halbrook, Megan; Merrit, Sydney; Hensley, Lisa; Delaporte, Eric; Mwamba, Dieudonne; Liesenborghs, Laurens; Hoff, Nicole; Peeters, Martine; Low, Nicola; Rimoin, Anne; Kindrachuk, Jason; Vercauteren, Koen; Rambaut, Andrew; Ahuka-Mundeke, Steve; Muyembe-Tamfum, Jean-Jacques"
PP_004ANYR,Ia,None,Democratic Republic of the Congo,Kinshasa,2024-12-11,188106,0.6948110887434144,2025-10-21,"Amuri-Aziza, Adrienne; Mbala-Kingebeni, Placide; Wawina-Bokalanga, Tony; Kinganda-Lusamaki, Eddy; Pukuta-Simbu, Elisabeth; Hasivirwe-Vakaniaki, Emmanuel; Ola-Mpumbe, Rilia; Kwete-Mbokama, Papy; Akil-Bandali, Prince; Kacita, Cris; Ponga-Museme, Ange; Mapenzi-Kashali, Nelson; Vakaniaki, Gloria; Kenye, Kelly-Michel; Muyamuna, Elisabeth; Kavira-Bapitani, Sifa; Mukadi, Patrick; OToole, Aine; Tshiani-Mbaya, Olivier; Paku-Tshambu, Princesse; Lokilo-Lofiko, Emmanuel; Muswamba-Kayembe, Chloe; Makangara-Cigolo, Jean-Claude; Cikaya-Kankolongo, Fiston; Luakanda-Ndelemo, Gradi; Lawanga, Leader; Mabika-Bope, Elzedek; Lumembe-Numbi, Raphael; Kabamba-Lungenyi, Gabriel; Citenga, Andre; Kelvin, D. J.; Pratt, Catherine; Ayouba, Ahidjo; Tessema, Sofonias; Mukadi-Bamuleka, Daniel; Jansen, Daan; Halbrook, Megan; Merrit, Sydney; Hensley, Lisa; Delaporte, Eric; Mwamba, Dieudonne; Liesenborghs, Laurens; Hoff, Nicole; Peeters, Martine; Low, Nicola; Rimoin, Anne; Kindrachuk, Jason; Vercauteren, Koen; Rambaut, Andrew; Ahuka-Mundeke, Steve; Muyembe-Tamfum, Jean-Jacques"
PP_004ANZP,Ia,None,Democratic Republic of the Congo,Kinshasa,2024-12-11,188140,0.8068140906348088,2025-10-21,"Amuri-Aziza, Adrienne; Mbala-Kingebeni, Placide; Wawina-Bokalanga, Tony; Kinganda-Lusamaki, Eddy; Pukuta-Simbu, Elisabeth; Hasivirwe-Vakaniaki, Emmanuel; Ola-Mpumbe, Rilia; Kwete-Mbokama, Papy; Akil-Bandali, Prince; Kacita, Cris; Ponga-Museme, Ange; Mapenzi-Kashali, Nelson; Vakaniaki, Gloria; Kenye, Kelly-Michel; Muyamuna, Elisabeth; Kavira-Bapitani, Sifa; Mukadi, Patrick; OToole, Aine; Tshiani-Mbaya, Olivier; Paku-Tshambu, Princesse; Lokilo-Lofiko, Emmanuel; Muswamba-Kayembe, Chloe; Makangara-Cigolo, Jean-Claude; Cikaya-Kankolongo, Fiston; Luakanda-Ndelemo, Gradi; Lawanga, Leader; Mabika-Bope, Elzedek; Lumembe-Numbi, Raphael; Kabamba-Lungenyi, Gabriel; Citenga, Andre; Kelvin, D. J.; Pratt, Catherine; Ayouba, Ahidjo; Tessema, Sofonias; Mukadi-Bamuleka, Daniel; Jansen, Daan; Halbrook, Megan; Merrit, Sydney; Hensley, Lisa; Delaporte, Eric; Mwamba, Dieudonne; Liesenborghs, Laurens; Hoff, Nicole; Peeters, Martine; Low, Nicola; Rimoin, Anne; Kindrachuk, Jason; Vercauteren, Koen; Rambaut, Andrew; Ahuka-Mundeke, Steve; Muyembe-Tamfum, Jean-Jacques"
PP_004AP0M,Ib,A.1,Democratic Republic of the Congo,Kinshasa,2024-11-10,187951,0.8292319316055555,2025-10-21,"Amuri-Aziza, Adrienne; Mbala-Kingebeni, Placide; Wawina-Bokalanga, Tony; Kinganda-Lusamaki, Eddy; Pukuta-Simbu, Elisabeth; Hasivirwe-Vakaniaki, Emmanuel; Ola-Mpumbe, Rilia; Kwete-Mbokama, Papy; Akil-Bandali, Prince; Kacita, Cris; Ponga-Museme, Ange; Mapenzi-Kashali, Nelson; Vakaniaki, Gloria; Kenye, Kelly-Michel; Muyamuna, Elisabeth; Kavira-Bapitani, Sifa; Mukadi, Patrick; OToole, Aine; Tshiani-Mbaya, Olivier; Paku-Tshambu, Princesse; Lokilo-Lofiko, Emmanuel; Muswamba-Kayembe, Chloe; Makangara-Cigolo, Jean-Claude; Cikaya-Kankolongo, Fiston; Luakanda-Ndelemo, Gradi; Lawanga, Leader; Mabika-Bope, Elzedek; Lumembe-Numbi, Raphael; Kabamba-Lungenyi, Gabriel; Citenga, Andre; Kelvin, D. J.; Pratt, Catherine; Ayouba, Ahidjo; Tessema, Sofonias; Mukadi-Bamuleka, Daniel; Jansen, Daan; Halbrook, Megan; Merrit, Sydney; Hensley, Lisa; Delaporte, Eric; Mwamba, Dieudonne; Liesenborghs, Laurens; Hoff, Nicole; Peeters, Martine; Low, Nicola; Rimoin, Anne; Kindrachuk, Jason; Vercauteren, Koen; Rambaut, Andrew; Ahuka-Mundeke, Steve; Muyembe-Tamfum, Jean-Jacques"
PP_004AP1K,Ib,A.1,Democratic Republic of the Congo,Kinshasa,2024-12-10,188871,0.6191248878093799,2025-10-21,"Amuri-Aziza, Adrienne; Mbala-Kingebeni, Placide; Wawina-Bokalanga, Tony; Kinganda-Lusamaki, Eddy; Pukuta-Simbu, Elisabeth; Hasivirwe-Vakaniaki, Emmanuel; Ola-Mpumbe, Rilia; Kwete-Mbokama, Papy; Akil-Bandali, Prince; Kacita, Cris; Ponga-Museme, Ange; Mapenzi-Kashali, Nelson; Vakaniaki, Gloria; Kenye, Kelly-Michel; Muyamuna, Elisabeth; Kavira-Bapitani, Sifa; Mukadi, Patrick; OToole, Aine; Tshiani-Mbaya, Olivier; Paku-Tshambu, Princesse; Lokilo-Lofiko, Emmanuel; Muswamba-Kayembe, Chloe; Makangara-Cigolo, Jean-Claude; Cikaya-Kankolongo, Fiston; Luakanda-Ndelemo, Gradi; Lawanga, Leader; Mabika-Bope, Elzedek; Lumembe-Numbi, Raphael; Kabamba-Lungenyi, Gabriel; Citenga, Andre; Kelvin, D. J.; Pratt, Catherine; Ayouba, Ahidjo; Tessema, Sofonias; Mukadi-Bamuleka, Daniel; Jansen, Daan; Halbrook, Megan; Merrit, Sydney; Hensley, Lisa; Delaporte, Eric; Mwamba, Dieudonne; Liesenborghs, Laurens; Hoff, Nicole; Peeters, Martine; Low, Nicola; Rimoin, Anne; Kindrachuk, Jason; Vercauteren, Koen; Rambaut, Andrew; Ahuka-Mundeke, Steve; Muyembe-Tamfum, Jean-Jacques"
PP_004AP2H,Ia,None,Democratic Republic of the Congo,Kinshasa,2024-12-10,188948,0.793548975959515,2025-10-21,"Amuri-Aziza, Adrienne; Mbala-Kingebeni, Placide; Wawina-Bokalanga, Tony; Kinganda-Lusamaki, Eddy; Pukuta-Simbu, Elisabeth; Hasivirwe-Vakaniaki, Emmanuel; Ola-Mpumbe, Rilia; Kwete-Mbokama, Papy; Akil-Bandali, Prince; Kacita, Cris; Ponga-Museme, Ange; Mapenzi-Kashali, Nelson; Vakaniaki, Gloria; Kenye, Kelly-Michel; Muyamuna, Elisabeth; Kavira-Bapitani, Sifa; Mukadi, Patrick; OToole, Aine; Tshiani-Mbaya, Olivier; Paku-Tshambu, Princesse; Lokilo-Lofiko, Emmanuel; Muswamba-Kayembe, Chloe; Makangara-Cigolo, Jean-Claude; Cikaya-Kankolongo, Fiston; Luakanda-Ndelemo, Gradi; Lawanga, Leader; Mabika-Bope, Elzedek; Lumembe-Numbi, Raphael; Kabamba-Lungenyi, Gabriel; Citenga, Andre; Kelvin, D. J.; Pratt, Catherine; Ayouba, Ahidjo; Tessema, Sofonias; Mukadi-Bamuleka, Daniel; Jansen, Daan; Halbrook, Megan; Merrit, Sydney; Hensley, Lisa; Delaporte, Eric; Mwamba, Dieudonne; Liesenborghs, Laurens; Hoff, Nicole; Peeters, Martine; Low, Nicola; Rimoin, Anne; Kindrachuk, Jason; Vercauteren, Koen; Rambaut, Andrew; Ahuka-Mundeke, Steve; Muyembe-Tamfum, Jean-Jacques"
PP_004AP3F,Ib,A.1,Democratic Republic of the Congo,Kinshasa,2024-12-10,187886,0.745260104761953,2025-10-21,"Amuri-Aziza, Adrienne; Mbala-Kingebeni, Placide; Wawina-Bokalanga, Tony; Kinganda-Lusamaki, Eddy; Pukuta-Simbu, Elisabeth; Hasivirwe-Vakaniaki, Emmanuel; Ola-Mpumbe, Rilia; Kwete-Mbokama, Papy; Akil-Bandali, Prince; Kacita, Cris; Ponga-Museme, Ange; Mapenzi-Kashali, Nelson; Vakaniaki, Gloria; Kenye, Kelly-Michel; Muyamuna, Elisabeth; Kavira-Bapitani, Sifa; Mukadi, Patrick; OToole, Aine; Tshiani-Mbaya, Olivier; Paku-Tshambu, Princesse; Lokilo-Lofiko, Emmanuel; Muswamba-Kayembe, Chloe; Makangara-Cigolo, Jean-Claude; Cikaya-Kankolongo, Fiston; Luakanda-Ndelemo, Gradi; Lawanga, Leader; Mabika-Bope, Elzedek; Lumembe-Numbi, Raphael; Kabamba-Lungenyi, Gabriel; Citenga, Andre; Kelvin, D. J.; Pratt, Catherine; Ayouba, Ahidjo; Tessema, Sofonias; Mukadi-Bamuleka, Daniel; Jansen, Daan; Halbrook, Megan; Merrit, Sydney; Hensley, Lisa; Delaporte, Eric; Mwamba, Dieudonne; Liesenborghs, Laurens; Hoff, Nicole; Peeters, Martine; Low, Nicola; Rimoin, Anne; Kindrachuk, Jason; Vercauteren, Koen; Rambaut, Andrew; Ahuka-Mundeke, Steve; Muyembe-Tamfum, Jean-Jacques"
PP_004AP4D,Ib,A.1,Democratic Republic of the Congo,Kinshasa,2024-12-11,187596,0.7877074575703948,2025-10-21,"Amuri-Aziza, Adrienne; Mbala-Kingebeni, Placide; Wawina-Bokalanga, Tony; Kinganda-Lusamaki, Eddy; Pukuta-Simbu, Elisabeth; Hasivirwe-Vakaniaki, Emmanuel; Ola-Mpumbe, Rilia; Kwete-Mbokama, Papy; Akil-Bandali, Prince; Kacita, Cris; Ponga-Museme, Ange; Mapenzi-Kashali, Nelson; Vakaniaki, Gloria; Kenye, Kelly-Michel; Muyamuna, Elisabeth; Kavira-Bapitani, Sifa; Mukadi, Patrick; OToole, Aine; Tshiani-Mbaya, Olivier; Paku-Tshambu, Princesse; Lokilo-Lofiko, Emmanuel; Muswamba-Kayembe, Chloe; Makangara-Cigolo, Jean-Claude; Cikaya-Kankolongo, Fiston; Luakanda-Ndelemo, Gradi; Lawanga, Leader; Mabika-Bope, Elzedek; Lumembe-Numbi, Raphael; Kabamba-Lungenyi, Gabriel; Citenga, Andre; Kelvin, D. J.; Pratt, Catherine; Ayouba, Ahidjo; Tessema, Sofonias; Mukadi-Bamuleka, Daniel; Jansen, Daan; Halbrook, Megan; Merrit, Sydney; Hensley, Lisa; Delaporte, Eric; Mwamba, Dieudonne; Liesenborghs, Laurens; Hoff, Nicole; Peeters, Martine; Low, Nicola; Rimoin, Anne; Kindrachuk, Jason; Vercauteren, Koen; Rambaut, Andrew; Ahuka-Mundeke, Steve; Muyembe-Tamfum, Jean-Jacques"
PP_004AP5B,Ia,None,Democratic Republic of the Congo,Kinshasa,2024-12-11,188113,0.7567808771404956,2025-10-21,"Amuri-Aziza, Adrienne; Mbala-Kingebeni, Placide; Wawina-Bokalanga, Tony; Kinganda-Lusamaki, Eddy; Pukuta-Simbu, Elisabeth; Hasivirwe-Vakaniaki, Emmanuel; Ola-Mpumbe, Rilia; Kwete-Mbokama, Papy; Akil-Bandali, Prince; Kacita, Cris; Ponga-Museme, Ange; Mapenzi-Kashali, Nelson; Vakaniaki, Gloria; Kenye, Kelly-Michel; Muyamuna, Elisabeth; Kavira-Bapitani, Sifa; Mukadi, Patrick; OToole, Aine; Tshiani-Mbaya, Olivier; Paku-Tshambu, Princesse; Lokilo-Lofiko, Emmanuel; Muswamba-Kayembe, Chloe; Makangara-Cigolo, Jean-Claude; Cikaya-Kankolongo, Fiston; Luakanda-Ndelemo, Gradi; Lawanga, Leader; Mabika-Bope, Elzedek; Lumembe-Numbi, Raphael; Kabamba-Lungenyi, Gabriel; Citenga, Andre; Kelvin, D. J.; Pratt, Catherine; Ayouba, Ahidjo; Tessema, Sofonias; Mukadi-Bamuleka, Daniel; Jansen, Daan; Halbrook, Megan; Merrit, Sydney; Hensley, Lisa; Delaporte, Eric; Mwamba, Dieudonne; Liesenborghs, Laurens; Hoff, Nicole; Peeters, Martine; Low, Nicola; Rimoin, Anne; Kindrachuk, Jason; Vercauteren, Koen; Rambaut, Andrew; Ahuka-Mundeke, Steve; Muyembe-Tamfum, Jean-Jacques"
PP_004AP69,Ia,None,Democratic Republic of the Congo,Sankuru,2024-12-05,186495,0.6443722142498568,2025-10-21,"Ahuka-Mundeke, Steve; Lumembe-Numbi, Raphael; Mbala-Kingebeni, Placide; Wawina-Bokalanga, Tony; Kinganda-Lusamaki, Eddy; Pukuta-Simbu, Elisabeth; Hasivirwe-Vakaniaki, Emmanuel; Ola-Mpumbe, Rilia; Kwete-Mbokama, Papy; Akil-Bandali, Prince; Kacita, Cris; Ponga-Museme, Ange; Mapenzi-Kashali, Nelson; Vakaniaki, Gloria; Amuri-Aziza, Adrienne; Kenye, Kelly-Michel; Muyamuna, Elisabeth; Kavira-Bapitani, Sifa; Mukadi, Patrick; OToole, Aine; Tshiani-Mbaya, Olivier; Paku-Tshambu, Princesse; Lokilo-Lofiko, Emmanuel; Muswamba-Kayembe, Chloe; Makangara-Cigolo, Jean-Claude; Cikaya-Kankolongo, Fiston; Luakanda-Ndelemo, Gradi; Lawanga, Leader; Mabika-Bope, Elzedek; Kabamba-Lungenyi, Gabriel; Citenga, Andre; Kelvin, D. J.; Pratt, Catherine; Ayouba, Ahidjo; Tessema, Sofonias; Mukadi-Bamuleka, Daniel; Jansen, Daan; Halbrook, Megan; Merrit, Sydney; Hensley, Lisa; Delaporte, Eric; Mwamba, Dieudonne; Liesenborghs, Laurens; Hoff, Nicole; Peeters, Martine; Low, Nicola; Rimoin, Anne; Kindrachuk, Jason; Vercauteren, Koen; Rambaut, Andrew; Muyembe-Tamfum, Jean-Jacques"
PP_004AP77,Ib,A.1,Democratic Republic of the Congo,Kinshasa,2024-12-11,188077,0.6482259937426791,2025-10-21,"Amuri-Aziza, Adrienne; Mbala-Kingebeni, Placide; Wawina-Bokalanga, Tony; Kinganda-Lusamaki, Eddy; Pukuta-Simbu, Elisabeth; Hasivirwe-Vakaniaki, Emmanuel; Ola-Mpumbe, Rilia; Kwete-Mbokama, Papy; Akil-Bandali, Prince; Kacita, Cris; Ponga-Museme, Ange; Mapenzi-Kashali, Nelson; Vakaniaki, Gloria; Kenye, Kelly-Michel; Muyamuna, Elisabeth; Kavira-Bapitani, Sifa; Mukadi, Patrick; OToole, Aine; Tshiani-Mbaya, Olivier; Paku-Tshambu, Princesse; Lokilo-Lofiko, Emmanuel; Muswamba-Kayembe, Chloe; Makangara-Cigolo, Jean-Claude; Cikaya-Kankolongo, Fiston; Luakanda-Ndelemo, Gradi; Lawanga, Leader; Mabika-Bope, Elzedek; Lumembe-Numbi, Raphael; Kabamba-Lungenyi, Gabriel; Citenga, Andre; Kelvin, D. J.; Pratt, Catherine; Ayouba, Ahidjo; Tessema, Sofonias; Mukadi-Bamuleka, Daniel; Jansen, Daan; Halbrook, Megan; Merrit, Sydney; Hensley, Lisa; Delaporte, Eric; Mwamba, Dieudonne; Liesenborghs, Laurens; Hoff, Nicole; Peeters, Martine; Low, Nicola; Rimoin, Anne; Kindrachuk, Jason; Vercauteren, Koen; Rambaut, Andrew; Ahuka-Mundeke, Steve; Muyembe-Tamfum, Jean-Jacques"
PP_004AP85,Ia,None,Democratic Republic of the Congo,Kinshasa,2024-12-11,187686,0.4817984980401503,2025-10-21,"Amuri-Aziza, Adrienne; Mbala-Kingebeni, Placide; Wawina-Bokalanga, Tony; Kinganda-Lusamaki, Eddy; Pukuta-Simbu, Elisabeth; Hasivirwe-Vakaniaki, Emmanuel; Ola-Mpumbe, Rilia; Kwete-Mbokama, Papy; Akil-Bandali, Prince; Kacita, Cris; Ponga-Museme, Ange; Mapenzi-Kashali, Nelson; Vakaniaki, Gloria; Kenye, Kelly-Michel; Muyamuna, Elisabeth; Kavira-Bapitani, Sifa; Mukadi, Patrick; OToole, Aine; Tshiani-Mbaya, Olivier; Paku-Tshambu, Princesse; Lokilo-Lofiko, Emmanuel; Muswamba-Kayembe, Chloe; Makangara-Cigolo, Jean-Claude; Cikaya-Kankolongo, Fiston; Luakanda-Ndelemo, Gradi; Lawanga, Leader; Mabika-Bope, Elzedek; Lumembe-Numbi, Raphael; Kabamba-Lungenyi, Gabriel; Citenga, Andre; Kelvin, D. J.; Pratt, Catherine; Ayouba, Ahidjo; Tessema, Sofonias; Mukadi-Bamuleka, Daniel; Jansen, Daan; Halbrook, Megan; Merrit, Sydney; Hensley, Lisa; Delaporte, Eric; Mwamba, Dieudonne; Liesenborghs, Laurens; Hoff, Nicole; Peeters, Martine; Low, Nicola; Rimoin, Anne; Kindrachuk, Jason; Vercauteren, Koen; Rambaut, Andrew; Ahuka-Mundeke, Steve; Muyembe-Tamfum, Jean-Jacques"
PP_004AP93,Ia,None,Democratic Republic of the Congo,Kinshasa,2024-12-12,189509,0.8742805855716524,2025-10-21,"Amuri-Aziza, Adrienne; Mbala-Kingebeni, Placide; Wawina-Bokalanga, Tony; Kinganda-Lusamaki, Eddy; Pukuta-Simbu, Elisabeth; Hasivirwe-Vakaniaki, Emmanuel; Ola-Mpumbe, Rilia; Kwete-Mbokama, Papy; Akil-Bandali, Prince; Kacita, Cris; Ponga-Museme, Ange; Mapenzi-Kashali, Nelson; Vakaniaki, Gloria; Kenye, Kelly-Michel; Muyamuna, Elisabeth; Kavira-Bapitani, Sifa; Mukadi, Patrick; OToole, Aine; Tshiani-Mbaya, Olivier; Paku-Tshambu, Princesse; Lokilo-Lofiko, Emmanuel; Muswamba-Kayembe, Chloe; Makangara-Cigolo, Jean-Claude; Cikaya-Kankolongo, Fiston; Luakanda-Ndelemo, Gradi; Lawanga, Leader; Mabika-Bope, Elzedek; Lumembe-Numbi, Raphael; Kabamba-Lungenyi, Gabriel; Citenga, Andre; Kelvin, D. J.; Pratt, Catherine; Ayouba, Ahidjo; Tessema, Sofonias; Mukadi-Bamuleka, Daniel; Jansen, Daan; Halbrook, Megan; Merrit, Sydney; Hensley, Lisa; Delaporte, Eric; Mwamba, Dieudonne; Liesenborghs, Laurens; Hoff, Nicole; Peeters, Martine; Low, Nicola; Rimoin, Anne; Kindrachuk, Jason; Vercauteren, Koen; Rambaut, Andrew; Ahuka-Mundeke, Steve; Muyembe-Tamfum, Jean-Jacques"
PP_004APA1,Ia,None,Democratic Republic of the Congo,Kinshasa,2024-12-08,185404,0.7617654366687119,2025-10-21,"Amuri-Aziza, Adrienne; Mbala-Kingebeni, Placide; Wawina-Bokalanga, Tony; Kinganda-Lusamaki, Eddy; Pukuta-Simbu, Elisabeth; Hasivirwe-Vakaniaki, Emmanuel; Ola-Mpumbe, Rilia; Kwete-Mbokama, Papy; Akil-Bandali, Prince; Kacita, Cris; Ponga-Museme, Ange; Mapenzi-Kashali, Nelson; Vakaniaki, Gloria; Kenye, Kelly-Michel; Muyamuna, Elisabeth; Kavira-Bapitani, Sifa; Mukadi, Patrick; OToole, Aine; Tshiani-Mbaya, Olivier; Paku-Tshambu, Princesse; Lokilo-Lofiko, Emmanuel; Muswamba-Kayembe, Chloe; Makangara-Cigolo, Jean-Claude; Cikaya-Kankolongo, Fiston; Luakanda-Ndelemo, Gradi; Lawanga, Leader; Mabika-Bope, Elzedek; Lumembe-Numbi, Raphael; Kabamba-Lungenyi, Gabriel; Citenga, Andre; Kelvin, D. J.; Pratt, Catherine; Ayouba, Ahidjo; Tessema, Sofonias; Mukadi-Bamuleka, Daniel; Jansen, Daan; Halbrook, Megan; Merrit, Sydney; Hensley, Lisa; Delaporte, Eric; Mwamba, Dieudonne; Liesenborghs, Laurens; Hoff, Nicole; Peeters, Martine; Low, Nicola; Rimoin, Anne; Kindrachuk, Jason; Vercauteren, Koen; Rambaut, Andrew; Ahuka-Mundeke, Steve; Muyembe-Tamfum, Jean-Jacques"
PP_004APBZ,Ib,A.1,Democratic Republic of the Congo,Kinshasa,2024-12-12,187654,0.5426882140267432,2025-10-21,"Amuri-Aziza, Adrienne; Mbala-Kingebeni, Placide; Wawina-Bokalanga, Tony; Kinganda-Lusamaki, Eddy; Pukuta-Simbu, Elisabeth; Hasivirwe-Vakaniaki, Emmanuel; Ola-Mpumbe, Rilia; Kwete-Mbokama, Papy; Akil-Bandali, Prince; Kacita, Cris; Ponga-Museme, Ange; Mapenzi-Kashali, Nelson; Vakaniaki, Gloria; Kenye, Kelly-Michel; Muyamuna, Elisabeth; Kavira-Bapitani, Sifa; Mukadi, Patrick; OToole, Aine; Tshiani-Mbaya, Olivier; Paku-Tshambu, Princesse; Lokilo-Lofiko, Emmanuel; Muswamba-Kayembe, Chloe; Makangara-Cigolo, Jean-Claude; Cikaya-Kankolongo, Fiston; Luakanda-Ndelemo, Gradi; Lawanga, Leader; Mabika-Bope, Elzedek; Lumembe-Numbi, Raphael; Kabamba-Lungenyi, Gabriel; Citenga, Andre; Kelvin, D. J.; Pratt, Catherine; Ayouba, Ahidjo; Tessema, Sofonias; Mukadi-Bamuleka, Daniel; Jansen, Daan; Halbrook, Megan; Merrit, Sydney; Hensley, Lisa; Delaporte, Eric; Mwamba, Dieudonne; Liesenborghs, Laurens; Hoff, Nicole; Peeters, Martine; Low, Nicola; Rimoin, Anne; Kindrachuk, Jason; Vercauteren, Koen; Rambaut, Andrew; Ahuka-Mundeke, Steve; Muyembe-Tamfum, Jean-Jacques"
PP_004APCX,Ia,None,Democratic Republic of the Congo,Kinshasa,2024-12-12,187996,0.5665562930697889,2025-10-21,"Amuri-Aziza, Adrienne; Mbala-Kingebeni, Placide; Wawina-Bokalanga, Tony; Kinganda-Lusamaki, Eddy; Pukuta-Simbu, Elisabeth; Hasivirwe-Vakaniaki, Emmanuel; Ola-Mpumbe, Rilia; Kwete-Mbokama, Papy; Akil-Bandali, Prince; Kacita, Cris; Ponga-Museme, Ange; Mapenzi-Kashali, Nelson; Vakaniaki, Gloria; Kenye, Kelly-Michel; Muyamuna, Elisabeth; Kavira-Bapitani, Sifa; Mukadi, Patrick; OToole, Aine; Tshiani-Mbaya, Olivier; Paku-Tshambu, Princesse; Lokilo-Lofiko, Emmanuel; Muswamba-Kayembe, Chloe; Makangara-Cigolo, Jean-Claude; Cikaya-Kankolongo, Fiston; Luakanda-Ndelemo, Gradi; Lawanga, Leader; Mabika-Bope, Elzedek; Lumembe-Numbi, Raphael; Kabamba-Lungenyi, Gabriel; Citenga, Andre; Kelvin, D. J.; Pratt, Catherine; Ayouba, Ahidjo; Tessema, Sofonias; Mukadi-Bamuleka, Daniel; Jansen, Daan; Halbrook, Megan; Merrit, Sydney; Hensley, Lisa; Delaporte, Eric; Mwamba, Dieudonne; Liesenborghs, Laurens; Hoff, Nicole; Peeters, Martine; Low, Nicola; Rimoin, Anne; Kindrachuk, Jason; Vercauteren, Koen; Rambaut, Andrew; Ahuka-Mundeke, Steve; Muyembe-Tamfum, Jean-Jacques"
PP_004APDV,Ia,None,Democratic Republic of the Congo,Kinshasa,2024-12-12,188136,0.8739712690597286,2025-10-21,"Amuri-Aziza, Adrienne; Mbala-Kingebeni, Placide; Wawina-Bokalanga, Tony; Kinganda-Lusamaki, Eddy; Pukuta-Simbu, Elisabeth; Hasivirwe-Vakaniaki, Emmanuel; Ola-Mpumbe, Rilia; Kwete-Mbokama, Papy; Akil-Bandali, Prince; Kacita, Cris; Ponga-Museme, Ange; Mapenzi-Kashali, Nelson; Vakaniaki, Gloria; Kenye, Kelly-Michel; Muyamuna, Elisabeth; Kavira-Bapitani, Sifa; Mukadi, Patrick; OToole, Aine; Tshiani-Mbaya, Olivier; Paku-Tshambu, Princesse; Lokilo-Lofiko, Emmanuel; Muswamba-Kayembe, Chloe; Makangara-Cigolo, Jean-Claude; Cikaya-Kankolongo, Fiston; Luakanda-Ndelemo, Gradi; Lawanga, Leader; Mabika-Bope, Elzedek; Lumembe-Numbi, Raphael; Kabamba-Lungenyi, Gabriel; Citenga, Andre; Kelvin, D. J.; Pratt, Catherine; Ayouba, Ahidjo; Tessema, Sofonias; Mukadi-Bamuleka, Daniel; Jansen, Daan; Halbrook, Megan; Merrit, Sydney; Hensley, Lisa; Delaporte, Eric; Mwamba, Dieudonne; Liesenborghs, Laurens; Hoff, Nicole; Peeters, Martine; Low, Nicola; Rimoin, Anne; Kindrachuk, Jason; Vercauteren, Koen; Rambaut, Andrew; Ahuka-Mundeke, Steve; Muyembe-Tamfum, Jean-Jacques"
PP_004APET,Ib,A.1,Democratic Republic of the Congo,Kinshasa,2024-12-12,187999,0.73318661927194,2025-10-21,"Amuri-Aziza, Adrienne; Mbala-Kingebeni, Placide; Wawina-Bokalanga, Tony; Kinganda-Lusamaki, Eddy; Pukuta-Simbu, Elisabeth; Hasivirwe-Vakaniaki, Emmanuel; Ola-Mpumbe, Rilia; Kwete-Mbokama, Papy; Akil-Bandali, Prince; Kacita, Cris; Ponga-Museme, Ange; Mapenzi-Kashali, Nelson; Vakaniaki, Gloria; Kenye, Kelly-Michel; Muyamuna, Elisabeth; Kavira-Bapitani, Sifa; Mukadi, Patrick; OToole, Aine; Tshiani-Mbaya, Olivier; Paku-Tshambu, Princesse; Lokilo-Lofiko, Emmanuel; Muswamba-Kayembe, Chloe; Makangara-Cigolo, Jean-Claude; Cikaya-Kankolongo, Fiston; Luakanda-Ndelemo, Gradi; Lawanga, Leader; Mabika-Bope, Elzedek; Lumembe-Numbi, Raphael; Kabamba-Lungenyi, Gabriel; Citenga, Andre; Kelvin, D. J.; Pratt, Catherine; Ayouba, Ahidjo; Tessema, Sofonias; Mukadi-Bamuleka, Daniel; Jansen, Daan; Halbrook, Megan; Merrit, Sydney; Hensley, Lisa; Delaporte, Eric; Mwamba, Dieudonne; Liesenborghs, Laurens; Hoff, Nicole; Peeters, Martine; Low, Nicola; Rimoin, Anne; Kindrachuk, Jason; Vercauteren, Koen; Rambaut, Andrew; Ahuka-Mundeke, Steve; Muyembe-Tamfum, Jean-Jacques"
PP_004APFR,Ia,None,Democratic Republic of the Congo,Kinshasa,2024-12-12,187697,0.6821392532795156,2025-10-21,"Amuri-Aziza, Adrienne; Mbala-Kingebeni, Placide; Wawina-Bokalanga, Tony; Kinganda-Lusamaki, Eddy; Pukuta-Simbu, Elisabeth; Hasivirwe-Vakaniaki, Emmanuel; Ola-Mpumbe, Rilia; Kwete-Mbokama, Papy; Akil-Bandali, Prince; Kacita, Cris; Ponga-Museme, Ange; Mapenzi-Kashali, Nelson; Vakaniaki, Gloria; Kenye, Kelly-Michel; Muyamuna, Elisabeth; Kavira-Bapitani, Sifa; Mukadi, Patrick; OToole, Aine; Tshiani-Mbaya, Olivier; Paku-Tshambu, Princesse; Lokilo-Lofiko, Emmanuel; Muswamba-Kayembe, Chloe; Makangara-Cigolo, Jean-Claude; Cikaya-Kankolongo, Fiston; Luakanda-Ndelemo, Gradi; Lawanga, Leader; Mabika-Bope, Elzedek; Lumembe-Numbi, Raphael; Kabamba-Lungenyi, Gabriel; Citenga, Andre; Kelvin, D. J.; Pratt, Catherine; Ayouba, Ahidjo; Tessema, Sofonias; Mukadi-Bamuleka, Daniel; Jansen, Daan; Halbrook, Megan; Merrit, Sydney; Hensley, Lisa; Delaporte, Eric; Mwamba, Dieudonne; Liesenborghs, Laurens; Hoff, Nicole; Peeters, Martine; Low, Nicola; Rimoin, Anne; Kindrachuk, Jason; Vercauteren, Koen; Rambaut, Andrew; Ahuka-Mundeke, Steve; Muyembe-Tamfum, Jean-Jacques"
PP_004APGP,Ia,None,Democratic Republic of the Congo,Kinshasa,2024-12-13,187696,0.7711818426136738,2025-10-21,"Amuri-Aziza, Adrienne; Mbala-Kingebeni, Placide; Wawina-Bokalanga, Tony; Kinganda-Lusamaki, Eddy; Pukuta-Simbu, Elisabeth; Hasivirwe-Vakaniaki, Emmanuel; Ola-Mpumbe, Rilia; Kwete-Mbokama, Papy; Akil-Bandali, Prince; Kacita, Cris; Ponga-Museme, Ange; Mapenzi-Kashali, Nelson; Vakaniaki, Gloria; Kenye, Kelly-Michel; Muyamuna, Elisabeth; Kavira-Bapitani, Sifa; Mukadi, Patrick; OToole, Aine; Tshiani-Mbaya, Olivier; Paku-Tshambu, Princesse; Lokilo-Lofiko, Emmanuel; Muswamba-Kayembe, Chloe; Makangara-Cigolo, Jean-Claude; Cikaya-Kankolongo, Fiston; Luakanda-Ndelemo, Gradi; Lawanga, Leader; Mabika-Bope, Elzedek; Lumembe-Numbi, Raphael; Kabamba-Lungenyi, Gabriel; Citenga, Andre; Kelvin, D. J.; Pratt, Catherine; Ayouba, Ahidjo; Tessema, Sofonias; Mukadi-Bamuleka, Daniel; Jansen, Daan; Halbrook, Megan; Merrit, Sydney; Hensley, Lisa; Delaporte, Eric; Mwamba, Dieudonne; Liesenborghs, Laurens; Hoff, Nicole; Peeters, Martine; Low, Nicola; Rimoin, Anne; Kindrachuk, Jason; Vercauteren, Koen; Rambaut, Andrew; Ahuka-Mundeke, Steve; Muyembe-Tamfum, Jean-Jacques"
PP_004APHL,Ia,None,Democratic Republic of the Congo,Tshuapa,2024-12-03,187722,0.7719728815622006,2025-10-21,"Muyembe-Tamfum, Jean-Jacques; Lokilo-Lofiko, Emmanuel; Mbala-Kingebeni, Placide; Wawina-Bokalanga, Tony; Kinganda-Lusamaki, Eddy; Pukuta-Simbu, Elisabeth; Hasivirwe-Vakaniaki, Emmanuel; Ola-Mpumbe, Rilia; Kwete-Mbokama, Papy; Akil-Bandali, Prince; Kacita, Cris; Ponga-Museme, Ange; Mapenzi-Kashali, Nelson; Vakaniaki, Gloria; Amuri-Aziza, Adrienne; Kenye, Kelly-Michel; Muyamuna, Elisabeth; Kavira-Bapitani, Sifa; Mukadi, Patrick; OToole, Aine; Tshiani-Mbaya, Olivier; Paku-Tshambu, Princesse; Muswamba-Kayembe, Chloe; Makangara-Cigolo, Jean-Claude; Cikaya-Kankolongo, Fiston; Luakanda-Ndelemo, Gradi; Lawanga, Leader; Mabika-Bope, Elzedek; Lumembe-Numbi, Raphael; Kabamba-Lungenyi, Gabriel; Citenga, Andre; Kelvin, D. J.; Pratt, Catherine; Ayouba, Ahidjo; Tessema, Sofonias; Mukadi-Bamuleka, Daniel; Jansen, Daan; Halbrook, Megan; Merrit, Sydney; Hensley, Lisa; Delaporte, Eric; Mwamba, Dieudonne; Liesenborghs, Laurens; Hoff, Nicole; Peeters, Martine; Low, Nicola; Rimoin, Anne; Kindrachuk, Jason; Vercauteren, Koen; Rambaut, Andrew; Ahuka-Mundeke, Steve"
PP_004APJJ,Ia,None,Democratic Republic of the Congo,Tshuapa,2024-12-08,187738,0.7088368177922915,2025-10-21,"Muyembe-Tamfum, Jean-Jacques; Lokilo-Lofiko, Emmanuel; Mbala-Kingebeni, Placide; Wawina-Bokalanga, Tony; Kinganda-Lusamaki, Eddy; Pukuta-Simbu, Elisabeth; Hasivirwe-Vakaniaki, Emmanuel; Ola-Mpumbe, Rilia; Kwete-Mbokama, Papy; Akil-Bandali, Prince; Kacita, Cris; Ponga-Museme, Ange; Mapenzi-Kashali, Nelson; Vakaniaki, Gloria; Amuri-Aziza, Adrienne; Kenye, Kelly-Michel; Muyamuna, Elisabeth; Kavira-Bapitani, Sifa; Mukadi, Patrick; OToole, Aine; Tshiani-Mbaya, Olivier; Paku-Tshambu, Princesse; Muswamba-Kayembe, Chloe; Makangara-Cigolo, Jean-Claude; Cikaya-Kankolongo, Fiston; Luakanda-Ndelemo, Gradi; Lawanga, Leader; Mabika-Bope, Elzedek; Lumembe-Numbi, Raphael; Kabamba-Lungenyi, Gabriel; Citenga, Andre; Kelvin, D. J.; Pratt, Catherine; Ayouba, Ahidjo; Tessema, Sofonias; Mukadi-Bamuleka, Daniel; Jansen, Daan; Halbrook, Megan; Merrit, Sydney; Hensley, Lisa; Delaporte, Eric; Mwamba, Dieudonne; Liesenborghs, Laurens; Hoff, Nicole; Peeters, Martine; Low, Nicola; Rimoin, Anne; Kindrachuk, Jason; Vercauteren, Koen; Rambaut, Andrew; Ahuka-Mundeke, Steve"
PP_004APKG,Ia,None,Democratic Republic of the Congo,Sud-Ubangi,2024-11-16,188117,0.8637486118787682,2025-10-21,"Kinganda-Lusamaki, Eddy; Mbala-Kingebeni, Placide; Wawina-Bokalanga, Tony; Pukuta-Simbu, Elisabeth; Hasivirwe-Vakaniaki, Emmanuel; Ola-Mpumbe, Rilia; Kwete-Mbokama, Papy; Akil-Bandali, Prince; Kacita, Cris; Ponga-Museme, Ange; Mapenzi-Kashali, Nelson; Vakaniaki, Gloria; Amuri-Aziza, Adrienne; Kenye, Kelly-Michel; Muyamuna, Elisabeth; Kavira-Bapitani, Sifa; Mukadi, Patrick; OToole, Aine; Tshiani-Mbaya, Olivier; Paku-Tshambu, Princesse; Lokilo-Lofiko, Emmanuel; Muswamba-Kayembe, Chloe; Makangara-Cigolo, Jean-Claude; Cikaya-Kankolongo, Fiston; Luakanda-Ndelemo, Gradi; Lawanga, Leader; Mabika-Bope, Elzedek; Lumembe-Numbi, Raphael; Kabamba-Lungenyi, Gabriel; Citenga, Andre; Kelvin, D. J.; Pratt, Catherine; Ayouba, Ahidjo; Tessema, Sofonias; Mukadi-Bamuleka, Daniel; Jansen, Daan; Halbrook, Megan; Merrit, Sydney; Hensley, Lisa; Delaporte, Eric; Mwamba, Dieudonne; Liesenborghs, Laurens; Hoff, Nicole; Peeters, Martine; Low, Nicola; Rimoin, Anne; Kindrachuk, Jason; Vercauteren, Koen; Rambaut, Andrew; Ahuka-Mundeke, Steve; Muyembe-Tamfum, Jean-Jacques"
PP_004APLE,Ib,A,Democratic Republic of the Congo,Kinshasa,2024-12-13,188080,0.5525609885958551,2025-10-21,"Amuri-Aziza, Adrienne; Mbala-Kingebeni, Placide; Wawina-Bokalanga, Tony; Kinganda-Lusamaki, Eddy; Pukuta-Simbu, Elisabeth; Hasivirwe-Vakaniaki, Emmanuel; Ola-Mpumbe, Rilia; Kwete-Mbokama, Papy; Akil-Bandali, Prince; Kacita, Cris; Ponga-Museme, Ange; Mapenzi-Kashali, Nelson; Vakaniaki, Gloria; Kenye, Kelly-Michel; Muyamuna, Elisabeth; Kavira-Bapitani, Sifa; Mukadi, Patrick; OToole, Aine; Tshiani-Mbaya, Olivier; Paku-Tshambu, Princesse; Lokilo-Lofiko, Emmanuel; Muswamba-Kayembe, Chloe; Makangara-Cigolo, Jean-Claude; Cikaya-Kankolongo, Fiston; Luakanda-Ndelemo, Gradi; Lawanga, Leader; Mabika-Bope, Elzedek; Lumembe-Numbi, Raphael; Kabamba-Lungenyi, Gabriel; Citenga, Andre; Kelvin, D. J.; Pratt, Catherine; Ayouba, Ahidjo; Tessema, Sofonias; Mukadi-Bamuleka, Daniel; Jansen, Daan; Halbrook, Megan; Merrit, Sydney; Hensley, Lisa; Delaporte, Eric; Mwamba, Dieudonne; Liesenborghs, Laurens; Hoff, Nicole; Peeters, Martine; Low, Nicola; Rimoin, Anne; Kindrachuk, Jason; Vercauteren, Koen; Rambaut, Andrew; Ahuka-Mundeke, Steve; Muyembe-Tamfum, Jean-Jacques"
PP_004APMC,Ib,A,Democratic Republic of the Congo,Kinshasa,2024-12-16,188078,0.5926504368461886,2025-10-21,"Amuri-Aziza, Adrienne; Mbala-Kingebeni, Placide; Wawina-Bokalanga, Tony; Kinganda-Lusamaki, Eddy; Pukuta-Simbu, Elisabeth; Hasivirwe-Vakaniaki, Emmanuel; Ola-Mpumbe, Rilia; Kwete-Mbokama, Papy; Akil-Bandali, Prince; Kacita, Cris; Ponga-Museme, Ange; Mapenzi-Kashali, Nelson; Vakaniaki, Gloria; Kenye, Kelly-Michel; Muyamuna, Elisabeth; Kavira-Bapitani, Sifa; Mukadi, Patrick; OToole, Aine; Tshiani-Mbaya, Olivier; Paku-Tshambu, Princesse; Lokilo-Lofiko, Emmanuel; Muswamba-Kayembe, Chloe; Makangara-Cigolo, Jean-Claude; Cikaya-Kankolongo, Fiston; Luakanda-Ndelemo, Gradi; Lawanga, Leader; Mabika-Bope, Elzedek; Lumembe-Numbi, Raphael; Kabamba-Lungenyi, Gabriel; Citenga, Andre; Kelvin, D. J.; Pratt, Catherine; Ayouba, Ahidjo; Tessema, Sofonias; Mukadi-Bamuleka, Daniel; Jansen, Daan; Halbrook, Megan; Merrit, Sydney; Hensley, Lisa; Delaporte, Eric; Mwamba, Dieudonne; Liesenborghs, Laurens; Hoff, Nicole; Peeters, Martine; Low, Nicola; Rimoin, Anne; Kindrachuk, Jason; Vercauteren, Koen; Rambaut, Andrew; Ahuka-Mundeke, Steve; Muyembe-Tamfum, Jean-Jacques"
PP_004APNA,Ia,None,Democratic Republic of the Congo,Kinshasa,2024-12-13,188100,0.4434381797990964,2025-10-21,"Amuri-Aziza, Adrienne; Mbala-Kingebeni, Placide; Wawina-Bokalanga, Tony; Kinganda-Lusamaki, Eddy; Pukuta-Simbu, Elisabeth; Hasivirwe-Vakaniaki, Emmanuel; Ola-Mpumbe, Rilia; Kwete-Mbokama, Papy; Akil-Bandali, Prince; Kacita, Cris; Ponga-Museme, Ange; Mapenzi-Kashali, Nelson; Vakaniaki, Gloria; Kenye, Kelly-Michel; Muyamuna, Elisabeth; Kavira-Bapitani, Sifa; Mukadi, Patrick; OToole, Aine; Tshiani-Mbaya, Olivier; Paku-Tshambu, Princesse; Lokilo-Lofiko, Emmanuel; Muswamba-Kayembe, Chloe; Makangara-Cigolo, Jean-Claude; Cikaya-Kankolongo, Fiston; Luakanda-Ndelemo, Gradi; Lawanga, Leader; Mabika-Bope, Elzedek; Lumembe-Numbi, Raphael; Kabamba-Lungenyi, Gabriel; Citenga, Andre; Kelvin, D. J.; Pratt, Catherine; Ayouba, Ahidjo; Tessema, Sofonias; Mukadi-Bamuleka, Daniel; Jansen, Daan; Halbrook, Megan; Merrit, Sydney; Hensley, Lisa; Delaporte, Eric; Mwamba, Dieudonne; Liesenborghs, Laurens; Hoff, Nicole; Peeters, Martine; Low, Nicola; Rimoin, Anne; Kindrachuk, Jason; Vercauteren, Koen; Rambaut, Andrew; Ahuka-Mundeke, Steve; Muyembe-Tamfum, Jean-Jacques"
PP_004APP8,Ia,None,Democratic Republic of the Congo,Kinshasa,2024-12-13,188104,0.6349862328798381,2025-10-21,"Amuri-Aziza, Adrienne; Mbala-Kingebeni, Placide; Wawina-Bokalanga, Tony; Kinganda-Lusamaki, Eddy; Pukuta-Simbu, Elisabeth; Hasivirwe-Vakaniaki, Emmanuel; Ola-Mpumbe, Rilia; Kwete-Mbokama, Papy; Akil-Bandali, Prince; Kacita, Cris; Ponga-Museme, Ange; Mapenzi-Kashali, Nelson; Vakaniaki, Gloria; Kenye, Kelly-Michel; Muyamuna, Elisabeth; Kavira-Bapitani, Sifa; Mukadi, Patrick; OToole, Aine; Tshiani-Mbaya, Olivier; Paku-Tshambu, Princesse; Lokilo-Lofiko, Emmanuel; Muswamba-Kayembe, Chloe; Makangara-Cigolo, Jean-Claude; Cikaya-Kankolongo, Fiston; Luakanda-Ndelemo, Gradi; Lawanga, Leader; Mabika-Bope, Elzedek; Lumembe-Numbi, Raphael; Kabamba-Lungenyi, Gabriel; Citenga, Andre; Kelvin, D. J.; Pratt, Catherine; Ayouba, Ahidjo; Tessema, Sofonias; Mukadi-Bamuleka, Daniel; Jansen, Daan; Halbrook, Megan; Merrit, Sydney; Hensley, Lisa; Delaporte, Eric; Mwamba, Dieudonne; Liesenborghs, Laurens; Hoff, Nicole; Peeters, Martine; Low, Nicola; Rimoin, Anne; Kindrachuk, Jason; Vercauteren, Koen; Rambaut, Andrew; Ahuka-Mundeke, Steve; Muyembe-Tamfum, Jean-Jacques"
PP_004APQ6,Ia,None,Democratic Republic of the Congo,Kinshasa,2024-12-17,188855,0.8630387051300904,2025-10-21,"Amuri-Aziza, Adrienne; Mbala-Kingebeni, Placide; Wawina-Bokalanga, Tony; Kinganda-Lusamaki, Eddy; Pukuta-Simbu, Elisabeth; Hasivirwe-Vakaniaki, Emmanuel; Ola-Mpumbe, Rilia; Kwete-Mbokama, Papy; Akil-Bandali, Prince; Kacita, Cris; Ponga-Museme, Ange; Mapenzi-Kashali, Nelson; Vakaniaki, Gloria; Kenye, Kelly-Michel; Muyamuna, Elisabeth; Kavira-Bapitani, Sifa; Mukadi, Patrick; OToole, Aine; Tshiani-Mbaya, Olivier; Paku-Tshambu, Princesse; Lokilo-Lofiko, Emmanuel; Muswamba-Kayembe, Chloe; Makangara-Cigolo, Jean-Claude; Cikaya-Kankolongo, Fiston; Luakanda-Ndelemo, Gradi; Lawanga, Leader; Mabika-Bope, Elzedek; Lumembe-Numbi, Raphael; Kabamba-Lungenyi, Gabriel; Citenga, Andre; Kelvin, D. J.; Pratt, Catherine; Ayouba, Ahidjo; Tessema, Sofonias; Mukadi-Bamuleka, Daniel; Jansen, Daan; Halbrook, Megan; Merrit, Sydney; Hensley, Lisa; Delaporte, Eric; Mwamba, Dieudonne; Liesenborghs, Laurens; Hoff, Nicole; Peeters, Martine; Low, Nicola; Rimoin, Anne; Kindrachuk, Jason; Vercauteren, Koen; Rambaut, Andrew; Ahuka-Mundeke, Steve; Muyembe-Tamfum, Jean-Jacques"
PP_004APR4,Ib,A.1,Democratic Republic of the Congo,Kinshasa,2024-12-17,187663,0.6404880101820911,2025-10-21,"Amuri-Aziza, Adrienne; Mbala-Kingebeni, Placide; Wawina-Bokalanga, Tony; Kinganda-Lusamaki, Eddy; Pukuta-Simbu, Elisabeth; Hasivirwe-Vakaniaki, Emmanuel; Ola-Mpumbe, Rilia; Kwete-Mbokama, Papy; Akil-Bandali, Prince; Kacita, Cris; Ponga-Museme, Ange; Mapenzi-Kashali, Nelson; Vakaniaki, Gloria; Kenye, Kelly-Michel; Muyamuna, Elisabeth; Kavira-Bapitani, Sifa; Mukadi, Patrick; OToole, Aine; Tshiani-Mbaya, Olivier; Paku-Tshambu, Princesse; Lokilo-Lofiko, Emmanuel; Muswamba-Kayembe, Chloe; Makangara-Cigolo, Jean-Claude; Cikaya-Kankolongo, Fiston; Luakanda-Ndelemo, Gradi; Lawanga, Leader; Mabika-Bope, Elzedek; Lumembe-Numbi, Raphael; Kabamba-Lungenyi, Gabriel; Citenga, Andre; Kelvin, D. J.; Pratt, Catherine; Ayouba, Ahidjo; Tessema, Sofonias; Mukadi-Bamuleka, Daniel; Jansen, Daan; Halbrook, Megan; Merrit, Sydney; Hensley, Lisa; Delaporte, Eric; Mwamba, Dieudonne; Liesenborghs, Laurens; Hoff, Nicole; Peeters, Martine; Low, Nicola; Rimoin, Anne; Kindrachuk, Jason; Vercauteren, Koen; Rambaut, Andrew; Ahuka-Mundeke, Steve; Muyembe-Tamfum, Jean-Jacques"
PP_004APS2,Ia,None,Democratic Republic of the Congo,Kinshasa,2024-12-17,188102,0.8076862617831844,2025-10-21,"Amuri-Aziza, Adrienne; Mbala-Kingebeni, Placide; Wawina-Bokalanga, Tony; Kinganda-Lusamaki, Eddy; Pukuta-Simbu, Elisabeth; Hasivirwe-Vakaniaki, Emmanuel; Ola-Mpumbe, Rilia; Kwete-Mbokama, Papy; Akil-Bandali, Prince; Kacita, Cris; Ponga-Museme, Ange; Mapenzi-Kashali, Nelson; Vakaniaki, Gloria; Kenye, Kelly-Michel; Muyamuna, Elisabeth; Kavira-Bapitani, Sifa; Mukadi, Patrick; OToole, Aine; Tshiani-Mbaya, Olivier; Paku-Tshambu, Princesse; Lokilo-Lofiko, Emmanuel; Muswamba-Kayembe, Chloe; Makangara-Cigolo, Jean-Claude; Cikaya-Kankolongo, Fiston; Luakanda-Ndelemo, Gradi; Lawanga, Leader; Mabika-Bope, Elzedek; Lumembe-Numbi, Raphael; Kabamba-Lungenyi, Gabriel; Citenga, Andre; Kelvin, D. J.; Pratt, Catherine; Ayouba, Ahidjo; Tessema, Sofonias; Mukadi-Bamuleka, Daniel; Jansen, Daan; Halbrook, Megan; Merrit, Sydney; Hensley, Lisa; Delaporte, Eric; Mwamba, Dieudonne; Liesenborghs, Laurens; Hoff, Nicole; Peeters, Martine; Low, Nicola; Rimoin, Anne; Kindrachuk, Jason; Vercauteren, Koen; Rambaut, Andrew; Ahuka-Mundeke, Steve; Muyembe-Tamfum, Jean-Jacques"
PP_004APT0,Ia,None,Democratic Republic of the Congo,Kinshasa,2024-12-17,188094,0.7855726665618709,2025-10-21,"Amuri-Aziza, Adrienne; Mbala-Kingebeni, Placide; Wawina-Bokalanga, Tony; Kinganda-Lusamaki, Eddy; Pukuta-Simbu, Elisabeth; Hasivirwe-Vakaniaki, Emmanuel; Ola-Mpumbe, Rilia; Kwete-Mbokama, Papy; Akil-Bandali, Prince; Kacita, Cris; Ponga-Museme, Ange; Mapenzi-Kashali, Nelson; Vakaniaki, Gloria; Kenye, Kelly-Michel; Muyamuna, Elisabeth; Kavira-Bapitani, Sifa; Mukadi, Patrick; OToole, Aine; Tshiani-Mbaya, Olivier; Paku-Tshambu, Princesse; Lokilo-Lofiko, Emmanuel; Muswamba-Kayembe, Chloe; Makangara-Cigolo, Jean-Claude; Cikaya-Kankolongo, Fiston; Luakanda-Ndelemo, Gradi; Lawanga, Leader; Mabika-Bope, Elzedek; Lumembe-Numbi, Raphael; Kabamba-Lungenyi, Gabriel; Citenga, Andre; Kelvin, D. J.; Pratt, Catherine; Ayouba, Ahidjo; Tessema, Sofonias; Mukadi-Bamuleka, Daniel; Jansen, Daan; Halbrook, Megan; Merrit, Sydney; Hensley, Lisa; Delaporte, Eric; Mwamba, Dieudonne; Liesenborghs, Laurens; Hoff, Nicole; Peeters, Martine; Low, Nicola; Rimoin, Anne; Kindrachuk, Jason; Vercauteren, Koen; Rambaut, Andrew; Ahuka-Mundeke, Steve; Muyembe-Tamfum, Jean-Jacques"
PP_004APUY,Ia,None,Democratic Republic of the Congo,Kinshasa,2024-12-17,187914,0.6732857019710053,2025-10-21,"Amuri-Aziza, Adrienne; Mbala-Kingebeni, Placide; Wawina-Bokalanga, Tony; Kinganda-Lusamaki, Eddy; Pukuta-Simbu, Elisabeth; Hasivirwe-Vakaniaki, Emmanuel; Ola-Mpumbe, Rilia; Kwete-Mbokama, Papy; Akil-Bandali, Prince; Kacita, Cris; Ponga-Museme, Ange; Mapenzi-Kashali, Nelson; Vakaniaki, Gloria; Kenye, Kelly-Michel; Muyamuna, Elisabeth; Kavira-Bapitani, Sifa; Mukadi, Patrick; OToole, Aine; Tshiani-Mbaya, Olivier; Paku-Tshambu, Princesse; Lokilo-Lofiko, Emmanuel; Muswamba-Kayembe, Chloe; Makangara-Cigolo, Jean-Claude; Cikaya-Kankolongo, Fiston; Luakanda-Ndelemo, Gradi; Lawanga, Leader; Mabika-Bope, Elzedek; Lumembe-Numbi, Raphael; Kabamba-Lungenyi, Gabriel; Citenga, Andre; Kelvin, D. J.; Pratt, Catherine; Ayouba, Ahidjo; Tessema, Sofonias; Mukadi-Bamuleka, Daniel; Jansen, Daan; Halbrook, Megan; Merrit, Sydney; Hensley, Lisa; Delaporte, Eric; Mwamba, Dieudonne; Liesenborghs, Laurens; Hoff, Nicole; Peeters, Martine; Low, Nicola; Rimoin, Anne; Kindrachuk, Jason; Vercauteren, Koen; Rambaut, Andrew; Ahuka-Mundeke, Steve; Muyembe-Tamfum, Jean-Jacques"
PP_004APVW,Ia,None,Democratic Republic of the Congo,Kinshasa,2024-12-17,188093,0.6052867769726534,2025-10-21,"Amuri-Aziza, Adrienne; Mbala-Kingebeni, Placide; Wawina-Bokalanga, Tony; Kinganda-Lusamaki, Eddy; Pukuta-Simbu, Elisabeth; Hasivirwe-Vakaniaki, Emmanuel; Ola-Mpumbe, Rilia; Kwete-Mbokama, Papy; Akil-Bandali, Prince; Kacita, Cris; Ponga-Museme, Ange; Mapenzi-Kashali, Nelson; Vakaniaki, Gloria; Kenye, Kelly-Michel; Muyamuna, Elisabeth; Kavira-Bapitani, Sifa; Mukadi, Patrick; OToole, Aine; Tshiani-Mbaya, Olivier; Paku-Tshambu, Princesse; Lokilo-Lofiko, Emmanuel; Muswamba-Kayembe, Chloe; Makangara-Cigolo, Jean-Claude; Cikaya-Kankolongo, Fiston; Luakanda-Ndelemo, Gradi; Lawanga, Leader; Mabika-Bope, Elzedek; Lumembe-Numbi, Raphael; Kabamba-Lungenyi, Gabriel; Citenga, Andre; Kelvin, D. J.; Pratt, Catherine; Ayouba, Ahidjo; Tessema, Sofonias; Mukadi-Bamuleka, Daniel; Jansen, Daan; Halbrook, Megan; Merrit, Sydney; Hensley, Lisa; Delaporte, Eric; Mwamba, Dieudonne; Liesenborghs, Laurens; Hoff, Nicole; Peeters, Martine; Low, Nicola; Rimoin, Anne; Kindrachuk, Jason; Vercauteren, Koen; Rambaut, Andrew; Ahuka-Mundeke, Steve; Muyembe-Tamfum, Jean-Jacques"
PP_004APWU,Ia,None,Democratic Republic of the Congo,Kinshasa,2024-12-13,188100,0.7445856933507091,2025-10-21,"Amuri-Aziza, Adrienne; Mbala-Kingebeni, Placide; Wawina-Bokalanga, Tony; Kinganda-Lusamaki, Eddy; Pukuta-Simbu, Elisabeth; Hasivirwe-Vakaniaki, Emmanuel; Ola-Mpumbe, Rilia; Kwete-Mbokama, Papy; Akil-Bandali, Prince; Kacita, Cris; Ponga-Museme, Ange; Mapenzi-Kashali, Nelson; Vakaniaki, Gloria; Kenye, Kelly-Michel; Muyamuna, Elisabeth; Kavira-Bapitani, Sifa; Mukadi, Patrick; OToole, Aine; Tshiani-Mbaya, Olivier; Paku-Tshambu, Princesse; Lokilo-Lofiko, Emmanuel; Muswamba-Kayembe, Chloe; Makangara-Cigolo, Jean-Claude; Cikaya-Kankolongo, Fiston; Luakanda-Ndelemo, Gradi; Lawanga, Leader; Mabika-Bope, Elzedek; Lumembe-Numbi, Raphael; Kabamba-Lungenyi, Gabriel; Citenga, Andre; Kelvin, D. J.; Pratt, Catherine; Ayouba, Ahidjo; Tessema, Sofonias; Mukadi-Bamuleka, Daniel; Jansen, Daan; Halbrook, Megan; Merrit, Sydney; Hensley, Lisa; Delaporte, Eric; Mwamba, Dieudonne; Liesenborghs, Laurens; Hoff, Nicole; Peeters, Martine; Low, Nicola; Rimoin, Anne; Kindrachuk, Jason; Vercauteren, Koen; Rambaut, Andrew; Ahuka-Mundeke, Steve; Muyembe-Tamfum, Jean-Jacques"
PP_004APXS,Ia,None,Democratic Republic of the Congo,Kinshasa,2024-12-16,188146,0.7098104041904781,2025-10-21,"Amuri-Aziza, Adrienne; Mbala-Kingebeni, Placide; Wawina-Bokalanga, Tony; Kinganda-Lusamaki, Eddy; Pukuta-Simbu, Elisabeth; Hasivirwe-Vakaniaki, Emmanuel; Ola-Mpumbe, Rilia; Kwete-Mbokama, Papy; Akil-Bandali, Prince; Kacita, Cris; Ponga-Museme, Ange; Mapenzi-Kashali, Nelson; Vakaniaki, Gloria; Kenye, Kelly-Michel; Muyamuna, Elisabeth; Kavira-Bapitani, Sifa; Mukadi, Patrick; OToole, Aine; Tshiani-Mbaya, Olivier; Paku-Tshambu, Princesse; Lokilo-Lofiko, Emmanuel; Muswamba-Kayembe, Chloe; Makangara-Cigolo, Jean-Claude; Cikaya-Kankolongo, Fiston; Luakanda-Ndelemo, Gradi; Lawanga, Leader; Mabika-Bope, Elzedek; Lumembe-Numbi, Raphael; Kabamba-Lungenyi, Gabriel; Citenga, Andre; Kelvin, D. J.; Pratt, Catherine; Ayouba, Ahidjo; Tessema, Sofonias; Mukadi-Bamuleka, Daniel; Jansen, Daan; Halbrook, Megan; Merrit, Sydney; Hensley, Lisa; Delaporte, Eric; Mwamba, Dieudonne; Liesenborghs, Laurens; Hoff, Nicole; Peeters, Martine; Low, Nicola; Rimoin, Anne; Kindrachuk, Jason; Vercauteren, Koen; Rambaut, Andrew; Ahuka-Mundeke, Steve; Muyembe-Tamfum, Jean-Jacques"
PP_004APYQ,Ia,None,Democratic Republic of the Congo,Kinshasa,2024-12-17,187698,0.588948780228083,2025-10-21,"Amuri-Aziza, Adrienne; Mbala-Kingebeni, Placide; Wawina-Bokalanga, Tony; Kinganda-Lusamaki, Eddy; Pukuta-Simbu, Elisabeth; Hasivirwe-Vakaniaki, Emmanuel; Ola-Mpumbe, Rilia; Kwete-Mbokama, Papy; Akil-Bandali, Prince; Kacita, Cris; Ponga-Museme, Ange; Mapenzi-Kashali, Nelson; Vakaniaki, Gloria; Kenye, Kelly-Michel; Muyamuna, Elisabeth; Kavira-Bapitani, Sifa; Mukadi, Patrick; OToole, Aine; Tshiani-Mbaya, Olivier; Paku-Tshambu, Princesse; Lokilo-Lofiko, Emmanuel; Muswamba-Kayembe, Chloe; Makangara-Cigolo, Jean-Claude; Cikaya-Kankolongo, Fiston; Luakanda-Ndelemo, Gradi; Lawanga, Leader; Mabika-Bope, Elzedek; Lumembe-Numbi, Raphael; Kabamba-Lungenyi, Gabriel; Citenga, Andre; Kelvin, D. J.; Pratt, Catherine; Ayouba, Ahidjo; Tessema, Sofonias; Mukadi-Bamuleka, Daniel; Jansen, Daan; Halbrook, Megan; Merrit, Sydney; Hensley, Lisa; Delaporte, Eric; Mwamba, Dieudonne; Liesenborghs, Laurens; Hoff, Nicole; Peeters, Martine; Low, Nicola; Rimoin, Anne; Kindrachuk, Jason; Vercauteren, Koen; Rambaut, Andrew; Ahuka-Mundeke, Steve; Muyembe-Tamfum, Jean-Jacques"
PP_004APZN,Ia,None,Democratic Republic of the Congo,Kinshasa,2024-12-17,187684,0.7791784350612802,2025-10-21,"Amuri-Aziza, Adrienne; Mbala-Kingebeni, Placide; Wawina-Bokalanga, Tony; Kinganda-Lusamaki, Eddy; Pukuta-Simbu, Elisabeth; Hasivirwe-Vakaniaki, Emmanuel; Ola-Mpumbe, Rilia; Kwete-Mbokama, Papy; Akil-Bandali, Prince; Kacita, Cris; Ponga-Museme, Ange; Mapenzi-Kashali, Nelson; Vakaniaki, Gloria; Kenye, Kelly-Michel; Muyamuna, Elisabeth; Kavira-Bapitani, Sifa; Mukadi, Patrick; OToole, Aine; Tshiani-Mbaya, Olivier; Paku-Tshambu, Princesse; Lokilo-Lofiko, Emmanuel; Muswamba-Kayembe, Chloe; Makangara-Cigolo, Jean-Claude; Cikaya-Kankolongo, Fiston; Luakanda-Ndelemo, Gradi; Lawanga, Leader; Mabika-Bope, Elzedek; Lumembe-Numbi, Raphael; Kabamba-Lungenyi, Gabriel; Citenga, Andre; Kelvin, D. J.; Pratt, Catherine; Ayouba, Ahidjo; Tessema, Sofonias; Mukadi-Bamuleka, Daniel; Jansen, Daan; Halbrook, Megan; Merrit, Sydney; Hensley, Lisa; Delaporte, Eric; Mwamba, Dieudonne; Liesenborghs, Laurens; Hoff, Nicole; Peeters, Martine; Low, Nicola; Rimoin, Anne; Kindrachuk, Jason; Vercauteren, Koen; Rambaut, Andrew; Ahuka-Mundeke, Steve; Muyembe-Tamfum, Jean-Jacques"
PP_004AQ0L,Ib,A.1,Democratic Republic of the Congo,Kinshasa,2024-12-18,187588,0.7988529935246363,2025-10-21,"Amuri-Aziza, Adrienne; Mbala-Kingebeni, Placide; Wawina-Bokalanga, Tony; Kinganda-Lusamaki, Eddy; Pukuta-Simbu, Elisabeth; Hasivirwe-Vakaniaki, Emmanuel; Ola-Mpumbe, Rilia; Kwete-Mbokama, Papy; Akil-Bandali, Prince; Kacita, Cris; Ponga-Museme, Ange; Mapenzi-Kashali, Nelson; Vakaniaki, Gloria; Kenye, Kelly-Michel; Muyamuna, Elisabeth; Kavira-Bapitani, Sifa; Mukadi, Patrick; OToole, Aine; Tshiani-Mbaya, Olivier; Paku-Tshambu, Princesse; Lokilo-Lofiko, Emmanuel; Muswamba-Kayembe, Chloe; Makangara-Cigolo, Jean-Claude; Cikaya-Kankolongo, Fiston; Luakanda-Ndelemo, Gradi; Lawanga, Leader; Mabika-Bope, Elzedek; Lumembe-Numbi, Raphael; Kabamba-Lungenyi, Gabriel; Citenga, Andre; Kelvin, D. J.; Pratt, Catherine; Ayouba, Ahidjo; Tessema, Sofonias; Mukadi-Bamuleka, Daniel; Jansen, Daan; Halbrook, Megan; Merrit, Sydney; Hensley, Lisa; Delaporte, Eric; Mwamba, Dieudonne; Liesenborghs, Laurens; Hoff, Nicole; Peeters, Martine; Low, Nicola; Rimoin, Anne; Kindrachuk, Jason; Vercauteren, Koen; Rambaut, Andrew; Ahuka-Mundeke, Steve; Muyembe-Tamfum, Jean-Jacques"
PP_004AQ1J,Ia,None,Democratic Republic of the Congo,Kinshasa,2024-12-19,187925,0.66009664873307,2025-10-21,"Amuri-Aziza, Adrienne; Mbala-Kingebeni, Placide; Wawina-Bokalanga, Tony; Kinganda-Lusamaki, Eddy; Pukuta-Simbu, Elisabeth; Hasivirwe-Vakaniaki, Emmanuel; Ola-Mpumbe, Rilia; Kwete-Mbokama, Papy; Akil-Bandali, Prince; Kacita, Cris; Ponga-Museme, Ange; Mapenzi-Kashali, Nelson; Vakaniaki, Gloria; Kenye, Kelly-Michel; Muyamuna, Elisabeth; Kavira-Bapitani, Sifa; Mukadi, Patrick; OToole, Aine; Tshiani-Mbaya, Olivier; Paku-Tshambu, Princesse; Lokilo-Lofiko, Emmanuel; Muswamba-Kayembe, Chloe; Makangara-Cigolo, Jean-Claude; Cikaya-Kankolongo, Fiston; Luakanda-Ndelemo, Gradi; Lawanga, Leader; Mabika-Bope, Elzedek; Lumembe-Numbi, Raphael; Kabamba-Lungenyi, Gabriel; Citenga, Andre; Kelvin, D. J.; Pratt, Catherine; Ayouba, Ahidjo; Tessema, Sofonias; Mukadi-Bamuleka, Daniel; Jansen, Daan; Halbrook, Megan; Merrit, Sydney; Hensley, Lisa; Delaporte, Eric; Mwamba, Dieudonne; Liesenborghs, Laurens; Hoff, Nicole; Peeters, Martine; Low, Nicola; Rimoin, Anne; Kindrachuk, Jason; Vercauteren, Koen; Rambaut, Andrew; Ahuka-Mundeke, Steve; Muyembe-Tamfum, Jean-Jacques"
PP_004AQ2G,Ia,None,Democratic Republic of the Congo,Kinshasa,2024-12-19,188937,0.81038390742816,2025-10-21,"Amuri-Aziza, Adrienne; Mbala-Kingebeni, Placide; Wawina-Bokalanga, Tony; Kinganda-Lusamaki, Eddy; Pukuta-Simbu, Elisabeth; Hasivirwe-Vakaniaki, Emmanuel; Ola-Mpumbe, Rilia; Kwete-Mbokama, Papy; Akil-Bandali, Prince; Kacita, Cris; Ponga-Museme, Ange; Mapenzi-Kashali, Nelson; Vakaniaki, Gloria; Kenye, Kelly-Michel; Muyamuna, Elisabeth; Kavira-Bapitani, Sifa; Mukadi, Patrick; OToole, Aine; Tshiani-Mbaya, Olivier; Paku-Tshambu, Princesse; Lokilo-Lofiko, Emmanuel; Muswamba-Kayembe, Chloe; Makangara-Cigolo, Jean-Claude; Cikaya-Kankolongo, Fiston; Luakanda-Ndelemo, Gradi; Lawanga, Leader; Mabika-Bope, Elzedek; Lumembe-Numbi, Raphael; Kabamba-Lungenyi, Gabriel; Citenga, Andre; Kelvin, D. J.; Pratt, Catherine; Ayouba, Ahidjo; Tessema, Sofonias; Mukadi-Bamuleka, Daniel; Jansen, Daan; Halbrook, Megan; Merrit, Sydney; Hensley, Lisa; Delaporte, Eric; Mwamba, Dieudonne; Liesenborghs, Laurens; Hoff, Nicole; Peeters, Martine; Low, Nicola; Rimoin, Anne; Kindrachuk, Jason; Vercauteren, Koen; Rambaut, Andrew; Ahuka-Mundeke, Steve; Muyembe-Tamfum, Jean-Jacques"
PP_004AQ3E,Ia,None,Democratic Republic of the Congo,Kinshasa,2024-12-19,187467,0.7480439533692681,2025-10-21,"Amuri-Aziza, Adrienne; Mbala-Kingebeni, Placide; Wawina-Bokalanga, Tony; Kinganda-Lusamaki, Eddy; Pukuta-Simbu, Elisabeth; Hasivirwe-Vakaniaki, Emmanuel; Ola-Mpumbe, Rilia; Kwete-Mbokama, Papy; Akil-Bandali, Prince; Kacita, Cris; Ponga-Museme, Ange; Mapenzi-Kashali, Nelson; Vakaniaki, Gloria; Kenye, Kelly-Michel; Muyamuna, Elisabeth; Kavira-Bapitani, Sifa; Mukadi, Patrick; OToole, Aine; Tshiani-Mbaya, Olivier; Paku-Tshambu, Princesse; Lokilo-Lofiko, Emmanuel; Muswamba-Kayembe, Chloe; Makangara-Cigolo, Jean-Claude; Cikaya-Kankolongo, Fiston; Luakanda-Ndelemo, Gradi; Lawanga, Leader; Mabika-Bope, Elzedek; Lumembe-Numbi, Raphael; Kabamba-Lungenyi, Gabriel; Citenga, Andre; Kelvin, D. J.; Pratt, Catherine; Ayouba, Ahidjo; Tessema, Sofonias; Mukadi-Bamuleka, Daniel; Jansen, Daan; Halbrook, Megan; Merrit, Sydney; Hensley, Lisa; Delaporte, Eric; Mwamba, Dieudonne; Liesenborghs, Laurens; Hoff, Nicole; Peeters, Martine; Low, Nicola; Rimoin, Anne; Kindrachuk, Jason; Vercauteren, Koen; Rambaut, Andrew; Ahuka-Mundeke, Steve; Muyembe-Tamfum, Jean-Jacques"
PP_004AQ4C,Ib,A.1,Democratic Republic of the Congo,Kinshasa,2024-12-18,188766,0.8625113458310726,2025-10-21,"Amuri-Aziza, Adrienne; Mbala-Kingebeni, Placide; Wawina-Bokalanga, Tony; Kinganda-Lusamaki, Eddy; Pukuta-Simbu, Elisabeth; Hasivirwe-Vakaniaki, Emmanuel; Ola-Mpumbe, Rilia; Kwete-Mbokama, Papy; Akil-Bandali, Prince; Kacita, Cris; Ponga-Museme, Ange; Mapenzi-Kashali, Nelson; Vakaniaki, Gloria; Kenye, Kelly-Michel; Muyamuna, Elisabeth; Kavira-Bapitani, Sifa; Mukadi, Patrick; OToole, Aine; Tshiani-Mbaya, Olivier; Paku-Tshambu, Princesse; Lokilo-Lofiko, Emmanuel; Muswamba-Kayembe, Chloe; Makangara-Cigolo, Jean-Claude; Cikaya-Kankolongo, Fiston; Luakanda-Ndelemo, Gradi; Lawanga, Leader; Mabika-Bope, Elzedek; Lumembe-Numbi, Raphael; Kabamba-Lungenyi, Gabriel; Citenga, Andre; Kelvin, D. J.; Pratt, Catherine; Ayouba, Ahidjo; Tessema, Sofonias; Mukadi-Bamuleka, Daniel; Jansen, Daan; Halbrook, Megan; Merrit, Sydney; Hensley, Lisa; Delaporte, Eric; Mwamba, Dieudonne; Liesenborghs, Laurens; Hoff, Nicole; Peeters, Martine; Low, Nicola; Rimoin, Anne; Kindrachuk, Jason; Vercauteren, Koen; Rambaut, Andrew; Ahuka-Mundeke, Steve; Muyembe-Tamfum, Jean-Jacques"
PP_004AQ5A,Ia,None,Democratic Republic of the Congo,Kinshasa,2024-12-18,188316,0.8511579086147184,2025-10-21,"Amuri-Aziza, Adrienne; Mbala-Kingebeni, Placide; Wawina-Bokalanga, Tony; Kinganda-Lusamaki, Eddy; Pukuta-Simbu, Elisabeth; Hasivirwe-Vakaniaki, Emmanuel; Ola-Mpumbe, Rilia; Kwete-Mbokama, Papy; Akil-Bandali, Prince; Kacita, Cris; Ponga-Museme, Ange; Mapenzi-Kashali, Nelson; Vakaniaki, Gloria; Kenye, Kelly-Michel; Muyamuna, Elisabeth; Kavira-Bapitani, Sifa; Mukadi, Patrick; OToole, Aine; Tshiani-Mbaya, Olivier; Paku-Tshambu, Princesse; Lokilo-Lofiko, Emmanuel; Muswamba-Kayembe, Chloe; Makangara-Cigolo, Jean-Claude; Cikaya-Kankolongo, Fiston; Luakanda-Ndelemo, Gradi; Lawanga, Leader; Mabika-Bope, Elzedek; Lumembe-Numbi, Raphael; Kabamba-Lungenyi, Gabriel; Citenga, Andre; Kelvin, D. J.; Pratt, Catherine; Ayouba, Ahidjo; Tessema, Sofonias; Mukadi-Bamuleka, Daniel; Jansen, Daan; Halbrook, Megan; Merrit, Sydney; Hensley, Lisa; Delaporte, Eric; Mwamba, Dieudonne; Liesenborghs, Laurens; Hoff, Nicole; Peeters, Martine; Low, Nicola; Rimoin, Anne; Kindrachuk, Jason; Vercauteren, Koen; Rambaut, Andrew; Ahuka-Mundeke, Steve; Muyembe-Tamfum, Jean-Jacques"
PP_004AQ68,Ia,None,Democratic Republic of the Congo,Kinshasa,2024-12-20,188152,0.8046336627638698,2025-10-21,"Amuri-Aziza, Adrienne; Mbala-Kingebeni, Placide; Wawina-Bokalanga, Tony; Kinganda-Lusamaki, Eddy; Pukuta-Simbu, Elisabeth; Hasivirwe-Vakaniaki, Emmanuel; Ola-Mpumbe, Rilia; Kwete-Mbokama, Papy; Akil-Bandali, Prince; Kacita, Cris; Ponga-Museme, Ange; Mapenzi-Kashali, Nelson; Vakaniaki, Gloria; Kenye, Kelly-Michel; Muyamuna, Elisabeth; Kavira-Bapitani, Sifa; Mukadi, Patrick; OToole, Aine; Tshiani-Mbaya, Olivier; Paku-Tshambu, Princesse; Lokilo-Lofiko, Emmanuel; Muswamba-Kayembe, Chloe; Makangara-Cigolo, Jean-Claude; Cikaya-Kankolongo, Fiston; Luakanda-Ndelemo, Gradi; Lawanga, Leader; Mabika-Bope, Elzedek; Lumembe-Numbi, Raphael; Kabamba-Lungenyi, Gabriel; Citenga, Andre; Kelvin, D. J.; Pratt, Catherine; Ayouba, Ahidjo; Tessema, Sofonias; Mukadi-Bamuleka, Daniel; Jansen, Daan; Halbrook, Megan; Merrit, Sydney; Hensley, Lisa; Delaporte, Eric; Mwamba, Dieudonne; Liesenborghs, Laurens; Hoff, Nicole; Peeters, Martine; Low, Nicola; Rimoin, Anne; Kindrachuk, Jason; Vercauteren, Koen; Rambaut, Andrew; Ahuka-Mundeke, Steve; Muyembe-Tamfum, Jean-Jacques"
PP_004AQ76,Ib,A.1,Democratic Republic of the Congo,Kinshasa,2024-12-18,188003,0.7896951964666927,2025-10-21,"Amuri-Aziza, Adrienne; Mbala-Kingebeni, Placide; Wawina-Bokalanga, Tony; Kinganda-Lusamaki, Eddy; Pukuta-Simbu, Elisabeth; Hasivirwe-Vakaniaki, Emmanuel; Ola-Mpumbe, Rilia; Kwete-Mbokama, Papy; Akil-Bandali, Prince; Kacita, Cris; Ponga-Museme, Ange; Mapenzi-Kashali, Nelson; Vakaniaki, Gloria; Kenye, Kelly-Michel; Muyamuna, Elisabeth; Kavira-Bapitani, Sifa; Mukadi, Patrick; OToole, Aine; Tshiani-Mbaya, Olivier; Paku-Tshambu, Princesse; Lokilo-Lofiko, Emmanuel; Muswamba-Kayembe, Chloe; Makangara-Cigolo, Jean-Claude; Cikaya-Kankolongo, Fiston; Luakanda-Ndelemo, Gradi; Lawanga, Leader; Mabika-Bope, Elzedek; Lumembe-Numbi, Raphael; Kabamba-Lungenyi, Gabriel; Citenga, Andre; Kelvin, D. J.; Pratt, Catherine; Ayouba, Ahidjo; Tessema, Sofonias; Mukadi-Bamuleka, Daniel; Jansen, Daan; Halbrook, Megan; Merrit, Sydney; Hensley, Lisa; Delaporte, Eric; Mwamba, Dieudonne; Liesenborghs, Laurens; Hoff, Nicole; Peeters, Martine; Low, Nicola; Rimoin, Anne; Kindrachuk, Jason; Vercauteren, Koen; Rambaut, Andrew; Ahuka-Mundeke, Steve; Muyembe-Tamfum, Jean-Jacques"
PP_004AQ84,Ib,A.1,Democratic Republic of the Congo,Kinshasa,2024-12-18,187853,0.817346064327693,2025-10-21,"Amuri-Aziza, Adrienne; Mbala-Kingebeni, Placide; Wawina-Bokalanga, Tony; Kinganda-Lusamaki, Eddy; Pukuta-Simbu, Elisabeth; Hasivirwe-Vakaniaki, Emmanuel; Ola-Mpumbe, Rilia; Kwete-Mbokama, Papy; Akil-Bandali, Prince; Kacita, Cris; Ponga-Museme, Ange; Mapenzi-Kashali, Nelson; Vakaniaki, Gloria; Kenye, Kelly-Michel; Muyamuna, Elisabeth; Kavira-Bapitani, Sifa; Mukadi, Patrick; OToole, Aine; Tshiani-Mbaya, Olivier; Paku-Tshambu, Princesse; Lokilo-Lofiko, Emmanuel; Muswamba-Kayembe, Chloe; Makangara-Cigolo, Jean-Claude; Cikaya-Kankolongo, Fiston; Luakanda-Ndelemo, Gradi; Lawanga, Leader; Mabika-Bope, Elzedek; Lumembe-Numbi, Raphael; Kabamba-Lungenyi, Gabriel; Citenga, Andre; Kelvin, D. J.; Pratt, Catherine; Ayouba, Ahidjo; Tessema, Sofonias; Mukadi-Bamuleka, Daniel; Jansen, Daan; Halbrook, Megan; Merrit, Sydney; Hensley, Lisa; Delaporte, Eric; Mwamba, Dieudonne; Liesenborghs, Laurens; Hoff, Nicole; Peeters, Martine; Low, Nicola; Rimoin, Anne; Kindrachuk, Jason; Vercauteren, Koen; Rambaut, Andrew; Ahuka-Mundeke, Steve; Muyembe-Tamfum, Jean-Jacques"
PP_004AQ92,Ib,A.1,Democratic Republic of the Congo,Kinshasa,2024-12-20,187898,0.8196481904984052,2025-10-21,"Amuri-Aziza, Adrienne; Mbala-Kingebeni, Placide; Wawina-Bokalanga, Tony; Kinganda-Lusamaki, Eddy; Pukuta-Simbu, Elisabeth; Hasivirwe-Vakaniaki, Emmanuel; Ola-Mpumbe, Rilia; Kwete-Mbokama, Papy; Akil-Bandali, Prince; Kacita, Cris; Ponga-Museme, Ange; Mapenzi-Kashali, Nelson; Vakaniaki, Gloria; Kenye, Kelly-Michel; Muyamuna, Elisabeth; Kavira-Bapitani, Sifa; Mukadi, Patrick; OToole, Aine; Tshiani-Mbaya, Olivier; Paku-Tshambu, Princesse; Lokilo-Lofiko, Emmanuel; Muswamba-Kayembe, Chloe; Makangara-Cigolo, Jean-Claude; Cikaya-Kankolongo, Fiston; Luakanda-Ndelemo, Gradi; Lawanga, Leader; Mabika-Bope, Elzedek; Lumembe-Numbi, Raphael; Kabamba-Lungenyi, Gabriel; Citenga, Andre; Kelvin, D. J.; Pratt, Catherine; Ayouba, Ahidjo; Tessema, Sofonias; Mukadi-Bamuleka, Daniel; Jansen, Daan; Halbrook, Megan; Merrit, Sydney; Hensley, Lisa; Delaporte, Eric; Mwamba, Dieudonne; Liesenborghs, Laurens; Hoff, Nicole; Peeters, Martine; Low, Nicola; Rimoin, Anne; Kindrachuk, Jason; Vercauteren, Koen; Rambaut, Andrew; Ahuka-Mundeke, Steve; Muyembe-Tamfum, Jean-Jacques"
PP_004AQA0,Ia,None,Democratic Republic of the Congo,Kinshasa,2024-12-21,187694,0.5865807341449933,2025-10-21,"Amuri-Aziza, Adrienne; Mbala-Kingebeni, Placide; Wawina-Bokalanga, Tony; Kinganda-Lusamaki, Eddy; Pukuta-Simbu, Elisabeth; Hasivirwe-Vakaniaki, Emmanuel; Ola-Mpumbe, Rilia; Kwete-Mbokama, Papy; Akil-Bandali, Prince; Kacita, Cris; Ponga-Museme, Ange; Mapenzi-Kashali, Nelson; Vakaniaki, Gloria; Kenye, Kelly-Michel; Muyamuna, Elisabeth; Kavira-Bapitani, Sifa; Mukadi, Patrick; OToole, Aine; Tshiani-Mbaya, Olivier; Paku-Tshambu, Princesse; Lokilo-Lofiko, Emmanuel; Muswamba-Kayembe, Chloe; Makangara-Cigolo, Jean-Claude; Cikaya-Kankolongo, Fiston; Luakanda-Ndelemo, Gradi; Lawanga, Leader; Mabika-Bope, Elzedek; Lumembe-Numbi, Raphael; Kabamba-Lungenyi, Gabriel; Citenga, Andre; Kelvin, D. J.; Pratt, Catherine; Ayouba, Ahidjo; Tessema, Sofonias; Mukadi-Bamuleka, Daniel; Jansen, Daan; Halbrook, Megan; Merrit, Sydney; Hensley, Lisa; Delaporte, Eric; Mwamba, Dieudonne; Liesenborghs, Laurens; Hoff, Nicole; Peeters, Martine; Low, Nicola; Rimoin, Anne; Kindrachuk, Jason; Vercauteren, Koen; Rambaut, Andrew; Ahuka-Mundeke, Steve; Muyembe-Tamfum, Jean-Jacques"
PP_004AQBY,Ia,None,Democratic Republic of the Congo,Kinshasa,2024-12-26,182365,0.44113098286589353,2025-10-21,"Amuri-Aziza, Adrienne; Mbala-Kingebeni, Placide; Wawina-Bokalanga, Tony; Kinganda-Lusamaki, Eddy; Pukuta-Simbu, Elisabeth; Hasivirwe-Vakaniaki, Emmanuel; Ola-Mpumbe, Rilia; Kwete-Mbokama, Papy; Akil-Bandali, Prince; Kacita, Cris; Ponga-Museme, Ange; Mapenzi-Kashali, Nelson; Vakaniaki, Gloria; Kenye, Kelly-Michel; Muyamuna, Elisabeth; Kavira-Bapitani, Sifa; Mukadi, Patrick; OToole, Aine; Tshiani-Mbaya, Olivier; Paku-Tshambu, Princesse; Lokilo-Lofiko, Emmanuel; Muswamba-Kayembe, Chloe; Makangara-Cigolo, Jean-Claude; Cikaya-Kankolongo, Fiston; Luakanda-Ndelemo, Gradi; Lawanga, Leader; Mabika-Bope, Elzedek; Lumembe-Numbi, Raphael; Kabamba-Lungenyi, Gabriel; Citenga, Andre; Kelvin, D. J.; Pratt, Catherine; Ayouba, Ahidjo; Tessema, Sofonias; Mukadi-Bamuleka, Daniel; Jansen, Daan; Halbrook, Megan; Merrit, Sydney; Hensley, Lisa; Delaporte, Eric; Mwamba, Dieudonne; Liesenborghs, Laurens; Hoff, Nicole; Peeters, Martine; Low, Nicola; Rimoin, Anne; Kindrachuk, Jason; Vercauteren, Koen; Rambaut, Andrew; Ahuka-Mundeke, Steve; Muyembe-Tamfum, Jean-Jacques"
PP_004AQCW,Ia,None,Democratic Republic of the Congo,Tshopo,2024-12-08,187653,0.6726924227596104,2025-10-21,"Luakanda-Ndelemo, Gradi; Mbala-Kingebeni, Placide; Wawina-Bokalanga, Tony; Kinganda-Lusamaki, Eddy; Pukuta-Simbu, Elisabeth; Hasivirwe-Vakaniaki, Emmanuel; Ola-Mpumbe, Rilia; Kwete-Mbokama, Papy; Akil-Bandali, Prince; Kacita, Cris; Ponga-Museme, Ange; Mapenzi-Kashali, Nelson; Vakaniaki, Gloria; Amuri-Aziza, Adrienne; Kenye, Kelly-Michel; Muyamuna, Elisabeth; Kavira-Bapitani, Sifa; Mukadi, Patrick; OToole, Aine; Tshiani-Mbaya, Olivier; Paku-Tshambu, Princesse; Lokilo-Lofiko, Emmanuel; Muswamba-Kayembe, Chloe; Makangara-Cigolo, Jean-Claude; Cikaya-Kankolongo, Fiston; Lawanga, Leader; Mabika-Bope, Elzedek; Lumembe-Numbi, Raphael; Kabamba-Lungenyi, Gabriel; Citenga, Andre; Kelvin, D. J.; Pratt, Catherine; Ayouba, Ahidjo; Tessema, Sofonias; Mukadi-Bamuleka, Daniel; Jansen, Daan; Halbrook, Megan; Merrit, Sydney; Hensley, Lisa; Delaporte, Eric; Mwamba, Dieudonne; Liesenborghs, Laurens; Hoff, Nicole; Peeters, Martine; Low, Nicola; Rimoin, Anne; Kindrachuk, Jason; Vercauteren, Koen; Rambaut, Andrew; Ahuka-Mundeke, Steve; Muyembe-Tamfum, Jean-Jacques"
PP_004AQDU,Ib,A.1,Democratic Republic of the Congo,Kinshasa,2024-12-27,187629,0.60151412967968,2025-10-21,"Amuri-Aziza, Adrienne; Mbala-Kingebeni, Placide; Wawina-Bokalanga, Tony; Kinganda-Lusamaki, Eddy; Pukuta-Simbu, Elisabeth; Hasivirwe-Vakaniaki, Emmanuel; Ola-Mpumbe, Rilia; Kwete-Mbokama, Papy; Akil-Bandali, Prince; Kacita, Cris; Ponga-Museme, Ange; Mapenzi-Kashali, Nelson; Vakaniaki, Gloria; Kenye, Kelly-Michel; Muyamuna, Elisabeth; Kavira-Bapitani, Sifa; Mukadi, Patrick; OToole, Aine; Tshiani-Mbaya, Olivier; Paku-Tshambu, Princesse; Lokilo-Lofiko, Emmanuel; Muswamba-Kayembe, Chloe; Makangara-Cigolo, Jean-Claude; Cikaya-Kankolongo, Fiston; Luakanda-Ndelemo, Gradi; Lawanga, Leader; Mabika-Bope, Elzedek; Lumembe-Numbi, Raphael; Kabamba-Lungenyi, Gabriel; Citenga, Andre; Kelvin, D. J.; Pratt, Catherine; Ayouba, Ahidjo; Tessema, Sofonias; Mukadi-Bamuleka, Daniel; Jansen, Daan; Halbrook, Megan; Merrit, Sydney; Hensley, Lisa; Delaporte, Eric; Mwamba, Dieudonne; Liesenborghs, Laurens; Hoff, Nicole; Peeters, Martine; Low, Nicola; Rimoin, Anne; Kindrachuk, Jason; Vercauteren, Koen; Rambaut, Andrew; Ahuka-Mundeke, Steve; Muyembe-Tamfum, Jean-Jacques"
PP_004AQES,Ia,None,Democratic Republic of the Congo,Kinshasa,2024-12-31,188486,0.8443985822148077,2025-10-21,"Amuri-Aziza, Adrienne; Mbala-Kingebeni, Placide; Wawina-Bokalanga, Tony; Kinganda-Lusamaki, Eddy; Pukuta-Simbu, Elisabeth; Hasivirwe-Vakaniaki, Emmanuel; Ola-Mpumbe, Rilia; Kwete-Mbokama, Papy; Akil-Bandali, Prince; Kacita, Cris; Ponga-Museme, Ange; Mapenzi-Kashali, Nelson; Vakaniaki, Gloria; Kenye, Kelly-Michel; Muyamuna, Elisabeth; Kavira-Bapitani, Sifa; Mukadi, Patrick; OToole, Aine; Tshiani-Mbaya, Olivier; Paku-Tshambu, Princesse; Lokilo-Lofiko, Emmanuel; Muswamba-Kayembe, Chloe; Makangara-Cigolo, Jean-Claude; Cikaya-Kankolongo, Fiston; Luakanda-Ndelemo, Gradi; Lawanga, Leader; Mabika-Bope, Elzedek; Lumembe-Numbi, Raphael; Kabamba-Lungenyi, Gabriel; Citenga, Andre; Kelvin, D. J.; Pratt, Catherine; Ayouba, Ahidjo; Tessema, Sofonias; Mukadi-Bamuleka, Daniel; Jansen, Daan; Halbrook, Megan; Merrit, Sydney; Hensley, Lisa; Delaporte, Eric; Mwamba, Dieudonne; Liesenborghs, Laurens; Hoff, Nicole; Peeters, Martine; Low, Nicola; Rimoin, Anne; Kindrachuk, Jason; Vercauteren, Koen; Rambaut, Andrew; Ahuka-Mundeke, Steve; Muyembe-Tamfum, Jean-Jacques"
PP_004AQFQ,Ia,None,Democratic Republic of the Congo,Kinshasa,2025-01-01,187227,0.5803132717066666,2025-10-21,"Amuri-Aziza, Adrienne; Mbala-Kingebeni, Placide; Wawina-Bokalanga, Tony; Kinganda-Lusamaki, Eddy; Pukuta-Simbu, Elisabeth; Hasivirwe-Vakaniaki, Emmanuel; Ola-Mpumbe, Rilia; Kwete-Mbokama, Papy; Akil-Bandali, Prince; Kacita, Cris; Ponga-Museme, Ange; Mapenzi-Kashali, Nelson; Vakaniaki, Gloria; Kenye, Kelly-Michel; Muyamuna, Elisabeth; Kavira-Bapitani, Sifa; Mukadi, Patrick; OToole, Aine; Tshiani-Mbaya, Olivier; Paku-Tshambu, Princesse; Lokilo-Lofiko, Emmanuel; Muswamba-Kayembe, Chloe; Makangara-Cigolo, Jean-Claude; Cikaya-Kankolongo, Fiston; Luakanda-Ndelemo, Gradi; Lawanga, Leader; Mabika-Bope, Elzedek; Lumembe-Numbi, Raphael; Kabamba-Lungenyi, Gabriel; Citenga, Andre; Kelvin, D. J.; Pratt, Catherine; Ayouba, Ahidjo; Tessema, Sofonias; Mukadi-Bamuleka, Daniel; Jansen, Daan; Halbrook, Megan; Merrit, Sydney; Hensley, Lisa; Delaporte, Eric; Mwamba, Dieudonne; Liesenborghs, Laurens; Hoff, Nicole; Peeters, Martine; Low, Nicola; Rimoin, Anne; Kindrachuk, Jason; Vercauteren, Koen; Rambaut, Andrew; Ahuka-Mundeke, Steve; Muyembe-Tamfum, Jean-Jacques"
PP_004AQGN,Ib,A,Democratic Republic of the Congo,Kinshasa,2025-01-02,187656,0.7666891470470415,2025-10-21,"Amuri-Aziza, Adrienne; Mbala-Kingebeni, Placide; Wawina-Bokalanga, Tony; Kinganda-Lusamaki, Eddy; Pukuta-Simbu, Elisabeth; Hasivirwe-Vakaniaki, Emmanuel; Ola-Mpumbe, Rilia; Kwete-Mbokama, Papy; Akil-Bandali, Prince; Kacita, Cris; Ponga-Museme, Ange; Mapenzi-Kashali, Nelson; Vakaniaki, Gloria; Kenye, Kelly-Michel; Muyamuna, Elisabeth; Kavira-Bapitani, Sifa; Mukadi, Patrick; OToole, Aine; Tshiani-Mbaya, Olivier; Paku-Tshambu, Princesse; Lokilo-Lofiko, Emmanuel; Muswamba-Kayembe, Chloe; Makangara-Cigolo, Jean-Claude; Cikaya-Kankolongo, Fiston; Luakanda-Ndelemo, Gradi; Lawanga, Leader; Mabika-Bope, Elzedek; Lumembe-Numbi, Raphael; Kabamba-Lungenyi, Gabriel; Citenga, Andre; Kelvin, D. J.; Pratt, Catherine; Ayouba, Ahidjo; Tessema, Sofonias; Mukadi-Bamuleka, Daniel; Jansen, Daan; Halbrook, Megan; Merrit, Sydney; Hensley, Lisa; Delaporte, Eric; Mwamba, Dieudonne; Liesenborghs, Laurens; Hoff, Nicole; Peeters, Martine; Low, Nicola; Rimoin, Anne; Kindrachuk, Jason; Vercauteren, Koen; Rambaut, Andrew; Ahuka-Mundeke, Steve; Muyembe-Tamfum, Jean-Jacques"
PP_004AQHK,Ia,None,Democratic Republic of the Congo,Kinshasa,2025-01-01,187714,0.7985842431126369,2025-10-21,"Amuri-Aziza, Adrienne; Mbala-Kingebeni, Placide; Wawina-Bokalanga, Tony; Kinganda-Lusamaki, Eddy; Pukuta-Simbu, Elisabeth; Hasivirwe-Vakaniaki, Emmanuel; Ola-Mpumbe, Rilia; Kwete-Mbokama, Papy; Akil-Bandali, Prince; Kacita, Cris; Ponga-Museme, Ange; Mapenzi-Kashali, Nelson; Vakaniaki, Gloria; Kenye, Kelly-Michel; Muyamuna, Elisabeth; Kavira-Bapitani, Sifa; Mukadi, Patrick; OToole, Aine; Tshiani-Mbaya, Olivier; Paku-Tshambu, Princesse; Lokilo-Lofiko, Emmanuel; Muswamba-Kayembe, Chloe; Makangara-Cigolo, Jean-Claude; Cikaya-Kankolongo, Fiston; Luakanda-Ndelemo, Gradi; Lawanga, Leader; Mabika-Bope, Elzedek; Lumembe-Numbi, Raphael; Kabamba-Lungenyi, Gabriel; Citenga, Andre; Kelvin, D. J.; Pratt, Catherine; Ayouba, Ahidjo; Tessema, Sofonias; Mukadi-Bamuleka, Daniel; Jansen, Daan; Halbrook, Megan; Merrit, Sydney; Hensley, Lisa; Delaporte, Eric; Mwamba, Dieudonne; Liesenborghs, Laurens; Hoff, Nicole; Peeters, Martine; Low, Nicola; Rimoin, Anne; Kindrachuk, Jason; Vercauteren, Koen; Rambaut, Andrew; Ahuka-Mundeke, Steve; Muyembe-Tamfum, Jean-Jacques"
PP_004AQJH,Ia,None,Democratic Republic of the Congo,Kinshasa,2025-01-02,187752,0.8054044186624343,2025-10-21,"Amuri-Aziza, Adrienne; Mbala-Kingebeni, Placide; Wawina-Bokalanga, Tony; Kinganda-Lusamaki, Eddy; Pukuta-Simbu, Elisabeth; Hasivirwe-Vakaniaki, Emmanuel; Ola-Mpumbe, Rilia; Kwete-Mbokama, Papy; Akil-Bandali, Prince; Kacita, Cris; Ponga-Museme, Ange; Mapenzi-Kashali, Nelson; Vakaniaki, Gloria; Kenye, Kelly-Michel; Muyamuna, Elisabeth; Kavira-Bapitani, Sifa; Mukadi, Patrick; OToole, Aine; Tshiani-Mbaya, Olivier; Paku-Tshambu, Princesse; Lokilo-Lofiko, Emmanuel; Muswamba-Kayembe, Chloe; Makangara-Cigolo, Jean-Claude; Cikaya-Kankolongo, Fiston; Luakanda-Ndelemo, Gradi; Lawanga, Leader; Mabika-Bope, Elzedek; Lumembe-Numbi, Raphael; Kabamba-Lungenyi, Gabriel; Citenga, Andre; Kelvin, D. J.; Pratt, Catherine; Ayouba, Ahidjo; Tessema, Sofonias; Mukadi-Bamuleka, Daniel; Jansen, Daan; Halbrook, Megan; Merrit, Sydney; Hensley, Lisa; Delaporte, Eric; Mwamba, Dieudonne; Liesenborghs, Laurens; Hoff, Nicole; Peeters, Martine; Low, Nicola; Rimoin, Anne; Kindrachuk, Jason; Vercauteren, Koen; Rambaut, Andrew; Ahuka-Mundeke, Steve; Muyembe-Tamfum, Jean-Jacques"
PP_004AQKF,Ia,None,Democratic Republic of the Congo,Kinshasa,2025-01-02,187690,0.7305396812518699,2025-10-21,"Amuri-Aziza, Adrienne; Mbala-Kingebeni, Placide; Wawina-Bokalanga, Tony; Kinganda-Lusamaki, Eddy; Pukuta-Simbu, Elisabeth; Hasivirwe-Vakaniaki, Emmanuel; Ola-Mpumbe, Rilia; Kwete-Mbokama, Papy; Akil-Bandali, Prince; Kacita, Cris; Ponga-Museme, Ange; Mapenzi-Kashali, Nelson; Vakaniaki, Gloria; Kenye, Kelly-Michel; Muyamuna, Elisabeth; Kavira-Bapitani, Sifa; Mukadi, Patrick; OToole, Aine; Tshiani-Mbaya, Olivier; Paku-Tshambu, Princesse; Lokilo-Lofiko, Emmanuel; Muswamba-Kayembe, Chloe; Makangara-Cigolo, Jean-Claude; Cikaya-Kankolongo, Fiston; Luakanda-Ndelemo, Gradi; Lawanga, Leader; Mabika-Bope, Elzedek; Lumembe-Numbi, Raphael; Kabamba-Lungenyi, Gabriel; Citenga, Andre; Kelvin, D. J.; Pratt, Catherine; Ayouba, Ahidjo; Tessema, Sofonias; Mukadi-Bamuleka, Daniel; Jansen, Daan; Halbrook, Megan; Merrit, Sydney; Hensley, Lisa; Delaporte, Eric; Mwamba, Dieudonne; Liesenborghs, Laurens; Hoff, Nicole; Peeters, Martine; Low, Nicola; Rimoin, Anne; Kindrachuk, Jason; Vercauteren, Koen; Rambaut, Andrew; Ahuka-Mundeke, Steve; Muyembe-Tamfum, Jean-Jacques"
PP_004AQLD,Ib,A,Democratic Republic of the Congo,Kinshasa,2025-01-02,186373,0.5458878651582838,2025-10-21,"Amuri-Aziza, Adrienne; Mbala-Kingebeni, Placide; Wawina-Bokalanga, Tony; Kinganda-Lusamaki, Eddy; Pukuta-Simbu, Elisabeth; Hasivirwe-Vakaniaki, Emmanuel; Ola-Mpumbe, Rilia; Kwete-Mbokama, Papy; Akil-Bandali, Prince; Kacita, Cris; Ponga-Museme, Ange; Mapenzi-Kashali, Nelson; Vakaniaki, Gloria; Kenye, Kelly-Michel; Muyamuna, Elisabeth; Kavira-Bapitani, Sifa; Mukadi, Patrick; OToole, Aine; Tshiani-Mbaya, Olivier; Paku-Tshambu, Princesse; Lokilo-Lofiko, Emmanuel; Muswamba-Kayembe, Chloe; Makangara-Cigolo, Jean-Claude; Cikaya-Kankolongo, Fiston; Luakanda-Ndelemo, Gradi; Lawanga, Leader; Mabika-Bope, Elzedek; Lumembe-Numbi, Raphael; Kabamba-Lungenyi, Gabriel; Citenga, Andre; Kelvin, D. J.; Pratt, Catherine; Ayouba, Ahidjo; Tessema, Sofonias; Mukadi-Bamuleka, Daniel; Jansen, Daan; Halbrook, Megan; Merrit, Sydney; Hensley, Lisa; Delaporte, Eric; Mwamba, Dieudonne; Liesenborghs, Laurens; Hoff, Nicole; Peeters, Martine; Low, Nicola; Rimoin, Anne; Kindrachuk, Jason; Vercauteren, Koen; Rambaut, Andrew; Ahuka-Mundeke, Steve; Muyembe-Tamfum, Jean-Jacques"
PP_004AQMB,Ib,A,Democratic Republic of the Congo,Kinshasa,2025-01-02,187380,0.553407805931778,2025-10-21,"Amuri-Aziza, Adrienne; Mbala-Kingebeni, Placide; Wawina-Bokalanga, Tony; Kinganda-Lusamaki, Eddy; Pukuta-Simbu, Elisabeth; Hasivirwe-Vakaniaki, Emmanuel; Ola-Mpumbe, Rilia; Kwete-Mbokama, Papy; Akil-Bandali, Prince; Kacita, Cris; Ponga-Museme, Ange; Mapenzi-Kashali, Nelson; Vakaniaki, Gloria; Kenye, Kelly-Michel; Muyamuna, Elisabeth; Kavira-Bapitani, Sifa; Mukadi, Patrick; OToole, Aine; Tshiani-Mbaya, Olivier; Paku-Tshambu, Princesse; Lokilo-Lofiko, Emmanuel; Muswamba-Kayembe, Chloe; Makangara-Cigolo, Jean-Claude; Cikaya-Kankolongo, Fiston; Luakanda-Ndelemo, Gradi; Lawanga, Leader; Mabika-Bope, Elzedek; Lumembe-Numbi, Raphael; Kabamba-Lungenyi, Gabriel; Citenga, Andre; Kelvin, D. J.; Pratt, Catherine; Ayouba, Ahidjo; Tessema, Sofonias; Mukadi-Bamuleka, Daniel; Jansen, Daan; Halbrook, Megan; Merrit, Sydney; Hensley, Lisa; Delaporte, Eric; Mwamba, Dieudonne; Liesenborghs, Laurens; Hoff, Nicole; Peeters, Martine; Low, Nicola; Rimoin, Anne; Kindrachuk, Jason; Vercauteren, Koen; Rambaut, Andrew; Ahuka-Mundeke, Steve; Muyembe-Tamfum, Jean-Jacques"
PP_004AQN9,Ib,A.1,Democratic Republic of the Congo,Kinshasa,2025-01-02,187624,0.7498998524408115,2025-10-21,"Amuri-Aziza, Adrienne; Mbala-Kingebeni, Placide; Wawina-Bokalanga, Tony; Kinganda-Lusamaki, Eddy; Pukuta-Simbu, Elisabeth; Hasivirwe-Vakaniaki, Emmanuel; Ola-Mpumbe, Rilia; Kwete-Mbokama, Papy; Akil-Bandali, Prince; Kacita, Cris; Ponga-Museme, Ange; Mapenzi-Kashali, Nelson; Vakaniaki, Gloria; Kenye, Kelly-Michel; Muyamuna, Elisabeth; Kavira-Bapitani, Sifa; Mukadi, Patrick; OToole, Aine; Tshiani-Mbaya, Olivier; Paku-Tshambu, Princesse; Lokilo-Lofiko, Emmanuel; Muswamba-Kayembe, Chloe; Makangara-Cigolo, Jean-Claude; Cikaya-Kankolongo, Fiston; Luakanda-Ndelemo, Gradi; Lawanga, Leader; Mabika-Bope, Elzedek; Lumembe-Numbi, Raphael; Kabamba-Lungenyi, Gabriel; Citenga, Andre; Kelvin, D. J.; Pratt, Catherine; Ayouba, Ahidjo; Tessema, Sofonias; Mukadi-Bamuleka, Daniel; Jansen, Daan; Halbrook, Megan; Merrit, Sydney; Hensley, Lisa; Delaporte, Eric; Mwamba, Dieudonne; Liesenborghs, Laurens; Hoff, Nicole; Peeters, Martine; Low, Nicola; Rimoin, Anne; Kindrachuk, Jason; Vercauteren, Koen; Rambaut, Andrew; Ahuka-Mundeke, Steve; Muyembe-Tamfum, Jean-Jacques"
PP_004AQP7,Ib,A.1,Democratic Republic of the Congo,Kinshasa,2025-01-02,186479,0.7252610174992014,2025-10-21,"Amuri-Aziza, Adrienne; Mbala-Kingebeni, Placide; Wawina-Bokalanga, Tony; Kinganda-Lusamaki, Eddy; Pukuta-Simbu, Elisabeth; Hasivirwe-Vakaniaki, Emmanuel; Ola-Mpumbe, Rilia; Kwete-Mbokama, Papy; Akil-Bandali, Prince; Kacita, Cris; Ponga-Museme, Ange; Mapenzi-Kashali, Nelson; Vakaniaki, Gloria; Kenye, Kelly-Michel; Muyamuna, Elisabeth; Kavira-Bapitani, Sifa; Mukadi, Patrick; OToole, Aine; Tshiani-Mbaya, Olivier; Paku-Tshambu, Princesse; Lokilo-Lofiko, Emmanuel; Muswamba-Kayembe, Chloe; Makangara-Cigolo, Jean-Claude; Cikaya-Kankolongo, Fiston; Luakanda-Ndelemo, Gradi; Lawanga, Leader; Mabika-Bope, Elzedek; Lumembe-Numbi, Raphael; Kabamba-Lungenyi, Gabriel; Citenga, Andre; Kelvin, D. J.; Pratt, Catherine; Ayouba, Ahidjo; Tessema, Sofonias; Mukadi-Bamuleka, Daniel; Jansen, Daan; Halbrook, Megan; Merrit, Sydney; Hensley, Lisa; Delaporte, Eric; Mwamba, Dieudonne; Liesenborghs, Laurens; Hoff, Nicole; Peeters, Martine; Low, Nicola; Rimoin, Anne; Kindrachuk, Jason; Vercauteren, Koen; Rambaut, Andrew; Ahuka-Mundeke, Steve; Muyembe-Tamfum, Jean-Jacques"
PP_004AQQ5,Ia,None,Democratic Republic of the Congo,Kinshasa,2025-01-02,188095,0.8089336693558611,2025-10-21,"Amuri-Aziza, Adrienne; Mbala-Kingebeni, Placide; Wawina-Bokalanga, Tony; Kinganda-Lusamaki, Eddy; Pukuta-Simbu, Elisabeth; Hasivirwe-Vakaniaki, Emmanuel; Ola-Mpumbe, Rilia; Kwete-Mbokama, Papy; Akil-Bandali, Prince; Kacita, Cris; Ponga-Museme, Ange; Mapenzi-Kashali, Nelson; Vakaniaki, Gloria; Kenye, Kelly-Michel; Muyamuna, Elisabeth; Kavira-Bapitani, Sifa; Mukadi, Patrick; OToole, Aine; Tshiani-Mbaya, Olivier; Paku-Tshambu, Princesse; Lokilo-Lofiko, Emmanuel; Muswamba-Kayembe, Chloe; Makangara-Cigolo, Jean-Claude; Cikaya-Kankolongo, Fiston; Luakanda-Ndelemo, Gradi; Lawanga, Leader; Mabika-Bope, Elzedek; Lumembe-Numbi, Raphael; Kabamba-Lungenyi, Gabriel; Citenga, Andre; Kelvin, D. J.; Pratt, Catherine; Ayouba, Ahidjo; Tessema, Sofonias; Mukadi-Bamuleka, Daniel; Jansen, Daan; Halbrook, Megan; Merrit, Sydney; Hensley, Lisa; Delaporte, Eric; Mwamba, Dieudonne; Liesenborghs, Laurens; Hoff, Nicole; Peeters, Martine; Low, Nicola; Rimoin, Anne; Kindrachuk, Jason; Vercauteren, Koen; Rambaut, Andrew; Ahuka-Mundeke, Steve; Muyembe-Tamfum, Jean-Jacques"
PP_004AQR3,Ib,A,Democratic Republic of the Congo,Sud-Kivu,2024-05-16,195650,0.8635812767165799,2025-10-21,"Ponga-Museme, Ange; Hasivirwe-Vakaniaki, Emmanuel; Mbala-Kingebeni, Placide; Wawina-Bokalanga, Tony; Kinganda-Lusamaki, Eddy; Pukuta-Simbu, Elisabeth; Ola-Mpumbe, Rilia; Kwete-Mbokama, Papy; Akil-Bandali, Prince; Kacita, Cris; Mapenzi-Kashali, Nelson; Vakaniaki, Gloria; Amuri-Aziza, Adrienne; Kenye, Kelly-Michel; Muyamuna, Elisabeth; Kavira-Bapitani, Sifa; Mukadi, Patrick; OToole, Aine; Tshiani-Mbaya, Olivier; Paku-Tshambu, Princesse; Lokilo-Lofiko, Emmanuel; Muswamba-Kayembe, Chloe; Makangara-Cigolo, Jean-Claude; Cikaya-Kankolongo, Fiston; Luakanda-Ndelemo, Gradi; Lawanga, Leader; Mabika-Bope, Elzedek; Lumembe-Numbi, Raphael; Kabamba-Lungenyi, Gabriel; Citenga, Andre; Kelvin, D. J.; Pratt, Catherine; Ayouba, Ahidjo; Tessema, Sofonias; Mukadi-Bamuleka, Daniel; Jansen, Daan; Halbrook, Megan; Merrit, Sydney; Hensley, Lisa; Delaporte, Eric; Mwamba, Dieudonne; Liesenborghs, Laurens; Hoff, Nicole; Peeters, Martine; Low, Nicola; Rimoin, Anne; Kindrachuk, Jason; Vercauteren, Koen; Rambaut, Andrew; Ahuka-Mundeke, Steve; Muyembe-Tamfum, Jean-Jacques"
PP_004AQS1,Ib,A,Democratic Republic of the Congo,Sud-Kivu,2024-05-16,195423,0.904973910926986,2025-10-21,"Ponga-Museme, Ange; Hasivirwe-Vakaniaki, Emmanuel; Mbala-Kingebeni, Placide; Wawina-Bokalanga, Tony; Kinganda-Lusamaki, Eddy; Pukuta-Simbu, Elisabeth; Ola-Mpumbe, Rilia; Kwete-Mbokama, Papy; Akil-Bandali, Prince; Kacita, Cris; Mapenzi-Kashali, Nelson; Vakaniaki, Gloria; Amuri-Aziza, Adrienne; Kenye, Kelly-Michel; Muyamuna, Elisabeth; Kavira-Bapitani, Sifa; Mukadi, Patrick; OToole, Aine; Tshiani-Mbaya, Olivier; Paku-Tshambu, Princesse; Lokilo-Lofiko, Emmanuel; Muswamba-Kayembe, Chloe; Makangara-Cigolo, Jean-Claude; Cikaya-Kankolongo, Fiston; Luakanda-Ndelemo, Gradi; Lawanga, Leader; Mabika-Bope, Elzedek; Lumembe-Numbi, Raphael; Kabamba-Lungenyi, Gabriel; Citenga, Andre; Kelvin, D. J.; Pratt, Catherine; Ayouba, Ahidjo; Tessema, Sofonias; Mukadi-Bamuleka, Daniel; Jansen, Daan; Halbrook, Megan; Merrit, Sydney; Hensley, Lisa; Delaporte, Eric; Mwamba, Dieudonne; Liesenborghs, Laurens; Hoff, Nicole; Peeters, Martine; Low, Nicola; Rimoin, Anne; Kindrachuk, Jason; Vercauteren, Koen; Rambaut, Andrew; Ahuka-Mundeke, Steve; Muyembe-Tamfum, Jean-Jacques"
PP_004AQTZ,Ib,A,Democratic Republic of the Congo,Sud-Kivu,2024-05-16,194708,0.7131520366717543,2025-10-21,"Ponga-Museme, Ange; Hasivirwe-Vakaniaki, Emmanuel; Mbala-Kingebeni, Placide; Wawina-Bokalanga, Tony; Kinganda-Lusamaki, Eddy; Pukuta-Simbu, Elisabeth; Ola-Mpumbe, Rilia; Kwete-Mbokama, Papy; Akil-Bandali, Prince; Kacita, Cris; Mapenzi-Kashali, Nelson; Vakaniaki, Gloria; Amuri-Aziza, Adrienne; Kenye, Kelly-Michel; Muyamuna, Elisabeth; Kavira-Bapitani, Sifa; Mukadi, Patrick; OToole, Aine; Tshiani-Mbaya, Olivier; Paku-Tshambu, Princesse; Lokilo-Lofiko, Emmanuel; Muswamba-Kayembe, Chloe; Makangara-Cigolo, Jean-Claude; Cikaya-Kankolongo, Fiston; Luakanda-Ndelemo, Gradi; Lawanga, Leader; Mabika-Bope, Elzedek; Lumembe-Numbi, Raphael; Kabamba-Lungenyi, Gabriel; Citenga, Andre; Kelvin, D. J.; Pratt, Catherine; Ayouba, Ahidjo; Tessema, Sofonias; Mukadi-Bamuleka, Daniel; Jansen, Daan; Halbrook, Megan; Merrit, Sydney; Hensley, Lisa; Delaporte, Eric; Mwamba, Dieudonne; Liesenborghs, Laurens; Hoff, Nicole; Peeters, Martine; Low, Nicola; Rimoin, Anne; Kindrachuk, Jason; Vercauteren, Koen; Rambaut, Andrew; Ahuka-Mundeke, Steve; Muyembe-Tamfum, Jean-Jacques"
PP_004AQUX,Ib,A,Democratic Republic of the Congo,Sud-Kivu,2024-04-20,195269,0.843115679304697,2025-10-21,"Ponga-Museme, Ange; Hasivirwe-Vakaniaki, Emmanuel; Mbala-Kingebeni, Placide; Wawina-Bokalanga, Tony; Kinganda-Lusamaki, Eddy; Pukuta-Simbu, Elisabeth; Ola-Mpumbe, Rilia; Kwete-Mbokama, Papy; Akil-Bandali, Prince; Kacita, Cris; Mapenzi-Kashali, Nelson; Vakaniaki, Gloria; Amuri-Aziza, Adrienne; Kenye, Kelly-Michel; Muyamuna, Elisabeth; Kavira-Bapitani, Sifa; Mukadi, Patrick; OToole, Aine; Tshiani-Mbaya, Olivier; Paku-Tshambu, Princesse; Lokilo-Lofiko, Emmanuel; Muswamba-Kayembe, Chloe; Makangara-Cigolo, Jean-Claude; Cikaya-Kankolongo, Fiston; Luakanda-Ndelemo, Gradi; Lawanga, Leader; Mabika-Bope, Elzedek; Lumembe-Numbi, Raphael; Kabamba-Lungenyi, Gabriel; Citenga, Andre; Kelvin, D. J.; Pratt, Catherine; Ayouba, Ahidjo; Tessema, Sofonias; Mukadi-Bamuleka, Daniel; Jansen, Daan; Halbrook, Megan; Merrit, Sydney; Hensley, Lisa; Delaporte, Eric; Mwamba, Dieudonne; Liesenborghs, Laurens; Hoff, Nicole; Peeters, Martine; Low, Nicola; Rimoin, Anne; Kindrachuk, Jason; Vercauteren, Koen; Rambaut, Andrew; Ahuka-Mundeke, Steve; Muyembe-Tamfum, Jean-Jacques"
PP_004AQVV,Ib,A,Democratic Republic of the Congo,Sud-Kivu,2024-05-16,195419,0.8416907950448509,2025-10-21,"Ponga-Museme, Ange; Hasivirwe-Vakaniaki, Emmanuel; Mbala-Kingebeni, Placide; Wawina-Bokalanga, Tony; Kinganda-Lusamaki, Eddy; Pukuta-Simbu, Elisabeth; Ola-Mpumbe, Rilia; Kwete-Mbokama, Papy; Akil-Bandali, Prince; Kacita, Cris; Mapenzi-Kashali, Nelson; Vakaniaki, Gloria; Amuri-Aziza, Adrienne; Kenye, Kelly-Michel; Muyamuna, Elisabeth; Kavira-Bapitani, Sifa; Mukadi, Patrick; OToole, Aine; Tshiani-Mbaya, Olivier; Paku-Tshambu, Princesse; Lokilo-Lofiko, Emmanuel; Muswamba-Kayembe, Chloe; Makangara-Cigolo, Jean-Claude; Cikaya-Kankolongo, Fiston; Luakanda-Ndelemo, Gradi; Lawanga, Leader; Mabika-Bope, Elzedek; Lumembe-Numbi, Raphael; Kabamba-Lungenyi, Gabriel; Citenga, Andre; Kelvin, D. J.; Pratt, Catherine; Ayouba, Ahidjo; Tessema, Sofonias; Mukadi-Bamuleka, Daniel; Jansen, Daan; Halbrook, Megan; Merrit, Sydney; Hensley, Lisa; Delaporte, Eric; Mwamba, Dieudonne; Liesenborghs, Laurens; Hoff, Nicole; Peeters, Martine; Low, Nicola; Rimoin, Anne; Kindrachuk, Jason; Vercauteren, Koen; Rambaut, Andrew; Ahuka-Mundeke, Steve; Muyembe-Tamfum, Jean-Jacques"
PP_004AQWT,Ia,None,Democratic Republic of the Congo,Nord-Kivu,2012-12-09,196320,0.9969271179307232,2025-10-21,"Mukadi-Bamuleka, Daniel; Mbala-Kingebeni, Placide; Wawina-Bokalanga, Tony; Kinganda-Lusamaki, Eddy; Pukuta-Simbu, Elisabeth; Hasivirwe-Vakaniaki, Emmanuel; Ola-Mpumbe, Rilia; Kwete-Mbokama, Papy; Akil-Bandali, Prince; Kacita, Cris; Ponga-Museme, Ange; Mapenzi-Kashali, Nelson; Vakaniaki, Gloria; Amuri-Aziza, Adrienne; Kenye, Kelly-Michel; Muyamuna, Elisabeth; Kavira-Bapitani, Sifa; Mukadi, Patrick; OToole, Aine; Tshiani-Mbaya, Olivier; Paku-Tshambu, Princesse; Lokilo-Lofiko, Emmanuel; Muswamba-Kayembe, Chloe; Makangara-Cigolo, Jean-Claude; Cikaya-Kankolongo, Fiston; Luakanda-Ndelemo, Gradi; Lawanga, Leader; Mabika-Bope, Elzedek; Lumembe-Numbi, Raphael; Kabamba-Lungenyi, Gabriel; Citenga, Andre; Kelvin, D. J.; Pratt, Catherine; Ayouba, Ahidjo; Tessema, Sofonias; Jansen, Daan; Halbrook, Megan; Merrit, Sydney; Hensley, Lisa; Delaporte, Eric; Mwamba, Dieudonne; Liesenborghs, Laurens; Hoff, Nicole; Peeters, Martine; Low, Nicola; Rimoin, Anne; Kindrachuk, Jason; Vercauteren, Koen; Rambaut, Andrew; Ahuka-Mundeke, Steve; Muyembe-Tamfum, Jean-Jacques"
PP_004AQXR,Ia,None,Democratic Republic of the Congo,Kinshasa,2024-11-23,187435,0.8802843683604704,2025-10-21,"Wawina-Bokalanga, Tony; Amuri-Aziza, Adrienne; Mbala-Kingebeni, Placide; Kinganda-Lusamaki, Eddy; Pukuta-Simbu, Elisabeth; Hasivirwe-Vakaniaki, Emmanuel; Ola-Mpumbe, Rilia; Kwete-Mbokama, Papy; Akil-Bandali, Prince; Kacita, Cris; Ponga-Museme, Ange; Mapenzi-Kashali, Nelson; Vakaniaki, Gloria; Kenye, Kelly-Michel; Muyamuna, Elisabeth; Kavira-Bapitani, Sifa; Mukadi, Patrick; OToole, Aine; Tshiani-Mbaya, Olivier; Paku-Tshambu, Princesse; Lokilo-Lofiko, Emmanuel; Muswamba-Kayembe, Chloe; Makangara-Cigolo, Jean-Claude; Cikaya-Kankolongo, Fiston; Luakanda-Ndelemo, Gradi; Lawanga, Leader; Mabika-Bope, Elzedek; Lumembe-Numbi, Raphael; Kabamba-Lungenyi, Gabriel; Citenga, Andre; Kelvin, D. J.; Pratt, Catherine; Ayouba, Ahidjo; Tessema, Sofonias; Mukadi-Bamuleka, Daniel; Jansen, Daan; Halbrook, Megan; Merrit, Sydney; Hensley, Lisa; Delaporte, Eric; Mwamba, Dieudonne; Liesenborghs, Laurens; Hoff, Nicole; Peeters, Martine; Low, Nicola; Rimoin, Anne; Kindrachuk, Jason; Vercauteren, Koen; Rambaut, Andrew; Ahuka-Mundeke, Steve; Muyembe-Tamfum, Jean-Jacques"
PP_004AQYP,Ia,None,Democratic Republic of the Congo,Kinshasa,2024-12-02,187421,0.9288217069200696,2025-10-21,"Wawina-Bokalanga, Tony; Amuri-Aziza, Adrienne; Mbala-Kingebeni, Placide; Kinganda-Lusamaki, Eddy; Pukuta-Simbu, Elisabeth; Hasivirwe-Vakaniaki, Emmanuel; Ola-Mpumbe, Rilia; Kwete-Mbokama, Papy; Akil-Bandali, Prince; Kacita, Cris; Ponga-Museme, Ange; Mapenzi-Kashali, Nelson; Vakaniaki, Gloria; Kenye, Kelly-Michel; Muyamuna, Elisabeth; Kavira-Bapitani, Sifa; Mukadi, Patrick; OToole, Aine; Tshiani-Mbaya, Olivier; Paku-Tshambu, Princesse; Lokilo-Lofiko, Emmanuel; Muswamba-Kayembe, Chloe; Makangara-Cigolo, Jean-Claude; Cikaya-Kankolongo, Fiston; Luakanda-Ndelemo, Gradi; Lawanga, Leader; Mabika-Bope, Elzedek; Lumembe-Numbi, Raphael; Kabamba-Lungenyi, Gabriel; Citenga, Andre; Kelvin, D. J.; Pratt, Catherine; Ayouba, Ahidjo; Tessema, Sofonias; Mukadi-Bamuleka, Daniel; Jansen, Daan; Halbrook, Megan; Merrit, Sydney; Hensley, Lisa; Delaporte, Eric; Mwamba, Dieudonne; Liesenborghs, Laurens; Hoff, Nicole; Peeters, Martine; Low, Nicola; Rimoin, Anne; Kindrachuk, Jason; Vercauteren, Koen; Rambaut, Andrew; Ahuka-Mundeke, Steve; Muyembe-Tamfum, Jean-Jacques"
PP_004AQZM,Ia,None,Democratic Republic of the Congo,Kinshasa,2024-11-20,187461,0.9436283333924922,2025-10-21,"Wawina-Bokalanga, Tony; Amuri-Aziza, Adrienne; Mbala-Kingebeni, Placide; Kinganda-Lusamaki, Eddy; Pukuta-Simbu, Elisabeth; Hasivirwe-Vakaniaki, Emmanuel; Ola-Mpumbe, Rilia; Kwete-Mbokama, Papy; Akil-Bandali, Prince; Kacita, Cris; Ponga-Museme, Ange; Mapenzi-Kashali, Nelson; Vakaniaki, Gloria; Kenye, Kelly-Michel; Muyamuna, Elisabeth; Kavira-Bapitani, Sifa; Mukadi, Patrick; OToole, Aine; Tshiani-Mbaya, Olivier; Paku-Tshambu, Princesse; Lokilo-Lofiko, Emmanuel; Muswamba-Kayembe, Chloe; Makangara-Cigolo, Jean-Claude; Cikaya-Kankolongo, Fiston; Luakanda-Ndelemo, Gradi; Lawanga, Leader; Mabika-Bope, Elzedek; Lumembe-Numbi, Raphael; Kabamba-Lungenyi, Gabriel; Citenga, Andre; Kelvin, D. J.; Pratt, Catherine; Ayouba, Ahidjo; Tessema, Sofonias; Mukadi-Bamuleka, Daniel; Jansen, Daan; Halbrook, Megan; Merrit, Sydney; Hensley, Lisa; Delaporte, Eric; Mwamba, Dieudonne; Liesenborghs, Laurens; Hoff, Nicole; Peeters, Martine; Low, Nicola; Rimoin, Anne; Kindrachuk, Jason; Vercauteren, Koen; Rambaut, Andrew; Ahuka-Mundeke, Steve; Muyembe-Tamfum, Jean-Jacques"
PP_004AR0K,Ia,None,Democratic Republic of the Congo,Kinshasa,2024-11-21,187420,0.934328554984813,2025-10-21,"Wawina-Bokalanga, Tony; Amuri-Aziza, Adrienne; Mbala-Kingebeni, Placide; Kinganda-Lusamaki, Eddy; Pukuta-Simbu, Elisabeth; Hasivirwe-Vakaniaki, Emmanuel; Ola-Mpumbe, Rilia; Kwete-Mbokama, Papy; Akil-Bandali, Prince; Kacita, Cris; Ponga-Museme, Ange; Mapenzi-Kashali, Nelson; Vakaniaki, Gloria; Kenye, Kelly-Michel; Muyamuna, Elisabeth; Kavira-Bapitani, Sifa; Mukadi, Patrick; OToole, Aine; Tshiani-Mbaya, Olivier; Paku-Tshambu, Princesse; Lokilo-Lofiko, Emmanuel; Muswamba-Kayembe, Chloe; Makangara-Cigolo, Jean-Claude; Cikaya-Kankolongo, Fiston; Luakanda-Ndelemo, Gradi; Lawanga, Leader; Mabika-Bope, Elzedek; Lumembe-Numbi, Raphael; Kabamba-Lungenyi, Gabriel; Citenga, Andre; Kelvin, D. J.; Pratt, Catherine; Ayouba, Ahidjo; Tessema, Sofonias; Mukadi-Bamuleka, Daniel; Jansen, Daan; Halbrook, Megan; Merrit, Sydney; Hensley, Lisa; Delaporte, Eric; Mwamba, Dieudonne; Liesenborghs, Laurens; Hoff, Nicole; Peeters, Martine; Low, Nicola; Rimoin, Anne; Kindrachuk, Jason; Vercauteren, Koen; Rambaut, Andrew; Ahuka-Mundeke, Steve; Muyembe-Tamfum, Jean-Jacques"
PP_004AR1H,Ia,None,Democratic Republic of the Congo,Kinshasa,2024-12-03,187440,0.908193845108489,2025-10-21,"Wawina-Bokalanga, Tony; Amuri-Aziza, Adrienne; Mbala-Kingebeni, Placide; Kinganda-Lusamaki, Eddy; Pukuta-Simbu, Elisabeth; Hasivirwe-Vakaniaki, Emmanuel; Ola-Mpumbe, Rilia; Kwete-Mbokama, Papy; Akil-Bandali, Prince; Kacita, Cris; Ponga-Museme, Ange; Mapenzi-Kashali, Nelson; Vakaniaki, Gloria; Kenye, Kelly-Michel; Muyamuna, Elisabeth; Kavira-Bapitani, Sifa; Mukadi, Patrick; OToole, Aine; Tshiani-Mbaya, Olivier; Paku-Tshambu, Princesse; Lokilo-Lofiko, Emmanuel; Muswamba-Kayembe, Chloe; Makangara-Cigolo, Jean-Claude; Cikaya-Kankolongo, Fiston; Luakanda-Ndelemo, Gradi; Lawanga, Leader; Mabika-Bope, Elzedek; Lumembe-Numbi, Raphael; Kabamba-Lungenyi, Gabriel; Citenga, Andre; Kelvin, D. J.; Pratt, Catherine; Ayouba, Ahidjo; Tessema, Sofonias; Mukadi-Bamuleka, Daniel; Jansen, Daan; Halbrook, Megan; Merrit, Sydney; Hensley, Lisa; Delaporte, Eric; Mwamba, Dieudonne; Liesenborghs, Laurens; Hoff, Nicole; Peeters, Martine; Low, Nicola; Rimoin, Anne; Kindrachuk, Jason; Vercauteren, Koen; Rambaut, Andrew; Ahuka-Mundeke, Steve; Muyembe-Tamfum, Jean-Jacques"
PP_004AR2F,Ib,A.1,Democratic Republic of the Congo,Kinshasa,2024-11-28,187391,0.6393420178592255,2025-10-21,"Wawina-Bokalanga, Tony; Amuri-Aziza, Adrienne; Mbala-Kingebeni, Placide; Kinganda-Lusamaki, Eddy; Pukuta-Simbu, Elisabeth; Hasivirwe-Vakaniaki, Emmanuel; Ola-Mpumbe, Rilia; Kwete-Mbokama, Papy; Akil-Bandali, Prince; Kacita, Cris; Ponga-Museme, Ange; Mapenzi-Kashali, Nelson; Vakaniaki, Gloria; Kenye, Kelly-Michel; Muyamuna, Elisabeth; Kavira-Bapitani, Sifa; Mukadi, Patrick; OToole, Aine; Tshiani-Mbaya, Olivier; Paku-Tshambu, Princesse; Lokilo-Lofiko, Emmanuel; Muswamba-Kayembe, Chloe; Makangara-Cigolo, Jean-Claude; Cikaya-Kankolongo, Fiston; Luakanda-Ndelemo, Gradi; Lawanga, Leader; Mabika-Bope, Elzedek; Lumembe-Numbi, Raphael; Kabamba-Lungenyi, Gabriel; Citenga, Andre; Kelvin, D. J.; Pratt, Catherine; Ayouba, Ahidjo; Tessema, Sofonias; Mukadi-Bamuleka, Daniel; Jansen, Daan; Halbrook, Megan; Merrit, Sydney; Hensley, Lisa; Delaporte, Eric; Mwamba, Dieudonne; Liesenborghs, Laurens; Hoff, Nicole; Peeters, Martine; Low, Nicola; Rimoin, Anne; Kindrachuk, Jason; Vercauteren, Koen; Rambaut, Andrew; Ahuka-Mundeke, Steve; Muyembe-Tamfum, Jean-Jacques"
PP_004AR3D,Ib,A.1,Democratic Republic of the Congo,Kinshasa,2024-12-02,187350,0.9164997540680192,2025-10-21,"Wawina-Bokalanga, Tony; Amuri-Aziza, Adrienne; Mbala-Kingebeni, Placide; Kinganda-Lusamaki, Eddy; Pukuta-Simbu, Elisabeth; Hasivirwe-Vakaniaki, Emmanuel; Ola-Mpumbe, Rilia; Kwete-Mbokama, Papy; Akil-Bandali, Prince; Kacita, Cris; Ponga-Museme, Ange; Mapenzi-Kashali, Nelson; Vakaniaki, Gloria; Kenye, Kelly-Michel; Muyamuna, Elisabeth; Kavira-Bapitani, Sifa; Mukadi, Patrick; OToole, Aine; Tshiani-Mbaya, Olivier; Paku-Tshambu, Princesse; Lokilo-Lofiko, Emmanuel; Muswamba-Kayembe, Chloe; Makangara-Cigolo, Jean-Claude; Cikaya-Kankolongo, Fiston; Luakanda-Ndelemo, Gradi; Lawanga, Leader; Mabika-Bope, Elzedek; Lumembe-Numbi, Raphael; Kabamba-Lungenyi, Gabriel; Citenga, Andre; Kelvin, D. J.; Pratt, Catherine; Ayouba, Ahidjo; Tessema, Sofonias; Mukadi-Bamuleka, Daniel; Jansen, Daan; Halbrook, Megan; Merrit, Sydney; Hensley, Lisa; Delaporte, Eric; Mwamba, Dieudonne; Liesenborghs, Laurens; Hoff, Nicole; Peeters, Martine; Low, Nicola; Rimoin, Anne; Kindrachuk, Jason; Vercauteren, Koen; Rambaut, Andrew; Ahuka-Mundeke, Steve; Muyembe-Tamfum, Jean-Jacques"
PP_004AR4B,Ia,None,Democratic Republic of the Congo,Kinshasa,2024-12-03,187433,0.917392208266357,2025-10-21,"Wawina-Bokalanga, Tony; Amuri-Aziza, Adrienne; Mbala-Kingebeni, Placide; Kinganda-Lusamaki, Eddy; Pukuta-Simbu, Elisabeth; Hasivirwe-Vakaniaki, Emmanuel; Ola-Mpumbe, Rilia; Kwete-Mbokama, Papy; Akil-Bandali, Prince; Kacita, Cris; Ponga-Museme, Ange; Mapenzi-Kashali, Nelson; Vakaniaki, Gloria; Kenye, Kelly-Michel; Muyamuna, Elisabeth; Kavira-Bapitani, Sifa; Mukadi, Patrick; OToole, Aine; Tshiani-Mbaya, Olivier; Paku-Tshambu, Princesse; Lokilo-Lofiko, Emmanuel; Muswamba-Kayembe, Chloe; Makangara-Cigolo, Jean-Claude; Cikaya-Kankolongo, Fiston; Luakanda-Ndelemo, Gradi; Lawanga, Leader; Mabika-Bope, Elzedek; Lumembe-Numbi, Raphael; Kabamba-Lungenyi, Gabriel; Citenga, Andre; Kelvin, D. J.; Pratt, Catherine; Ayouba, Ahidjo; Tessema, Sofonias; Mukadi-Bamuleka, Daniel; Jansen, Daan; Halbrook, Megan; Merrit, Sydney; Hensley, Lisa; Delaporte, Eric; Mwamba, Dieudonne; Liesenborghs, Laurens; Hoff, Nicole; Peeters, Martine; Low, Nicola; Rimoin, Anne; Kindrachuk, Jason; Vercauteren, Koen; Rambaut, Andrew; Ahuka-Mundeke, Steve; Muyembe-Tamfum, Jean-Jacques"
PP_004AR59,Ia,None,Democratic Republic of the Congo,Kinshasa,2024-12-03,187413,0.93968328017484,2025-10-21,"Wawina-Bokalanga, Tony; Amuri-Aziza, Adrienne; Mbala-Kingebeni, Placide; Kinganda-Lusamaki, Eddy; Pukuta-Simbu, Elisabeth; Hasivirwe-Vakaniaki, Emmanuel; Ola-Mpumbe, Rilia; Kwete-Mbokama, Papy; Akil-Bandali, Prince; Kacita, Cris; Ponga-Museme, Ange; Mapenzi-Kashali, Nelson; Vakaniaki, Gloria; Kenye, Kelly-Michel; Muyamuna, Elisabeth; Kavira-Bapitani, Sifa; Mukadi, Patrick; OToole, Aine; Tshiani-Mbaya, Olivier; Paku-Tshambu, Princesse; Lokilo-Lofiko, Emmanuel; Muswamba-Kayembe, Chloe; Makangara-Cigolo, Jean-Claude; Cikaya-Kankolongo, Fiston; Luakanda-Ndelemo, Gradi; Lawanga, Leader; Mabika-Bope, Elzedek; Lumembe-Numbi, Raphael; Kabamba-Lungenyi, Gabriel; Citenga, Andre; Kelvin, D. J.; Pratt, Catherine; Ayouba, Ahidjo; Tessema, Sofonias; Mukadi-Bamuleka, Daniel; Jansen, Daan; Halbrook, Megan; Merrit, Sydney; Hensley, Lisa; Delaporte, Eric; Mwamba, Dieudonne; Liesenborghs, Laurens; Hoff, Nicole; Peeters, Martine; Low, Nicola; Rimoin, Anne; Kindrachuk, Jason; Vercauteren, Koen; Rambaut, Andrew; Ahuka-Mundeke, Steve; Muyembe-Tamfum, Jean-Jacques"
PP_004AR67,Ib,A.1,Democratic Republic of the Congo,Kinshasa,2024-12-03,187340,0.9152269926828898,2025-10-21,"Wawina-Bokalanga, Tony; Amuri-Aziza, Adrienne; Mbala-Kingebeni, Placide; Kinganda-Lusamaki, Eddy; Pukuta-Simbu, Elisabeth; Hasivirwe-Vakaniaki, Emmanuel; Ola-Mpumbe, Rilia; Kwete-Mbokama, Papy; Akil-Bandali, Prince; Kacita, Cris; Ponga-Museme, Ange; Mapenzi-Kashali, Nelson; Vakaniaki, Gloria; Kenye, Kelly-Michel; Muyamuna, Elisabeth; Kavira-Bapitani, Sifa; Mukadi, Patrick; OToole, Aine; Tshiani-Mbaya, Olivier; Paku-Tshambu, Princesse; Lokilo-Lofiko, Emmanuel; Muswamba-Kayembe, Chloe; Makangara-Cigolo, Jean-Claude; Cikaya-Kankolongo, Fiston; Luakanda-Ndelemo, Gradi; Lawanga, Leader; Mabika-Bope, Elzedek; Lumembe-Numbi, Raphael; Kabamba-Lungenyi, Gabriel; Citenga, Andre; Kelvin, D. J.; Pratt, Catherine; Ayouba, Ahidjo; Tessema, Sofonias; Mukadi-Bamuleka, Daniel; Jansen, Daan; Halbrook, Megan; Merrit, Sydney; Hensley, Lisa; Delaporte, Eric; Mwamba, Dieudonne; Liesenborghs, Laurens; Hoff, Nicole; Peeters, Martine; Low, Nicola; Rimoin, Anne; Kindrachuk, Jason; Vercauteren, Koen; Rambaut, Andrew; Ahuka-Mundeke, Steve; Muyembe-Tamfum, Jean-Jacques"
PP_004AR75,Ib,A.1,Democratic Republic of the Congo,Kinshasa,2024-12-03,187417,0.9275235917224872,2025-10-21,"Wawina-Bokalanga, Tony; Amuri-Aziza, Adrienne; Mbala-Kingebeni, Placide; Kinganda-Lusamaki, Eddy; Pukuta-Simbu, Elisabeth; Hasivirwe-Vakaniaki, Emmanuel; Ola-Mpumbe, Rilia; Kwete-Mbokama, Papy; Akil-Bandali, Prince; Kacita, Cris; Ponga-Museme, Ange; Mapenzi-Kashali, Nelson; Vakaniaki, Gloria; Kenye, Kelly-Michel; Muyamuna, Elisabeth; Kavira-Bapitani, Sifa; Mukadi, Patrick; OToole, Aine; Tshiani-Mbaya, Olivier; Paku-Tshambu, Princesse; Lokilo-Lofiko, Emmanuel; Muswamba-Kayembe, Chloe; Makangara-Cigolo, Jean-Claude; Cikaya-Kankolongo, Fiston; Luakanda-Ndelemo, Gradi; Lawanga, Leader; Mabika-Bope, Elzedek; Lumembe-Numbi, Raphael; Kabamba-Lungenyi, Gabriel; Citenga, Andre; Kelvin, D. J.; Pratt, Catherine; Ayouba, Ahidjo; Tessema, Sofonias; Mukadi-Bamuleka, Daniel; Jansen, Daan; Halbrook, Megan; Merrit, Sydney; Hensley, Lisa; Delaporte, Eric; Mwamba, Dieudonne; Liesenborghs, Laurens; Hoff, Nicole; Peeters, Martine; Low, Nicola; Rimoin, Anne; Kindrachuk, Jason; Vercauteren, Koen; Rambaut, Andrew; Ahuka-Mundeke, Steve; Muyembe-Tamfum, Jean-Jacques"
PP_004AR83,Ia,None,Democratic Republic of the Congo,Kinshasa,2024-12-03,187420,0.9348964803837552,2025-10-21,"Wawina-Bokalanga, Tony; Amuri-Aziza, Adrienne; Mbala-Kingebeni, Placide; Kinganda-Lusamaki, Eddy; Pukuta-Simbu, Elisabeth; Hasivirwe-Vakaniaki, Emmanuel; Ola-Mpumbe, Rilia; Kwete-Mbokama, Papy; Akil-Bandali, Prince; Kacita, Cris; Ponga-Museme, Ange; Mapenzi-Kashali, Nelson; Vakaniaki, Gloria; Kenye, Kelly-Michel; Muyamuna, Elisabeth; Kavira-Bapitani, Sifa; Mukadi, Patrick; OToole, Aine; Tshiani-Mbaya, Olivier; Paku-Tshambu, Princesse; Lokilo-Lofiko, Emmanuel; Muswamba-Kayembe, Chloe; Makangara-Cigolo, Jean-Claude; Cikaya-Kankolongo, Fiston; Luakanda-Ndelemo, Gradi; Lawanga, Leader; Mabika-Bope, Elzedek; Lumembe-Numbi, Raphael; Kabamba-Lungenyi, Gabriel; Citenga, Andre; Kelvin, D. J.; Pratt, Catherine; Ayouba, Ahidjo; Tessema, Sofonias; Mukadi-Bamuleka, Daniel; Jansen, Daan; Halbrook, Megan; Merrit, Sydney; Hensley, Lisa; Delaporte, Eric; Mwamba, Dieudonne; Liesenborghs, Laurens; Hoff, Nicole; Peeters, Martine; Low, Nicola; Rimoin, Anne; Kindrachuk, Jason; Vercauteren, Koen; Rambaut, Andrew; Ahuka-Mundeke, Steve; Muyembe-Tamfum, Jean-Jacques"
PP_004AR91,Ib,A.1,Democratic Republic of the Congo,Kinshasa,2024-12-03,187326,0.8961507841934192,2025-10-21,"Wawina-Bokalanga, Tony; Amuri-Aziza, Adrienne; Mbala-Kingebeni, Placide; Kinganda-Lusamaki, Eddy; Pukuta-Simbu, Elisabeth; Hasivirwe-Vakaniaki, Emmanuel; Ola-Mpumbe, Rilia; Kwete-Mbokama, Papy; Akil-Bandali, Prince; Kacita, Cris; Ponga-Museme, Ange; Mapenzi-Kashali, Nelson; Vakaniaki, Gloria; Kenye, Kelly-Michel; Muyamuna, Elisabeth; Kavira-Bapitani, Sifa; Mukadi, Patrick; OToole, Aine; Tshiani-Mbaya, Olivier; Paku-Tshambu, Princesse; Lokilo-Lofiko, Emmanuel; Muswamba-Kayembe, Chloe; Makangara-Cigolo, Jean-Claude; Cikaya-Kankolongo, Fiston; Luakanda-Ndelemo, Gradi; Lawanga, Leader; Mabika-Bope, Elzedek; Lumembe-Numbi, Raphael; Kabamba-Lungenyi, Gabriel; Citenga, Andre; Kelvin, D. J.; Pratt, Catherine; Ayouba, Ahidjo; Tessema, Sofonias; Mukadi-Bamuleka, Daniel; Jansen, Daan; Halbrook, Megan; Merrit, Sydney; Hensley, Lisa; Delaporte, Eric; Mwamba, Dieudonne; Liesenborghs, Laurens; Hoff, Nicole; Peeters, Martine; Low, Nicola; Rimoin, Anne; Kindrachuk, Jason; Vercauteren, Koen; Rambaut, Andrew; Ahuka-Mundeke, Steve; Muyembe-Tamfum, Jean-Jacques"
PP_004ARAZ,Ia,None,Democratic Republic of the Congo,Kinshasa,2024-12-01,187509,0.9389936564761244,2025-10-21,"Wawina-Bokalanga, Tony; Amuri-Aziza, Adrienne; Mbala-Kingebeni, Placide; Kinganda-Lusamaki, Eddy; Pukuta-Simbu, Elisabeth; Hasivirwe-Vakaniaki, Emmanuel; Ola-Mpumbe, Rilia; Kwete-Mbokama, Papy; Akil-Bandali, Prince; Kacita, Cris; Ponga-Museme, Ange; Mapenzi-Kashali, Nelson; Vakaniaki, Gloria; Kenye, Kelly-Michel; Muyamuna, Elisabeth; Kavira-Bapitani, Sifa; Mukadi, Patrick; OToole, Aine; Tshiani-Mbaya, Olivier; Paku-Tshambu, Princesse; Lokilo-Lofiko, Emmanuel; Muswamba-Kayembe, Chloe; Makangara-Cigolo, Jean-Claude; Cikaya-Kankolongo, Fiston; Luakanda-Ndelemo, Gradi; Lawanga, Leader; Mabika-Bope, Elzedek; Lumembe-Numbi, Raphael; Kabamba-Lungenyi, Gabriel; Citenga, Andre; Kelvin, D. J.; Pratt, Catherine; Ayouba, Ahidjo; Tessema, Sofonias; Mukadi-Bamuleka, Daniel; Jansen, Daan; Halbrook, Megan; Merrit, Sydney; Hensley, Lisa; Delaporte, Eric; Mwamba, Dieudonne; Liesenborghs, Laurens; Hoff, Nicole; Peeters, Martine; Low, Nicola; Rimoin, Anne; Kindrachuk, Jason; Vercauteren, Koen; Rambaut, Andrew; Ahuka-Mundeke, Steve; Muyembe-Tamfum, Jean-Jacques"
PP_004ARBX,Ia,None,Democratic Republic of the Congo,Kinshasa,2024-12-02,187525,0.9326095665005146,2025-10-21,"Wawina-Bokalanga, Tony; Amuri-Aziza, Adrienne; Mbala-Kingebeni, Placide; Kinganda-Lusamaki, Eddy; Pukuta-Simbu, Elisabeth; Hasivirwe-Vakaniaki, Emmanuel; Ola-Mpumbe, Rilia; Kwete-Mbokama, Papy; Akil-Bandali, Prince; Kacita, Cris; Ponga-Museme, Ange; Mapenzi-Kashali, Nelson; Vakaniaki, Gloria; Kenye, Kelly-Michel; Muyamuna, Elisabeth; Kavira-Bapitani, Sifa; Mukadi, Patrick; OToole, Aine; Tshiani-Mbaya, Olivier; Paku-Tshambu, Princesse; Lokilo-Lofiko, Emmanuel; Muswamba-Kayembe, Chloe; Makangara-Cigolo, Jean-Claude; Cikaya-Kankolongo, Fiston; Luakanda-Ndelemo, Gradi; Lawanga, Leader; Mabika-Bope, Elzedek; Lumembe-Numbi, Raphael; Kabamba-Lungenyi, Gabriel; Citenga, Andre; Kelvin, D. J.; Pratt, Catherine; Ayouba, Ahidjo; Tessema, Sofonias; Mukadi-Bamuleka, Daniel; Jansen, Daan; Halbrook, Megan; Merrit, Sydney; Hensley, Lisa; Delaporte, Eric; Mwamba, Dieudonne; Liesenborghs, Laurens; Hoff, Nicole; Peeters, Martine; Low, Nicola; Rimoin, Anne; Kindrachuk, Jason; Vercauteren, Koen; Rambaut, Andrew; Ahuka-Mundeke, Steve; Muyembe-Tamfum, Jean-Jacques"
PP_004ARCV,Ia,None,Democratic Republic of the Congo,Kinshasa,2024-12-02,187453,0.9244253558407578,2025-10-21,"Wawina-Bokalanga, Tony; Amuri-Aziza, Adrienne; Mbala-Kingebeni, Placide; Kinganda-Lusamaki, Eddy; Pukuta-Simbu, Elisabeth; Hasivirwe-Vakaniaki, Emmanuel; Ola-Mpumbe, Rilia; Kwete-Mbokama, Papy; Akil-Bandali, Prince; Kacita, Cris; Ponga-Museme, Ange; Mapenzi-Kashali, Nelson; Vakaniaki, Gloria; Kenye, Kelly-Michel; Muyamuna, Elisabeth; Kavira-Bapitani, Sifa; Mukadi, Patrick; OToole, Aine; Tshiani-Mbaya, Olivier; Paku-Tshambu, Princesse; Lokilo-Lofiko, Emmanuel; Muswamba-Kayembe, Chloe; Makangara-Cigolo, Jean-Claude; Cikaya-Kankolongo, Fiston; Luakanda-Ndelemo, Gradi; Lawanga, Leader; Mabika-Bope, Elzedek; Lumembe-Numbi, Raphael; Kabamba-Lungenyi, Gabriel; Citenga, Andre; Kelvin, D. J.; Pratt, Catherine; Ayouba, Ahidjo; Tessema, Sofonias; Mukadi-Bamuleka, Daniel; Jansen, Daan; Halbrook, Megan; Merrit, Sydney; Hensley, Lisa; Delaporte, Eric; Mwamba, Dieudonne; Liesenborghs, Laurens; Hoff, Nicole; Peeters, Martine; Low, Nicola; Rimoin, Anne; Kindrachuk, Jason; Vercauteren, Koen; Rambaut, Andrew; Ahuka-Mundeke, Steve; Muyembe-Tamfum, Jean-Jacques"
PP_004ARDT,Ib,A.1,Democratic Republic of the Congo,Kinshasa,2024-12-03,187396,0.9312404606280646,2025-10-21,"Wawina-Bokalanga, Tony; Amuri-Aziza, Adrienne; Mbala-Kingebeni, Placide; Kinganda-Lusamaki, Eddy; Pukuta-Simbu, Elisabeth; Hasivirwe-Vakaniaki, Emmanuel; Ola-Mpumbe, Rilia; Kwete-Mbokama, Papy; Akil-Bandali, Prince; Kacita, Cris; Ponga-Museme, Ange; Mapenzi-Kashali, Nelson; Vakaniaki, Gloria; Kenye, Kelly-Michel; Muyamuna, Elisabeth; Kavira-Bapitani, Sifa; Mukadi, Patrick; OToole, Aine; Tshiani-Mbaya, Olivier; Paku-Tshambu, Princesse; Lokilo-Lofiko, Emmanuel; Muswamba-Kayembe, Chloe; Makangara-Cigolo, Jean-Claude; Cikaya-Kankolongo, Fiston; Luakanda-Ndelemo, Gradi; Lawanga, Leader; Mabika-Bope, Elzedek; Lumembe-Numbi, Raphael; Kabamba-Lungenyi, Gabriel; Citenga, Andre; Kelvin, D. J.; Pratt, Catherine; Ayouba, Ahidjo; Tessema, Sofonias; Mukadi-Bamuleka, Daniel; Jansen, Daan; Halbrook, Megan; Merrit, Sydney; Hensley, Lisa; Delaporte, Eric; Mwamba, Dieudonne; Liesenborghs, Laurens; Hoff, Nicole; Peeters, Martine; Low, Nicola; Rimoin, Anne; Kindrachuk, Jason; Vercauteren, Koen; Rambaut, Andrew; Ahuka-Mundeke, Steve; Muyembe-Tamfum, Jean-Jacques"
PP_004ARER,Ia,None,Democratic Republic of the Congo,Kinshasa,2024-12-02,187455,0.550040819638049,2025-10-21,"Wawina-Bokalanga, Tony; Amuri-Aziza, Adrienne; Mbala-Kingebeni, Placide; Kinganda-Lusamaki, Eddy; Pukuta-Simbu, Elisabeth; Hasivirwe-Vakaniaki, Emmanuel; Ola-Mpumbe, Rilia; Kwete-Mbokama, Papy; Akil-Bandali, Prince; Kacita, Cris; Ponga-Museme, Ange; Mapenzi-Kashali, Nelson; Vakaniaki, Gloria; Kenye, Kelly-Michel; Muyamuna, Elisabeth; Kavira-Bapitani, Sifa; Mukadi, Patrick; OToole, Aine; Tshiani-Mbaya, Olivier; Paku-Tshambu, Princesse; Lokilo-Lofiko, Emmanuel; Muswamba-Kayembe, Chloe; Makangara-Cigolo, Jean-Claude; Cikaya-Kankolongo, Fiston; Luakanda-Ndelemo, Gradi; Lawanga, Leader; Mabika-Bope, Elzedek; Lumembe-Numbi, Raphael; Kabamba-Lungenyi, Gabriel; Citenga, Andre; Kelvin, D. J.; Pratt, Catherine; Ayouba, Ahidjo; Tessema, Sofonias; Mukadi-Bamuleka, Daniel; Jansen, Daan; Halbrook, Megan; Merrit, Sydney; Hensley, Lisa; Delaporte, Eric; Mwamba, Dieudonne; Liesenborghs, Laurens; Hoff, Nicole; Peeters, Martine; Low, Nicola; Rimoin, Anne; Kindrachuk, Jason; Vercauteren, Koen; Rambaut, Andrew; Ahuka-Mundeke, Steve; Muyembe-Tamfum, Jean-Jacques"
PP_004ARFP,Ia,None,Democratic Republic of the Congo,Kinshasa,2024-12-02,187447,0.8913994797397685,2025-10-21,"Wawina-Bokalanga, Tony; Amuri-Aziza, Adrienne; Mbala-Kingebeni, Placide; Kinganda-Lusamaki, Eddy; Pukuta-Simbu, Elisabeth; Hasivirwe-Vakaniaki, Emmanuel; Ola-Mpumbe, Rilia; Kwete-Mbokama, Papy; Akil-Bandali, Prince; Kacita, Cris; Ponga-Museme, Ange; Mapenzi-Kashali, Nelson; Vakaniaki, Gloria; Kenye, Kelly-Michel; Muyamuna, Elisabeth; Kavira-Bapitani, Sifa; Mukadi, Patrick; OToole, Aine; Tshiani-Mbaya, Olivier; Paku-Tshambu, Princesse; Lokilo-Lofiko, Emmanuel; Muswamba-Kayembe, Chloe; Makangara-Cigolo, Jean-Claude; Cikaya-Kankolongo, Fiston; Luakanda-Ndelemo, Gradi; Lawanga, Leader; Mabika-Bope, Elzedek; Lumembe-Numbi, Raphael; Kabamba-Lungenyi, Gabriel; Citenga, Andre; Kelvin, D. J.; Pratt, Catherine; Ayouba, Ahidjo; Tessema, Sofonias; Mukadi-Bamuleka, Daniel; Jansen, Daan; Halbrook, Megan; Merrit, Sydney; Hensley, Lisa; Delaporte, Eric; Mwamba, Dieudonne; Liesenborghs, Laurens; Hoff, Nicole; Peeters, Martine; Low, Nicola; Rimoin, Anne; Kindrachuk, Jason; Vercauteren, Koen; Rambaut, Andrew; Ahuka-Mundeke, Steve; Muyembe-Tamfum, Jean-Jacques"
PP_004ARGM,Ib,A.1,Democratic Republic of the Congo,Kinshasa,2024-12-03,187337,0.9302009543175008,2025-10-21,"Wawina-Bokalanga, Tony; Amuri-Aziza, Adrienne; Mbala-Kingebeni, Placide; Kinganda-Lusamaki, Eddy; Pukuta-Simbu, Elisabeth; Hasivirwe-Vakaniaki, Emmanuel; Ola-Mpumbe, Rilia; Kwete-Mbokama, Papy; Akil-Bandali, Prince; Kacita, Cris; Ponga-Museme, Ange; Mapenzi-Kashali, Nelson; Vakaniaki, Gloria; Kenye, Kelly-Michel; Muyamuna, Elisabeth; Kavira-Bapitani, Sifa; Mukadi, Patrick; OToole, Aine; Tshiani-Mbaya, Olivier; Paku-Tshambu, Princesse; Lokilo-Lofiko, Emmanuel; Muswamba-Kayembe, Chloe; Makangara-Cigolo, Jean-Claude; Cikaya-Kankolongo, Fiston; Luakanda-Ndelemo, Gradi; Lawanga, Leader; Mabika-Bope, Elzedek; Lumembe-Numbi, Raphael; Kabamba-Lungenyi, Gabriel; Citenga, Andre; Kelvin, D. J.; Pratt, Catherine; Ayouba, Ahidjo; Tessema, Sofonias; Mukadi-Bamuleka, Daniel; Jansen, Daan; Halbrook, Megan; Merrit, Sydney; Hensley, Lisa; Delaporte, Eric; Mwamba, Dieudonne; Liesenborghs, Laurens; Hoff, Nicole; Peeters, Martine; Low, Nicola; Rimoin, Anne; Kindrachuk, Jason; Vercauteren, Koen; Rambaut, Andrew; Ahuka-Mundeke, Steve; Muyembe-Tamfum, Jean-Jacques"
PP_004ARHJ,Ia,None,Democratic Republic of the Congo,Kinshasa,2024-12-03,187453,0.7399053795719263,2025-10-21,"Wawina-Bokalanga, Tony; Amuri-Aziza, Adrienne; Mbala-Kingebeni, Placide; Kinganda-Lusamaki, Eddy; Pukuta-Simbu, Elisabeth; Hasivirwe-Vakaniaki, Emmanuel; Ola-Mpumbe, Rilia; Kwete-Mbokama, Papy; Akil-Bandali, Prince; Kacita, Cris; Ponga-Museme, Ange; Mapenzi-Kashali, Nelson; Vakaniaki, Gloria; Kenye, Kelly-Michel; Muyamuna, Elisabeth; Kavira-Bapitani, Sifa; Mukadi, Patrick; OToole, Aine; Tshiani-Mbaya, Olivier; Paku-Tshambu, Princesse; Lokilo-Lofiko, Emmanuel; Muswamba-Kayembe, Chloe; Makangara-Cigolo, Jean-Claude; Cikaya-Kankolongo, Fiston; Luakanda-Ndelemo, Gradi; Lawanga, Leader; Mabika-Bope, Elzedek; Lumembe-Numbi, Raphael; Kabamba-Lungenyi, Gabriel; Citenga, Andre; Kelvin, D. J.; Pratt, Catherine; Ayouba, Ahidjo; Tessema, Sofonias; Mukadi-Bamuleka, Daniel; Jansen, Daan; Halbrook, Megan; Merrit, Sydney; Hensley, Lisa; Delaporte, Eric; Mwamba, Dieudonne; Liesenborghs, Laurens; Hoff, Nicole; Peeters, Martine; Low, Nicola; Rimoin, Anne; Kindrachuk, Jason; Vercauteren, Koen; Rambaut, Andrew; Ahuka-Mundeke, Steve; Muyembe-Tamfum, Jean-Jacques"
PP_004ARJG,Ia,None,Democratic Republic of the Congo,Kinshasa,2024-12-02,187433,0.9029963135556692,2025-10-21,"Wawina-Bokalanga, Tony; Amuri-Aziza, Adrienne; Mbala-Kingebeni, Placide; Kinganda-Lusamaki, Eddy; Pukuta-Simbu, Elisabeth; Hasivirwe-Vakaniaki, Emmanuel; Ola-Mpumbe, Rilia; Kwete-Mbokama, Papy; Akil-Bandali, Prince; Kacita, Cris; Ponga-Museme, Ange; Mapenzi-Kashali, Nelson; Vakaniaki, Gloria; Kenye, Kelly-Michel; Muyamuna, Elisabeth; Kavira-Bapitani, Sifa; Mukadi, Patrick; OToole, Aine; Tshiani-Mbaya, Olivier; Paku-Tshambu, Princesse; Lokilo-Lofiko, Emmanuel; Muswamba-Kayembe, Chloe; Makangara-Cigolo, Jean-Claude; Cikaya-Kankolongo, Fiston; Luakanda-Ndelemo, Gradi; Lawanga, Leader; Mabika-Bope, Elzedek; Lumembe-Numbi, Raphael; Kabamba-Lungenyi, Gabriel; Citenga, Andre; Kelvin, D. J.; Pratt, Catherine; Ayouba, Ahidjo; Tessema, Sofonias; Mukadi-Bamuleka, Daniel; Jansen, Daan; Halbrook, Megan; Merrit, Sydney; Hensley, Lisa; Delaporte, Eric; Mwamba, Dieudonne; Liesenborghs, Laurens; Hoff, Nicole; Peeters, Martine; Low, Nicola; Rimoin, Anne; Kindrachuk, Jason; Vercauteren, Koen; Rambaut, Andrew; Ahuka-Mundeke, Steve; Muyembe-Tamfum, Jean-Jacques"
PP_004ARKE,Ia,None,Democratic Republic of the Congo,Kinshasa,2024-12-03,187456,0.5027863839885603,2025-10-21,"Wawina-Bokalanga, Tony; Amuri-Aziza, Adrienne; Mbala-Kingebeni, Placide; Kinganda-Lusamaki, Eddy; Pukuta-Simbu, Elisabeth; Hasivirwe-Vakaniaki, Emmanuel; Ola-Mpumbe, Rilia; Kwete-Mbokama, Papy; Akil-Bandali, Prince; Kacita, Cris; Ponga-Museme, Ange; Mapenzi-Kashali, Nelson; Vakaniaki, Gloria; Kenye, Kelly-Michel; Muyamuna, Elisabeth; Kavira-Bapitani, Sifa; Mukadi, Patrick; OToole, Aine; Tshiani-Mbaya, Olivier; Paku-Tshambu, Princesse; Lokilo-Lofiko, Emmanuel; Muswamba-Kayembe, Chloe; Makangara-Cigolo, Jean-Claude; Cikaya-Kankolongo, Fiston; Luakanda-Ndelemo, Gradi; Lawanga, Leader; Mabika-Bope, Elzedek; Lumembe-Numbi, Raphael; Kabamba-Lungenyi, Gabriel; Citenga, Andre; Kelvin, D. J.; Pratt, Catherine; Ayouba, Ahidjo; Tessema, Sofonias; Mukadi-Bamuleka, Daniel; Jansen, Daan; Halbrook, Megan; Merrit, Sydney; Hensley, Lisa; Delaporte, Eric; Mwamba, Dieudonne; Liesenborghs, Laurens; Hoff, Nicole; Peeters, Martine; Low, Nicola; Rimoin, Anne; Kindrachuk, Jason; Vercauteren, Koen; Rambaut, Andrew; Ahuka-Mundeke, Steve; Muyembe-Tamfum, Jean-Jacques"
PP_004ARLC,Ia,None,Democratic Republic of the Congo,Kinshasa,2024-12-02,187437,0.8927229487498035,2025-10-21,"Wawina-Bokalanga, Tony; Amuri-Aziza, Adrienne; Mbala-Kingebeni, Placide; Kinganda-Lusamaki, Eddy; Pukuta-Simbu, Elisabeth; Hasivirwe-Vakaniaki, Emmanuel; Ola-Mpumbe, Rilia; Kwete-Mbokama, Papy; Akil-Bandali, Prince; Kacita, Cris; Ponga-Museme, Ange; Mapenzi-Kashali, Nelson; Vakaniaki, Gloria; Kenye, Kelly-Michel; Muyamuna, Elisabeth; Kavira-Bapitani, Sifa; Mukadi, Patrick; OToole, Aine; Tshiani-Mbaya, Olivier; Paku-Tshambu, Princesse; Lokilo-Lofiko, Emmanuel; Muswamba-Kayembe, Chloe; Makangara-Cigolo, Jean-Claude; Cikaya-Kankolongo, Fiston; Luakanda-Ndelemo, Gradi; Lawanga, Leader; Mabika-Bope, Elzedek; Lumembe-Numbi, Raphael; Kabamba-Lungenyi, Gabriel; Citenga, Andre; Kelvin, D. J.; Pratt, Catherine; Ayouba, Ahidjo; Tessema, Sofonias; Mukadi-Bamuleka, Daniel; Jansen, Daan; Halbrook, Megan; Merrit, Sydney; Hensley, Lisa; Delaporte, Eric; Mwamba, Dieudonne; Liesenborghs, Laurens; Hoff, Nicole; Peeters, Martine; Low, Nicola; Rimoin, Anne; Kindrachuk, Jason; Vercauteren, Koen; Rambaut, Andrew; Ahuka-Mundeke, Steve; Muyembe-Tamfum, Jean-Jacques"
PP_004ARMA,Ia,None,Democratic Republic of the Congo,Kinshasa,2025-01-03,188139,0.8407374916966264,2025-10-21,"Amuri-Aziza, Adrienne; Mbala-Kingebeni, Placide; Wawina-Bokalanga, Tony; Kinganda-Lusamaki, Eddy; Pukuta-Simbu, Elisabeth; Hasivirwe-Vakaniaki, Emmanuel; Ola-Mpumbe, Rilia; Kwete-Mbokama, Papy; Akil-Bandali, Prince; Kacita, Cris; Ponga-Museme, Ange; Mapenzi-Kashali, Nelson; Vakaniaki, Gloria; Kenye, Kelly-Michel; Muyamuna, Elisabeth; Kavira-Bapitani, Sifa; Mukadi, Patrick; OToole, Aine; Tshiani-Mbaya, Olivier; Paku-Tshambu, Princesse; Lokilo-Lofiko, Emmanuel; Muswamba-Kayembe, Chloe; Makangara-Cigolo, Jean-Claude; Cikaya-Kankolongo, Fiston; Luakanda-Ndelemo, Gradi; Lawanga, Leader; Mabika-Bope, Elzedek; Lumembe-Numbi, Raphael; Kabamba-Lungenyi, Gabriel; Citenga, Andre; Kelvin, D. J.; Pratt, Catherine; Ayouba, Ahidjo; Tessema, Sofonias; Mukadi-Bamuleka, Daniel; Jansen, Daan; Halbrook, Megan; Merrit, Sydney; Hensley, Lisa; Delaporte, Eric; Mwamba, Dieudonne; Liesenborghs, Laurens; Hoff, Nicole; Peeters, Martine; Low, Nicola; Rimoin, Anne; Kindrachuk, Jason; Vercauteren, Koen; Rambaut, Andrew; Ahuka-Mundeke, Steve; Muyembe-Tamfum, Jean-Jacques"
PP_004ARN8,Ib,A.1,Democratic Republic of the Congo,Kinshasa,2025-01-02,189235,0.6673731929070175,2025-10-21,"Amuri-Aziza, Adrienne; Mbala-Kingebeni, Placide; Wawina-Bokalanga, Tony; Kinganda-Lusamaki, Eddy; Pukuta-Simbu, Elisabeth; Hasivirwe-Vakaniaki, Emmanuel; Ola-Mpumbe, Rilia; Kwete-Mbokama, Papy; Akil-Bandali, Prince; Kacita, Cris; Ponga-Museme, Ange; Mapenzi-Kashali, Nelson; Vakaniaki, Gloria; Kenye, Kelly-Michel; Muyamuna, Elisabeth; Kavira-Bapitani, Sifa; Mukadi, Patrick; OToole, Aine; Tshiani-Mbaya, Olivier; Paku-Tshambu, Princesse; Lokilo-Lofiko, Emmanuel; Muswamba-Kayembe, Chloe; Makangara-Cigolo, Jean-Claude; Cikaya-Kankolongo, Fiston; Luakanda-Ndelemo, Gradi; Lawanga, Leader; Mabika-Bope, Elzedek; Lumembe-Numbi, Raphael; Kabamba-Lungenyi, Gabriel; Citenga, Andre; Kelvin, D. J.; Pratt, Catherine; Ayouba, Ahidjo; Tessema, Sofonias; Mukadi-Bamuleka, Daniel; Jansen, Daan; Halbrook, Megan; Merrit, Sydney; Hensley, Lisa; Delaporte, Eric; Mwamba, Dieudonne; Liesenborghs, Laurens; Hoff, Nicole; Peeters, Martine; Low, Nicola; Rimoin, Anne; Kindrachuk, Jason; Vercauteren, Koen; Rambaut, Andrew; Ahuka-Mundeke, Steve; Muyembe-Tamfum, Jean-Jacques"
PP_004ARP6,Ib,A.1,Democratic Republic of the Congo,Kinshasa,2025-01-02,188957,0.687499049232033,2025-10-21,"Amuri-Aziza, Adrienne; Mbala-Kingebeni, Placide; Wawina-Bokalanga, Tony; Kinganda-Lusamaki, Eddy; Pukuta-Simbu, Elisabeth; Hasivirwe-Vakaniaki, Emmanuel; Ola-Mpumbe, Rilia; Kwete-Mbokama, Papy; Akil-Bandali, Prince; Kacita, Cris; Ponga-Museme, Ange; Mapenzi-Kashali, Nelson; Vakaniaki, Gloria; Kenye, Kelly-Michel; Muyamuna, Elisabeth; Kavira-Bapitani, Sifa; Mukadi, Patrick; OToole, Aine; Tshiani-Mbaya, Olivier; Paku-Tshambu, Princesse; Lokilo-Lofiko, Emmanuel; Muswamba-Kayembe, Chloe; Makangara-Cigolo, Jean-Claude; Cikaya-Kankolongo, Fiston; Luakanda-Ndelemo, Gradi; Lawanga, Leader; Mabika-Bope, Elzedek; Lumembe-Numbi, Raphael; Kabamba-Lungenyi, Gabriel; Citenga, Andre; Kelvin, D. J.; Pratt, Catherine; Ayouba, Ahidjo; Tessema, Sofonias; Mukadi-Bamuleka, Daniel; Jansen, Daan; Halbrook, Megan; Merrit, Sydney; Hensley, Lisa; Delaporte, Eric; Mwamba, Dieudonne; Liesenborghs, Laurens; Hoff, Nicole; Peeters, Martine; Low, Nicola; Rimoin, Anne; Kindrachuk, Jason; Vercauteren, Koen; Rambaut, Andrew; Ahuka-Mundeke, Steve; Muyembe-Tamfum, Jean-Jacques"
PP_004ARQ4,Ib,A.1,Democratic Republic of the Congo,Kinshasa,2025-01-02,188840,0.6685242559923735,2025-10-21,"Amuri-Aziza, Adrienne; Mbala-Kingebeni, Placide; Wawina-Bokalanga, Tony; Kinganda-Lusamaki, Eddy; Pukuta-Simbu, Elisabeth; Hasivirwe-Vakaniaki, Emmanuel; Ola-Mpumbe, Rilia; Kwete-Mbokama, Papy; Akil-Bandali, Prince; Kacita, Cris; Ponga-Museme, Ange; Mapenzi-Kashali, Nelson; Vakaniaki, Gloria; Kenye, Kelly-Michel; Muyamuna, Elisabeth; Kavira-Bapitani, Sifa; Mukadi, Patrick; OToole, Aine; Tshiani-Mbaya, Olivier; Paku-Tshambu, Princesse; Lokilo-Lofiko, Emmanuel; Muswamba-Kayembe, Chloe; Makangara-Cigolo, Jean-Claude; Cikaya-Kankolongo, Fiston; Luakanda-Ndelemo, Gradi; Lawanga, Leader; Mabika-Bope, Elzedek; Lumembe-Numbi, Raphael; Kabamba-Lungenyi, Gabriel; Citenga, Andre; Kelvin, D. J.; Pratt, Catherine; Ayouba, Ahidjo; Tessema, Sofonias; Mukadi-Bamuleka, Daniel; Jansen, Daan; Halbrook, Megan; Merrit, Sydney; Hensley, Lisa; Delaporte, Eric; Mwamba, Dieudonne; Liesenborghs, Laurens; Hoff, Nicole; Peeters, Martine; Low, Nicola; Rimoin, Anne; Kindrachuk, Jason; Vercauteren, Koen; Rambaut, Andrew; Ahuka-Mundeke, Steve; Muyembe-Tamfum, Jean-Jacques"
PP_004ARR2,Ia,None,Democratic Republic of the Congo,Kinshasa,2025-01-02,189062,0.6667190645457357,2025-10-21,"Amuri-Aziza, Adrienne; Mbala-Kingebeni, Placide; Wawina-Bokalanga, Tony; Kinganda-Lusamaki, Eddy; Pukuta-Simbu, Elisabeth; Hasivirwe-Vakaniaki, Emmanuel; Ola-Mpumbe, Rilia; Kwete-Mbokama, Papy; Akil-Bandali, Prince; Kacita, Cris; Ponga-Museme, Ange; Mapenzi-Kashali, Nelson; Vakaniaki, Gloria; Kenye, Kelly-Michel; Muyamuna, Elisabeth; Kavira-Bapitani, Sifa; Mukadi, Patrick; OToole, Aine; Tshiani-Mbaya, Olivier; Paku-Tshambu, Princesse; Lokilo-Lofiko, Emmanuel; Muswamba-Kayembe, Chloe; Makangara-Cigolo, Jean-Claude; Cikaya-Kankolongo, Fiston; Luakanda-Ndelemo, Gradi; Lawanga, Leader; Mabika-Bope, Elzedek; Lumembe-Numbi, Raphael; Kabamba-Lungenyi, Gabriel; Citenga, Andre; Kelvin, D. J.; Pratt, Catherine; Ayouba, Ahidjo; Tessema, Sofonias; Mukadi-Bamuleka, Daniel; Jansen, Daan; Halbrook, Megan; Merrit, Sydney; Hensley, Lisa; Delaporte, Eric; Mwamba, Dieudonne; Liesenborghs, Laurens; Hoff, Nicole; Peeters, Martine; Low, Nicola; Rimoin, Anne; Kindrachuk, Jason; Vercauteren, Koen; Rambaut, Andrew; Ahuka-Mundeke, Steve; Muyembe-Tamfum, Jean-Jacques"
PP_004ARS0,Ib,A.1,Democratic Republic of the Congo,Kinshasa,2025-01-02,188841,0.6677535000938091,2025-10-21,"Amuri-Aziza, Adrienne; Mbala-Kingebeni, Placide; Wawina-Bokalanga, Tony; Kinganda-Lusamaki, Eddy; Pukuta-Simbu, Elisabeth; Hasivirwe-Vakaniaki, Emmanuel; Ola-Mpumbe, Rilia; Kwete-Mbokama, Papy; Akil-Bandali, Prince; Kacita, Cris; Ponga-Museme, Ange; Mapenzi-Kashali, Nelson; Vakaniaki, Gloria; Kenye, Kelly-Michel; Muyamuna, Elisabeth; Kavira-Bapitani, Sifa; Mukadi, Patrick; OToole, Aine; Tshiani-Mbaya, Olivier; Paku-Tshambu, Princesse; Lokilo-Lofiko, Emmanuel; Muswamba-Kayembe, Chloe; Makangara-Cigolo, Jean-Claude; Cikaya-Kankolongo, Fiston; Luakanda-Ndelemo, Gradi; Lawanga, Leader; Mabika-Bope, Elzedek; Lumembe-Numbi, Raphael; Kabamba-Lungenyi, Gabriel; Citenga, Andre; Kelvin, D. J.; Pratt, Catherine; Ayouba, Ahidjo; Tessema, Sofonias; Mukadi-Bamuleka, Daniel; Jansen, Daan; Halbrook, Megan; Merrit, Sydney; Hensley, Lisa; Delaporte, Eric; Mwamba, Dieudonne; Liesenborghs, Laurens; Hoff, Nicole; Peeters, Martine; Low, Nicola; Rimoin, Anne; Kindrachuk, Jason; Vercauteren, Koen; Rambaut, Andrew; Ahuka-Mundeke, Steve; Muyembe-Tamfum, Jean-Jacques"
PP_004ARTY,Ia,None,Democratic Republic of the Congo,Kinshasa,2025-01-03,189041,0.6706438347134258,2025-10-21,"Amuri-Aziza, Adrienne; Mbala-Kingebeni, Placide; Wawina-Bokalanga, Tony; Kinganda-Lusamaki, Eddy; Pukuta-Simbu, Elisabeth; Hasivirwe-Vakaniaki, Emmanuel; Ola-Mpumbe, Rilia; Kwete-Mbokama, Papy; Akil-Bandali, Prince; Kacita, Cris; Ponga-Museme, Ange; Mapenzi-Kashali, Nelson; Vakaniaki, Gloria; Kenye, Kelly-Michel; Muyamuna, Elisabeth; Kavira-Bapitani, Sifa; Mukadi, Patrick; OToole, Aine; Tshiani-Mbaya, Olivier; Paku-Tshambu, Princesse; Lokilo-Lofiko, Emmanuel; Muswamba-Kayembe, Chloe; Makangara-Cigolo, Jean-Claude; Cikaya-Kankolongo, Fiston; Luakanda-Ndelemo, Gradi; Lawanga, Leader; Mabika-Bope, Elzedek; Lumembe-Numbi, Raphael; Kabamba-Lungenyi, Gabriel; Citenga, Andre; Kelvin, D. J.; Pratt, Catherine; Ayouba, Ahidjo; Tessema, Sofonias; Mukadi-Bamuleka, Daniel; Jansen, Daan; Halbrook, Megan; Merrit, Sydney; Hensley, Lisa; Delaporte, Eric; Mwamba, Dieudonne; Liesenborghs, Laurens; Hoff, Nicole; Peeters, Martine; Low, Nicola; Rimoin, Anne; Kindrachuk, Jason; Vercauteren, Koen; Rambaut, Andrew; Ahuka-Mundeke, Steve; Muyembe-Tamfum, Jean-Jacques"
PP_004ARUW,Ib,A.1,Democratic Republic of the Congo,Kinshasa,2025-01-03,189222,0.6773980903508461,2025-10-21,"Amuri-Aziza, Adrienne; Mbala-Kingebeni, Placide; Wawina-Bokalanga, Tony; Kinganda-Lusamaki, Eddy; Pukuta-Simbu, Elisabeth; Hasivirwe-Vakaniaki, Emmanuel; Ola-Mpumbe, Rilia; Kwete-Mbokama, Papy; Akil-Bandali, Prince; Kacita, Cris; Ponga-Museme, Ange; Mapenzi-Kashali, Nelson; Vakaniaki, Gloria; Kenye, Kelly-Michel; Muyamuna, Elisabeth; Kavira-Bapitani, Sifa; Mukadi, Patrick; OToole, Aine; Tshiani-Mbaya, Olivier; Paku-Tshambu, Princesse; Lokilo-Lofiko, Emmanuel; Muswamba-Kayembe, Chloe; Makangara-Cigolo, Jean-Claude; Cikaya-Kankolongo, Fiston; Luakanda-Ndelemo, Gradi; Lawanga, Leader; Mabika-Bope, Elzedek; Lumembe-Numbi, Raphael; Kabamba-Lungenyi, Gabriel; Citenga, Andre; Kelvin, D. J.; Pratt, Catherine; Ayouba, Ahidjo; Tessema, Sofonias; Mukadi-Bamuleka, Daniel; Jansen, Daan; Halbrook, Megan; Merrit, Sydney; Hensley, Lisa; Delaporte, Eric; Mwamba, Dieudonne; Liesenborghs, Laurens; Hoff, Nicole; Peeters, Martine; Low, Nicola; Rimoin, Anne; Kindrachuk, Jason; Vercauteren, Koen; Rambaut, Andrew; Ahuka-Mundeke, Steve; Muyembe-Tamfum, Jean-Jacques"
PP_004ARVU,Ib,A.1,Democratic Republic of the Congo,Kinshasa,2025-01-03,189189,0.7099828101151571,2025-10-21,"Amuri-Aziza, Adrienne; Mbala-Kingebeni, Placide; Wawina-Bokalanga, Tony; Kinganda-Lusamaki, Eddy; Pukuta-Simbu, Elisabeth; Hasivirwe-Vakaniaki, Emmanuel; Ola-Mpumbe, Rilia; Kwete-Mbokama, Papy; Akil-Bandali, Prince; Kacita, Cris; Ponga-Museme, Ange; Mapenzi-Kashali, Nelson; Vakaniaki, Gloria; Kenye, Kelly-Michel; Muyamuna, Elisabeth; Kavira-Bapitani, Sifa; Mukadi, Patrick; OToole, Aine; Tshiani-Mbaya, Olivier; Paku-Tshambu, Princesse; Lokilo-Lofiko, Emmanuel; Muswamba-Kayembe, Chloe; Makangara-Cigolo, Jean-Claude; Cikaya-Kankolongo, Fiston; Luakanda-Ndelemo, Gradi; Lawanga, Leader; Mabika-Bope, Elzedek; Lumembe-Numbi, Raphael; Kabamba-Lungenyi, Gabriel; Citenga, Andre; Kelvin, D. J.; Pratt, Catherine; Ayouba, Ahidjo; Tessema, Sofonias; Mukadi-Bamuleka, Daniel; Jansen, Daan; Halbrook, Megan; Merrit, Sydney; Hensley, Lisa; Delaporte, Eric; Mwamba, Dieudonne; Liesenborghs, Laurens; Hoff, Nicole; Peeters, Martine; Low, Nicola; Rimoin, Anne; Kindrachuk, Jason; Vercauteren, Koen; Rambaut, Andrew; Ahuka-Mundeke, Steve; Muyembe-Tamfum, Jean-Jacques"
PP_004ARWS,Ia,None,Democratic Republic of the Congo,Kinshasa,2025-01-04,189287,0.6418114791921261,2025-10-21,"Amuri-Aziza, Adrienne; Mbala-Kingebeni, Placide; Wawina-Bokalanga, Tony; Kinganda-Lusamaki, Eddy; Pukuta-Simbu, Elisabeth; Hasivirwe-Vakaniaki, Emmanuel; Ola-Mpumbe, Rilia; Kwete-Mbokama, Papy; Akil-Bandali, Prince; Kacita, Cris; Ponga-Museme, Ange; Mapenzi-Kashali, Nelson; Vakaniaki, Gloria; Kenye, Kelly-Michel; Muyamuna, Elisabeth; Kavira-Bapitani, Sifa; Mukadi, Patrick; OToole, Aine; Tshiani-Mbaya, Olivier; Paku-Tshambu, Princesse; Lokilo-Lofiko, Emmanuel; Muswamba-Kayembe, Chloe; Makangara-Cigolo, Jean-Claude; Cikaya-Kankolongo, Fiston; Luakanda-Ndelemo, Gradi; Lawanga, Leader; Mabika-Bope, Elzedek; Lumembe-Numbi, Raphael; Kabamba-Lungenyi, Gabriel; Citenga, Andre; Kelvin, D. J.; Pratt, Catherine; Ayouba, Ahidjo; Tessema, Sofonias; Mukadi-Bamuleka, Daniel; Jansen, Daan; Halbrook, Megan; Merrit, Sydney; Hensley, Lisa; Delaporte, Eric; Mwamba, Dieudonne; Liesenborghs, Laurens; Hoff, Nicole; Peeters, Martine; Low, Nicola; Rimoin, Anne; Kindrachuk, Jason; Vercauteren, Koen; Rambaut, Andrew; Ahuka-Mundeke, Steve; Muyembe-Tamfum, Jean-Jacques"
PP_004ARXQ,Ib,A.1,Democratic Republic of the Congo,Kinshasa,2025-01-03,189202,0.6986699389987272,2025-10-21,"Amuri-Aziza, Adrienne; Mbala-Kingebeni, Placide; Wawina-Bokalanga, Tony; Kinganda-Lusamaki, Eddy; Pukuta-Simbu, Elisabeth; Hasivirwe-Vakaniaki, Emmanuel; Ola-Mpumbe, Rilia; Kwete-Mbokama, Papy; Akil-Bandali, Prince; Kacita, Cris; Ponga-Museme, Ange; Mapenzi-Kashali, Nelson; Vakaniaki, Gloria; Kenye, Kelly-Michel; Muyamuna, Elisabeth; Kavira-Bapitani, Sifa; Mukadi, Patrick; OToole, Aine; Tshiani-Mbaya, Olivier; Paku-Tshambu, Princesse; Lokilo-Lofiko, Emmanuel; Muswamba-Kayembe, Chloe; Makangara-Cigolo, Jean-Claude; Cikaya-Kankolongo, Fiston; Luakanda-Ndelemo, Gradi; Lawanga, Leader; Mabika-Bope, Elzedek; Lumembe-Numbi, Raphael; Kabamba-Lungenyi, Gabriel; Citenga, Andre; Kelvin, D. J.; Pratt, Catherine; Ayouba, Ahidjo; Tessema, Sofonias; Mukadi-Bamuleka, Daniel; Jansen, Daan; Halbrook, Megan; Merrit, Sydney; Hensley, Lisa; Delaporte, Eric; Mwamba, Dieudonne; Liesenborghs, Laurens; Hoff, Nicole; Peeters, Martine; Low, Nicola; Rimoin, Anne; Kindrachuk, Jason; Vercauteren, Koen; Rambaut, Andrew; Ahuka-Mundeke, Steve; Muyembe-Tamfum, Jean-Jacques"
PP_004ARYN,Ia,None,Democratic Republic of the Congo,Kinshasa,2025-01-05,189288,0.6872505818699958,2025-10-21,"Amuri-Aziza, Adrienne; Mbala-Kingebeni, Placide; Wawina-Bokalanga, Tony; Kinganda-Lusamaki, Eddy; Pukuta-Simbu, Elisabeth; Hasivirwe-Vakaniaki, Emmanuel; Ola-Mpumbe, Rilia; Kwete-Mbokama, Papy; Akil-Bandali, Prince; Kacita, Cris; Ponga-Museme, Ange; Mapenzi-Kashali, Nelson; Vakaniaki, Gloria; Kenye, Kelly-Michel; Muyamuna, Elisabeth; Kavira-Bapitani, Sifa; Mukadi, Patrick; OToole, Aine; Tshiani-Mbaya, Olivier; Paku-Tshambu, Princesse; Lokilo-Lofiko, Emmanuel; Muswamba-Kayembe, Chloe; Makangara-Cigolo, Jean-Claude; Cikaya-Kankolongo, Fiston; Luakanda-Ndelemo, Gradi; Lawanga, Leader; Mabika-Bope, Elzedek; Lumembe-Numbi, Raphael; Kabamba-Lungenyi, Gabriel; Citenga, Andre; Kelvin, D. J.; Pratt, Catherine; Ayouba, Ahidjo; Tessema, Sofonias; Mukadi-Bamuleka, Daniel; Jansen, Daan; Halbrook, Megan; Merrit, Sydney; Hensley, Lisa; Delaporte, Eric; Mwamba, Dieudonne; Liesenborghs, Laurens; Hoff, Nicole; Peeters, Martine; Low, Nicola; Rimoin, Anne; Kindrachuk, Jason; Vercauteren, Koen; Rambaut, Andrew; Ahuka-Mundeke, Steve; Muyembe-Tamfum, Jean-Jacques"
PP_004ARZL,Ia,None,Democratic Republic of the Congo,Kinshasa,2025-01-05,188733,0.644848865923969,2025-10-21,"Amuri-Aziza, Adrienne; Mbala-Kingebeni, Placide; Wawina-Bokalanga, Tony; Kinganda-Lusamaki, Eddy; Pukuta-Simbu, Elisabeth; Hasivirwe-Vakaniaki, Emmanuel; Ola-Mpumbe, Rilia; Kwete-Mbokama, Papy; Akil-Bandali, Prince; Kacita, Cris; Ponga-Museme, Ange; Mapenzi-Kashali, Nelson; Vakaniaki, Gloria; Kenye, Kelly-Michel; Muyamuna, Elisabeth; Kavira-Bapitani, Sifa; Mukadi, Patrick; OToole, Aine; Tshiani-Mbaya, Olivier; Paku-Tshambu, Princesse; Lokilo-Lofiko, Emmanuel; Muswamba-Kayembe, Chloe; Makangara-Cigolo, Jean-Claude; Cikaya-Kankolongo, Fiston; Luakanda-Ndelemo, Gradi; Lawanga, Leader; Mabika-Bope, Elzedek; Lumembe-Numbi, Raphael; Kabamba-Lungenyi, Gabriel; Citenga, Andre; Kelvin, D. J.; Pratt, Catherine; Ayouba, Ahidjo; Tessema, Sofonias; Mukadi-Bamuleka, Daniel; Jansen, Daan; Halbrook, Megan; Merrit, Sydney; Hensley, Lisa; Delaporte, Eric; Mwamba, Dieudonne; Liesenborghs, Laurens; Hoff, Nicole; Peeters, Martine; Low, Nicola; Rimoin, Anne; Kindrachuk, Jason; Vercauteren, Koen; Rambaut, Andrew; Ahuka-Mundeke, Steve; Muyembe-Tamfum, Jean-Jacques"
PP_004AS0J,Ib,A.1,Democratic Republic of the Congo,Kinshasa,2025-01-04,189187,0.6758312247412643,2025-10-21,"Amuri-Aziza, Adrienne; Mbala-Kingebeni, Placide; Wawina-Bokalanga, Tony; Kinganda-Lusamaki, Eddy; Pukuta-Simbu, Elisabeth; Hasivirwe-Vakaniaki, Emmanuel; Ola-Mpumbe, Rilia; Kwete-Mbokama, Papy; Akil-Bandali, Prince; Kacita, Cris; Ponga-Museme, Ange; Mapenzi-Kashali, Nelson; Vakaniaki, Gloria; Kenye, Kelly-Michel; Muyamuna, Elisabeth; Kavira-Bapitani, Sifa; Mukadi, Patrick; OToole, Aine; Tshiani-Mbaya, Olivier; Paku-Tshambu, Princesse; Lokilo-Lofiko, Emmanuel; Muswamba-Kayembe, Chloe; Makangara-Cigolo, Jean-Claude; Cikaya-Kankolongo, Fiston; Luakanda-Ndelemo, Gradi; Lawanga, Leader; Mabika-Bope, Elzedek; Lumembe-Numbi, Raphael; Kabamba-Lungenyi, Gabriel; Citenga, Andre; Kelvin, D. J.; Pratt, Catherine; Ayouba, Ahidjo; Tessema, Sofonias; Mukadi-Bamuleka, Daniel; Jansen, Daan; Halbrook, Megan; Merrit, Sydney; Hensley, Lisa; Delaporte, Eric; Mwamba, Dieudonne; Liesenborghs, Laurens; Hoff, Nicole; Peeters, Martine; Low, Nicola; Rimoin, Anne; Kindrachuk, Jason; Vercauteren, Koen; Rambaut, Andrew; Ahuka-Mundeke, Steve; Muyembe-Tamfum, Jean-Jacques"
PP_004AS1G,Ib,A.1,Democratic Republic of the Congo,Kinshasa,2024-12-29,189048,0.579532374283121,2025-10-21,"Amuri-Aziza, Adrienne; Mbala-Kingebeni, Placide; Wawina-Bokalanga, Tony; Kinganda-Lusamaki, Eddy; Pukuta-Simbu, Elisabeth; Hasivirwe-Vakaniaki, Emmanuel; Ola-Mpumbe, Rilia; Kwete-Mbokama, Papy; Akil-Bandali, Prince; Kacita, Cris; Ponga-Museme, Ange; Mapenzi-Kashali, Nelson; Vakaniaki, Gloria; Kenye, Kelly-Michel; Muyamuna, Elisabeth; Kavira-Bapitani, Sifa; Mukadi, Patrick; OToole, Aine; Tshiani-Mbaya, Olivier; Paku-Tshambu, Princesse; Lokilo-Lofiko, Emmanuel; Muswamba-Kayembe, Chloe; Makangara-Cigolo, Jean-Claude; Cikaya-Kankolongo, Fiston; Luakanda-Ndelemo, Gradi; Lawanga, Leader; Mabika-Bope, Elzedek; Lumembe-Numbi, Raphael; Kabamba-Lungenyi, Gabriel; Citenga, Andre; Kelvin, D. J.; Pratt, Catherine; Ayouba, Ahidjo; Tessema, Sofonias; Mukadi-Bamuleka, Daniel; Jansen, Daan; Halbrook, Megan; Merrit, Sydney; Hensley, Lisa; Delaporte, Eric; Mwamba, Dieudonne; Liesenborghs, Laurens; Hoff, Nicole; Peeters, Martine; Low, Nicola; Rimoin, Anne; Kindrachuk, Jason; Vercauteren, Koen; Rambaut, Andrew; Ahuka-Mundeke, Steve; Muyembe-Tamfum, Jean-Jacques"
PP_004AS2E,Ia,None,Democratic Republic of the Congo,Kinshasa,2025-01-03,189277,0.6803137787829155,2025-10-21,"Amuri-Aziza, Adrienne; Mbala-Kingebeni, Placide; Wawina-Bokalanga, Tony; Kinganda-Lusamaki, Eddy; Pukuta-Simbu, Elisabeth; Hasivirwe-Vakaniaki, Emmanuel; Ola-Mpumbe, Rilia; Kwete-Mbokama, Papy; Akil-Bandali, Prince; Kacita, Cris; Ponga-Museme, Ange; Mapenzi-Kashali, Nelson; Vakaniaki, Gloria; Kenye, Kelly-Michel; Muyamuna, Elisabeth; Kavira-Bapitani, Sifa; Mukadi, Patrick; OToole, Aine; Tshiani-Mbaya, Olivier; Paku-Tshambu, Princesse; Lokilo-Lofiko, Emmanuel; Muswamba-Kayembe, Chloe; Makangara-Cigolo, Jean-Claude; Cikaya-Kankolongo, Fiston; Luakanda-Ndelemo, Gradi; Lawanga, Leader; Mabika-Bope, Elzedek; Lumembe-Numbi, Raphael; Kabamba-Lungenyi, Gabriel; Citenga, Andre; Kelvin, D. J.; Pratt, Catherine; Ayouba, Ahidjo; Tessema, Sofonias; Mukadi-Bamuleka, Daniel; Jansen, Daan; Halbrook, Megan; Merrit, Sydney; Hensley, Lisa; Delaporte, Eric; Mwamba, Dieudonne; Liesenborghs, Laurens; Hoff, Nicole; Peeters, Martine; Low, Nicola; Rimoin, Anne; Kindrachuk, Jason; Vercauteren, Koen; Rambaut, Andrew; Ahuka-Mundeke, Steve; Muyembe-Tamfum, Jean-Jacques"
PP_004AS3C,Ia,None,Democratic Republic of the Congo,Kinshasa,2025-01-04,189292,0.6209706453559422,2025-10-21,"Amuri-Aziza, Adrienne; Mbala-Kingebeni, Placide; Wawina-Bokalanga, Tony; Kinganda-Lusamaki, Eddy; Pukuta-Simbu, Elisabeth; Hasivirwe-Vakaniaki, Emmanuel; Ola-Mpumbe, Rilia; Kwete-Mbokama, Papy; Akil-Bandali, Prince; Kacita, Cris; Ponga-Museme, Ange; Mapenzi-Kashali, Nelson; Vakaniaki, Gloria; Kenye, Kelly-Michel; Muyamuna, Elisabeth; Kavira-Bapitani, Sifa; Mukadi, Patrick; OToole, Aine; Tshiani-Mbaya, Olivier; Paku-Tshambu, Princesse; Lokilo-Lofiko, Emmanuel; Muswamba-Kayembe, Chloe; Makangara-Cigolo, Jean-Claude; Cikaya-Kankolongo, Fiston; Luakanda-Ndelemo, Gradi; Lawanga, Leader; Mabika-Bope, Elzedek; Lumembe-Numbi, Raphael; Kabamba-Lungenyi, Gabriel; Citenga, Andre; Kelvin, D. J.; Pratt, Catherine; Ayouba, Ahidjo; Tessema, Sofonias; Mukadi-Bamuleka, Daniel; Jansen, Daan; Halbrook, Megan; Merrit, Sydney; Hensley, Lisa; Delaporte, Eric; Mwamba, Dieudonne; Liesenborghs, Laurens; Hoff, Nicole; Peeters, Martine; Low, Nicola; Rimoin, Anne; Kindrachuk, Jason; Vercauteren, Koen; Rambaut, Andrew; Ahuka-Mundeke, Steve; Muyembe-Tamfum, Jean-Jacques"
PP_004AS4A,Ia,None,Democratic Republic of the Congo,Kinshasa,2025-01-06,189098,0.6652536141859652,2025-10-21,"Amuri-Aziza, Adrienne; Mbala-Kingebeni, Placide; Wawina-Bokalanga, Tony; Kinganda-Lusamaki, Eddy; Pukuta-Simbu, Elisabeth; Hasivirwe-Vakaniaki, Emmanuel; Ola-Mpumbe, Rilia; Kwete-Mbokama, Papy; Akil-Bandali, Prince; Kacita, Cris; Ponga-Museme, Ange; Mapenzi-Kashali, Nelson; Vakaniaki, Gloria; Kenye, Kelly-Michel; Muyamuna, Elisabeth; Kavira-Bapitani, Sifa; Mukadi, Patrick; OToole, Aine; Tshiani-Mbaya, Olivier; Paku-Tshambu, Princesse; Lokilo-Lofiko, Emmanuel; Muswamba-Kayembe, Chloe; Makangara-Cigolo, Jean-Claude; Cikaya-Kankolongo, Fiston; Luakanda-Ndelemo, Gradi; Lawanga, Leader; Mabika-Bope, Elzedek; Lumembe-Numbi, Raphael; Kabamba-Lungenyi, Gabriel; Citenga, Andre; Kelvin, D. J.; Pratt, Catherine; Ayouba, Ahidjo; Tessema, Sofonias; Mukadi-Bamuleka, Daniel; Jansen, Daan; Halbrook, Megan; Merrit, Sydney; Hensley, Lisa; Delaporte, Eric; Mwamba, Dieudonne; Liesenborghs, Laurens; Hoff, Nicole; Peeters, Martine; Low, Nicola; Rimoin, Anne; Kindrachuk, Jason; Vercauteren, Koen; Rambaut, Andrew; Ahuka-Mundeke, Steve; Muyembe-Tamfum, Jean-Jacques"
PP_004AS58,Ia,None,Democratic Republic of the Congo,Kinshasa,2025-01-06,188488,0.4792884706073252,2025-10-21,"Amuri-Aziza, Adrienne; Mbala-Kingebeni, Placide; Wawina-Bokalanga, Tony; Kinganda-Lusamaki, Eddy; Pukuta-Simbu, Elisabeth; Hasivirwe-Vakaniaki, Emmanuel; Ola-Mpumbe, Rilia; Kwete-Mbokama, Papy; Akil-Bandali, Prince; Kacita, Cris; Ponga-Museme, Ange; Mapenzi-Kashali, Nelson; Vakaniaki, Gloria; Kenye, Kelly-Michel; Muyamuna, Elisabeth; Kavira-Bapitani, Sifa; Mukadi, Patrick; OToole, Aine; Tshiani-Mbaya, Olivier; Paku-Tshambu, Princesse; Lokilo-Lofiko, Emmanuel; Muswamba-Kayembe, Chloe; Makangara-Cigolo, Jean-Claude; Cikaya-Kankolongo, Fiston; Luakanda-Ndelemo, Gradi; Lawanga, Leader; Mabika-Bope, Elzedek; Lumembe-Numbi, Raphael; Kabamba-Lungenyi, Gabriel; Citenga, Andre; Kelvin, D. J.; Pratt, Catherine; Ayouba, Ahidjo; Tessema, Sofonias; Mukadi-Bamuleka, Daniel; Jansen, Daan; Halbrook, Megan; Merrit, Sydney; Hensley, Lisa; Delaporte, Eric; Mwamba, Dieudonne; Liesenborghs, Laurens; Hoff, Nicole; Peeters, Martine; Low, Nicola; Rimoin, Anne; Kindrachuk, Jason; Vercauteren, Koen; Rambaut, Andrew; Ahuka-Mundeke, Steve; Muyembe-Tamfum, Jean-Jacques"
PP_004AS66,Ib,A.1,Democratic Republic of the Congo,Kinshasa,2025-01-06,188602,0.6495038258902991,2025-10-21,"Amuri-Aziza, Adrienne; Mbala-Kingebeni, Placide; Wawina-Bokalanga, Tony; Kinganda-Lusamaki, Eddy; Pukuta-Simbu, Elisabeth; Hasivirwe-Vakaniaki, Emmanuel; Ola-Mpumbe, Rilia; Kwete-Mbokama, Papy; Akil-Bandali, Prince; Kacita, Cris; Ponga-Museme, Ange; Mapenzi-Kashali, Nelson; Vakaniaki, Gloria; Kenye, Kelly-Michel; Muyamuna, Elisabeth; Kavira-Bapitani, Sifa; Mukadi, Patrick; OToole, Aine; Tshiani-Mbaya, Olivier; Paku-Tshambu, Princesse; Lokilo-Lofiko, Emmanuel; Muswamba-Kayembe, Chloe; Makangara-Cigolo, Jean-Claude; Cikaya-Kankolongo, Fiston; Luakanda-Ndelemo, Gradi; Lawanga, Leader; Mabika-Bope, Elzedek; Lumembe-Numbi, Raphael; Kabamba-Lungenyi, Gabriel; Citenga, Andre; Kelvin, D. J.; Pratt, Catherine; Ayouba, Ahidjo; Tessema, Sofonias; Mukadi-Bamuleka, Daniel; Jansen, Daan; Halbrook, Megan; Merrit, Sydney; Hensley, Lisa; Delaporte, Eric; Mwamba, Dieudonne; Liesenborghs, Laurens; Hoff, Nicole; Peeters, Martine; Low, Nicola; Rimoin, Anne; Kindrachuk, Jason; Vercauteren, Koen; Rambaut, Andrew; Ahuka-Mundeke, Steve; Muyembe-Tamfum, Jean-Jacques"
PP_004AS74,Ia,None,Democratic Republic of the Congo,Kinshasa,2025-01-03,189315,0.6534438083454609,2025-10-21,"Amuri-Aziza, Adrienne; Mbala-Kingebeni, Placide; Wawina-Bokalanga, Tony; Kinganda-Lusamaki, Eddy; Pukuta-Simbu, Elisabeth; Hasivirwe-Vakaniaki, Emmanuel; Ola-Mpumbe, Rilia; Kwete-Mbokama, Papy; Akil-Bandali, Prince; Kacita, Cris; Ponga-Museme, Ange; Mapenzi-Kashali, Nelson; Vakaniaki, Gloria; Kenye, Kelly-Michel; Muyamuna, Elisabeth; Kavira-Bapitani, Sifa; Mukadi, Patrick; OToole, Aine; Tshiani-Mbaya, Olivier; Paku-Tshambu, Princesse; Lokilo-Lofiko, Emmanuel; Muswamba-Kayembe, Chloe; Makangara-Cigolo, Jean-Claude; Cikaya-Kankolongo, Fiston; Luakanda-Ndelemo, Gradi; Lawanga, Leader; Mabika-Bope, Elzedek; Lumembe-Numbi, Raphael; Kabamba-Lungenyi, Gabriel; Citenga, Andre; Kelvin, D. J.; Pratt, Catherine; Ayouba, Ahidjo; Tessema, Sofonias; Mukadi-Bamuleka, Daniel; Jansen, Daan; Halbrook, Megan; Merrit, Sydney; Hensley, Lisa; Delaporte, Eric; Mwamba, Dieudonne; Liesenborghs, Laurens; Hoff, Nicole; Peeters, Martine; Low, Nicola; Rimoin, Anne; Kindrachuk, Jason; Vercauteren, Koen; Rambaut, Andrew; Ahuka-Mundeke, Steve; Muyembe-Tamfum, Jean-Jacques"
PP_004AS82,Ia,None,Democratic Republic of the Congo,Kinshasa,2025-01-02,188568,0.5476372782175256,2025-10-21,"Amuri-Aziza, Adrienne; Mbala-Kingebeni, Placide; Wawina-Bokalanga, Tony; Kinganda-Lusamaki, Eddy; Pukuta-Simbu, Elisabeth; Hasivirwe-Vakaniaki, Emmanuel; Ola-Mpumbe, Rilia; Kwete-Mbokama, Papy; Akil-Bandali, Prince; Kacita, Cris; Ponga-Museme, Ange; Mapenzi-Kashali, Nelson; Vakaniaki, Gloria; Kenye, Kelly-Michel; Muyamuna, Elisabeth; Kavira-Bapitani, Sifa; Mukadi, Patrick; OToole, Aine; Tshiani-Mbaya, Olivier; Paku-Tshambu, Princesse; Lokilo-Lofiko, Emmanuel; Muswamba-Kayembe, Chloe; Makangara-Cigolo, Jean-Claude; Cikaya-Kankolongo, Fiston; Luakanda-Ndelemo, Gradi; Lawanga, Leader; Mabika-Bope, Elzedek; Lumembe-Numbi, Raphael; Kabamba-Lungenyi, Gabriel; Citenga, Andre; Kelvin, D. J.; Pratt, Catherine; Ayouba, Ahidjo; Tessema, Sofonias; Mukadi-Bamuleka, Daniel; Jansen, Daan; Halbrook, Megan; Merrit, Sydney; Hensley, Lisa; Delaporte, Eric; Mwamba, Dieudonne; Liesenborghs, Laurens; Hoff, Nicole; Peeters, Martine; Low, Nicola; Rimoin, Anne; Kindrachuk, Jason; Vercauteren, Koen; Rambaut, Andrew; Ahuka-Mundeke, Steve; Muyembe-Tamfum, Jean-Jacques"
PP_004AS90,Ia,None,Democratic Republic of the Congo,Kinshasa,2025-01-06,189050,0.7016414058181929,2025-10-21,"Amuri-Aziza, Adrienne; Mbala-Kingebeni, Placide; Wawina-Bokalanga, Tony; Kinganda-Lusamaki, Eddy; Pukuta-Simbu, Elisabeth; Hasivirwe-Vakaniaki, Emmanuel; Ola-Mpumbe, Rilia; Kwete-Mbokama, Papy; Akil-Bandali, Prince; Kacita, Cris; Ponga-Museme, Ange; Mapenzi-Kashali, Nelson; Vakaniaki, Gloria; Kenye, Kelly-Michel; Muyamuna, Elisabeth; Kavira-Bapitani, Sifa; Mukadi, Patrick; OToole, Aine; Tshiani-Mbaya, Olivier; Paku-Tshambu, Princesse; Lokilo-Lofiko, Emmanuel; Muswamba-Kayembe, Chloe; Makangara-Cigolo, Jean-Claude; Cikaya-Kankolongo, Fiston; Luakanda-Ndelemo, Gradi; Lawanga, Leader; Mabika-Bope, Elzedek; Lumembe-Numbi, Raphael; Kabamba-Lungenyi, Gabriel; Citenga, Andre; Kelvin, D. J.; Pratt, Catherine; Ayouba, Ahidjo; Tessema, Sofonias; Mukadi-Bamuleka, Daniel; Jansen, Daan; Halbrook, Megan; Merrit, Sydney; Hensley, Lisa; Delaporte, Eric; Mwamba, Dieudonne; Liesenborghs, Laurens; Hoff, Nicole; Peeters, Martine; Low, Nicola; Rimoin, Anne; Kindrachuk, Jason; Vercauteren, Koen; Rambaut, Andrew; Ahuka-Mundeke, Steve; Muyembe-Tamfum, Jean-Jacques"
PP_004ASAY,Ia,None,Democratic Republic of the Congo,Kinshasa,2025-01-06,189317,0.6877373750690892,2025-10-21,"Amuri-Aziza, Adrienne; Mbala-Kingebeni, Placide; Wawina-Bokalanga, Tony; Kinganda-Lusamaki, Eddy; Pukuta-Simbu, Elisabeth; Hasivirwe-Vakaniaki, Emmanuel; Ola-Mpumbe, Rilia; Kwete-Mbokama, Papy; Akil-Bandali, Prince; Kacita, Cris; Ponga-Museme, Ange; Mapenzi-Kashali, Nelson; Vakaniaki, Gloria; Kenye, Kelly-Michel; Muyamuna, Elisabeth; Kavira-Bapitani, Sifa; Mukadi, Patrick; OToole, Aine; Tshiani-Mbaya, Olivier; Paku-Tshambu, Princesse; Lokilo-Lofiko, Emmanuel; Muswamba-Kayembe, Chloe; Makangara-Cigolo, Jean-Claude; Cikaya-Kankolongo, Fiston; Luakanda-Ndelemo, Gradi; Lawanga, Leader; Mabika-Bope, Elzedek; Lumembe-Numbi, Raphael; Kabamba-Lungenyi, Gabriel; Citenga, Andre; Kelvin, D. J.; Pratt, Catherine; Ayouba, Ahidjo; Tessema, Sofonias; Mukadi-Bamuleka, Daniel; Jansen, Daan; Halbrook, Megan; Merrit, Sydney; Hensley, Lisa; Delaporte, Eric; Mwamba, Dieudonne; Liesenborghs, Laurens; Hoff, Nicole; Peeters, Martine; Low, Nicola; Rimoin, Anne; Kindrachuk, Jason; Vercauteren, Koen; Rambaut, Andrew; Ahuka-Mundeke, Steve; Muyembe-Tamfum, Jean-Jacques"
PP_004ASBW,Ia,None,Democratic Republic of the Congo,Kinshasa,2025-01-06,189290,0.7221678523799624,2025-10-21,"Amuri-Aziza, Adrienne; Mbala-Kingebeni, Placide; Wawina-Bokalanga, Tony; Kinganda-Lusamaki, Eddy; Pukuta-Simbu, Elisabeth; Hasivirwe-Vakaniaki, Emmanuel; Ola-Mpumbe, Rilia; Kwete-Mbokama, Papy; Akil-Bandali, Prince; Kacita, Cris; Ponga-Museme, Ange; Mapenzi-Kashali, Nelson; Vakaniaki, Gloria; Kenye, Kelly-Michel; Muyamuna, Elisabeth; Kavira-Bapitani, Sifa; Mukadi, Patrick; OToole, Aine; Tshiani-Mbaya, Olivier; Paku-Tshambu, Princesse; Lokilo-Lofiko, Emmanuel; Muswamba-Kayembe, Chloe; Makangara-Cigolo, Jean-Claude; Cikaya-Kankolongo, Fiston; Luakanda-Ndelemo, Gradi; Lawanga, Leader; Mabika-Bope, Elzedek; Lumembe-Numbi, Raphael; Kabamba-Lungenyi, Gabriel; Citenga, Andre; Kelvin, D. J.; Pratt, Catherine; Ayouba, Ahidjo; Tessema, Sofonias; Mukadi-Bamuleka, Daniel; Jansen, Daan; Halbrook, Megan; Merrit, Sydney; Hensley, Lisa; Delaporte, Eric; Mwamba, Dieudonne; Liesenborghs, Laurens; Hoff, Nicole; Peeters, Martine; Low, Nicola; Rimoin, Anne; Kindrachuk, Jason; Vercauteren, Koen; Rambaut, Andrew; Ahuka-Mundeke, Steve; Muyembe-Tamfum, Jean-Jacques"
PP_004ASCU,Ia,None,Democratic Republic of the Congo,Kinshasa,2025-01-04,189112,0.6884269987678047,2025-10-21,"Amuri-Aziza, Adrienne; Mbala-Kingebeni, Placide; Wawina-Bokalanga, Tony; Kinganda-Lusamaki, Eddy; Pukuta-Simbu, Elisabeth; Hasivirwe-Vakaniaki, Emmanuel; Ola-Mpumbe, Rilia; Kwete-Mbokama, Papy; Akil-Bandali, Prince; Kacita, Cris; Ponga-Museme, Ange; Mapenzi-Kashali, Nelson; Vakaniaki, Gloria; Kenye, Kelly-Michel; Muyamuna, Elisabeth; Kavira-Bapitani, Sifa; Mukadi, Patrick; OToole, Aine; Tshiani-Mbaya, Olivier; Paku-Tshambu, Princesse; Lokilo-Lofiko, Emmanuel; Muswamba-Kayembe, Chloe; Makangara-Cigolo, Jean-Claude; Cikaya-Kankolongo, Fiston; Luakanda-Ndelemo, Gradi; Lawanga, Leader; Mabika-Bope, Elzedek; Lumembe-Numbi, Raphael; Kabamba-Lungenyi, Gabriel; Citenga, Andre; Kelvin, D. J.; Pratt, Catherine; Ayouba, Ahidjo; Tessema, Sofonias; Mukadi-Bamuleka, Daniel; Jansen, Daan; Halbrook, Megan; Merrit, Sydney; Hensley, Lisa; Delaporte, Eric; Mwamba, Dieudonne; Liesenborghs, Laurens; Hoff, Nicole; Peeters, Martine; Low, Nicola; Rimoin, Anne; Kindrachuk, Jason; Vercauteren, Koen; Rambaut, Andrew; Ahuka-Mundeke, Steve; Muyembe-Tamfum, Jean-Jacques"
PP_004ASDS,Ia,None,Democratic Republic of the Congo,Kinshasa,2025-01-03,189306,0.6787063470734094,2025-10-21,"Amuri-Aziza, Adrienne; Mbala-Kingebeni, Placide; Wawina-Bokalanga, Tony; Kinganda-Lusamaki, Eddy; Pukuta-Simbu, Elisabeth; Hasivirwe-Vakaniaki, Emmanuel; Ola-Mpumbe, Rilia; Kwete-Mbokama, Papy; Akil-Bandali, Prince; Kacita, Cris; Ponga-Museme, Ange; Mapenzi-Kashali, Nelson; Vakaniaki, Gloria; Kenye, Kelly-Michel; Muyamuna, Elisabeth; Kavira-Bapitani, Sifa; Mukadi, Patrick; OToole, Aine; Tshiani-Mbaya, Olivier; Paku-Tshambu, Princesse; Lokilo-Lofiko, Emmanuel; Muswamba-Kayembe, Chloe; Makangara-Cigolo, Jean-Claude; Cikaya-Kankolongo, Fiston; Luakanda-Ndelemo, Gradi; Lawanga, Leader; Mabika-Bope, Elzedek; Lumembe-Numbi, Raphael; Kabamba-Lungenyi, Gabriel; Citenga, Andre; Kelvin, D. J.; Pratt, Catherine; Ayouba, Ahidjo; Tessema, Sofonias; Mukadi-Bamuleka, Daniel; Jansen, Daan; Halbrook, Megan; Merrit, Sydney; Hensley, Lisa; Delaporte, Eric; Mwamba, Dieudonne; Liesenborghs, Laurens; Hoff, Nicole; Peeters, Martine; Low, Nicola; Rimoin, Anne; Kindrachuk, Jason; Vercauteren, Koen; Rambaut, Andrew; Ahuka-Mundeke, Steve; Muyembe-Tamfum, Jean-Jacques"
PP_004ASEQ,Ib,A.1,Democratic Republic of the Congo,Kinshasa,2025-01-06,188993,0.6527034770218397,2025-10-21,"Amuri-Aziza, Adrienne; Mbala-Kingebeni, Placide; Wawina-Bokalanga, Tony; Kinganda-Lusamaki, Eddy; Pukuta-Simbu, Elisabeth; Hasivirwe-Vakaniaki, Emmanuel; Ola-Mpumbe, Rilia; Kwete-Mbokama, Papy; Akil-Bandali, Prince; Kacita, Cris; Ponga-Museme, Ange; Mapenzi-Kashali, Nelson; Vakaniaki, Gloria; Kenye, Kelly-Michel; Muyamuna, Elisabeth; Kavira-Bapitani, Sifa; Mukadi, Patrick; OToole, Aine; Tshiani-Mbaya, Olivier; Paku-Tshambu, Princesse; Lokilo-Lofiko, Emmanuel; Muswamba-Kayembe, Chloe; Makangara-Cigolo, Jean-Claude; Cikaya-Kankolongo, Fiston; Luakanda-Ndelemo, Gradi; Lawanga, Leader; Mabika-Bope, Elzedek; Lumembe-Numbi, Raphael; Kabamba-Lungenyi, Gabriel; Citenga, Andre; Kelvin, D. J.; Pratt, Catherine; Ayouba, Ahidjo; Tessema, Sofonias; Mukadi-Bamuleka, Daniel; Jansen, Daan; Halbrook, Megan; Merrit, Sydney; Hensley, Lisa; Delaporte, Eric; Mwamba, Dieudonne; Liesenborghs, Laurens; Hoff, Nicole; Peeters, Martine; Low, Nicola; Rimoin, Anne; Kindrachuk, Jason; Vercauteren, Koen; Rambaut, Andrew; Ahuka-Mundeke, Steve; Muyembe-Tamfum, Jean-Jacques"
PP_004ASFN,Ib,A.1,Democratic Republic of the Congo,Kinshasa,2025-01-04,189008,0.6883915034303708,2025-10-21,"Amuri-Aziza, Adrienne; Mbala-Kingebeni, Placide; Wawina-Bokalanga, Tony; Kinganda-Lusamaki, Eddy; Pukuta-Simbu, Elisabeth; Hasivirwe-Vakaniaki, Emmanuel; Ola-Mpumbe, Rilia; Kwete-Mbokama, Papy; Akil-Bandali, Prince; Kacita, Cris; Ponga-Museme, Ange; Mapenzi-Kashali, Nelson; Vakaniaki, Gloria; Kenye, Kelly-Michel; Muyamuna, Elisabeth; Kavira-Bapitani, Sifa; Mukadi, Patrick; OToole, Aine; Tshiani-Mbaya, Olivier; Paku-Tshambu, Princesse; Lokilo-Lofiko, Emmanuel; Muswamba-Kayembe, Chloe; Makangara-Cigolo, Jean-Claude; Cikaya-Kankolongo, Fiston; Luakanda-Ndelemo, Gradi; Lawanga, Leader; Mabika-Bope, Elzedek; Lumembe-Numbi, Raphael; Kabamba-Lungenyi, Gabriel; Citenga, Andre; Kelvin, D. J.; Pratt, Catherine; Ayouba, Ahidjo; Tessema, Sofonias; Mukadi-Bamuleka, Daniel; Jansen, Daan; Halbrook, Megan; Merrit, Sydney; Hensley, Lisa; Delaporte, Eric; Mwamba, Dieudonne; Liesenborghs, Laurens; Hoff, Nicole; Peeters, Martine; Low, Nicola; Rimoin, Anne; Kindrachuk, Jason; Vercauteren, Koen; Rambaut, Andrew; Ahuka-Mundeke, Steve; Muyembe-Tamfum, Jean-Jacques"
PP_004ASGL,Ia,None,Democratic Republic of the Congo,Kinshasa,2025-01-17,188899,0.5757445147026758,2025-10-21,"Amuri-Aziza, Adrienne; Mbala-Kingebeni, Placide; Wawina-Bokalanga, Tony; Kinganda-Lusamaki, Eddy; Pukuta-Simbu, Elisabeth; Hasivirwe-Vakaniaki, Emmanuel; Ola-Mpumbe, Rilia; Kwete-Mbokama, Papy; Akil-Bandali, Prince; Kacita, Cris; Ponga-Museme, Ange; Mapenzi-Kashali, Nelson; Vakaniaki, Gloria; Kenye, Kelly-Michel; Muyamuna, Elisabeth; Kavira-Bapitani, Sifa; Mukadi, Patrick; OToole, Aine; Tshiani-Mbaya, Olivier; Paku-Tshambu, Princesse; Lokilo-Lofiko, Emmanuel; Muswamba-Kayembe, Chloe; Makangara-Cigolo, Jean-Claude; Cikaya-Kankolongo, Fiston; Luakanda-Ndelemo, Gradi; Lawanga, Leader; Mabika-Bope, Elzedek; Lumembe-Numbi, Raphael; Kabamba-Lungenyi, Gabriel; Citenga, Andre; Kelvin, D. J.; Pratt, Catherine; Ayouba, Ahidjo; Tessema, Sofonias; Mukadi-Bamuleka, Daniel; Jansen, Daan; Halbrook, Megan; Merrit, Sydney; Hensley, Lisa; Delaporte, Eric; Mwamba, Dieudonne; Liesenborghs, Laurens; Hoff, Nicole; Peeters, Martine; Low, Nicola; Rimoin, Anne; Kindrachuk, Jason; Vercauteren, Koen; Rambaut, Andrew; Ahuka-Mundeke, Steve; Muyembe-Tamfum, Jean-Jacques"
PP_004ASHH,Ib,A.1,Democratic Republic of the Congo,Kinshasa,2025-01-06,188026,0.7088063932173481,2025-10-21,"Amuri-Aziza, Adrienne; Mbala-Kingebeni, Placide; Wawina-Bokalanga, Tony; Kinganda-Lusamaki, Eddy; Pukuta-Simbu, Elisabeth; Hasivirwe-Vakaniaki, Emmanuel; Ola-Mpumbe, Rilia; Kwete-Mbokama, Papy; Akil-Bandali, Prince; Kacita, Cris; Ponga-Museme, Ange; Mapenzi-Kashali, Nelson; Vakaniaki, Gloria; Kenye, Kelly-Michel; Muyamuna, Elisabeth; Kavira-Bapitani, Sifa; Mukadi, Patrick; OToole, Aine; Tshiani-Mbaya, Olivier; Paku-Tshambu, Princesse; Lokilo-Lofiko, Emmanuel; Muswamba-Kayembe, Chloe; Makangara-Cigolo, Jean-Claude; Cikaya-Kankolongo, Fiston; Luakanda-Ndelemo, Gradi; Lawanga, Leader; Mabika-Bope, Elzedek; Lumembe-Numbi, Raphael; Kabamba-Lungenyi, Gabriel; Citenga, Andre; Kelvin, D. J.; Pratt, Catherine; Ayouba, Ahidjo; Tessema, Sofonias; Mukadi-Bamuleka, Daniel; Jansen, Daan; Halbrook, Megan; Merrit, Sydney; Hensley, Lisa; Delaporte, Eric; Mwamba, Dieudonne; Liesenborghs, Laurens; Hoff, Nicole; Peeters, Martine; Low, Nicola; Rimoin, Anne; Kindrachuk, Jason; Vercauteren, Koen; Rambaut, Andrew; Ahuka-Mundeke, Steve; Muyembe-Tamfum, Jean-Jacques"
PP_004ASJF,Ib,A.1,Democratic Republic of the Congo,Kinshasa,2025-01-06,189184,0.6417759838546923,2025-10-21,"Amuri-Aziza, Adrienne; Mbala-Kingebeni, Placide; Wawina-Bokalanga, Tony; Kinganda-Lusamaki, Eddy; Pukuta-Simbu, Elisabeth; Hasivirwe-Vakaniaki, Emmanuel; Ola-Mpumbe, Rilia; Kwete-Mbokama, Papy; Akil-Bandali, Prince; Kacita, Cris; Ponga-Museme, Ange; Mapenzi-Kashali, Nelson; Vakaniaki, Gloria; Kenye, Kelly-Michel; Muyamuna, Elisabeth; Kavira-Bapitani, Sifa; Mukadi, Patrick; OToole, Aine; Tshiani-Mbaya, Olivier; Paku-Tshambu, Princesse; Lokilo-Lofiko, Emmanuel; Muswamba-Kayembe, Chloe; Makangara-Cigolo, Jean-Claude; Cikaya-Kankolongo, Fiston; Luakanda-Ndelemo, Gradi; Lawanga, Leader; Mabika-Bope, Elzedek; Lumembe-Numbi, Raphael; Kabamba-Lungenyi, Gabriel; Citenga, Andre; Kelvin, D. J.; Pratt, Catherine; Ayouba, Ahidjo; Tessema, Sofonias; Mukadi-Bamuleka, Daniel; Jansen, Daan; Halbrook, Megan; Merrit, Sydney; Hensley, Lisa; Delaporte, Eric; Mwamba, Dieudonne; Liesenborghs, Laurens; Hoff, Nicole; Peeters, Martine; Low, Nicola; Rimoin, Anne; Kindrachuk, Jason; Vercauteren, Koen; Rambaut, Andrew; Ahuka-Mundeke, Steve; Muyembe-Tamfum, Jean-Jacques"
PP_004ASKD,Ia,None,Democratic Republic of the Congo,Mongala,2025-01-06,189137,0.5556947198150186,2025-10-21,"Mapenzi-Kashali, Nelson; Citenga, Andre; Mbala-Kingebeni, Placide; Wawina-Bokalanga, Tony; Kinganda-Lusamaki, Eddy; Pukuta-Simbu, Elisabeth; Hasivirwe-Vakaniaki, Emmanuel; Ola-Mpumbe, Rilia; Kwete-Mbokama, Papy; Akil-Bandali, Prince; Kacita, Cris; Ponga-Museme, Ange; Vakaniaki, Gloria; Amuri-Aziza, Adrienne; Kenye, Kelly-Michel; Muyamuna, Elisabeth; Kavira-Bapitani, Sifa; Mukadi, Patrick; OToole, Aine; Tshiani-Mbaya, Olivier; Paku-Tshambu, Princesse; Lokilo-Lofiko, Emmanuel; Muswamba-Kayembe, Chloe; Makangara-Cigolo, Jean-Claude; Cikaya-Kankolongo, Fiston; Luakanda-Ndelemo, Gradi; Lawanga, Leader; Mabika-Bope, Elzedek; Lumembe-Numbi, Raphael; Kabamba-Lungenyi, Gabriel; Kelvin, D. J.; Pratt, Catherine; Ayouba, Ahidjo; Tessema, Sofonias; Mukadi-Bamuleka, Daniel; Jansen, Daan; Halbrook, Megan; Merrit, Sydney; Hensley, Lisa; Delaporte, Eric; Mwamba, Dieudonne; Liesenborghs, Laurens; Hoff, Nicole; Peeters, Martine; Low, Nicola; Rimoin, Anne; Kindrachuk, Jason; Vercauteren, Koen; Rambaut, Andrew; Ahuka-Mundeke, Steve; Muyembe-Tamfum, Jean-Jacques"
PP_004ASLB,Ia,None,Democratic Republic of the Congo,Kinshasa,2025-01-07,189229,0.6335461363325203,2025-10-21,"Amuri-Aziza, Adrienne; Mbala-Kingebeni, Placide; Wawina-Bokalanga, Tony; Kinganda-Lusamaki, Eddy; Pukuta-Simbu, Elisabeth; Hasivirwe-Vakaniaki, Emmanuel; Ola-Mpumbe, Rilia; Kwete-Mbokama, Papy; Akil-Bandali, Prince; Kacita, Cris; Ponga-Museme, Ange; Mapenzi-Kashali, Nelson; Vakaniaki, Gloria; Kenye, Kelly-Michel; Muyamuna, Elisabeth; Kavira-Bapitani, Sifa; Mukadi, Patrick; OToole, Aine; Tshiani-Mbaya, Olivier; Paku-Tshambu, Princesse; Lokilo-Lofiko, Emmanuel; Muswamba-Kayembe, Chloe; Makangara-Cigolo, Jean-Claude; Cikaya-Kankolongo, Fiston; Luakanda-Ndelemo, Gradi; Lawanga, Leader; Mabika-Bope, Elzedek; Lumembe-Numbi, Raphael; Kabamba-Lungenyi, Gabriel; Citenga, Andre; Kelvin, D. J.; Pratt, Catherine; Ayouba, Ahidjo; Tessema, Sofonias; Mukadi-Bamuleka, Daniel; Jansen, Daan; Halbrook, Megan; Merrit, Sydney; Hensley, Lisa; Delaporte, Eric; Mwamba, Dieudonne; Liesenborghs, Laurens; Hoff, Nicole; Peeters, Martine; Low, Nicola; Rimoin, Anne; Kindrachuk, Jason; Vercauteren, Koen; Rambaut, Andrew; Ahuka-Mundeke, Steve; Muyembe-Tamfum, Jean-Jacques"
PP_004ASM9,Ia,None,Democratic Republic of the Congo,Kinshasa,2025-01-07,189257,0.6563949921149643,2025-10-21,"Amuri-Aziza, Adrienne; Mbala-Kingebeni, Placide; Wawina-Bokalanga, Tony; Kinganda-Lusamaki, Eddy; Pukuta-Simbu, Elisabeth; Hasivirwe-Vakaniaki, Emmanuel; Ola-Mpumbe, Rilia; Kwete-Mbokama, Papy; Akil-Bandali, Prince; Kacita, Cris; Ponga-Museme, Ange; Mapenzi-Kashali, Nelson; Vakaniaki, Gloria; Kenye, Kelly-Michel; Muyamuna, Elisabeth; Kavira-Bapitani, Sifa; Mukadi, Patrick; OToole, Aine; Tshiani-Mbaya, Olivier; Paku-Tshambu, Princesse; Lokilo-Lofiko, Emmanuel; Muswamba-Kayembe, Chloe; Makangara-Cigolo, Jean-Claude; Cikaya-Kankolongo, Fiston; Luakanda-Ndelemo, Gradi; Lawanga, Leader; Mabika-Bope, Elzedek; Lumembe-Numbi, Raphael; Kabamba-Lungenyi, Gabriel; Citenga, Andre; Kelvin, D. J.; Pratt, Catherine; Ayouba, Ahidjo; Tessema, Sofonias; Mukadi-Bamuleka, Daniel; Jansen, Daan; Halbrook, Megan; Merrit, Sydney; Hensley, Lisa; Delaporte, Eric; Mwamba, Dieudonne; Liesenborghs, Laurens; Hoff, Nicole; Peeters, Martine; Low, Nicola; Rimoin, Anne; Kindrachuk, Jason; Vercauteren, Koen; Rambaut, Andrew; Ahuka-Mundeke, Steve; Muyembe-Tamfum, Jean-Jacques"
PP_004ASN7,Ia,None,Democratic Republic of the Congo,Kinshasa,2025-01-07,189207,0.6414261012428439,2025-10-21,"Amuri-Aziza, Adrienne; Mbala-Kingebeni, Placide; Wawina-Bokalanga, Tony; Kinganda-Lusamaki, Eddy; Pukuta-Simbu, Elisabeth; Hasivirwe-Vakaniaki, Emmanuel; Ola-Mpumbe, Rilia; Kwete-Mbokama, Papy; Akil-Bandali, Prince; Kacita, Cris; Ponga-Museme, Ange; Mapenzi-Kashali, Nelson; Vakaniaki, Gloria; Kenye, Kelly-Michel; Muyamuna, Elisabeth; Kavira-Bapitani, Sifa; Mukadi, Patrick; OToole, Aine; Tshiani-Mbaya, Olivier; Paku-Tshambu, Princesse; Lokilo-Lofiko, Emmanuel; Muswamba-Kayembe, Chloe; Makangara-Cigolo, Jean-Claude; Cikaya-Kankolongo, Fiston; Luakanda-Ndelemo, Gradi; Lawanga, Leader; Mabika-Bope, Elzedek; Lumembe-Numbi, Raphael; Kabamba-Lungenyi, Gabriel; Citenga, Andre; Kelvin, D. J.; Pratt, Catherine; Ayouba, Ahidjo; Tessema, Sofonias; Mukadi-Bamuleka, Daniel; Jansen, Daan; Halbrook, Megan; Merrit, Sydney; Hensley, Lisa; Delaporte, Eric; Mwamba, Dieudonne; Liesenborghs, Laurens; Hoff, Nicole; Peeters, Martine; Low, Nicola; Rimoin, Anne; Kindrachuk, Jason; Vercauteren, Koen; Rambaut, Andrew; Ahuka-Mundeke, Steve; Muyembe-Tamfum, Jean-Jacques"
PP_004ASP5,Ib,A.1,Democratic Republic of the Congo,Kinshasa,2025-01-07,188502,0.6185721746979094,2025-10-21,"Amuri-Aziza, Adrienne; Mbala-Kingebeni, Placide; Wawina-Bokalanga, Tony; Kinganda-Lusamaki, Eddy; Pukuta-Simbu, Elisabeth; Hasivirwe-Vakaniaki, Emmanuel; Ola-Mpumbe, Rilia; Kwete-Mbokama, Papy; Akil-Bandali, Prince; Kacita, Cris; Ponga-Museme, Ange; Mapenzi-Kashali, Nelson; Vakaniaki, Gloria; Kenye, Kelly-Michel; Muyamuna, Elisabeth; Kavira-Bapitani, Sifa; Mukadi, Patrick; OToole, Aine; Tshiani-Mbaya, Olivier; Paku-Tshambu, Princesse; Lokilo-Lofiko, Emmanuel; Muswamba-Kayembe, Chloe; Makangara-Cigolo, Jean-Claude; Cikaya-Kankolongo, Fiston; Luakanda-Ndelemo, Gradi; Lawanga, Leader; Mabika-Bope, Elzedek; Lumembe-Numbi, Raphael; Kabamba-Lungenyi, Gabriel; Citenga, Andre; Kelvin, D. J.; Pratt, Catherine; Ayouba, Ahidjo; Tessema, Sofonias; Mukadi-Bamuleka, Daniel; Jansen, Daan; Halbrook, Megan; Merrit, Sydney; Hensley, Lisa; Delaporte, Eric; Mwamba, Dieudonne; Liesenborghs, Laurens; Hoff, Nicole; Peeters, Martine; Low, Nicola; Rimoin, Anne; Kindrachuk, Jason; Vercauteren, Koen; Rambaut, Andrew; Ahuka-Mundeke, Steve; Muyembe-Tamfum, Jean-Jacques"
PP_004ASQ3,Ia,None,Democratic Republic of the Congo,Kinshasa,2025-01-07,188864,0.6268932959449113,2025-10-21,"Amuri-Aziza, Adrienne; Mbala-Kingebeni, Placide; Wawina-Bokalanga, Tony; Kinganda-Lusamaki, Eddy; Pukuta-Simbu, Elisabeth; Hasivirwe-Vakaniaki, Emmanuel; Ola-Mpumbe, Rilia; Kwete-Mbokama, Papy; Akil-Bandali, Prince; Kacita, Cris; Ponga-Museme, Ange; Mapenzi-Kashali, Nelson; Vakaniaki, Gloria; Kenye, Kelly-Michel; Muyamuna, Elisabeth; Kavira-Bapitani, Sifa; Mukadi, Patrick; OToole, Aine; Tshiani-Mbaya, Olivier; Paku-Tshambu, Princesse; Lokilo-Lofiko, Emmanuel; Muswamba-Kayembe, Chloe; Makangara-Cigolo, Jean-Claude; Cikaya-Kankolongo, Fiston; Luakanda-Ndelemo, Gradi; Lawanga, Leader; Mabika-Bope, Elzedek; Lumembe-Numbi, Raphael; Kabamba-Lungenyi, Gabriel; Citenga, Andre; Kelvin, D. J.; Pratt, Catherine; Ayouba, Ahidjo; Tessema, Sofonias; Mukadi-Bamuleka, Daniel; Jansen, Daan; Halbrook, Megan; Merrit, Sydney; Hensley, Lisa; Delaporte, Eric; Mwamba, Dieudonne; Liesenborghs, Laurens; Hoff, Nicole; Peeters, Martine; Low, Nicola; Rimoin, Anne; Kindrachuk, Jason; Vercauteren, Koen; Rambaut, Andrew; Ahuka-Mundeke, Steve; Muyembe-Tamfum, Jean-Jacques"
PP_004ASR1,Ia,None,Democratic Republic of the Congo,Kinshasa,2025-01-07,189285,0.6142924511558803,2025-10-21,"Amuri-Aziza, Adrienne; Mbala-Kingebeni, Placide; Wawina-Bokalanga, Tony; Kinganda-Lusamaki, Eddy; Pukuta-Simbu, Elisabeth; Hasivirwe-Vakaniaki, Emmanuel; Ola-Mpumbe, Rilia; Kwete-Mbokama, Papy; Akil-Bandali, Prince; Kacita, Cris; Ponga-Museme, Ange; Mapenzi-Kashali, Nelson; Vakaniaki, Gloria; Kenye, Kelly-Michel; Muyamuna, Elisabeth; Kavira-Bapitani, Sifa; Mukadi, Patrick; OToole, Aine; Tshiani-Mbaya, Olivier; Paku-Tshambu, Princesse; Lokilo-Lofiko, Emmanuel; Muswamba-Kayembe, Chloe; Makangara-Cigolo, Jean-Claude; Cikaya-Kankolongo, Fiston; Luakanda-Ndelemo, Gradi; Lawanga, Leader; Mabika-Bope, Elzedek; Lumembe-Numbi, Raphael; Kabamba-Lungenyi, Gabriel; Citenga, Andre; Kelvin, D. J.; Pratt, Catherine; Ayouba, Ahidjo; Tessema, Sofonias; Mukadi-Bamuleka, Daniel; Jansen, Daan; Halbrook, Megan; Merrit, Sydney; Hensley, Lisa; Delaporte, Eric; Mwamba, Dieudonne; Liesenborghs, Laurens; Hoff, Nicole; Peeters, Martine; Low, Nicola; Rimoin, Anne; Kindrachuk, Jason; Vercauteren, Koen; Rambaut, Andrew; Ahuka-Mundeke, Steve; Muyembe-Tamfum, Jean-Jacques"
PP_004ASSZ,Ib,A.1,Democratic Republic of the Congo,Kinshasa,2025-01-06,188969,0.6986597974737462,2025-10-21,"Amuri-Aziza, Adrienne; Mbala-Kingebeni, Placide; Wawina-Bokalanga, Tony; Kinganda-Lusamaki, Eddy; Pukuta-Simbu, Elisabeth; Hasivirwe-Vakaniaki, Emmanuel; Ola-Mpumbe, Rilia; Kwete-Mbokama, Papy; Akil-Bandali, Prince; Kacita, Cris; Ponga-Museme, Ange; Mapenzi-Kashali, Nelson; Vakaniaki, Gloria; Kenye, Kelly-Michel; Muyamuna, Elisabeth; Kavira-Bapitani, Sifa; Mukadi, Patrick; OToole, Aine; Tshiani-Mbaya, Olivier; Paku-Tshambu, Princesse; Lokilo-Lofiko, Emmanuel; Muswamba-Kayembe, Chloe; Makangara-Cigolo, Jean-Claude; Cikaya-Kankolongo, Fiston; Luakanda-Ndelemo, Gradi; Lawanga, Leader; Mabika-Bope, Elzedek; Lumembe-Numbi, Raphael; Kabamba-Lungenyi, Gabriel; Citenga, Andre; Kelvin, D. J.; Pratt, Catherine; Ayouba, Ahidjo; Tessema, Sofonias; Mukadi-Bamuleka, Daniel; Jansen, Daan; Halbrook, Megan; Merrit, Sydney; Hensley, Lisa; Delaporte, Eric; Mwamba, Dieudonne; Liesenborghs, Laurens; Hoff, Nicole; Peeters, Martine; Low, Nicola; Rimoin, Anne; Kindrachuk, Jason; Vercauteren, Koen; Rambaut, Andrew; Ahuka-Mundeke, Steve; Muyembe-Tamfum, Jean-Jacques"
PP_004ASTX,Ib,A.1,Democratic Republic of the Congo,Kinshasa,2025-01-06,189172,0.6782702614992216,2025-10-21,"Amuri-Aziza, Adrienne; Mbala-Kingebeni, Placide; Wawina-Bokalanga, Tony; Kinganda-Lusamaki, Eddy; Pukuta-Simbu, Elisabeth; Hasivirwe-Vakaniaki, Emmanuel; Ola-Mpumbe, Rilia; Kwete-Mbokama, Papy; Akil-Bandali, Prince; Kacita, Cris; Ponga-Museme, Ange; Mapenzi-Kashali, Nelson; Vakaniaki, Gloria; Kenye, Kelly-Michel; Muyamuna, Elisabeth; Kavira-Bapitani, Sifa; Mukadi, Patrick; OToole, Aine; Tshiani-Mbaya, Olivier; Paku-Tshambu, Princesse; Lokilo-Lofiko, Emmanuel; Muswamba-Kayembe, Chloe; Makangara-Cigolo, Jean-Claude; Cikaya-Kankolongo, Fiston; Luakanda-Ndelemo, Gradi; Lawanga, Leader; Mabika-Bope, Elzedek; Lumembe-Numbi, Raphael; Kabamba-Lungenyi, Gabriel; Citenga, Andre; Kelvin, D. J.; Pratt, Catherine; Ayouba, Ahidjo; Tessema, Sofonias; Mukadi-Bamuleka, Daniel; Jansen, Daan; Halbrook, Megan; Merrit, Sydney; Hensley, Lisa; Delaporte, Eric; Mwamba, Dieudonne; Liesenborghs, Laurens; Hoff, Nicole; Peeters, Martine; Low, Nicola; Rimoin, Anne; Kindrachuk, Jason; Vercauteren, Koen; Rambaut, Andrew; Ahuka-Mundeke, Steve; Muyembe-Tamfum, Jean-Jacques"
PP_004ASUV,Ib,A.1,Democratic Republic of the Congo,Kinshasa,2025-01-07,189253,0.675526978991831,2025-10-21,"Amuri-Aziza, Adrienne; Mbala-Kingebeni, Placide; Wawina-Bokalanga, Tony; Kinganda-Lusamaki, Eddy; Pukuta-Simbu, Elisabeth; Hasivirwe-Vakaniaki, Emmanuel; Ola-Mpumbe, Rilia; Kwete-Mbokama, Papy; Akil-Bandali, Prince; Kacita, Cris; Ponga-Museme, Ange; Mapenzi-Kashali, Nelson; Vakaniaki, Gloria; Kenye, Kelly-Michel; Muyamuna, Elisabeth; Kavira-Bapitani, Sifa; Mukadi, Patrick; OToole, Aine; Tshiani-Mbaya, Olivier; Paku-Tshambu, Princesse; Lokilo-Lofiko, Emmanuel; Muswamba-Kayembe, Chloe; Makangara-Cigolo, Jean-Claude; Cikaya-Kankolongo, Fiston; Luakanda-Ndelemo, Gradi; Lawanga, Leader; Mabika-Bope, Elzedek; Lumembe-Numbi, Raphael; Kabamba-Lungenyi, Gabriel; Citenga, Andre; Kelvin, D. J.; Pratt, Catherine; Ayouba, Ahidjo; Tessema, Sofonias; Mukadi-Bamuleka, Daniel; Jansen, Daan; Halbrook, Megan; Merrit, Sydney; Hensley, Lisa; Delaporte, Eric; Mwamba, Dieudonne; Liesenborghs, Laurens; Hoff, Nicole; Peeters, Martine; Low, Nicola; Rimoin, Anne; Kindrachuk, Jason; Vercauteren, Koen; Rambaut, Andrew; Ahuka-Mundeke, Steve; Muyembe-Tamfum, Jean-Jacques"
PP_004ASVT,Ib,A.1,Democratic Republic of the Congo,Kinshasa,2025-01-07,188909,0.5997140089955326,2025-10-21,"Amuri-Aziza, Adrienne; Mbala-Kingebeni, Placide; Wawina-Bokalanga, Tony; Kinganda-Lusamaki, Eddy; Pukuta-Simbu, Elisabeth; Hasivirwe-Vakaniaki, Emmanuel; Ola-Mpumbe, Rilia; Kwete-Mbokama, Papy; Akil-Bandali, Prince; Kacita, Cris; Ponga-Museme, Ange; Mapenzi-Kashali, Nelson; Vakaniaki, Gloria; Kenye, Kelly-Michel; Muyamuna, Elisabeth; Kavira-Bapitani, Sifa; Mukadi, Patrick; OToole, Aine; Tshiani-Mbaya, Olivier; Paku-Tshambu, Princesse; Lokilo-Lofiko, Emmanuel; Muswamba-Kayembe, Chloe; Makangara-Cigolo, Jean-Claude; Cikaya-Kankolongo, Fiston; Luakanda-Ndelemo, Gradi; Lawanga, Leader; Mabika-Bope, Elzedek; Lumembe-Numbi, Raphael; Kabamba-Lungenyi, Gabriel; Citenga, Andre; Kelvin, D. J.; Pratt, Catherine; Ayouba, Ahidjo; Tessema, Sofonias; Mukadi-Bamuleka, Daniel; Jansen, Daan; Halbrook, Megan; Merrit, Sydney; Hensley, Lisa; Delaporte, Eric; Mwamba, Dieudonne; Liesenborghs, Laurens; Hoff, Nicole; Peeters, Martine; Low, Nicola; Rimoin, Anne; Kindrachuk, Jason; Vercauteren, Koen; Rambaut, Andrew; Ahuka-Mundeke, Steve; Muyembe-Tamfum, Jean-Jacques"
PP_004ASWR,Ia,None,Democratic Republic of the Congo,Kinshasa,2025-01-07,189315,0.6533322515706687,2025-10-21,"Amuri-Aziza, Adrienne; Mbala-Kingebeni, Placide; Wawina-Bokalanga, Tony; Kinganda-Lusamaki, Eddy; Pukuta-Simbu, Elisabeth; Hasivirwe-Vakaniaki, Emmanuel; Ola-Mpumbe, Rilia; Kwete-Mbokama, Papy; Akil-Bandali, Prince; Kacita, Cris; Ponga-Museme, Ange; Mapenzi-Kashali, Nelson; Vakaniaki, Gloria; Kenye, Kelly-Michel; Muyamuna, Elisabeth; Kavira-Bapitani, Sifa; Mukadi, Patrick; OToole, Aine; Tshiani-Mbaya, Olivier; Paku-Tshambu, Princesse; Lokilo-Lofiko, Emmanuel; Muswamba-Kayembe, Chloe; Makangara-Cigolo, Jean-Claude; Cikaya-Kankolongo, Fiston; Luakanda-Ndelemo, Gradi; Lawanga, Leader; Mabika-Bope, Elzedek; Lumembe-Numbi, Raphael; Kabamba-Lungenyi, Gabriel; Citenga, Andre; Kelvin, D. J.; Pratt, Catherine; Ayouba, Ahidjo; Tessema, Sofonias; Mukadi-Bamuleka, Daniel; Jansen, Daan; Halbrook, Megan; Merrit, Sydney; Hensley, Lisa; Delaporte, Eric; Mwamba, Dieudonne; Liesenborghs, Laurens; Hoff, Nicole; Peeters, Martine; Low, Nicola; Rimoin, Anne; Kindrachuk, Jason; Vercauteren, Koen; Rambaut, Andrew; Ahuka-Mundeke, Steve; Muyembe-Tamfum, Jean-Jacques"
PP_004ASXP,Ia,None,Democratic Republic of the Congo,Kinshasa,2025-01-07,188100,0.4434381797990964,2025-10-21,"Amuri-Aziza, Adrienne; Mbala-Kingebeni, Placide; Wawina-Bokalanga, Tony; Kinganda-Lusamaki, Eddy; Pukuta-Simbu, Elisabeth; Hasivirwe-Vakaniaki, Emmanuel; Ola-Mpumbe, Rilia; Kwete-Mbokama, Papy; Akil-Bandali, Prince; Kacita, Cris; Ponga-Museme, Ange; Mapenzi-Kashali, Nelson; Vakaniaki, Gloria; Kenye, Kelly-Michel; Muyamuna, Elisabeth; Kavira-Bapitani, Sifa; Mukadi, Patrick; OToole, Aine; Tshiani-Mbaya, Olivier; Paku-Tshambu, Princesse; Lokilo-Lofiko, Emmanuel; Muswamba-Kayembe, Chloe; Makangara-Cigolo, Jean-Claude; Cikaya-Kankolongo, Fiston; Luakanda-Ndelemo, Gradi; Lawanga, Leader; Mabika-Bope, Elzedek; Lumembe-Numbi, Raphael; Kabamba-Lungenyi, Gabriel; Citenga, Andre; Kelvin, D. J.; Pratt, Catherine; Ayouba, Ahidjo; Tessema, Sofonias; Mukadi-Bamuleka, Daniel; Jansen, Daan; Halbrook, Megan; Merrit, Sydney; Hensley, Lisa; Delaporte, Eric; Mwamba, Dieudonne; Liesenborghs, Laurens; Hoff, Nicole; Peeters, Martine; Low, Nicola; Rimoin, Anne; Kindrachuk, Jason; Vercauteren, Koen; Rambaut, Andrew; Ahuka-Mundeke, Steve; Muyembe-Tamfum, Jean-Jacques"
PP_004ASYM,Ib,A.1,Democratic Republic of the Congo,Kinshasa,2025-01-08,188455,0.5842126880619039,2025-10-21,"Amuri-Aziza, Adrienne; Mbala-Kingebeni, Placide; Wawina-Bokalanga, Tony; Kinganda-Lusamaki, Eddy; Pukuta-Simbu, Elisabeth; Hasivirwe-Vakaniaki, Emmanuel; Ola-Mpumbe, Rilia; Kwete-Mbokama, Papy; Akil-Bandali, Prince; Kacita, Cris; Ponga-Museme, Ange; Mapenzi-Kashali, Nelson; Vakaniaki, Gloria; Kenye, Kelly-Michel; Muyamuna, Elisabeth; Kavira-Bapitani, Sifa; Mukadi, Patrick; OToole, Aine; Tshiani-Mbaya, Olivier; Paku-Tshambu, Princesse; Lokilo-Lofiko, Emmanuel; Muswamba-Kayembe, Chloe; Makangara-Cigolo, Jean-Claude; Cikaya-Kankolongo, Fiston; Luakanda-Ndelemo, Gradi; Lawanga, Leader; Mabika-Bope, Elzedek; Lumembe-Numbi, Raphael; Kabamba-Lungenyi, Gabriel; Citenga, Andre; Kelvin, D. J.; Pratt, Catherine; Ayouba, Ahidjo; Tessema, Sofonias; Mukadi-Bamuleka, Daniel; Jansen, Daan; Halbrook, Megan; Merrit, Sydney; Hensley, Lisa; Delaporte, Eric; Mwamba, Dieudonne; Liesenborghs, Laurens; Hoff, Nicole; Peeters, Martine; Low, Nicola; Rimoin, Anne; Kindrachuk, Jason; Vercauteren, Koen; Rambaut, Andrew; Ahuka-Mundeke, Steve; Muyembe-Tamfum, Jean-Jacques"
PP_004ASZK,Ib,A.1,Democratic Republic of the Congo,Kinshasa,2025-01-09,188858,0.5648373045854905,2025-10-21,"Amuri-Aziza, Adrienne; Mbala-Kingebeni, Placide; Wawina-Bokalanga, Tony; Kinganda-Lusamaki, Eddy; Pukuta-Simbu, Elisabeth; Hasivirwe-Vakaniaki, Emmanuel; Ola-Mpumbe, Rilia; Kwete-Mbokama, Papy; Akil-Bandali, Prince; Kacita, Cris; Ponga-Museme, Ange; Mapenzi-Kashali, Nelson; Vakaniaki, Gloria; Kenye, Kelly-Michel; Muyamuna, Elisabeth; Kavira-Bapitani, Sifa; Mukadi, Patrick; OToole, Aine; Tshiani-Mbaya, Olivier; Paku-Tshambu, Princesse; Lokilo-Lofiko, Emmanuel; Muswamba-Kayembe, Chloe; Makangara-Cigolo, Jean-Claude; Cikaya-Kankolongo, Fiston; Luakanda-Ndelemo, Gradi; Lawanga, Leader; Mabika-Bope, Elzedek; Lumembe-Numbi, Raphael; Kabamba-Lungenyi, Gabriel; Citenga, Andre; Kelvin, D. J.; Pratt, Catherine; Ayouba, Ahidjo; Tessema, Sofonias; Mukadi-Bamuleka, Daniel; Jansen, Daan; Halbrook, Megan; Merrit, Sydney; Hensley, Lisa; Delaporte, Eric; Mwamba, Dieudonne; Liesenborghs, Laurens; Hoff, Nicole; Peeters, Martine; Low, Nicola; Rimoin, Anne; Kindrachuk, Jason; Vercauteren, Koen; Rambaut, Andrew; Ahuka-Mundeke, Steve; Muyembe-Tamfum, Jean-Jacques"
PP_004AT0H,Ib,A.1,Democratic Republic of the Congo,Kinshasa,2025-01-08,188987,0.529108712077035,2025-10-21,"Amuri-Aziza, Adrienne; Mbala-Kingebeni, Placide; Wawina-Bokalanga, Tony; Kinganda-Lusamaki, Eddy; Pukuta-Simbu, Elisabeth; Hasivirwe-Vakaniaki, Emmanuel; Ola-Mpumbe, Rilia; Kwete-Mbokama, Papy; Akil-Bandali, Prince; Kacita, Cris; Ponga-Museme, Ange; Mapenzi-Kashali, Nelson; Vakaniaki, Gloria; Kenye, Kelly-Michel; Muyamuna, Elisabeth; Kavira-Bapitani, Sifa; Mukadi, Patrick; OToole, Aine; Tshiani-Mbaya, Olivier; Paku-Tshambu, Princesse; Lokilo-Lofiko, Emmanuel; Muswamba-Kayembe, Chloe; Makangara-Cigolo, Jean-Claude; Cikaya-Kankolongo, Fiston; Luakanda-Ndelemo, Gradi; Lawanga, Leader; Mabika-Bope, Elzedek; Lumembe-Numbi, Raphael; Kabamba-Lungenyi, Gabriel; Citenga, Andre; Kelvin, D. J.; Pratt, Catherine; Ayouba, Ahidjo; Tessema, Sofonias; Mukadi-Bamuleka, Daniel; Jansen, Daan; Halbrook, Megan; Merrit, Sydney; Hensley, Lisa; Delaporte, Eric; Mwamba, Dieudonne; Liesenborghs, Laurens; Hoff, Nicole; Peeters, Martine; Low, Nicola; Rimoin, Anne; Kindrachuk, Jason; Vercauteren, Koen; Rambaut, Andrew; Ahuka-Mundeke, Steve; Muyembe-Tamfum, Jean-Jacques"
PP_004AT1F,Ia,None,Democratic Republic of the Congo,Tshopo,2025-01-09,186453,0.5196872353695825,2025-10-21,"Luakanda-Ndelemo, Gradi; Mbala-Kingebeni, Placide; Wawina-Bokalanga, Tony; Kinganda-Lusamaki, Eddy; Pukuta-Simbu, Elisabeth; Hasivirwe-Vakaniaki, Emmanuel; Ola-Mpumbe, Rilia; Kwete-Mbokama, Papy; Akil-Bandali, Prince; Kacita, Cris; Ponga-Museme, Ange; Mapenzi-Kashali, Nelson; Vakaniaki, Gloria; Amuri-Aziza, Adrienne; Kenye, Kelly-Michel; Muyamuna, Elisabeth; Kavira-Bapitani, Sifa; Mukadi, Patrick; OToole, Aine; Tshiani-Mbaya, Olivier; Paku-Tshambu, Princesse; Lokilo-Lofiko, Emmanuel; Muswamba-Kayembe, Chloe; Makangara-Cigolo, Jean-Claude; Cikaya-Kankolongo, Fiston; Lawanga, Leader; Mabika-Bope, Elzedek; Lumembe-Numbi, Raphael; Kabamba-Lungenyi, Gabriel; Citenga, Andre; Kelvin, D. J.; Pratt, Catherine; Ayouba, Ahidjo; Tessema, Sofonias; Mukadi-Bamuleka, Daniel; Jansen, Daan; Halbrook, Megan; Merrit, Sydney; Hensley, Lisa; Delaporte, Eric; Mwamba, Dieudonne; Liesenborghs, Laurens; Hoff, Nicole; Peeters, Martine; Low, Nicola; Rimoin, Anne; Kindrachuk, Jason; Vercauteren, Koen; Rambaut, Andrew; Ahuka-Mundeke, Steve; Muyembe-Tamfum, Jean-Jacques"
PP_004AT2D,Ia,None,Democratic Republic of the Congo,Tshopo,2025-01-09,186481,0.5717842491975519,2025-10-21,"Luakanda-Ndelemo, Gradi; Mbala-Kingebeni, Placide; Wawina-Bokalanga, Tony; Kinganda-Lusamaki, Eddy; Pukuta-Simbu, Elisabeth; Hasivirwe-Vakaniaki, Emmanuel; Ola-Mpumbe, Rilia; Kwete-Mbokama, Papy; Akil-Bandali, Prince; Kacita, Cris; Ponga-Museme, Ange; Mapenzi-Kashali, Nelson; Vakaniaki, Gloria; Amuri-Aziza, Adrienne; Kenye, Kelly-Michel; Muyamuna, Elisabeth; Kavira-Bapitani, Sifa; Mukadi, Patrick; OToole, Aine; Tshiani-Mbaya, Olivier; Paku-Tshambu, Princesse; Lokilo-Lofiko, Emmanuel; Muswamba-Kayembe, Chloe; Makangara-Cigolo, Jean-Claude; Cikaya-Kankolongo, Fiston; Lawanga, Leader; Mabika-Bope, Elzedek; Lumembe-Numbi, Raphael; Kabamba-Lungenyi, Gabriel; Citenga, Andre; Kelvin, D. J.; Pratt, Catherine; Ayouba, Ahidjo; Tessema, Sofonias; Mukadi-Bamuleka, Daniel; Jansen, Daan; Halbrook, Megan; Merrit, Sydney; Hensley, Lisa; Delaporte, Eric; Mwamba, Dieudonne; Liesenborghs, Laurens; Hoff, Nicole; Peeters, Martine; Low, Nicola; Rimoin, Anne; Kindrachuk, Jason; Vercauteren, Koen; Rambaut, Andrew; Ahuka-Mundeke, Steve; Muyembe-Tamfum, Jean-Jacques"
PP_004AT3B,Ia,None,Democratic Republic of the Congo,Tshopo,2025-01-09,188531,0.5547870533292091,2025-10-21,"Luakanda-Ndelemo, Gradi; Mbala-Kingebeni, Placide; Wawina-Bokalanga, Tony; Kinganda-Lusamaki, Eddy; Pukuta-Simbu, Elisabeth; Hasivirwe-Vakaniaki, Emmanuel; Ola-Mpumbe, Rilia; Kwete-Mbokama, Papy; Akil-Bandali, Prince; Kacita, Cris; Ponga-Museme, Ange; Mapenzi-Kashali, Nelson; Vakaniaki, Gloria; Amuri-Aziza, Adrienne; Kenye, Kelly-Michel; Muyamuna, Elisabeth; Kavira-Bapitani, Sifa; Mukadi, Patrick; OToole, Aine; Tshiani-Mbaya, Olivier; Paku-Tshambu, Princesse; Lokilo-Lofiko, Emmanuel; Muswamba-Kayembe, Chloe; Makangara-Cigolo, Jean-Claude; Cikaya-Kankolongo, Fiston; Lawanga, Leader; Mabika-Bope, Elzedek; Lumembe-Numbi, Raphael; Kabamba-Lungenyi, Gabriel; Citenga, Andre; Kelvin, D. J.; Pratt, Catherine; Ayouba, Ahidjo; Tessema, Sofonias; Mukadi-Bamuleka, Daniel; Jansen, Daan; Halbrook, Megan; Merrit, Sydney; Hensley, Lisa; Delaporte, Eric; Mwamba, Dieudonne; Liesenborghs, Laurens; Hoff, Nicole; Peeters, Martine; Low, Nicola; Rimoin, Anne; Kindrachuk, Jason; Vercauteren, Koen; Rambaut, Andrew; Ahuka-Mundeke, Steve; Muyembe-Tamfum, Jean-Jacques"
PP_004AT49,Ia,None,Democratic Republic of the Congo,Tshopo,2025-01-09,188847,0.6529367320964053,2025-10-21,"Luakanda-Ndelemo, Gradi; Mbala-Kingebeni, Placide; Wawina-Bokalanga, Tony; Kinganda-Lusamaki, Eddy; Pukuta-Simbu, Elisabeth; Hasivirwe-Vakaniaki, Emmanuel; Ola-Mpumbe, Rilia; Kwete-Mbokama, Papy; Akil-Bandali, Prince; Kacita, Cris; Ponga-Museme, Ange; Mapenzi-Kashali, Nelson; Vakaniaki, Gloria; Amuri-Aziza, Adrienne; Kenye, Kelly-Michel; Muyamuna, Elisabeth; Kavira-Bapitani, Sifa; Mukadi, Patrick; OToole, Aine; Tshiani-Mbaya, Olivier; Paku-Tshambu, Princesse; Lokilo-Lofiko, Emmanuel; Muswamba-Kayembe, Chloe; Makangara-Cigolo, Jean-Claude; Cikaya-Kankolongo, Fiston; Lawanga, Leader; Mabika-Bope, Elzedek; Lumembe-Numbi, Raphael; Kabamba-Lungenyi, Gabriel; Citenga, Andre; Kelvin, D. J.; Pratt, Catherine; Ayouba, Ahidjo; Tessema, Sofonias; Mukadi-Bamuleka, Daniel; Jansen, Daan; Halbrook, Megan; Merrit, Sydney; Hensley, Lisa; Delaporte, Eric; Mwamba, Dieudonne; Liesenborghs, Laurens; Hoff, Nicole; Peeters, Martine; Low, Nicola; Rimoin, Anne; Kindrachuk, Jason; Vercauteren, Koen; Rambaut, Andrew; Ahuka-Mundeke, Steve; Muyembe-Tamfum, Jean-Jacques"
PP_004AT57,Ia,None,Democratic Republic of the Congo,Tshopo,2025-01-09,188481,0.5361215766014735,2025-10-21,"Luakanda-Ndelemo, Gradi; Mbala-Kingebeni, Placide; Wawina-Bokalanga, Tony; Kinganda-Lusamaki, Eddy; Pukuta-Simbu, Elisabeth; Hasivirwe-Vakaniaki, Emmanuel; Ola-Mpumbe, Rilia; Kwete-Mbokama, Papy; Akil-Bandali, Prince; Kacita, Cris; Ponga-Museme, Ange; Mapenzi-Kashali, Nelson; Vakaniaki, Gloria; Amuri-Aziza, Adrienne; Kenye, Kelly-Michel; Muyamuna, Elisabeth; Kavira-Bapitani, Sifa; Mukadi, Patrick; OToole, Aine; Tshiani-Mbaya, Olivier; Paku-Tshambu, Princesse; Lokilo-Lofiko, Emmanuel; Muswamba-Kayembe, Chloe; Makangara-Cigolo, Jean-Claude; Cikaya-Kankolongo, Fiston; Lawanga, Leader; Mabika-Bope, Elzedek; Lumembe-Numbi, Raphael; Kabamba-Lungenyi, Gabriel; Citenga, Andre; Kelvin, D. J.; Pratt, Catherine; Ayouba, Ahidjo; Tessema, Sofonias; Mukadi-Bamuleka, Daniel; Jansen, Daan; Halbrook, Megan; Merrit, Sydney; Hensley, Lisa; Delaporte, Eric; Mwamba, Dieudonne; Liesenborghs, Laurens; Hoff, Nicole; Peeters, Martine; Low, Nicola; Rimoin, Anne; Kindrachuk, Jason; Vercauteren, Koen; Rambaut, Andrew; Ahuka-Mundeke, Steve; Muyembe-Tamfum, Jean-Jacques"
PP_004AT65,Ia,None,Democratic Republic of the Congo,Tshopo,2025-01-09,186490,0.5966563392137275,2025-10-21,"Luakanda-Ndelemo, Gradi; Mbala-Kingebeni, Placide; Wawina-Bokalanga, Tony; Kinganda-Lusamaki, Eddy; Pukuta-Simbu, Elisabeth; Hasivirwe-Vakaniaki, Emmanuel; Ola-Mpumbe, Rilia; Kwete-Mbokama, Papy; Akil-Bandali, Prince; Kacita, Cris; Ponga-Museme, Ange; Mapenzi-Kashali, Nelson; Vakaniaki, Gloria; Amuri-Aziza, Adrienne; Kenye, Kelly-Michel; Muyamuna, Elisabeth; Kavira-Bapitani, Sifa; Mukadi, Patrick; OToole, Aine; Tshiani-Mbaya, Olivier; Paku-Tshambu, Princesse; Lokilo-Lofiko, Emmanuel; Muswamba-Kayembe, Chloe; Makangara-Cigolo, Jean-Claude; Cikaya-Kankolongo, Fiston; Lawanga, Leader; Mabika-Bope, Elzedek; Lumembe-Numbi, Raphael; Kabamba-Lungenyi, Gabriel; Citenga, Andre; Kelvin, D. J.; Pratt, Catherine; Ayouba, Ahidjo; Tessema, Sofonias; Mukadi-Bamuleka, Daniel; Jansen, Daan; Halbrook, Megan; Merrit, Sydney; Hensley, Lisa; Delaporte, Eric; Mwamba, Dieudonne; Liesenborghs, Laurens; Hoff, Nicole; Peeters, Martine; Low, Nicola; Rimoin, Anne; Kindrachuk, Jason; Vercauteren, Koen; Rambaut, Andrew; Ahuka-Mundeke, Steve; Muyembe-Tamfum, Jean-Jacques"
PP_004AT73,Ia,None,Democratic Republic of the Congo,Tshopo,2025-01-09,188738,0.6509946300625225,2025-10-21,"Luakanda-Ndelemo, Gradi; Mbala-Kingebeni, Placide; Wawina-Bokalanga, Tony; Kinganda-Lusamaki, Eddy; Pukuta-Simbu, Elisabeth; Hasivirwe-Vakaniaki, Emmanuel; Ola-Mpumbe, Rilia; Kwete-Mbokama, Papy; Akil-Bandali, Prince; Kacita, Cris; Ponga-Museme, Ange; Mapenzi-Kashali, Nelson; Vakaniaki, Gloria; Amuri-Aziza, Adrienne; Kenye, Kelly-Michel; Muyamuna, Elisabeth; Kavira-Bapitani, Sifa; Mukadi, Patrick; OToole, Aine; Tshiani-Mbaya, Olivier; Paku-Tshambu, Princesse; Lokilo-Lofiko, Emmanuel; Muswamba-Kayembe, Chloe; Makangara-Cigolo, Jean-Claude; Cikaya-Kankolongo, Fiston; Lawanga, Leader; Mabika-Bope, Elzedek; Lumembe-Numbi, Raphael; Kabamba-Lungenyi, Gabriel; Citenga, Andre; Kelvin, D. J.; Pratt, Catherine; Ayouba, Ahidjo; Tessema, Sofonias; Mukadi-Bamuleka, Daniel; Jansen, Daan; Halbrook, Megan; Merrit, Sydney; Hensley, Lisa; Delaporte, Eric; Mwamba, Dieudonne; Liesenborghs, Laurens; Hoff, Nicole; Peeters, Martine; Low, Nicola; Rimoin, Anne; Kindrachuk, Jason; Vercauteren, Koen; Rambaut, Andrew; Ahuka-Mundeke, Steve; Muyembe-Tamfum, Jean-Jacques"
PP_004AT81,Ia,None,Democratic Republic of the Congo,Tshopo,2025-01-09,188821,0.6158998828653864,2025-10-21,"Luakanda-Ndelemo, Gradi; Mbala-Kingebeni, Placide; Wawina-Bokalanga, Tony; Kinganda-Lusamaki, Eddy; Pukuta-Simbu, Elisabeth; Hasivirwe-Vakaniaki, Emmanuel; Ola-Mpumbe, Rilia; Kwete-Mbokama, Papy; Akil-Bandali, Prince; Kacita, Cris; Ponga-Museme, Ange; Mapenzi-Kashali, Nelson; Vakaniaki, Gloria; Amuri-Aziza, Adrienne; Kenye, Kelly-Michel; Muyamuna, Elisabeth; Kavira-Bapitani, Sifa; Mukadi, Patrick; OToole, Aine; Tshiani-Mbaya, Olivier; Paku-Tshambu, Princesse; Lokilo-Lofiko, Emmanuel; Muswamba-Kayembe, Chloe; Makangara-Cigolo, Jean-Claude; Cikaya-Kankolongo, Fiston; Lawanga, Leader; Mabika-Bope, Elzedek; Lumembe-Numbi, Raphael; Kabamba-Lungenyi, Gabriel; Citenga, Andre; Kelvin, D. J.; Pratt, Catherine; Ayouba, Ahidjo; Tessema, Sofonias; Mukadi-Bamuleka, Daniel; Jansen, Daan; Halbrook, Megan; Merrit, Sydney; Hensley, Lisa; Delaporte, Eric; Mwamba, Dieudonne; Liesenborghs, Laurens; Hoff, Nicole; Peeters, Martine; Low, Nicola; Rimoin, Anne; Kindrachuk, Jason; Vercauteren, Koen; Rambaut, Andrew; Ahuka-Mundeke, Steve; Muyembe-Tamfum, Jean-Jacques"
PP_004AT9Z,Ia,None,Democratic Republic of the Congo,Tshopo,2025-01-09,186450,0.5089727142270383,2025-10-21,"Luakanda-Ndelemo, Gradi; Mbala-Kingebeni, Placide; Wawina-Bokalanga, Tony; Kinganda-Lusamaki, Eddy; Pukuta-Simbu, Elisabeth; Hasivirwe-Vakaniaki, Emmanuel; Ola-Mpumbe, Rilia; Kwete-Mbokama, Papy; Akil-Bandali, Prince; Kacita, Cris; Ponga-Museme, Ange; Mapenzi-Kashali, Nelson; Vakaniaki, Gloria; Amuri-Aziza, Adrienne; Kenye, Kelly-Michel; Muyamuna, Elisabeth; Kavira-Bapitani, Sifa; Mukadi, Patrick; OToole, Aine; Tshiani-Mbaya, Olivier; Paku-Tshambu, Princesse; Lokilo-Lofiko, Emmanuel; Muswamba-Kayembe, Chloe; Makangara-Cigolo, Jean-Claude; Cikaya-Kankolongo, Fiston; Lawanga, Leader; Mabika-Bope, Elzedek; Lumembe-Numbi, Raphael; Kabamba-Lungenyi, Gabriel; Citenga, Andre; Kelvin, D. J.; Pratt, Catherine; Ayouba, Ahidjo; Tessema, Sofonias; Mukadi-Bamuleka, Daniel; Jansen, Daan; Halbrook, Megan; Merrit, Sydney; Hensley, Lisa; Delaporte, Eric; Mwamba, Dieudonne; Liesenborghs, Laurens; Hoff, Nicole; Peeters, Martine; Low, Nicola; Rimoin, Anne; Kindrachuk, Jason; Vercauteren, Koen; Rambaut, Andrew; Ahuka-Mundeke, Steve; Muyembe-Tamfum, Jean-Jacques"
PP_004ATAX,Ia,None,Democratic Republic of the Congo,Tshopo,2025-01-09,188669,0.48786820074134546,2025-10-21,"Luakanda-Ndelemo, Gradi; Mbala-Kingebeni, Placide; Wawina-Bokalanga, Tony; Kinganda-Lusamaki, Eddy; Pukuta-Simbu, Elisabeth; Hasivirwe-Vakaniaki, Emmanuel; Ola-Mpumbe, Rilia; Kwete-Mbokama, Papy; Akil-Bandali, Prince; Kacita, Cris; Ponga-Museme, Ange; Mapenzi-Kashali, Nelson; Vakaniaki, Gloria; Amuri-Aziza, Adrienne; Kenye, Kelly-Michel; Muyamuna, Elisabeth; Kavira-Bapitani, Sifa; Mukadi, Patrick; OToole, Aine; Tshiani-Mbaya, Olivier; Paku-Tshambu, Princesse; Lokilo-Lofiko, Emmanuel; Muswamba-Kayembe, Chloe; Makangara-Cigolo, Jean-Claude; Cikaya-Kankolongo, Fiston; Lawanga, Leader; Mabika-Bope, Elzedek; Lumembe-Numbi, Raphael; Kabamba-Lungenyi, Gabriel; Citenga, Andre; Kelvin, D. J.; Pratt, Catherine; Ayouba, Ahidjo; Tessema, Sofonias; Mukadi-Bamuleka, Daniel; Jansen, Daan; Halbrook, Megan; Merrit, Sydney; Hensley, Lisa; Delaporte, Eric; Mwamba, Dieudonne; Liesenborghs, Laurens; Hoff, Nicole; Peeters, Martine; Low, Nicola; Rimoin, Anne; Kindrachuk, Jason; Vercauteren, Koen; Rambaut, Andrew; Ahuka-Mundeke, Steve; Muyembe-Tamfum, Jean-Jacques"
PP_004ATBV,Ia,None,Democratic Republic of the Congo,Tshopo,2025-01-09,188490,0.568072451054465,2025-10-21,"Luakanda-Ndelemo, Gradi; Mbala-Kingebeni, Placide; Wawina-Bokalanga, Tony; Kinganda-Lusamaki, Eddy; Pukuta-Simbu, Elisabeth; Hasivirwe-Vakaniaki, Emmanuel; Ola-Mpumbe, Rilia; Kwete-Mbokama, Papy; Akil-Bandali, Prince; Kacita, Cris; Ponga-Museme, Ange; Mapenzi-Kashali, Nelson; Vakaniaki, Gloria; Amuri-Aziza, Adrienne; Kenye, Kelly-Michel; Muyamuna, Elisabeth; Kavira-Bapitani, Sifa; Mukadi, Patrick; OToole, Aine; Tshiani-Mbaya, Olivier; Paku-Tshambu, Princesse; Lokilo-Lofiko, Emmanuel; Muswamba-Kayembe, Chloe; Makangara-Cigolo, Jean-Claude; Cikaya-Kankolongo, Fiston; Lawanga, Leader; Mabika-Bope, Elzedek; Lumembe-Numbi, Raphael; Kabamba-Lungenyi, Gabriel; Citenga, Andre; Kelvin, D. J.; Pratt, Catherine; Ayouba, Ahidjo; Tessema, Sofonias; Mukadi-Bamuleka, Daniel; Jansen, Daan; Halbrook, Megan; Merrit, Sydney; Hensley, Lisa; Delaporte, Eric; Mwamba, Dieudonne; Liesenborghs, Laurens; Hoff, Nicole; Peeters, Martine; Low, Nicola; Rimoin, Anne; Kindrachuk, Jason; Vercauteren, Koen; Rambaut, Andrew; Ahuka-Mundeke, Steve; Muyembe-Tamfum, Jean-Jacques"
PP_004ATCT,Ia,None,Democratic Republic of the Congo,Tshopo,2025-01-09,188844,0.5961188383897287,2025-10-21,"Luakanda-Ndelemo, Gradi; Mbala-Kingebeni, Placide; Wawina-Bokalanga, Tony; Kinganda-Lusamaki, Eddy; Pukuta-Simbu, Elisabeth; Hasivirwe-Vakaniaki, Emmanuel; Ola-Mpumbe, Rilia; Kwete-Mbokama, Papy; Akil-Bandali, Prince; Kacita, Cris; Ponga-Museme, Ange; Mapenzi-Kashali, Nelson; Vakaniaki, Gloria; Amuri-Aziza, Adrienne; Kenye, Kelly-Michel; Muyamuna, Elisabeth; Kavira-Bapitani, Sifa; Mukadi, Patrick; OToole, Aine; Tshiani-Mbaya, Olivier; Paku-Tshambu, Princesse; Lokilo-Lofiko, Emmanuel; Muswamba-Kayembe, Chloe; Makangara-Cigolo, Jean-Claude; Cikaya-Kankolongo, Fiston; Lawanga, Leader; Mabika-Bope, Elzedek; Lumembe-Numbi, Raphael; Kabamba-Lungenyi, Gabriel; Citenga, Andre; Kelvin, D. J.; Pratt, Catherine; Ayouba, Ahidjo; Tessema, Sofonias; Mukadi-Bamuleka, Daniel; Jansen, Daan; Halbrook, Megan; Merrit, Sydney; Hensley, Lisa; Delaporte, Eric; Mwamba, Dieudonne; Liesenborghs, Laurens; Hoff, Nicole; Peeters, Martine; Low, Nicola; Rimoin, Anne; Kindrachuk, Jason; Vercauteren, Koen; Rambaut, Andrew; Ahuka-Mundeke, Steve; Muyembe-Tamfum, Jean-Jacques"
PP_004ATDR,Ia,None,Democratic Republic of the Congo,Tshopo,2025-01-09,188350,0.5259090609454944,2025-10-21,"Luakanda-Ndelemo, Gradi; Mbala-Kingebeni, Placide; Wawina-Bokalanga, Tony; Kinganda-Lusamaki, Eddy; Pukuta-Simbu, Elisabeth; Hasivirwe-Vakaniaki, Emmanuel; Ola-Mpumbe, Rilia; Kwete-Mbokama, Papy; Akil-Bandali, Prince; Kacita, Cris; Ponga-Museme, Ange; Mapenzi-Kashali, Nelson; Vakaniaki, Gloria; Amuri-Aziza, Adrienne; Kenye, Kelly-Michel; Muyamuna, Elisabeth; Kavira-Bapitani, Sifa; Mukadi, Patrick; OToole, Aine; Tshiani-Mbaya, Olivier; Paku-Tshambu, Princesse; Lokilo-Lofiko, Emmanuel; Muswamba-Kayembe, Chloe; Makangara-Cigolo, Jean-Claude; Cikaya-Kankolongo, Fiston; Lawanga, Leader; Mabika-Bope, Elzedek; Lumembe-Numbi, Raphael; Kabamba-Lungenyi, Gabriel; Citenga, Andre; Kelvin, D. J.; Pratt, Catherine; Ayouba, Ahidjo; Tessema, Sofonias; Mukadi-Bamuleka, Daniel; Jansen, Daan; Halbrook, Megan; Merrit, Sydney; Hensley, Lisa; Delaporte, Eric; Mwamba, Dieudonne; Liesenborghs, Laurens; Hoff, Nicole; Peeters, Martine; Low, Nicola; Rimoin, Anne; Kindrachuk, Jason; Vercauteren, Koen; Rambaut, Andrew; Ahuka-Mundeke, Steve; Muyembe-Tamfum, Jean-Jacques"
PP_004ATEP,Ia,None,Democratic Republic of the Congo,Tshopo,2025-01-09,188624,0.6088565937660045,2025-10-21,"Luakanda-Ndelemo, Gradi; Mbala-Kingebeni, Placide; Wawina-Bokalanga, Tony; Kinganda-Lusamaki, Eddy; Pukuta-Simbu, Elisabeth; Hasivirwe-Vakaniaki, Emmanuel; Ola-Mpumbe, Rilia; Kwete-Mbokama, Papy; Akil-Bandali, Prince; Kacita, Cris; Ponga-Museme, Ange; Mapenzi-Kashali, Nelson; Vakaniaki, Gloria; Amuri-Aziza, Adrienne; Kenye, Kelly-Michel; Muyamuna, Elisabeth; Kavira-Bapitani, Sifa; Mukadi, Patrick; OToole, Aine; Tshiani-Mbaya, Olivier; Paku-Tshambu, Princesse; Lokilo-Lofiko, Emmanuel; Muswamba-Kayembe, Chloe; Makangara-Cigolo, Jean-Claude; Cikaya-Kankolongo, Fiston; Lawanga, Leader; Mabika-Bope, Elzedek; Lumembe-Numbi, Raphael; Kabamba-Lungenyi, Gabriel; Citenga, Andre; Kelvin, D. J.; Pratt, Catherine; Ayouba, Ahidjo; Tessema, Sofonias; Mukadi-Bamuleka, Daniel; Jansen, Daan; Halbrook, Megan; Merrit, Sydney; Hensley, Lisa; Delaporte, Eric; Mwamba, Dieudonne; Liesenborghs, Laurens; Hoff, Nicole; Peeters, Martine; Low, Nicola; Rimoin, Anne; Kindrachuk, Jason; Vercauteren, Koen; Rambaut, Andrew; Ahuka-Mundeke, Steve; Muyembe-Tamfum, Jean-Jacques"
PP_004ATFM,Ia,None,Democratic Republic of the Congo,Tshopo,2025-01-09,188882,0.6446358938993656,2025-10-21,"Luakanda-Ndelemo, Gradi; Mbala-Kingebeni, Placide; Wawina-Bokalanga, Tony; Kinganda-Lusamaki, Eddy; Pukuta-Simbu, Elisabeth; Hasivirwe-Vakaniaki, Emmanuel; Ola-Mpumbe, Rilia; Kwete-Mbokama, Papy; Akil-Bandali, Prince; Kacita, Cris; Ponga-Museme, Ange; Mapenzi-Kashali, Nelson; Vakaniaki, Gloria; Amuri-Aziza, Adrienne; Kenye, Kelly-Michel; Muyamuna, Elisabeth; Kavira-Bapitani, Sifa; Mukadi, Patrick; OToole, Aine; Tshiani-Mbaya, Olivier; Paku-Tshambu, Princesse; Lokilo-Lofiko, Emmanuel; Muswamba-Kayembe, Chloe; Makangara-Cigolo, Jean-Claude; Cikaya-Kankolongo, Fiston; Lawanga, Leader; Mabika-Bope, Elzedek; Lumembe-Numbi, Raphael; Kabamba-Lungenyi, Gabriel; Citenga, Andre; Kelvin, D. J.; Pratt, Catherine; Ayouba, Ahidjo; Tessema, Sofonias; Mukadi-Bamuleka, Daniel; Jansen, Daan; Halbrook, Megan; Merrit, Sydney; Hensley, Lisa; Delaporte, Eric; Mwamba, Dieudonne; Liesenborghs, Laurens; Hoff, Nicole; Peeters, Martine; Low, Nicola; Rimoin, Anne; Kindrachuk, Jason; Vercauteren, Koen; Rambaut, Andrew; Ahuka-Mundeke, Steve; Muyembe-Tamfum, Jean-Jacques"
PP_004ATGK,Ia,None,Democratic Republic of the Congo,Tshopo,2025-01-09,188822,0.6255394023599329,2025-10-21,"Luakanda-Ndelemo, Gradi; Mbala-Kingebeni, Placide; Wawina-Bokalanga, Tony; Kinganda-Lusamaki, Eddy; Pukuta-Simbu, Elisabeth; Hasivirwe-Vakaniaki, Emmanuel; Ola-Mpumbe, Rilia; Kwete-Mbokama, Papy; Akil-Bandali, Prince; Kacita, Cris; Ponga-Museme, Ange; Mapenzi-Kashali, Nelson; Vakaniaki, Gloria; Amuri-Aziza, Adrienne; Kenye, Kelly-Michel; Muyamuna, Elisabeth; Kavira-Bapitani, Sifa; Mukadi, Patrick; OToole, Aine; Tshiani-Mbaya, Olivier; Paku-Tshambu, Princesse; Lokilo-Lofiko, Emmanuel; Muswamba-Kayembe, Chloe; Makangara-Cigolo, Jean-Claude; Cikaya-Kankolongo, Fiston; Lawanga, Leader; Mabika-Bope, Elzedek; Lumembe-Numbi, Raphael; Kabamba-Lungenyi, Gabriel; Citenga, Andre; Kelvin, D. J.; Pratt, Catherine; Ayouba, Ahidjo; Tessema, Sofonias; Mukadi-Bamuleka, Daniel; Jansen, Daan; Halbrook, Megan; Merrit, Sydney; Hensley, Lisa; Delaporte, Eric; Mwamba, Dieudonne; Liesenborghs, Laurens; Hoff, Nicole; Peeters, Martine; Low, Nicola; Rimoin, Anne; Kindrachuk, Jason; Vercauteren, Koen; Rambaut, Andrew; Ahuka-Mundeke, Steve; Muyembe-Tamfum, Jean-Jacques"
PP_004ATHG,Ia,None,Democratic Republic of the Congo,Tshopo,2025-01-09,188705,0.6206410457940561,2025-10-21,"Luakanda-Ndelemo, Gradi; Mbala-Kingebeni, Placide; Wawina-Bokalanga, Tony; Kinganda-Lusamaki, Eddy; Pukuta-Simbu, Elisabeth; Hasivirwe-Vakaniaki, Emmanuel; Ola-Mpumbe, Rilia; Kwete-Mbokama, Papy; Akil-Bandali, Prince; Kacita, Cris; Ponga-Museme, Ange; Mapenzi-Kashali, Nelson; Vakaniaki, Gloria; Amuri-Aziza, Adrienne; Kenye, Kelly-Michel; Muyamuna, Elisabeth; Kavira-Bapitani, Sifa; Mukadi, Patrick; OToole, Aine; Tshiani-Mbaya, Olivier; Paku-Tshambu, Princesse; Lokilo-Lofiko, Emmanuel; Muswamba-Kayembe, Chloe; Makangara-Cigolo, Jean-Claude; Cikaya-Kankolongo, Fiston; Lawanga, Leader; Mabika-Bope, Elzedek; Lumembe-Numbi, Raphael; Kabamba-Lungenyi, Gabriel; Citenga, Andre; Kelvin, D. J.; Pratt, Catherine; Ayouba, Ahidjo; Tessema, Sofonias; Mukadi-Bamuleka, Daniel; Jansen, Daan; Halbrook, Megan; Merrit, Sydney; Hensley, Lisa; Delaporte, Eric; Mwamba, Dieudonne; Liesenborghs, Laurens; Hoff, Nicole; Peeters, Martine; Low, Nicola; Rimoin, Anne; Kindrachuk, Jason; Vercauteren, Koen; Rambaut, Andrew; Ahuka-Mundeke, Steve; Muyembe-Tamfum, Jean-Jacques"
PP_004ATJE,Ia,None,Democratic Republic of the Congo,Tshopo,2025-01-09,189375,0.5820626847659083,2025-10-21,"Luakanda-Ndelemo, Gradi; Mbala-Kingebeni, Placide; Wawina-Bokalanga, Tony; Kinganda-Lusamaki, Eddy; Pukuta-Simbu, Elisabeth; Hasivirwe-Vakaniaki, Emmanuel; Ola-Mpumbe, Rilia; Kwete-Mbokama, Papy; Akil-Bandali, Prince; Kacita, Cris; Ponga-Museme, Ange; Mapenzi-Kashali, Nelson; Vakaniaki, Gloria; Amuri-Aziza, Adrienne; Kenye, Kelly-Michel; Muyamuna, Elisabeth; Kavira-Bapitani, Sifa; Mukadi, Patrick; OToole, Aine; Tshiani-Mbaya, Olivier; Paku-Tshambu, Princesse; Lokilo-Lofiko, Emmanuel; Muswamba-Kayembe, Chloe; Makangara-Cigolo, Jean-Claude; Cikaya-Kankolongo, Fiston; Lawanga, Leader; Mabika-Bope, Elzedek; Lumembe-Numbi, Raphael; Kabamba-Lungenyi, Gabriel; Citenga, Andre; Kelvin, D. J.; Pratt, Catherine; Ayouba, Ahidjo; Tessema, Sofonias; Mukadi-Bamuleka, Daniel; Jansen, Daan; Halbrook, Megan; Merrit, Sydney; Hensley, Lisa; Delaporte, Eric; Mwamba, Dieudonne; Liesenborghs, Laurens; Hoff, Nicole; Peeters, Martine; Low, Nicola; Rimoin, Anne; Kindrachuk, Jason; Vercauteren, Koen; Rambaut, Andrew; Ahuka-Mundeke, Steve; Muyembe-Tamfum, Jean-Jacques"
PP_004ATKC,Ib,A.1,Democratic Republic of the Congo,Tshopo,2025-01-09,187889,0.8195467752485941,2025-10-21,"Luakanda-Ndelemo, Gradi; Mbala-Kingebeni, Placide; Wawina-Bokalanga, Tony; Kinganda-Lusamaki, Eddy; Pukuta-Simbu, Elisabeth; Hasivirwe-Vakaniaki, Emmanuel; Ola-Mpumbe, Rilia; Kwete-Mbokama, Papy; Akil-Bandali, Prince; Kacita, Cris; Ponga-Museme, Ange; Mapenzi-Kashali, Nelson; Vakaniaki, Gloria; Amuri-Aziza, Adrienne; Kenye, Kelly-Michel; Muyamuna, Elisabeth; Kavira-Bapitani, Sifa; Mukadi, Patrick; OToole, Aine; Tshiani-Mbaya, Olivier; Paku-Tshambu, Princesse; Lokilo-Lofiko, Emmanuel; Muswamba-Kayembe, Chloe; Makangara-Cigolo, Jean-Claude; Cikaya-Kankolongo, Fiston; Lawanga, Leader; Mabika-Bope, Elzedek; Lumembe-Numbi, Raphael; Kabamba-Lungenyi, Gabriel; Citenga, Andre; Kelvin, D. J.; Pratt, Catherine; Ayouba, Ahidjo; Tessema, Sofonias; Mukadi-Bamuleka, Daniel; Jansen, Daan; Halbrook, Megan; Merrit, Sydney; Hensley, Lisa; Delaporte, Eric; Mwamba, Dieudonne; Liesenborghs, Laurens; Hoff, Nicole; Peeters, Martine; Low, Nicola; Rimoin, Anne; Kindrachuk, Jason; Vercauteren, Koen; Rambaut, Andrew; Ahuka-Mundeke, Steve; Muyembe-Tamfum, Jean-Jacques"
PP_004ATLA,Ia,None,Democratic Republic of the Congo,Tshopo,2025-01-09,188720,0.575992982064713,2025-10-21,"Luakanda-Ndelemo, Gradi; Mbala-Kingebeni, Placide; Wawina-Bokalanga, Tony; Kinganda-Lusamaki, Eddy; Pukuta-Simbu, Elisabeth; Hasivirwe-Vakaniaki, Emmanuel; Ola-Mpumbe, Rilia; Kwete-Mbokama, Papy; Akil-Bandali, Prince; Kacita, Cris; Ponga-Museme, Ange; Mapenzi-Kashali, Nelson; Vakaniaki, Gloria; Amuri-Aziza, Adrienne; Kenye, Kelly-Michel; Muyamuna, Elisabeth; Kavira-Bapitani, Sifa; Mukadi, Patrick; OToole, Aine; Tshiani-Mbaya, Olivier; Paku-Tshambu, Princesse; Lokilo-Lofiko, Emmanuel; Muswamba-Kayembe, Chloe; Makangara-Cigolo, Jean-Claude; Cikaya-Kankolongo, Fiston; Lawanga, Leader; Mabika-Bope, Elzedek; Lumembe-Numbi, Raphael; Kabamba-Lungenyi, Gabriel; Citenga, Andre; Kelvin, D. J.; Pratt, Catherine; Ayouba, Ahidjo; Tessema, Sofonias; Mukadi-Bamuleka, Daniel; Jansen, Daan; Halbrook, Megan; Merrit, Sydney; Hensley, Lisa; Delaporte, Eric; Mwamba, Dieudonne; Liesenborghs, Laurens; Hoff, Nicole; Peeters, Martine; Low, Nicola; Rimoin, Anne; Kindrachuk, Jason; Vercauteren, Koen; Rambaut, Andrew; Ahuka-Mundeke, Steve; Muyembe-Tamfum, Jean-Jacques"
PP_004ATM8,Ia,None,Democratic Republic of the Congo,Tshopo,2025-01-09,189367,0.6066761658950657,2025-10-21,"Luakanda-Ndelemo, Gradi; Mbala-Kingebeni, Placide; Wawina-Bokalanga, Tony; Kinganda-Lusamaki, Eddy; Pukuta-Simbu, Elisabeth; Hasivirwe-Vakaniaki, Emmanuel; Ola-Mpumbe, Rilia; Kwete-Mbokama, Papy; Akil-Bandali, Prince; Kacita, Cris; Ponga-Museme, Ange; Mapenzi-Kashali, Nelson; Vakaniaki, Gloria; Amuri-Aziza, Adrienne; Kenye, Kelly-Michel; Muyamuna, Elisabeth; Kavira-Bapitani, Sifa; Mukadi, Patrick; OToole, Aine; Tshiani-Mbaya, Olivier; Paku-Tshambu, Princesse; Lokilo-Lofiko, Emmanuel; Muswamba-Kayembe, Chloe; Makangara-Cigolo, Jean-Claude; Cikaya-Kankolongo, Fiston; Lawanga, Leader; Mabika-Bope, Elzedek; Lumembe-Numbi, Raphael; Kabamba-Lungenyi, Gabriel; Citenga, Andre; Kelvin, D. J.; Pratt, Catherine; Ayouba, Ahidjo; Tessema, Sofonias; Mukadi-Bamuleka, Daniel; Jansen, Daan; Halbrook, Megan; Merrit, Sydney; Hensley, Lisa; Delaporte, Eric; Mwamba, Dieudonne; Liesenborghs, Laurens; Hoff, Nicole; Peeters, Martine; Low, Nicola; Rimoin, Anne; Kindrachuk, Jason; Vercauteren, Koen; Rambaut, Andrew; Ahuka-Mundeke, Steve; Muyembe-Tamfum, Jean-Jacques"
PP_004ATN6,Ia,None,Democratic Republic of the Congo,Tshopo,2025-01-09,188859,0.6120156787976208,2025-10-21,"Luakanda-Ndelemo, Gradi; Mbala-Kingebeni, Placide; Wawina-Bokalanga, Tony; Kinganda-Lusamaki, Eddy; Pukuta-Simbu, Elisabeth; Hasivirwe-Vakaniaki, Emmanuel; Ola-Mpumbe, Rilia; Kwete-Mbokama, Papy; Akil-Bandali, Prince; Kacita, Cris; Ponga-Museme, Ange; Mapenzi-Kashali, Nelson; Vakaniaki, Gloria; Amuri-Aziza, Adrienne; Kenye, Kelly-Michel; Muyamuna, Elisabeth; Kavira-Bapitani, Sifa; Mukadi, Patrick; OToole, Aine; Tshiani-Mbaya, Olivier; Paku-Tshambu, Princesse; Lokilo-Lofiko, Emmanuel; Muswamba-Kayembe, Chloe; Makangara-Cigolo, Jean-Claude; Cikaya-Kankolongo, Fiston; Lawanga, Leader; Mabika-Bope, Elzedek; Lumembe-Numbi, Raphael; Kabamba-Lungenyi, Gabriel; Citenga, Andre; Kelvin, D. J.; Pratt, Catherine; Ayouba, Ahidjo; Tessema, Sofonias; Mukadi-Bamuleka, Daniel; Jansen, Daan; Halbrook, Megan; Merrit, Sydney; Hensley, Lisa; Delaporte, Eric; Mwamba, Dieudonne; Liesenborghs, Laurens; Hoff, Nicole; Peeters, Martine; Low, Nicola; Rimoin, Anne; Kindrachuk, Jason; Vercauteren, Koen; Rambaut, Andrew; Ahuka-Mundeke, Steve; Muyembe-Tamfum, Jean-Jacques"
PP_004ATP4,Ia,None,Democratic Republic of the Congo,Tshopo,2025-01-09,189091,0.5668503972942411,2025-10-21,"Luakanda-Ndelemo, Gradi; Mbala-Kingebeni, Placide; Wawina-Bokalanga, Tony; Kinganda-Lusamaki, Eddy; Pukuta-Simbu, Elisabeth; Hasivirwe-Vakaniaki, Emmanuel; Ola-Mpumbe, Rilia; Kwete-Mbokama, Papy; Akil-Bandali, Prince; Kacita, Cris; Ponga-Museme, Ange; Mapenzi-Kashali, Nelson; Vakaniaki, Gloria; Amuri-Aziza, Adrienne; Kenye, Kelly-Michel; Muyamuna, Elisabeth; Kavira-Bapitani, Sifa; Mukadi, Patrick; OToole, Aine; Tshiani-Mbaya, Olivier; Paku-Tshambu, Princesse; Lokilo-Lofiko, Emmanuel; Muswamba-Kayembe, Chloe; Makangara-Cigolo, Jean-Claude; Cikaya-Kankolongo, Fiston; Lawanga, Leader; Mabika-Bope, Elzedek; Lumembe-Numbi, Raphael; Kabamba-Lungenyi, Gabriel; Citenga, Andre; Kelvin, D. J.; Pratt, Catherine; Ayouba, Ahidjo; Tessema, Sofonias; Mukadi-Bamuleka, Daniel; Jansen, Daan; Halbrook, Megan; Merrit, Sydney; Hensley, Lisa; Delaporte, Eric; Mwamba, Dieudonne; Liesenborghs, Laurens; Hoff, Nicole; Peeters, Martine; Low, Nicola; Rimoin, Anne; Kindrachuk, Jason; Vercauteren, Koen; Rambaut, Andrew; Ahuka-Mundeke, Steve; Muyembe-Tamfum, Jean-Jacques"
PP_004ATQ2,Ia,None,Democratic Republic of the Congo,Tshopo,2025-01-09,188496,0.5387330192841098,2025-10-21,"Luakanda-Ndelemo, Gradi; Mbala-Kingebeni, Placide; Wawina-Bokalanga, Tony; Kinganda-Lusamaki, Eddy; Pukuta-Simbu, Elisabeth; Hasivirwe-Vakaniaki, Emmanuel; Ola-Mpumbe, Rilia; Kwete-Mbokama, Papy; Akil-Bandali, Prince; Kacita, Cris; Ponga-Museme, Ange; Mapenzi-Kashali, Nelson; Vakaniaki, Gloria; Amuri-Aziza, Adrienne; Kenye, Kelly-Michel; Muyamuna, Elisabeth; Kavira-Bapitani, Sifa; Mukadi, Patrick; OToole, Aine; Tshiani-Mbaya, Olivier; Paku-Tshambu, Princesse; Lokilo-Lofiko, Emmanuel; Muswamba-Kayembe, Chloe; Makangara-Cigolo, Jean-Claude; Cikaya-Kankolongo, Fiston; Lawanga, Leader; Mabika-Bope, Elzedek; Lumembe-Numbi, Raphael; Kabamba-Lungenyi, Gabriel; Citenga, Andre; Kelvin, D. J.; Pratt, Catherine; Ayouba, Ahidjo; Tessema, Sofonias; Mukadi-Bamuleka, Daniel; Jansen, Daan; Halbrook, Megan; Merrit, Sydney; Hensley, Lisa; Delaporte, Eric; Mwamba, Dieudonne; Liesenborghs, Laurens; Hoff, Nicole; Peeters, Martine; Low, Nicola; Rimoin, Anne; Kindrachuk, Jason; Vercauteren, Koen; Rambaut, Andrew; Ahuka-Mundeke, Steve; Muyembe-Tamfum, Jean-Jacques"
PP_004ATR0,Ia,None,Democratic Republic of the Congo,Tshopo,2025-01-09,185956,0.4237078429483441,2025-10-21,"Luakanda-Ndelemo, Gradi; Mbala-Kingebeni, Placide; Wawina-Bokalanga, Tony; Kinganda-Lusamaki, Eddy; Pukuta-Simbu, Elisabeth; Hasivirwe-Vakaniaki, Emmanuel; Ola-Mpumbe, Rilia; Kwete-Mbokama, Papy; Akil-Bandali, Prince; Kacita, Cris; Ponga-Museme, Ange; Mapenzi-Kashali, Nelson; Vakaniaki, Gloria; Amuri-Aziza, Adrienne; Kenye, Kelly-Michel; Muyamuna, Elisabeth; Kavira-Bapitani, Sifa; Mukadi, Patrick; OToole, Aine; Tshiani-Mbaya, Olivier; Paku-Tshambu, Princesse; Lokilo-Lofiko, Emmanuel; Muswamba-Kayembe, Chloe; Makangara-Cigolo, Jean-Claude; Cikaya-Kankolongo, Fiston; Lawanga, Leader; Mabika-Bope, Elzedek; Lumembe-Numbi, Raphael; Kabamba-Lungenyi, Gabriel; Citenga, Andre; Kelvin, D. J.; Pratt, Catherine; Ayouba, Ahidjo; Tessema, Sofonias; Mukadi-Bamuleka, Daniel; Jansen, Daan; Halbrook, Megan; Merrit, Sydney; Hensley, Lisa; Delaporte, Eric; Mwamba, Dieudonne; Liesenborghs, Laurens; Hoff, Nicole; Peeters, Martine; Low, Nicola; Rimoin, Anne; Kindrachuk, Jason; Vercauteren, Koen; Rambaut, Andrew; Ahuka-Mundeke, Steve; Muyembe-Tamfum, Jean-Jacques"
PP_004ATSY,Ia,None,Democratic Republic of the Congo,Tshopo,2025-01-09,188375,0.5619976775907793,2025-10-21,"Luakanda-Ndelemo, Gradi; Mbala-Kingebeni, Placide; Wawina-Bokalanga, Tony; Kinganda-Lusamaki, Eddy; Pukuta-Simbu, Elisabeth; Hasivirwe-Vakaniaki, Emmanuel; Ola-Mpumbe, Rilia; Kwete-Mbokama, Papy; Akil-Bandali, Prince; Kacita, Cris; Ponga-Museme, Ange; Mapenzi-Kashali, Nelson; Vakaniaki, Gloria; Amuri-Aziza, Adrienne; Kenye, Kelly-Michel; Muyamuna, Elisabeth; Kavira-Bapitani, Sifa; Mukadi, Patrick; OToole, Aine; Tshiani-Mbaya, Olivier; Paku-Tshambu, Princesse; Lokilo-Lofiko, Emmanuel; Muswamba-Kayembe, Chloe; Makangara-Cigolo, Jean-Claude; Cikaya-Kankolongo, Fiston; Lawanga, Leader; Mabika-Bope, Elzedek; Lumembe-Numbi, Raphael; Kabamba-Lungenyi, Gabriel; Citenga, Andre; Kelvin, D. J.; Pratt, Catherine; Ayouba, Ahidjo; Tessema, Sofonias; Mukadi-Bamuleka, Daniel; Jansen, Daan; Halbrook, Megan; Merrit, Sydney; Hensley, Lisa; Delaporte, Eric; Mwamba, Dieudonne; Liesenborghs, Laurens; Hoff, Nicole; Peeters, Martine; Low, Nicola; Rimoin, Anne; Kindrachuk, Jason; Vercauteren, Koen; Rambaut, Andrew; Ahuka-Mundeke, Steve; Muyembe-Tamfum, Jean-Jacques"
PP_004ATTW,Ia,None,Democratic Republic of the Congo,Tshopo,2025-01-09,189272,0.6082379607421567,2025-10-21,"Luakanda-Ndelemo, Gradi; Mbala-Kingebeni, Placide; Wawina-Bokalanga, Tony; Kinganda-Lusamaki, Eddy; Pukuta-Simbu, Elisabeth; Hasivirwe-Vakaniaki, Emmanuel; Ola-Mpumbe, Rilia; Kwete-Mbokama, Papy; Akil-Bandali, Prince; Kacita, Cris; Ponga-Museme, Ange; Mapenzi-Kashali, Nelson; Vakaniaki, Gloria; Amuri-Aziza, Adrienne; Kenye, Kelly-Michel; Muyamuna, Elisabeth; Kavira-Bapitani, Sifa; Mukadi, Patrick; OToole, Aine; Tshiani-Mbaya, Olivier; Paku-Tshambu, Princesse; Lokilo-Lofiko, Emmanuel; Muswamba-Kayembe, Chloe; Makangara-Cigolo, Jean-Claude; Cikaya-Kankolongo, Fiston; Lawanga, Leader; Mabika-Bope, Elzedek; Lumembe-Numbi, Raphael; Kabamba-Lungenyi, Gabriel; Citenga, Andre; Kelvin, D. J.; Pratt, Catherine; Ayouba, Ahidjo; Tessema, Sofonias; Mukadi-Bamuleka, Daniel; Jansen, Daan; Halbrook, Megan; Merrit, Sydney; Hensley, Lisa; Delaporte, Eric; Mwamba, Dieudonne; Liesenborghs, Laurens; Hoff, Nicole; Peeters, Martine; Low, Nicola; Rimoin, Anne; Kindrachuk, Jason; Vercauteren, Koen; Rambaut, Andrew; Ahuka-Mundeke, Steve; Muyembe-Tamfum, Jean-Jacques"
PP_004ATUU,Ia,None,Democratic Republic of the Congo,Tshopo,2025-01-09,188799,0.5620179606407415,2025-10-21,"Luakanda-Ndelemo, Gradi; Mbala-Kingebeni, Placide; Wawina-Bokalanga, Tony; Kinganda-Lusamaki, Eddy; Pukuta-Simbu, Elisabeth; Hasivirwe-Vakaniaki, Emmanuel; Ola-Mpumbe, Rilia; Kwete-Mbokama, Papy; Akil-Bandali, Prince; Kacita, Cris; Ponga-Museme, Ange; Mapenzi-Kashali, Nelson; Vakaniaki, Gloria; Amuri-Aziza, Adrienne; Kenye, Kelly-Michel; Muyamuna, Elisabeth; Kavira-Bapitani, Sifa; Mukadi, Patrick; OToole, Aine; Tshiani-Mbaya, Olivier; Paku-Tshambu, Princesse; Lokilo-Lofiko, Emmanuel; Muswamba-Kayembe, Chloe; Makangara-Cigolo, Jean-Claude; Cikaya-Kankolongo, Fiston; Lawanga, Leader; Mabika-Bope, Elzedek; Lumembe-Numbi, Raphael; Kabamba-Lungenyi, Gabriel; Citenga, Andre; Kelvin, D. J.; Pratt, Catherine; Ayouba, Ahidjo; Tessema, Sofonias; Mukadi-Bamuleka, Daniel; Jansen, Daan; Halbrook, Megan; Merrit, Sydney; Hensley, Lisa; Delaporte, Eric; Mwamba, Dieudonne; Liesenborghs, Laurens; Hoff, Nicole; Peeters, Martine; Low, Nicola; Rimoin, Anne; Kindrachuk, Jason; Vercauteren, Koen; Rambaut, Andrew; Ahuka-Mundeke, Steve; Muyembe-Tamfum, Jean-Jacques"
PP_004ATVS,Ia,None,Democratic Republic of the Congo,Tshopo,2025-01-09,189250,0.5470642820560928,2025-10-21,"Luakanda-Ndelemo, Gradi; Mbala-Kingebeni, Placide; Wawina-Bokalanga, Tony; Kinganda-Lusamaki, Eddy; Pukuta-Simbu, Elisabeth; Hasivirwe-Vakaniaki, Emmanuel; Ola-Mpumbe, Rilia; Kwete-Mbokama, Papy; Akil-Bandali, Prince; Kacita, Cris; Ponga-Museme, Ange; Mapenzi-Kashali, Nelson; Vakaniaki, Gloria; Amuri-Aziza, Adrienne; Kenye, Kelly-Michel; Muyamuna, Elisabeth; Kavira-Bapitani, Sifa; Mukadi, Patrick; OToole, Aine; Tshiani-Mbaya, Olivier; Paku-Tshambu, Princesse; Lokilo-Lofiko, Emmanuel; Muswamba-Kayembe, Chloe; Makangara-Cigolo, Jean-Claude; Cikaya-Kankolongo, Fiston; Lawanga, Leader; Mabika-Bope, Elzedek; Lumembe-Numbi, Raphael; Kabamba-Lungenyi, Gabriel; Citenga, Andre; Kelvin, D. J.; Pratt, Catherine; Ayouba, Ahidjo; Tessema, Sofonias; Mukadi-Bamuleka, Daniel; Jansen, Daan; Halbrook, Megan; Merrit, Sydney; Hensley, Lisa; Delaporte, Eric; Mwamba, Dieudonne; Liesenborghs, Laurens; Hoff, Nicole; Peeters, Martine; Low, Nicola; Rimoin, Anne; Kindrachuk, Jason; Vercauteren, Koen; Rambaut, Andrew; Ahuka-Mundeke, Steve; Muyembe-Tamfum, Jean-Jacques"
PP_004ATWQ,Ia,None,Democratic Republic of the Congo,Tshopo,2025-01-09,188488,0.5162137630635518,2025-10-21,"Luakanda-Ndelemo, Gradi; Mbala-Kingebeni, Placide; Wawina-Bokalanga, Tony; Kinganda-Lusamaki, Eddy; Pukuta-Simbu, Elisabeth; Hasivirwe-Vakaniaki, Emmanuel; Ola-Mpumbe, Rilia; Kwete-Mbokama, Papy; Akil-Bandali, Prince; Kacita, Cris; Ponga-Museme, Ange; Mapenzi-Kashali, Nelson; Vakaniaki, Gloria; Amuri-Aziza, Adrienne; Kenye, Kelly-Michel; Muyamuna, Elisabeth; Kavira-Bapitani, Sifa; Mukadi, Patrick; OToole, Aine; Tshiani-Mbaya, Olivier; Paku-Tshambu, Princesse; Lokilo-Lofiko, Emmanuel; Muswamba-Kayembe, Chloe; Makangara-Cigolo, Jean-Claude; Cikaya-Kankolongo, Fiston; Lawanga, Leader; Mabika-Bope, Elzedek; Lumembe-Numbi, Raphael; Kabamba-Lungenyi, Gabriel; Citenga, Andre; Kelvin, D. J.; Pratt, Catherine; Ayouba, Ahidjo; Tessema, Sofonias; Mukadi-Bamuleka, Daniel; Jansen, Daan; Halbrook, Megan; Merrit, Sydney; Hensley, Lisa; Delaporte, Eric; Mwamba, Dieudonne; Liesenborghs, Laurens; Hoff, Nicole; Peeters, Martine; Low, Nicola; Rimoin, Anne; Kindrachuk, Jason; Vercauteren, Koen; Rambaut, Andrew; Ahuka-Mundeke, Steve; Muyembe-Tamfum, Jean-Jacques"
PP_004ATXN,Ia,None,Democratic Republic of the Congo,Tshopo,2025-01-09,189094,0.5808811971056088,2025-10-21,"Luakanda-Ndelemo, Gradi; Mbala-Kingebeni, Placide; Wawina-Bokalanga, Tony; Kinganda-Lusamaki, Eddy; Pukuta-Simbu, Elisabeth; Hasivirwe-Vakaniaki, Emmanuel; Ola-Mpumbe, Rilia; Kwete-Mbokama, Papy; Akil-Bandali, Prince; Kacita, Cris; Ponga-Museme, Ange; Mapenzi-Kashali, Nelson; Vakaniaki, Gloria; Amuri-Aziza, Adrienne; Kenye, Kelly-Michel; Muyamuna, Elisabeth; Kavira-Bapitani, Sifa; Mukadi, Patrick; OToole, Aine; Tshiani-Mbaya, Olivier; Paku-Tshambu, Princesse; Lokilo-Lofiko, Emmanuel; Muswamba-Kayembe, Chloe; Makangara-Cigolo, Jean-Claude; Cikaya-Kankolongo, Fiston; Lawanga, Leader; Mabika-Bope, Elzedek; Lumembe-Numbi, Raphael; Kabamba-Lungenyi, Gabriel; Citenga, Andre; Kelvin, D. J.; Pratt, Catherine; Ayouba, Ahidjo; Tessema, Sofonias; Mukadi-Bamuleka, Daniel; Jansen, Daan; Halbrook, Megan; Merrit, Sydney; Hensley, Lisa; Delaporte, Eric; Mwamba, Dieudonne; Liesenborghs, Laurens; Hoff, Nicole; Peeters, Martine; Low, Nicola; Rimoin, Anne; Kindrachuk, Jason; Vercauteren, Koen; Rambaut, Andrew; Ahuka-Mundeke, Steve; Muyembe-Tamfum, Jean-Jacques"
PP_004ATYL,Ia,None,Democratic Republic of the Congo,Tshopo,2025-01-09,188871,0.5124106911956351,2025-10-21,"Luakanda-Ndelemo, Gradi; Mbala-Kingebeni, Placide; Wawina-Bokalanga, Tony; Kinganda-Lusamaki, Eddy; Pukuta-Simbu, Elisabeth; Hasivirwe-Vakaniaki, Emmanuel; Ola-Mpumbe, Rilia; Kwete-Mbokama, Papy; Akil-Bandali, Prince; Kacita, Cris; Ponga-Museme, Ange; Mapenzi-Kashali, Nelson; Vakaniaki, Gloria; Amuri-Aziza, Adrienne; Kenye, Kelly-Michel; Muyamuna, Elisabeth; Kavira-Bapitani, Sifa; Mukadi, Patrick; OToole, Aine; Tshiani-Mbaya, Olivier; Paku-Tshambu, Princesse; Lokilo-Lofiko, Emmanuel; Muswamba-Kayembe, Chloe; Makangara-Cigolo, Jean-Claude; Cikaya-Kankolongo, Fiston; Lawanga, Leader; Mabika-Bope, Elzedek; Lumembe-Numbi, Raphael; Kabamba-Lungenyi, Gabriel; Citenga, Andre; Kelvin, D. J.; Pratt, Catherine; Ayouba, Ahidjo; Tessema, Sofonias; Mukadi-Bamuleka, Daniel; Jansen, Daan; Halbrook, Megan; Merrit, Sydney; Hensley, Lisa; Delaporte, Eric; Mwamba, Dieudonne; Liesenborghs, Laurens; Hoff, Nicole; Peeters, Martine; Low, Nicola; Rimoin, Anne; Kindrachuk, Jason; Vercauteren, Koen; Rambaut, Andrew; Ahuka-Mundeke, Steve; Muyembe-Tamfum, Jean-Jacques"
PP_004ATZJ,Ia,None,Democratic Republic of the Congo,Tshopo,2025-01-09,186410,0.47917184307004246,2025-10-21,"Luakanda-Ndelemo, Gradi; Mbala-Kingebeni, Placide; Wawina-Bokalanga, Tony; Kinganda-Lusamaki, Eddy; Pukuta-Simbu, Elisabeth; Hasivirwe-Vakaniaki, Emmanuel; Ola-Mpumbe, Rilia; Kwete-Mbokama, Papy; Akil-Bandali, Prince; Kacita, Cris; Ponga-Museme, Ange; Mapenzi-Kashali, Nelson; Vakaniaki, Gloria; Amuri-Aziza, Adrienne; Kenye, Kelly-Michel; Muyamuna, Elisabeth; Kavira-Bapitani, Sifa; Mukadi, Patrick; OToole, Aine; Tshiani-Mbaya, Olivier; Paku-Tshambu, Princesse; Lokilo-Lofiko, Emmanuel; Muswamba-Kayembe, Chloe; Makangara-Cigolo, Jean-Claude; Cikaya-Kankolongo, Fiston; Lawanga, Leader; Mabika-Bope, Elzedek; Lumembe-Numbi, Raphael; Kabamba-Lungenyi, Gabriel; Citenga, Andre; Kelvin, D. J.; Pratt, Catherine; Ayouba, Ahidjo; Tessema, Sofonias; Mukadi-Bamuleka, Daniel; Jansen, Daan; Halbrook, Megan; Merrit, Sydney; Hensley, Lisa; Delaporte, Eric; Mwamba, Dieudonne; Liesenborghs, Laurens; Hoff, Nicole; Peeters, Martine; Low, Nicola; Rimoin, Anne; Kindrachuk, Jason; Vercauteren, Koen; Rambaut, Andrew; Ahuka-Mundeke, Steve; Muyembe-Tamfum, Jean-Jacques"
PP_004AU0G,Ia,None,Democratic Republic of the Congo,Tshopo,2025-01-09,189265,0.6369891840636076,2025-10-21,"Luakanda-Ndelemo, Gradi; Mbala-Kingebeni, Placide; Wawina-Bokalanga, Tony; Kinganda-Lusamaki, Eddy; Pukuta-Simbu, Elisabeth; Hasivirwe-Vakaniaki, Emmanuel; Ola-Mpumbe, Rilia; Kwete-Mbokama, Papy; Akil-Bandali, Prince; Kacita, Cris; Ponga-Museme, Ange; Mapenzi-Kashali, Nelson; Vakaniaki, Gloria; Amuri-Aziza, Adrienne; Kenye, Kelly-Michel; Muyamuna, Elisabeth; Kavira-Bapitani, Sifa; Mukadi, Patrick; OToole, Aine; Tshiani-Mbaya, Olivier; Paku-Tshambu, Princesse; Lokilo-Lofiko, Emmanuel; Muswamba-Kayembe, Chloe; Makangara-Cigolo, Jean-Claude; Cikaya-Kankolongo, Fiston; Lawanga, Leader; Mabika-Bope, Elzedek; Lumembe-Numbi, Raphael; Kabamba-Lungenyi, Gabriel; Citenga, Andre; Kelvin, D. J.; Pratt, Catherine; Ayouba, Ahidjo; Tessema, Sofonias; Mukadi-Bamuleka, Daniel; Jansen, Daan; Halbrook, Megan; Merrit, Sydney; Hensley, Lisa; Delaporte, Eric; Mwamba, Dieudonne; Liesenborghs, Laurens; Hoff, Nicole; Peeters, Martine; Low, Nicola; Rimoin, Anne; Kindrachuk, Jason; Vercauteren, Koen; Rambaut, Andrew; Ahuka-Mundeke, Steve; Muyembe-Tamfum, Jean-Jacques"
PP_004AU1E,Ia,None,Democratic Republic of the Congo,Tshopo,2025-01-09,189271,0.6909623800130825,2025-10-21,"Luakanda-Ndelemo, Gradi; Mbala-Kingebeni, Placide; Wawina-Bokalanga, Tony; Kinganda-Lusamaki, Eddy; Pukuta-Simbu, Elisabeth; Hasivirwe-Vakaniaki, Emmanuel; Ola-Mpumbe, Rilia; Kwete-Mbokama, Papy; Akil-Bandali, Prince; Kacita, Cris; Ponga-Museme, Ange; Mapenzi-Kashali, Nelson; Vakaniaki, Gloria; Amuri-Aziza, Adrienne; Kenye, Kelly-Michel; Muyamuna, Elisabeth; Kavira-Bapitani, Sifa; Mukadi, Patrick; OToole, Aine; Tshiani-Mbaya, Olivier; Paku-Tshambu, Princesse; Lokilo-Lofiko, Emmanuel; Muswamba-Kayembe, Chloe; Makangara-Cigolo, Jean-Claude; Cikaya-Kankolongo, Fiston; Lawanga, Leader; Mabika-Bope, Elzedek; Lumembe-Numbi, Raphael; Kabamba-Lungenyi, Gabriel; Citenga, Andre; Kelvin, D. J.; Pratt, Catherine; Ayouba, Ahidjo; Tessema, Sofonias; Mukadi-Bamuleka, Daniel; Jansen, Daan; Halbrook, Megan; Merrit, Sydney; Hensley, Lisa; Delaporte, Eric; Mwamba, Dieudonne; Liesenborghs, Laurens; Hoff, Nicole; Peeters, Martine; Low, Nicola; Rimoin, Anne; Kindrachuk, Jason; Vercauteren, Koen; Rambaut, Andrew; Ahuka-Mundeke, Steve; Muyembe-Tamfum, Jean-Jacques"
PP_004AU2C,Ia,None,Democratic Republic of the Congo,Kinshasa,2025-01-09,189290,0.6143837248807104,2025-10-21,"Amuri-Aziza, Adrienne; Mbala-Kingebeni, Placide; Wawina-Bokalanga, Tony; Kinganda-Lusamaki, Eddy; Pukuta-Simbu, Elisabeth; Hasivirwe-Vakaniaki, Emmanuel; Ola-Mpumbe, Rilia; Kwete-Mbokama, Papy; Akil-Bandali, Prince; Kacita, Cris; Ponga-Museme, Ange; Mapenzi-Kashali, Nelson; Vakaniaki, Gloria; Kenye, Kelly-Michel; Muyamuna, Elisabeth; Kavira-Bapitani, Sifa; Mukadi, Patrick; OToole, Aine; Tshiani-Mbaya, Olivier; Paku-Tshambu, Princesse; Lokilo-Lofiko, Emmanuel; Muswamba-Kayembe, Chloe; Makangara-Cigolo, Jean-Claude; Cikaya-Kankolongo, Fiston; Luakanda-Ndelemo, Gradi; Lawanga, Leader; Mabika-Bope, Elzedek; Lumembe-Numbi, Raphael; Kabamba-Lungenyi, Gabriel; Citenga, Andre; Kelvin, D. J.; Pratt, Catherine; Ayouba, Ahidjo; Tessema, Sofonias; Mukadi-Bamuleka, Daniel; Jansen, Daan; Halbrook, Megan; Merrit, Sydney; Hensley, Lisa; Delaporte, Eric; Mwamba, Dieudonne; Liesenborghs, Laurens; Hoff, Nicole; Peeters, Martine; Low, Nicola; Rimoin, Anne; Kindrachuk, Jason; Vercauteren, Koen; Rambaut, Andrew; Ahuka-Mundeke, Steve; Muyembe-Tamfum, Jean-Jacques"
PP_004AU3A,Ia,None,Democratic Republic of the Congo,Kinshasa,2025-01-09,189289,0.68135835585597,2025-10-21,"Amuri-Aziza, Adrienne; Mbala-Kingebeni, Placide; Wawina-Bokalanga, Tony; Kinganda-Lusamaki, Eddy; Pukuta-Simbu, Elisabeth; Hasivirwe-Vakaniaki, Emmanuel; Ola-Mpumbe, Rilia; Kwete-Mbokama, Papy; Akil-Bandali, Prince; Kacita, Cris; Ponga-Museme, Ange; Mapenzi-Kashali, Nelson; Vakaniaki, Gloria; Kenye, Kelly-Michel; Muyamuna, Elisabeth; Kavira-Bapitani, Sifa; Mukadi, Patrick; OToole, Aine; Tshiani-Mbaya, Olivier; Paku-Tshambu, Princesse; Lokilo-Lofiko, Emmanuel; Muswamba-Kayembe, Chloe; Makangara-Cigolo, Jean-Claude; Cikaya-Kankolongo, Fiston; Luakanda-Ndelemo, Gradi; Lawanga, Leader; Mabika-Bope, Elzedek; Lumembe-Numbi, Raphael; Kabamba-Lungenyi, Gabriel; Citenga, Andre; Kelvin, D. J.; Pratt, Catherine; Ayouba, Ahidjo; Tessema, Sofonias; Mukadi-Bamuleka, Daniel; Jansen, Daan; Halbrook, Megan; Merrit, Sydney; Hensley, Lisa; Delaporte, Eric; Mwamba, Dieudonne; Liesenborghs, Laurens; Hoff, Nicole; Peeters, Martine; Low, Nicola; Rimoin, Anne; Kindrachuk, Jason; Vercauteren, Koen; Rambaut, Andrew; Ahuka-Mundeke, Steve; Muyembe-Tamfum, Jean-Jacques"
PP_004AU48,Ia,None,Democratic Republic of the Congo,Kinshasa,2025-01-10,189258,0.697016870426806,2025-10-21,"Amuri-Aziza, Adrienne; Mbala-Kingebeni, Placide; Wawina-Bokalanga, Tony; Kinganda-Lusamaki, Eddy; Pukuta-Simbu, Elisabeth; Hasivirwe-Vakaniaki, Emmanuel; Ola-Mpumbe, Rilia; Kwete-Mbokama, Papy; Akil-Bandali, Prince; Kacita, Cris; Ponga-Museme, Ange; Mapenzi-Kashali, Nelson; Vakaniaki, Gloria; Kenye, Kelly-Michel; Muyamuna, Elisabeth; Kavira-Bapitani, Sifa; Mukadi, Patrick; OToole, Aine; Tshiani-Mbaya, Olivier; Paku-Tshambu, Princesse; Lokilo-Lofiko, Emmanuel; Muswamba-Kayembe, Chloe; Makangara-Cigolo, Jean-Claude; Cikaya-Kankolongo, Fiston; Luakanda-Ndelemo, Gradi; Lawanga, Leader; Mabika-Bope, Elzedek; Lumembe-Numbi, Raphael; Kabamba-Lungenyi, Gabriel; Citenga, Andre; Kelvin, D. J.; Pratt, Catherine; Ayouba, Ahidjo; Tessema, Sofonias; Mukadi-Bamuleka, Daniel; Jansen, Daan; Halbrook, Megan; Merrit, Sydney; Hensley, Lisa; Delaporte, Eric; Mwamba, Dieudonne; Liesenborghs, Laurens; Hoff, Nicole; Peeters, Martine; Low, Nicola; Rimoin, Anne; Kindrachuk, Jason; Vercauteren, Koen; Rambaut, Andrew; Ahuka-Mundeke, Steve; Muyembe-Tamfum, Jean-Jacques"
PP_004AU56,Ib,A.1,Democratic Republic of the Congo,Kinshasa,2025-01-10,189185,0.704881623049658,2025-10-21,"Amuri-Aziza, Adrienne; Mbala-Kingebeni, Placide; Wawina-Bokalanga, Tony; Kinganda-Lusamaki, Eddy; Pukuta-Simbu, Elisabeth; Hasivirwe-Vakaniaki, Emmanuel; Ola-Mpumbe, Rilia; Kwete-Mbokama, Papy; Akil-Bandali, Prince; Kacita, Cris; Ponga-Museme, Ange; Mapenzi-Kashali, Nelson; Vakaniaki, Gloria; Kenye, Kelly-Michel; Muyamuna, Elisabeth; Kavira-Bapitani, Sifa; Mukadi, Patrick; OToole, Aine; Tshiani-Mbaya, Olivier; Paku-Tshambu, Princesse; Lokilo-Lofiko, Emmanuel; Muswamba-Kayembe, Chloe; Makangara-Cigolo, Jean-Claude; Cikaya-Kankolongo, Fiston; Luakanda-Ndelemo, Gradi; Lawanga, Leader; Mabika-Bope, Elzedek; Lumembe-Numbi, Raphael; Kabamba-Lungenyi, Gabriel; Citenga, Andre; Kelvin, D. J.; Pratt, Catherine; Ayouba, Ahidjo; Tessema, Sofonias; Mukadi-Bamuleka, Daniel; Jansen, Daan; Halbrook, Megan; Merrit, Sydney; Hensley, Lisa; Delaporte, Eric; Mwamba, Dieudonne; Liesenborghs, Laurens; Hoff, Nicole; Peeters, Martine; Low, Nicola; Rimoin, Anne; Kindrachuk, Jason; Vercauteren, Koen; Rambaut, Andrew; Ahuka-Mundeke, Steve; Muyembe-Tamfum, Jean-Jacques"
PP_004AU64,Ia,None,Democratic Republic of the Congo,Kinshasa,2025-01-10,189228,0.6940403328448499,2025-10-21,"Amuri-Aziza, Adrienne; Mbala-Kingebeni, Placide; Wawina-Bokalanga, Tony; Kinganda-Lusamaki, Eddy; Pukuta-Simbu, Elisabeth; Hasivirwe-Vakaniaki, Emmanuel; Ola-Mpumbe, Rilia; Kwete-Mbokama, Papy; Akil-Bandali, Prince; Kacita, Cris; Ponga-Museme, Ange; Mapenzi-Kashali, Nelson; Vakaniaki, Gloria; Kenye, Kelly-Michel; Muyamuna, Elisabeth; Kavira-Bapitani, Sifa; Mukadi, Patrick; OToole, Aine; Tshiani-Mbaya, Olivier; Paku-Tshambu, Princesse; Lokilo-Lofiko, Emmanuel; Muswamba-Kayembe, Chloe; Makangara-Cigolo, Jean-Claude; Cikaya-Kankolongo, Fiston; Luakanda-Ndelemo, Gradi; Lawanga, Leader; Mabika-Bope, Elzedek; Lumembe-Numbi, Raphael; Kabamba-Lungenyi, Gabriel; Citenga, Andre; Kelvin, D. J.; Pratt, Catherine; Ayouba, Ahidjo; Tessema, Sofonias; Mukadi-Bamuleka, Daniel; Jansen, Daan; Halbrook, Megan; Merrit, Sydney; Hensley, Lisa; Delaporte, Eric; Mwamba, Dieudonne; Liesenborghs, Laurens; Hoff, Nicole; Peeters, Martine; Low, Nicola; Rimoin, Anne; Kindrachuk, Jason; Vercauteren, Koen; Rambaut, Andrew; Ahuka-Mundeke, Steve; Muyembe-Tamfum, Jean-Jacques"
PP_004AU72,Ia,None,Democratic Republic of the Congo,Kinshasa,2025-01-10,188846,0.626918649757364,2025-10-21,"Amuri-Aziza, Adrienne; Mbala-Kingebeni, Placide; Wawina-Bokalanga, Tony; Kinganda-Lusamaki, Eddy; Pukuta-Simbu, Elisabeth; Hasivirwe-Vakaniaki, Emmanuel; Ola-Mpumbe, Rilia; Kwete-Mbokama, Papy; Akil-Bandali, Prince; Kacita, Cris; Ponga-Museme, Ange; Mapenzi-Kashali, Nelson; Vakaniaki, Gloria; Kenye, Kelly-Michel; Muyamuna, Elisabeth; Kavira-Bapitani, Sifa; Mukadi, Patrick; OToole, Aine; Tshiani-Mbaya, Olivier; Paku-Tshambu, Princesse; Lokilo-Lofiko, Emmanuel; Muswamba-Kayembe, Chloe; Makangara-Cigolo, Jean-Claude; Cikaya-Kankolongo, Fiston; Luakanda-Ndelemo, Gradi; Lawanga, Leader; Mabika-Bope, Elzedek; Lumembe-Numbi, Raphael; Kabamba-Lungenyi, Gabriel; Citenga, Andre; Kelvin, D. J.; Pratt, Catherine; Ayouba, Ahidjo; Tessema, Sofonias; Mukadi-Bamuleka, Daniel; Jansen, Daan; Halbrook, Megan; Merrit, Sydney; Hensley, Lisa; Delaporte, Eric; Mwamba, Dieudonne; Liesenborghs, Laurens; Hoff, Nicole; Peeters, Martine; Low, Nicola; Rimoin, Anne; Kindrachuk, Jason; Vercauteren, Koen; Rambaut, Andrew; Ahuka-Mundeke, Steve; Muyembe-Tamfum, Jean-Jacques"
PP_004AU80,Ia,None,Democratic Republic of the Congo,Kinshasa,2025-01-10,189289,0.6472169120070586,2025-10-21,"Amuri-Aziza, Adrienne; Mbala-Kingebeni, Placide; Wawina-Bokalanga, Tony; Kinganda-Lusamaki, Eddy; Pukuta-Simbu, Elisabeth; Hasivirwe-Vakaniaki, Emmanuel; Ola-Mpumbe, Rilia; Kwete-Mbokama, Papy; Akil-Bandali, Prince; Kacita, Cris; Ponga-Museme, Ange; Mapenzi-Kashali, Nelson; Vakaniaki, Gloria; Kenye, Kelly-Michel; Muyamuna, Elisabeth; Kavira-Bapitani, Sifa; Mukadi, Patrick; OToole, Aine; Tshiani-Mbaya, Olivier; Paku-Tshambu, Princesse; Lokilo-Lofiko, Emmanuel; Muswamba-Kayembe, Chloe; Makangara-Cigolo, Jean-Claude; Cikaya-Kankolongo, Fiston; Luakanda-Ndelemo, Gradi; Lawanga, Leader; Mabika-Bope, Elzedek; Lumembe-Numbi, Raphael; Kabamba-Lungenyi, Gabriel; Citenga, Andre; Kelvin, D. J.; Pratt, Catherine; Ayouba, Ahidjo; Tessema, Sofonias; Mukadi-Bamuleka, Daniel; Jansen, Daan; Halbrook, Megan; Merrit, Sydney; Hensley, Lisa; Delaporte, Eric; Mwamba, Dieudonne; Liesenborghs, Laurens; Hoff, Nicole; Peeters, Martine; Low, Nicola; Rimoin, Anne; Kindrachuk, Jason; Vercauteren, Koen; Rambaut, Andrew; Ahuka-Mundeke, Steve; Muyembe-Tamfum, Jean-Jacques"
PP_004AU9Y,Ia,None,Democratic Republic of the Congo,Tshopo,2024-12-23,189002,0.570070331475744,2025-10-21,"Luakanda-Ndelemo, Gradi; Mbala-Kingebeni, Placide; Wawina-Bokalanga, Tony; Kinganda-Lusamaki, Eddy; Pukuta-Simbu, Elisabeth; Hasivirwe-Vakaniaki, Emmanuel; Ola-Mpumbe, Rilia; Kwete-Mbokama, Papy; Akil-Bandali, Prince; Kacita, Cris; Ponga-Museme, Ange; Mapenzi-Kashali, Nelson; Vakaniaki, Gloria; Amuri-Aziza, Adrienne; Kenye, Kelly-Michel; Muyamuna, Elisabeth; Kavira-Bapitani, Sifa; Mukadi, Patrick; OToole, Aine; Tshiani-Mbaya, Olivier; Paku-Tshambu, Princesse; Lokilo-Lofiko, Emmanuel; Muswamba-Kayembe, Chloe; Makangara-Cigolo, Jean-Claude; Cikaya-Kankolongo, Fiston; Lawanga, Leader; Mabika-Bope, Elzedek; Lumembe-Numbi, Raphael; Kabamba-Lungenyi, Gabriel; Citenga, Andre; Kelvin, D. J.; Pratt, Catherine; Ayouba, Ahidjo; Tessema, Sofonias; Mukadi-Bamuleka, Daniel; Jansen, Daan; Halbrook, Megan; Merrit, Sydney; Hensley, Lisa; Delaporte, Eric; Mwamba, Dieudonne; Liesenborghs, Laurens; Hoff, Nicole; Peeters, Martine; Low, Nicola; Rimoin, Anne; Kindrachuk, Jason; Vercauteren, Koen; Rambaut, Andrew; Ahuka-Mundeke, Steve; Muyembe-Tamfum, Jean-Jacques"
PP_004AUAW,Ib,A.1,Democratic Republic of the Congo,Kinshasa,2025-01-13,188513,0.5375870269612442,2025-10-21,"Wawina-Bokalanga, Tony; Amuri-Aziza, Adrienne; Mbala-Kingebeni, Placide; Kinganda-Lusamaki, Eddy; Pukuta-Simbu, Elisabeth; Hasivirwe-Vakaniaki, Emmanuel; Ola-Mpumbe, Rilia; Kwete-Mbokama, Papy; Akil-Bandali, Prince; Kacita, Cris; Ponga-Museme, Ange; Mapenzi-Kashali, Nelson; Vakaniaki, Gloria; Kenye, Kelly-Michel; Muyamuna, Elisabeth; Kavira-Bapitani, Sifa; Mukadi, Patrick; OToole, Aine; Tshiani-Mbaya, Olivier; Paku-Tshambu, Princesse; Lokilo-Lofiko, Emmanuel; Muswamba-Kayembe, Chloe; Makangara-Cigolo, Jean-Claude; Cikaya-Kankolongo, Fiston; Luakanda-Ndelemo, Gradi; Lawanga, Leader; Mabika-Bope, Elzedek; Lumembe-Numbi, Raphael; Kabamba-Lungenyi, Gabriel; Citenga, Andre; Kelvin, D. J.; Pratt, Catherine; Ayouba, Ahidjo; Tessema, Sofonias; Mukadi-Bamuleka, Daniel; Jansen, Daan; Halbrook, Megan; Merrit, Sydney; Hensley, Lisa; Delaporte, Eric; Mwamba, Dieudonne; Liesenborghs, Laurens; Hoff, Nicole; Peeters, Martine; Low, Nicola; Rimoin, Anne; Kindrachuk, Jason; Vercauteren, Koen; Rambaut, Andrew; Ahuka-Mundeke, Steve; Muyembe-Tamfum, Jean-Jacques"
PP_004AUBU,Ia,None,Democratic Republic of the Congo,Kinshasa,2025-01-13,188480,0.43788062410944734,2025-10-21,"Wawina-Bokalanga, Tony; Amuri-Aziza, Adrienne; Mbala-Kingebeni, Placide; Kinganda-Lusamaki, Eddy; Pukuta-Simbu, Elisabeth; Hasivirwe-Vakaniaki, Emmanuel; Ola-Mpumbe, Rilia; Kwete-Mbokama, Papy; Akil-Bandali, Prince; Kacita, Cris; Ponga-Museme, Ange; Mapenzi-Kashali, Nelson; Vakaniaki, Gloria; Kenye, Kelly-Michel; Muyamuna, Elisabeth; Kavira-Bapitani, Sifa; Mukadi, Patrick; OToole, Aine; Tshiani-Mbaya, Olivier; Paku-Tshambu, Princesse; Lokilo-Lofiko, Emmanuel; Muswamba-Kayembe, Chloe; Makangara-Cigolo, Jean-Claude; Cikaya-Kankolongo, Fiston; Luakanda-Ndelemo, Gradi; Lawanga, Leader; Mabika-Bope, Elzedek; Lumembe-Numbi, Raphael; Kabamba-Lungenyi, Gabriel; Citenga, Andre; Kelvin, D. J.; Pratt, Catherine; Ayouba, Ahidjo; Tessema, Sofonias; Mukadi-Bamuleka, Daniel; Jansen, Daan; Halbrook, Megan; Merrit, Sydney; Hensley, Lisa; Delaporte, Eric; Mwamba, Dieudonne; Liesenborghs, Laurens; Hoff, Nicole; Peeters, Martine; Low, Nicola; Rimoin, Anne; Kindrachuk, Jason; Vercauteren, Koen; Rambaut, Andrew; Ahuka-Mundeke, Steve; Muyembe-Tamfum, Jean-Jacques"
PP_004AUCS,Ia,None,Democratic Republic of the Congo,Kinshasa,2025-01-12,188935,0.5757749392776191,2025-10-21,"Wawina-Bokalanga, Tony; Amuri-Aziza, Adrienne; Mbala-Kingebeni, Placide; Kinganda-Lusamaki, Eddy; Pukuta-Simbu, Elisabeth; Hasivirwe-Vakaniaki, Emmanuel; Ola-Mpumbe, Rilia; Kwete-Mbokama, Papy; Akil-Bandali, Prince; Kacita, Cris; Ponga-Museme, Ange; Mapenzi-Kashali, Nelson; Vakaniaki, Gloria; Kenye, Kelly-Michel; Muyamuna, Elisabeth; Kavira-Bapitani, Sifa; Mukadi, Patrick; OToole, Aine; Tshiani-Mbaya, Olivier; Paku-Tshambu, Princesse; Lokilo-Lofiko, Emmanuel; Muswamba-Kayembe, Chloe; Makangara-Cigolo, Jean-Claude; Cikaya-Kankolongo, Fiston; Luakanda-Ndelemo, Gradi; Lawanga, Leader; Mabika-Bope, Elzedek; Lumembe-Numbi, Raphael; Kabamba-Lungenyi, Gabriel; Citenga, Andre; Kelvin, D. J.; Pratt, Catherine; Ayouba, Ahidjo; Tessema, Sofonias; Mukadi-Bamuleka, Daniel; Jansen, Daan; Halbrook, Megan; Merrit, Sydney; Hensley, Lisa; Delaporte, Eric; Mwamba, Dieudonne; Liesenborghs, Laurens; Hoff, Nicole; Peeters, Martine; Low, Nicola; Rimoin, Anne; Kindrachuk, Jason; Vercauteren, Koen; Rambaut, Andrew; Ahuka-Mundeke, Steve; Muyembe-Tamfum, Jean-Jacques"
PP_004AUDQ,Ia,None,Democratic Republic of the Congo,Kinshasa,2025-01-13,188790,0.6641329756755523,2025-10-21,"Wawina-Bokalanga, Tony; Amuri-Aziza, Adrienne; Mbala-Kingebeni, Placide; Kinganda-Lusamaki, Eddy; Pukuta-Simbu, Elisabeth; Hasivirwe-Vakaniaki, Emmanuel; Ola-Mpumbe, Rilia; Kwete-Mbokama, Papy; Akil-Bandali, Prince; Kacita, Cris; Ponga-Museme, Ange; Mapenzi-Kashali, Nelson; Vakaniaki, Gloria; Kenye, Kelly-Michel; Muyamuna, Elisabeth; Kavira-Bapitani, Sifa; Mukadi, Patrick; OToole, Aine; Tshiani-Mbaya, Olivier; Paku-Tshambu, Princesse; Lokilo-Lofiko, Emmanuel; Muswamba-Kayembe, Chloe; Makangara-Cigolo, Jean-Claude; Cikaya-Kankolongo, Fiston; Luakanda-Ndelemo, Gradi; Lawanga, Leader; Mabika-Bope, Elzedek; Lumembe-Numbi, Raphael; Kabamba-Lungenyi, Gabriel; Citenga, Andre; Kelvin, D. J.; Pratt, Catherine; Ayouba, Ahidjo; Tessema, Sofonias; Mukadi-Bamuleka, Daniel; Jansen, Daan; Halbrook, Megan; Merrit, Sydney; Hensley, Lisa; Delaporte, Eric; Mwamba, Dieudonne; Liesenborghs, Laurens; Hoff, Nicole; Peeters, Martine; Low, Nicola; Rimoin, Anne; Kindrachuk, Jason; Vercauteren, Koen; Rambaut, Andrew; Ahuka-Mundeke, Steve; Muyembe-Tamfum, Jean-Jacques"
PP_004AUEN,Ia,None,Democratic Republic of the Congo,Kinshasa,2025-01-13,188878,0.5992322865589299,2025-10-21,"Wawina-Bokalanga, Tony; Amuri-Aziza, Adrienne; Mbala-Kingebeni, Placide; Kinganda-Lusamaki, Eddy; Pukuta-Simbu, Elisabeth; Hasivirwe-Vakaniaki, Emmanuel; Ola-Mpumbe, Rilia; Kwete-Mbokama, Papy; Akil-Bandali, Prince; Kacita, Cris; Ponga-Museme, Ange; Mapenzi-Kashali, Nelson; Vakaniaki, Gloria; Kenye, Kelly-Michel; Muyamuna, Elisabeth; Kavira-Bapitani, Sifa; Mukadi, Patrick; OToole, Aine; Tshiani-Mbaya, Olivier; Paku-Tshambu, Princesse; Lokilo-Lofiko, Emmanuel; Muswamba-Kayembe, Chloe; Makangara-Cigolo, Jean-Claude; Cikaya-Kankolongo, Fiston; Luakanda-Ndelemo, Gradi; Lawanga, Leader; Mabika-Bope, Elzedek; Lumembe-Numbi, Raphael; Kabamba-Lungenyi, Gabriel; Citenga, Andre; Kelvin, D. J.; Pratt, Catherine; Ayouba, Ahidjo; Tessema, Sofonias; Mukadi-Bamuleka, Daniel; Jansen, Daan; Halbrook, Megan; Merrit, Sydney; Hensley, Lisa; Delaporte, Eric; Mwamba, Dieudonne; Liesenborghs, Laurens; Hoff, Nicole; Peeters, Martine; Low, Nicola; Rimoin, Anne; Kindrachuk, Jason; Vercauteren, Koen; Rambaut, Andrew; Ahuka-Mundeke, Steve; Muyembe-Tamfum, Jean-Jacques"
PP_004AUFL,Ia,None,Democratic Republic of the Congo,Kinshasa,2025-01-10,188615,0.5876506650305007,2025-10-21,"Wawina-Bokalanga, Tony; Amuri-Aziza, Adrienne; Mbala-Kingebeni, Placide; Kinganda-Lusamaki, Eddy; Pukuta-Simbu, Elisabeth; Hasivirwe-Vakaniaki, Emmanuel; Ola-Mpumbe, Rilia; Kwete-Mbokama, Papy; Akil-Bandali, Prince; Kacita, Cris; Ponga-Museme, Ange; Mapenzi-Kashali, Nelson; Vakaniaki, Gloria; Kenye, Kelly-Michel; Muyamuna, Elisabeth; Kavira-Bapitani, Sifa; Mukadi, Patrick; OToole, Aine; Tshiani-Mbaya, Olivier; Paku-Tshambu, Princesse; Lokilo-Lofiko, Emmanuel; Muswamba-Kayembe, Chloe; Makangara-Cigolo, Jean-Claude; Cikaya-Kankolongo, Fiston; Luakanda-Ndelemo, Gradi; Lawanga, Leader; Mabika-Bope, Elzedek; Lumembe-Numbi, Raphael; Kabamba-Lungenyi, Gabriel; Citenga, Andre; Kelvin, D. J.; Pratt, Catherine; Ayouba, Ahidjo; Tessema, Sofonias; Mukadi-Bamuleka, Daniel; Jansen, Daan; Halbrook, Megan; Merrit, Sydney; Hensley, Lisa; Delaporte, Eric; Mwamba, Dieudonne; Liesenborghs, Laurens; Hoff, Nicole; Peeters, Martine; Low, Nicola; Rimoin, Anne; Kindrachuk, Jason; Vercauteren, Koen; Rambaut, Andrew; Ahuka-Mundeke, Steve; Muyembe-Tamfum, Jean-Jacques"
PP_004AUGJ,Ib,A.1,Democratic Republic of the Congo,Kinshasa,2025-01-13,188471,0.485682702107916,2025-10-21,"Wawina-Bokalanga, Tony; Amuri-Aziza, Adrienne; Mbala-Kingebeni, Placide; Kinganda-Lusamaki, Eddy; Pukuta-Simbu, Elisabeth; Hasivirwe-Vakaniaki, Emmanuel; Ola-Mpumbe, Rilia; Kwete-Mbokama, Papy; Akil-Bandali, Prince; Kacita, Cris; Ponga-Museme, Ange; Mapenzi-Kashali, Nelson; Vakaniaki, Gloria; Kenye, Kelly-Michel; Muyamuna, Elisabeth; Kavira-Bapitani, Sifa; Mukadi, Patrick; OToole, Aine; Tshiani-Mbaya, Olivier; Paku-Tshambu, Princesse; Lokilo-Lofiko, Emmanuel; Muswamba-Kayembe, Chloe; Makangara-Cigolo, Jean-Claude; Cikaya-Kankolongo, Fiston; Luakanda-Ndelemo, Gradi; Lawanga, Leader; Mabika-Bope, Elzedek; Lumembe-Numbi, Raphael; Kabamba-Lungenyi, Gabriel; Citenga, Andre; Kelvin, D. J.; Pratt, Catherine; Ayouba, Ahidjo; Tessema, Sofonias; Mukadi-Bamuleka, Daniel; Jansen, Daan; Halbrook, Megan; Merrit, Sydney; Hensley, Lisa; Delaporte, Eric; Mwamba, Dieudonne; Liesenborghs, Laurens; Hoff, Nicole; Peeters, Martine; Low, Nicola; Rimoin, Anne; Kindrachuk, Jason; Vercauteren, Koen; Rambaut, Andrew; Ahuka-Mundeke, Steve; Muyembe-Tamfum, Jean-Jacques"
PP_004AUHF,Ib,A.1,Democratic Republic of the Congo,Kinshasa,2025-01-13,189016,0.573082364395134,2025-10-21,"Wawina-Bokalanga, Tony; Amuri-Aziza, Adrienne; Mbala-Kingebeni, Placide; Kinganda-Lusamaki, Eddy; Pukuta-Simbu, Elisabeth; Hasivirwe-Vakaniaki, Emmanuel; Ola-Mpumbe, Rilia; Kwete-Mbokama, Papy; Akil-Bandali, Prince; Kacita, Cris; Ponga-Museme, Ange; Mapenzi-Kashali, Nelson; Vakaniaki, Gloria; Kenye, Kelly-Michel; Muyamuna, Elisabeth; Kavira-Bapitani, Sifa; Mukadi, Patrick; OToole, Aine; Tshiani-Mbaya, Olivier; Paku-Tshambu, Princesse; Lokilo-Lofiko, Emmanuel; Muswamba-Kayembe, Chloe; Makangara-Cigolo, Jean-Claude; Cikaya-Kankolongo, Fiston; Luakanda-Ndelemo, Gradi; Lawanga, Leader; Mabika-Bope, Elzedek; Lumembe-Numbi, Raphael; Kabamba-Lungenyi, Gabriel; Citenga, Andre; Kelvin, D. J.; Pratt, Catherine; Ayouba, Ahidjo; Tessema, Sofonias; Mukadi-Bamuleka, Daniel; Jansen, Daan; Halbrook, Megan; Merrit, Sydney; Hensley, Lisa; Delaporte, Eric; Mwamba, Dieudonne; Liesenborghs, Laurens; Hoff, Nicole; Peeters, Martine; Low, Nicola; Rimoin, Anne; Kindrachuk, Jason; Vercauteren, Koen; Rambaut, Andrew; Ahuka-Mundeke, Steve; Muyembe-Tamfum, Jean-Jacques"
PP_004AUJD,Ia,None,Democratic Republic of the Congo,Kinshasa,2025-01-11,189312,0.6796799334715962,2025-10-21,"Wawina-Bokalanga, Tony; Amuri-Aziza, Adrienne; Mbala-Kingebeni, Placide; Kinganda-Lusamaki, Eddy; Pukuta-Simbu, Elisabeth; Hasivirwe-Vakaniaki, Emmanuel; Ola-Mpumbe, Rilia; Kwete-Mbokama, Papy; Akil-Bandali, Prince; Kacita, Cris; Ponga-Museme, Ange; Mapenzi-Kashali, Nelson; Vakaniaki, Gloria; Kenye, Kelly-Michel; Muyamuna, Elisabeth; Kavira-Bapitani, Sifa; Mukadi, Patrick; OToole, Aine; Tshiani-Mbaya, Olivier; Paku-Tshambu, Princesse; Lokilo-Lofiko, Emmanuel; Muswamba-Kayembe, Chloe; Makangara-Cigolo, Jean-Claude; Cikaya-Kankolongo, Fiston; Luakanda-Ndelemo, Gradi; Lawanga, Leader; Mabika-Bope, Elzedek; Lumembe-Numbi, Raphael; Kabamba-Lungenyi, Gabriel; Citenga, Andre; Kelvin, D. J.; Pratt, Catherine; Ayouba, Ahidjo; Tessema, Sofonias; Mukadi-Bamuleka, Daniel; Jansen, Daan; Halbrook, Megan; Merrit, Sydney; Hensley, Lisa; Delaporte, Eric; Mwamba, Dieudonne; Liesenborghs, Laurens; Hoff, Nicole; Peeters, Martine; Low, Nicola; Rimoin, Anne; Kindrachuk, Jason; Vercauteren, Koen; Rambaut, Andrew; Ahuka-Mundeke, Steve; Muyembe-Tamfum, Jean-Jacques"
PP_004AUKB,Ib,A.1,Democratic Republic of the Congo,Kinshasa,2025-01-12,189219,0.604389252011825,2025-10-21,"Wawina-Bokalanga, Tony; Amuri-Aziza, Adrienne; Mbala-Kingebeni, Placide; Kinganda-Lusamaki, Eddy; Pukuta-Simbu, Elisabeth; Hasivirwe-Vakaniaki, Emmanuel; Ola-Mpumbe, Rilia; Kwete-Mbokama, Papy; Akil-Bandali, Prince; Kacita, Cris; Ponga-Museme, Ange; Mapenzi-Kashali, Nelson; Vakaniaki, Gloria; Kenye, Kelly-Michel; Muyamuna, Elisabeth; Kavira-Bapitani, Sifa; Mukadi, Patrick; OToole, Aine; Tshiani-Mbaya, Olivier; Paku-Tshambu, Princesse; Lokilo-Lofiko, Emmanuel; Muswamba-Kayembe, Chloe; Makangara-Cigolo, Jean-Claude; Cikaya-Kankolongo, Fiston; Luakanda-Ndelemo, Gradi; Lawanga, Leader; Mabika-Bope, Elzedek; Lumembe-Numbi, Raphael; Kabamba-Lungenyi, Gabriel; Citenga, Andre; Kelvin, D. J.; Pratt, Catherine; Ayouba, Ahidjo; Tessema, Sofonias; Mukadi-Bamuleka, Daniel; Jansen, Daan; Halbrook, Megan; Merrit, Sydney; Hensley, Lisa; Delaporte, Eric; Mwamba, Dieudonne; Liesenborghs, Laurens; Hoff, Nicole; Peeters, Martine; Low, Nicola; Rimoin, Anne; Kindrachuk, Jason; Vercauteren, Koen; Rambaut, Andrew; Ahuka-Mundeke, Steve; Muyembe-Tamfum, Jean-Jacques"
PP_004AUL9,Ib,A.1,Democratic Republic of the Congo,Kinshasa,2025-01-12,188805,0.5854043172471844,2025-10-21,"Wawina-Bokalanga, Tony; Amuri-Aziza, Adrienne; Mbala-Kingebeni, Placide; Kinganda-Lusamaki, Eddy; Pukuta-Simbu, Elisabeth; Hasivirwe-Vakaniaki, Emmanuel; Ola-Mpumbe, Rilia; Kwete-Mbokama, Papy; Akil-Bandali, Prince; Kacita, Cris; Ponga-Museme, Ange; Mapenzi-Kashali, Nelson; Vakaniaki, Gloria; Kenye, Kelly-Michel; Muyamuna, Elisabeth; Kavira-Bapitani, Sifa; Mukadi, Patrick; OToole, Aine; Tshiani-Mbaya, Olivier; Paku-Tshambu, Princesse; Lokilo-Lofiko, Emmanuel; Muswamba-Kayembe, Chloe; Makangara-Cigolo, Jean-Claude; Cikaya-Kankolongo, Fiston; Luakanda-Ndelemo, Gradi; Lawanga, Leader; Mabika-Bope, Elzedek; Lumembe-Numbi, Raphael; Kabamba-Lungenyi, Gabriel; Citenga, Andre; Kelvin, D. J.; Pratt, Catherine; Ayouba, Ahidjo; Tessema, Sofonias; Mukadi-Bamuleka, Daniel; Jansen, Daan; Halbrook, Megan; Merrit, Sydney; Hensley, Lisa; Delaporte, Eric; Mwamba, Dieudonne; Liesenborghs, Laurens; Hoff, Nicole; Peeters, Martine; Low, Nicola; Rimoin, Anne; Kindrachuk, Jason; Vercauteren, Koen; Rambaut, Andrew; Ahuka-Mundeke, Steve; Muyembe-Tamfum, Jean-Jacques"
PP_004AUM7,Ib,A.1,Democratic Republic of the Congo,Kinshasa,2025-01-12,188825,0.5954799223159186,2025-10-21,"Wawina-Bokalanga, Tony; Amuri-Aziza, Adrienne; Mbala-Kingebeni, Placide; Kinganda-Lusamaki, Eddy; Pukuta-Simbu, Elisabeth; Hasivirwe-Vakaniaki, Emmanuel; Ola-Mpumbe, Rilia; Kwete-Mbokama, Papy; Akil-Bandali, Prince; Kacita, Cris; Ponga-Museme, Ange; Mapenzi-Kashali, Nelson; Vakaniaki, Gloria; Kenye, Kelly-Michel; Muyamuna, Elisabeth; Kavira-Bapitani, Sifa; Mukadi, Patrick; OToole, Aine; Tshiani-Mbaya, Olivier; Paku-Tshambu, Princesse; Lokilo-Lofiko, Emmanuel; Muswamba-Kayembe, Chloe; Makangara-Cigolo, Jean-Claude; Cikaya-Kankolongo, Fiston; Luakanda-Ndelemo, Gradi; Lawanga, Leader; Mabika-Bope, Elzedek; Lumembe-Numbi, Raphael; Kabamba-Lungenyi, Gabriel; Citenga, Andre; Kelvin, D. J.; Pratt, Catherine; Ayouba, Ahidjo; Tessema, Sofonias; Mukadi-Bamuleka, Daniel; Jansen, Daan; Halbrook, Megan; Merrit, Sydney; Hensley, Lisa; Delaporte, Eric; Mwamba, Dieudonne; Liesenborghs, Laurens; Hoff, Nicole; Peeters, Martine; Low, Nicola; Rimoin, Anne; Kindrachuk, Jason; Vercauteren, Koen; Rambaut, Andrew; Ahuka-Mundeke, Steve; Muyembe-Tamfum, Jean-Jacques"
PP_004AUN5,Ia,None,Democratic Republic of the Congo,Kinshasa,2025-01-13,189170,0.6337337545446708,2025-10-21,"Wawina-Bokalanga, Tony; Amuri-Aziza, Adrienne; Mbala-Kingebeni, Placide; Kinganda-Lusamaki, Eddy; Pukuta-Simbu, Elisabeth; Hasivirwe-Vakaniaki, Emmanuel; Ola-Mpumbe, Rilia; Kwete-Mbokama, Papy; Akil-Bandali, Prince; Kacita, Cris; Ponga-Museme, Ange; Mapenzi-Kashali, Nelson; Vakaniaki, Gloria; Kenye, Kelly-Michel; Muyamuna, Elisabeth; Kavira-Bapitani, Sifa; Mukadi, Patrick; OToole, Aine; Tshiani-Mbaya, Olivier; Paku-Tshambu, Princesse; Lokilo-Lofiko, Emmanuel; Muswamba-Kayembe, Chloe; Makangara-Cigolo, Jean-Claude; Cikaya-Kankolongo, Fiston; Luakanda-Ndelemo, Gradi; Lawanga, Leader; Mabika-Bope, Elzedek; Lumembe-Numbi, Raphael; Kabamba-Lungenyi, Gabriel; Citenga, Andre; Kelvin, D. J.; Pratt, Catherine; Ayouba, Ahidjo; Tessema, Sofonias; Mukadi-Bamuleka, Daniel; Jansen, Daan; Halbrook, Megan; Merrit, Sydney; Hensley, Lisa; Delaporte, Eric; Mwamba, Dieudonne; Liesenborghs, Laurens; Hoff, Nicole; Peeters, Martine; Low, Nicola; Rimoin, Anne; Kindrachuk, Jason; Vercauteren, Koen; Rambaut, Andrew; Ahuka-Mundeke, Steve; Muyembe-Tamfum, Jean-Jacques"
PP_004AUP3,Ia,None,Democratic Republic of the Congo,Kinshasa,2025-01-13,189119,0.6730118807965154,2025-10-21,"Wawina-Bokalanga, Tony; Amuri-Aziza, Adrienne; Mbala-Kingebeni, Placide; Kinganda-Lusamaki, Eddy; Pukuta-Simbu, Elisabeth; Hasivirwe-Vakaniaki, Emmanuel; Ola-Mpumbe, Rilia; Kwete-Mbokama, Papy; Akil-Bandali, Prince; Kacita, Cris; Ponga-Museme, Ange; Mapenzi-Kashali, Nelson; Vakaniaki, Gloria; Kenye, Kelly-Michel; Muyamuna, Elisabeth; Kavira-Bapitani, Sifa; Mukadi, Patrick; OToole, Aine; Tshiani-Mbaya, Olivier; Paku-Tshambu, Princesse; Lokilo-Lofiko, Emmanuel; Muswamba-Kayembe, Chloe; Makangara-Cigolo, Jean-Claude; Cikaya-Kankolongo, Fiston; Luakanda-Ndelemo, Gradi; Lawanga, Leader; Mabika-Bope, Elzedek; Lumembe-Numbi, Raphael; Kabamba-Lungenyi, Gabriel; Citenga, Andre; Kelvin, D. J.; Pratt, Catherine; Ayouba, Ahidjo; Tessema, Sofonias; Mukadi-Bamuleka, Daniel; Jansen, Daan; Halbrook, Megan; Merrit, Sydney; Hensley, Lisa; Delaporte, Eric; Mwamba, Dieudonne; Liesenborghs, Laurens; Hoff, Nicole; Peeters, Martine; Low, Nicola; Rimoin, Anne; Kindrachuk, Jason; Vercauteren, Koen; Rambaut, Andrew; Ahuka-Mundeke, Steve; Muyembe-Tamfum, Jean-Jacques"
PP_004AUQ1,Ib,A.1,Democratic Republic of the Congo,Kinshasa,2025-01-14,188879,0.6675101034942624,2025-10-21,"Wawina-Bokalanga, Tony; Amuri-Aziza, Adrienne; Mbala-Kingebeni, Placide; Kinganda-Lusamaki, Eddy; Pukuta-Simbu, Elisabeth; Hasivirwe-Vakaniaki, Emmanuel; Ola-Mpumbe, Rilia; Kwete-Mbokama, Papy; Akil-Bandali, Prince; Kacita, Cris; Ponga-Museme, Ange; Mapenzi-Kashali, Nelson; Vakaniaki, Gloria; Kenye, Kelly-Michel; Muyamuna, Elisabeth; Kavira-Bapitani, Sifa; Mukadi, Patrick; OToole, Aine; Tshiani-Mbaya, Olivier; Paku-Tshambu, Princesse; Lokilo-Lofiko, Emmanuel; Muswamba-Kayembe, Chloe; Makangara-Cigolo, Jean-Claude; Cikaya-Kankolongo, Fiston; Luakanda-Ndelemo, Gradi; Lawanga, Leader; Mabika-Bope, Elzedek; Lumembe-Numbi, Raphael; Kabamba-Lungenyi, Gabriel; Citenga, Andre; Kelvin, D. J.; Pratt, Catherine; Ayouba, Ahidjo; Tessema, Sofonias; Mukadi-Bamuleka, Daniel; Jansen, Daan; Halbrook, Megan; Merrit, Sydney; Hensley, Lisa; Delaporte, Eric; Mwamba, Dieudonne; Liesenborghs, Laurens; Hoff, Nicole; Peeters, Martine; Low, Nicola; Rimoin, Anne; Kindrachuk, Jason; Vercauteren, Koen; Rambaut, Andrew; Ahuka-Mundeke, Steve; Muyembe-Tamfum, Jean-Jacques"
PP_004AURZ,Ib,A.1,Democratic Republic of the Congo,Kinshasa,2025-01-14,188510,0.6248599201861984,2025-10-21,"Wawina-Bokalanga, Tony; Amuri-Aziza, Adrienne; Mbala-Kingebeni, Placide; Kinganda-Lusamaki, Eddy; Pukuta-Simbu, Elisabeth; Hasivirwe-Vakaniaki, Emmanuel; Ola-Mpumbe, Rilia; Kwete-Mbokama, Papy; Akil-Bandali, Prince; Kacita, Cris; Ponga-Museme, Ange; Mapenzi-Kashali, Nelson; Vakaniaki, Gloria; Kenye, Kelly-Michel; Muyamuna, Elisabeth; Kavira-Bapitani, Sifa; Mukadi, Patrick; OToole, Aine; Tshiani-Mbaya, Olivier; Paku-Tshambu, Princesse; Lokilo-Lofiko, Emmanuel; Muswamba-Kayembe, Chloe; Makangara-Cigolo, Jean-Claude; Cikaya-Kankolongo, Fiston; Luakanda-Ndelemo, Gradi; Lawanga, Leader; Mabika-Bope, Elzedek; Lumembe-Numbi, Raphael; Kabamba-Lungenyi, Gabriel; Citenga, Andre; Kelvin, D. J.; Pratt, Catherine; Ayouba, Ahidjo; Tessema, Sofonias; Mukadi-Bamuleka, Daniel; Jansen, Daan; Halbrook, Megan; Merrit, Sydney; Hensley, Lisa; Delaporte, Eric; Mwamba, Dieudonne; Liesenborghs, Laurens; Hoff, Nicole; Peeters, Martine; Low, Nicola; Rimoin, Anne; Kindrachuk, Jason; Vercauteren, Koen; Rambaut, Andrew; Ahuka-Mundeke, Steve; Muyembe-Tamfum, Jean-Jacques"
PP_004AUSX,Ia,None,Democratic Republic of the Congo,Kinshasa,2025-01-14,186329,0.5165839287253624,2025-10-21,"Wawina-Bokalanga, Tony; Amuri-Aziza, Adrienne; Mbala-Kingebeni, Placide; Kinganda-Lusamaki, Eddy; Pukuta-Simbu, Elisabeth; Hasivirwe-Vakaniaki, Emmanuel; Ola-Mpumbe, Rilia; Kwete-Mbokama, Papy; Akil-Bandali, Prince; Kacita, Cris; Ponga-Museme, Ange; Mapenzi-Kashali, Nelson; Vakaniaki, Gloria; Kenye, Kelly-Michel; Muyamuna, Elisabeth; Kavira-Bapitani, Sifa; Mukadi, Patrick; OToole, Aine; Tshiani-Mbaya, Olivier; Paku-Tshambu, Princesse; Lokilo-Lofiko, Emmanuel; Muswamba-Kayembe, Chloe; Makangara-Cigolo, Jean-Claude; Cikaya-Kankolongo, Fiston; Luakanda-Ndelemo, Gradi; Lawanga, Leader; Mabika-Bope, Elzedek; Lumembe-Numbi, Raphael; Kabamba-Lungenyi, Gabriel; Citenga, Andre; Kelvin, D. J.; Pratt, Catherine; Ayouba, Ahidjo; Tessema, Sofonias; Mukadi-Bamuleka, Daniel; Jansen, Daan; Halbrook, Megan; Merrit, Sydney; Hensley, Lisa; Delaporte, Eric; Mwamba, Dieudonne; Liesenborghs, Laurens; Hoff, Nicole; Peeters, Martine; Low, Nicola; Rimoin, Anne; Kindrachuk, Jason; Vercauteren, Koen; Rambaut, Andrew; Ahuka-Mundeke, Steve; Muyembe-Tamfum, Jean-Jacques"
PP_004AUTV,Ib,A.1,Democratic Republic of the Congo,Kinshasa,2025-01-15,189237,0.6909268846756487,2025-10-21,"Wawina-Bokalanga, Tony; Amuri-Aziza, Adrienne; Mbala-Kingebeni, Placide; Kinganda-Lusamaki, Eddy; Pukuta-Simbu, Elisabeth; Hasivirwe-Vakaniaki, Emmanuel; Ola-Mpumbe, Rilia; Kwete-Mbokama, Papy; Akil-Bandali, Prince; Kacita, Cris; Ponga-Museme, Ange; Mapenzi-Kashali, Nelson; Vakaniaki, Gloria; Kenye, Kelly-Michel; Muyamuna, Elisabeth; Kavira-Bapitani, Sifa; Mukadi, Patrick; OToole, Aine; Tshiani-Mbaya, Olivier; Paku-Tshambu, Princesse; Lokilo-Lofiko, Emmanuel; Muswamba-Kayembe, Chloe; Makangara-Cigolo, Jean-Claude; Cikaya-Kankolongo, Fiston; Luakanda-Ndelemo, Gradi; Lawanga, Leader; Mabika-Bope, Elzedek; Lumembe-Numbi, Raphael; Kabamba-Lungenyi, Gabriel; Citenga, Andre; Kelvin, D. J.; Pratt, Catherine; Ayouba, Ahidjo; Tessema, Sofonias; Mukadi-Bamuleka, Daniel; Jansen, Daan; Halbrook, Megan; Merrit, Sydney; Hensley, Lisa; Delaporte, Eric; Mwamba, Dieudonne; Liesenborghs, Laurens; Hoff, Nicole; Peeters, Martine; Low, Nicola; Rimoin, Anne; Kindrachuk, Jason; Vercauteren, Koen; Rambaut, Andrew; Ahuka-Mundeke, Steve; Muyembe-Tamfum, Jean-Jacques"
PP_004AUUT,Ib,A.1,Democratic Republic of the Congo,Kinshasa,2025-01-08,189135,0.5989736776719116,2025-10-21,"Wawina-Bokalanga, Tony; Amuri-Aziza, Adrienne; Mbala-Kingebeni, Placide; Kinganda-Lusamaki, Eddy; Pukuta-Simbu, Elisabeth; Hasivirwe-Vakaniaki, Emmanuel; Ola-Mpumbe, Rilia; Kwete-Mbokama, Papy; Akil-Bandali, Prince; Kacita, Cris; Ponga-Museme, Ange; Mapenzi-Kashali, Nelson; Vakaniaki, Gloria; Kenye, Kelly-Michel; Muyamuna, Elisabeth; Kavira-Bapitani, Sifa; Mukadi, Patrick; OToole, Aine; Tshiani-Mbaya, Olivier; Paku-Tshambu, Princesse; Lokilo-Lofiko, Emmanuel; Muswamba-Kayembe, Chloe; Makangara-Cigolo, Jean-Claude; Cikaya-Kankolongo, Fiston; Luakanda-Ndelemo, Gradi; Lawanga, Leader; Mabika-Bope, Elzedek; Lumembe-Numbi, Raphael; Kabamba-Lungenyi, Gabriel; Citenga, Andre; Kelvin, D. J.; Pratt, Catherine; Ayouba, Ahidjo; Tessema, Sofonias; Mukadi-Bamuleka, Daniel; Jansen, Daan; Halbrook, Megan; Merrit, Sydney; Hensley, Lisa; Delaporte, Eric; Mwamba, Dieudonne; Liesenborghs, Laurens; Hoff, Nicole; Peeters, Martine; Low, Nicola; Rimoin, Anne; Kindrachuk, Jason; Vercauteren, Koen; Rambaut, Andrew; Ahuka-Mundeke, Steve; Muyembe-Tamfum, Jean-Jacques"
PP_004AUVR,Ib,A.1,Democratic Republic of the Congo,Kinshasa,2025-01-15,189156,0.6930971710216065,2025-10-21,"Wawina-Bokalanga, Tony; Amuri-Aziza, Adrienne; Mbala-Kingebeni, Placide; Kinganda-Lusamaki, Eddy; Pukuta-Simbu, Elisabeth; Hasivirwe-Vakaniaki, Emmanuel; Ola-Mpumbe, Rilia; Kwete-Mbokama, Papy; Akil-Bandali, Prince; Kacita, Cris; Ponga-Museme, Ange; Mapenzi-Kashali, Nelson; Vakaniaki, Gloria; Kenye, Kelly-Michel; Muyamuna, Elisabeth; Kavira-Bapitani, Sifa; Mukadi, Patrick; OToole, Aine; Tshiani-Mbaya, Olivier; Paku-Tshambu, Princesse; Lokilo-Lofiko, Emmanuel; Muswamba-Kayembe, Chloe; Makangara-Cigolo, Jean-Claude; Cikaya-Kankolongo, Fiston; Luakanda-Ndelemo, Gradi; Lawanga, Leader; Mabika-Bope, Elzedek; Lumembe-Numbi, Raphael; Kabamba-Lungenyi, Gabriel; Citenga, Andre; Kelvin, D. J.; Pratt, Catherine; Ayouba, Ahidjo; Tessema, Sofonias; Mukadi-Bamuleka, Daniel; Jansen, Daan; Halbrook, Megan; Merrit, Sydney; Hensley, Lisa; Delaporte, Eric; Mwamba, Dieudonne; Liesenborghs, Laurens; Hoff, Nicole; Peeters, Martine; Low, Nicola; Rimoin, Anne; Kindrachuk, Jason; Vercauteren, Koen; Rambaut, Andrew; Ahuka-Mundeke, Steve; Muyembe-Tamfum, Jean-Jacques"
PP_004AUWP,Ib,A.1,Democratic Republic of the Congo,Kinshasa,2025-01-08,188467,0.5251890126718355,2025-10-21,"Wawina-Bokalanga, Tony; Amuri-Aziza, Adrienne; Mbala-Kingebeni, Placide; Kinganda-Lusamaki, Eddy; Pukuta-Simbu, Elisabeth; Hasivirwe-Vakaniaki, Emmanuel; Ola-Mpumbe, Rilia; Kwete-Mbokama, Papy; Akil-Bandali, Prince; Kacita, Cris; Ponga-Museme, Ange; Mapenzi-Kashali, Nelson; Vakaniaki, Gloria; Kenye, Kelly-Michel; Muyamuna, Elisabeth; Kavira-Bapitani, Sifa; Mukadi, Patrick; OToole, Aine; Tshiani-Mbaya, Olivier; Paku-Tshambu, Princesse; Lokilo-Lofiko, Emmanuel; Muswamba-Kayembe, Chloe; Makangara-Cigolo, Jean-Claude; Cikaya-Kankolongo, Fiston; Luakanda-Ndelemo, Gradi; Lawanga, Leader; Mabika-Bope, Elzedek; Lumembe-Numbi, Raphael; Kabamba-Lungenyi, Gabriel; Citenga, Andre; Kelvin, D. J.; Pratt, Catherine; Ayouba, Ahidjo; Tessema, Sofonias; Mukadi-Bamuleka, Daniel; Jansen, Daan; Halbrook, Megan; Merrit, Sydney; Hensley, Lisa; Delaporte, Eric; Mwamba, Dieudonne; Liesenborghs, Laurens; Hoff, Nicole; Peeters, Martine; Low, Nicola; Rimoin, Anne; Kindrachuk, Jason; Vercauteren, Koen; Rambaut, Andrew; Ahuka-Mundeke, Steve; Muyembe-Tamfum, Jean-Jacques"
PP_004AUXM,Ia,None,Democratic Republic of the Congo,Kinshasa,2025-01-09,186483,0.5938471367939597,2025-10-21,"Wawina-Bokalanga, Tony; Amuri-Aziza, Adrienne; Mbala-Kingebeni, Placide; Kinganda-Lusamaki, Eddy; Pukuta-Simbu, Elisabeth; Hasivirwe-Vakaniaki, Emmanuel; Ola-Mpumbe, Rilia; Kwete-Mbokama, Papy; Akil-Bandali, Prince; Kacita, Cris; Ponga-Museme, Ange; Mapenzi-Kashali, Nelson; Vakaniaki, Gloria; Kenye, Kelly-Michel; Muyamuna, Elisabeth; Kavira-Bapitani, Sifa; Mukadi, Patrick; OToole, Aine; Tshiani-Mbaya, Olivier; Paku-Tshambu, Princesse; Lokilo-Lofiko, Emmanuel; Muswamba-Kayembe, Chloe; Makangara-Cigolo, Jean-Claude; Cikaya-Kankolongo, Fiston; Luakanda-Ndelemo, Gradi; Lawanga, Leader; Mabika-Bope, Elzedek; Lumembe-Numbi, Raphael; Kabamba-Lungenyi, Gabriel; Citenga, Andre; Kelvin, D. J.; Pratt, Catherine; Ayouba, Ahidjo; Tessema, Sofonias; Mukadi-Bamuleka, Daniel; Jansen, Daan; Halbrook, Megan; Merrit, Sydney; Hensley, Lisa; Delaporte, Eric; Mwamba, Dieudonne; Liesenborghs, Laurens; Hoff, Nicole; Peeters, Martine; Low, Nicola; Rimoin, Anne; Kindrachuk, Jason; Vercauteren, Koen; Rambaut, Andrew; Ahuka-Mundeke, Steve; Muyembe-Tamfum, Jean-Jacques"
PP_004AUYK,Ib,A.1,Democratic Republic of the Congo,Kinshasa,2025-01-10,188568,0.6037199113630717,2025-10-21,"Wawina-Bokalanga, Tony; Amuri-Aziza, Adrienne; Mbala-Kingebeni, Placide; Kinganda-Lusamaki, Eddy; Pukuta-Simbu, Elisabeth; Hasivirwe-Vakaniaki, Emmanuel; Ola-Mpumbe, Rilia; Kwete-Mbokama, Papy; Akil-Bandali, Prince; Kacita, Cris; Ponga-Museme, Ange; Mapenzi-Kashali, Nelson; Vakaniaki, Gloria; Kenye, Kelly-Michel; Muyamuna, Elisabeth; Kavira-Bapitani, Sifa; Mukadi, Patrick; OToole, Aine; Tshiani-Mbaya, Olivier; Paku-Tshambu, Princesse; Lokilo-Lofiko, Emmanuel; Muswamba-Kayembe, Chloe; Makangara-Cigolo, Jean-Claude; Cikaya-Kankolongo, Fiston; Luakanda-Ndelemo, Gradi; Lawanga, Leader; Mabika-Bope, Elzedek; Lumembe-Numbi, Raphael; Kabamba-Lungenyi, Gabriel; Citenga, Andre; Kelvin, D. J.; Pratt, Catherine; Ayouba, Ahidjo; Tessema, Sofonias; Mukadi-Bamuleka, Daniel; Jansen, Daan; Halbrook, Megan; Merrit, Sydney; Hensley, Lisa; Delaporte, Eric; Mwamba, Dieudonne; Liesenborghs, Laurens; Hoff, Nicole; Peeters, Martine; Low, Nicola; Rimoin, Anne; Kindrachuk, Jason; Vercauteren, Koen; Rambaut, Andrew; Ahuka-Mundeke, Steve; Muyembe-Tamfum, Jean-Jacques"
PP_004AUZH,Ia,None,Democratic Republic of the Congo,Kinshasa,2025-01-13,189292,0.6667900552206035,2025-10-21,"Wawina-Bokalanga, Tony; Amuri-Aziza, Adrienne; Mbala-Kingebeni, Placide; Kinganda-Lusamaki, Eddy; Pukuta-Simbu, Elisabeth; Hasivirwe-Vakaniaki, Emmanuel; Ola-Mpumbe, Rilia; Kwete-Mbokama, Papy; Akil-Bandali, Prince; Kacita, Cris; Ponga-Museme, Ange; Mapenzi-Kashali, Nelson; Vakaniaki, Gloria; Kenye, Kelly-Michel; Muyamuna, Elisabeth; Kavira-Bapitani, Sifa; Mukadi, Patrick; OToole, Aine; Tshiani-Mbaya, Olivier; Paku-Tshambu, Princesse; Lokilo-Lofiko, Emmanuel; Muswamba-Kayembe, Chloe; Makangara-Cigolo, Jean-Claude; Cikaya-Kankolongo, Fiston; Luakanda-Ndelemo, Gradi; Lawanga, Leader; Mabika-Bope, Elzedek; Lumembe-Numbi, Raphael; Kabamba-Lungenyi, Gabriel; Citenga, Andre; Kelvin, D. J.; Pratt, Catherine; Ayouba, Ahidjo; Tessema, Sofonias; Mukadi-Bamuleka, Daniel; Jansen, Daan; Halbrook, Megan; Merrit, Sydney; Hensley, Lisa; Delaporte, Eric; Mwamba, Dieudonne; Liesenborghs, Laurens; Hoff, Nicole; Peeters, Martine; Low, Nicola; Rimoin, Anne; Kindrachuk, Jason; Vercauteren, Koen; Rambaut, Andrew; Ahuka-Mundeke, Steve; Muyembe-Tamfum, Jean-Jacques"
PP_004AV0F,Ia,None,Democratic Republic of the Congo,Kinshasa,2025-01-13,188885,0.6626066761658951,2025-10-21,"Wawina-Bokalanga, Tony; Amuri-Aziza, Adrienne; Mbala-Kingebeni, Placide; Kinganda-Lusamaki, Eddy; Pukuta-Simbu, Elisabeth; Hasivirwe-Vakaniaki, Emmanuel; Ola-Mpumbe, Rilia; Kwete-Mbokama, Papy; Akil-Bandali, Prince; Kacita, Cris; Ponga-Museme, Ange; Mapenzi-Kashali, Nelson; Vakaniaki, Gloria; Kenye, Kelly-Michel; Muyamuna, Elisabeth; Kavira-Bapitani, Sifa; Mukadi, Patrick; OToole, Aine; Tshiani-Mbaya, Olivier; Paku-Tshambu, Princesse; Lokilo-Lofiko, Emmanuel; Muswamba-Kayembe, Chloe; Makangara-Cigolo, Jean-Claude; Cikaya-Kankolongo, Fiston; Luakanda-Ndelemo, Gradi; Lawanga, Leader; Mabika-Bope, Elzedek; Lumembe-Numbi, Raphael; Kabamba-Lungenyi, Gabriel; Citenga, Andre; Kelvin, D. J.; Pratt, Catherine; Ayouba, Ahidjo; Tessema, Sofonias; Mukadi-Bamuleka, Daniel; Jansen, Daan; Halbrook, Megan; Merrit, Sydney; Hensley, Lisa; Delaporte, Eric; Mwamba, Dieudonne; Liesenborghs, Laurens; Hoff, Nicole; Peeters, Martine; Low, Nicola; Rimoin, Anne; Kindrachuk, Jason; Vercauteren, Koen; Rambaut, Andrew; Ahuka-Mundeke, Steve; Muyembe-Tamfum, Jean-Jacques"
PP_004AV1D,Ib,A.1,Democratic Republic of the Congo,Kinshasa,2025-01-13,189178,0.6661257853343407,2025-10-21,"Wawina-Bokalanga, Tony; Amuri-Aziza, Adrienne; Mbala-Kingebeni, Placide; Kinganda-Lusamaki, Eddy; Pukuta-Simbu, Elisabeth; Hasivirwe-Vakaniaki, Emmanuel; Ola-Mpumbe, Rilia; Kwete-Mbokama, Papy; Akil-Bandali, Prince; Kacita, Cris; Ponga-Museme, Ange; Mapenzi-Kashali, Nelson; Vakaniaki, Gloria; Kenye, Kelly-Michel; Muyamuna, Elisabeth; Kavira-Bapitani, Sifa; Mukadi, Patrick; OToole, Aine; Tshiani-Mbaya, Olivier; Paku-Tshambu, Princesse; Lokilo-Lofiko, Emmanuel; Muswamba-Kayembe, Chloe; Makangara-Cigolo, Jean-Claude; Cikaya-Kankolongo, Fiston; Luakanda-Ndelemo, Gradi; Lawanga, Leader; Mabika-Bope, Elzedek; Lumembe-Numbi, Raphael; Kabamba-Lungenyi, Gabriel; Citenga, Andre; Kelvin, D. J.; Pratt, Catherine; Ayouba, Ahidjo; Tessema, Sofonias; Mukadi-Bamuleka, Daniel; Jansen, Daan; Halbrook, Megan; Merrit, Sydney; Hensley, Lisa; Delaporte, Eric; Mwamba, Dieudonne; Liesenborghs, Laurens; Hoff, Nicole; Peeters, Martine; Low, Nicola; Rimoin, Anne; Kindrachuk, Jason; Vercauteren, Koen; Rambaut, Andrew; Ahuka-Mundeke, Steve; Muyembe-Tamfum, Jean-Jacques"
PP_004AV2B,Ib,A.1,Democratic Republic of the Congo,Kinshasa,2025-01-14,189186,0.6929957557717954,2025-10-21,"Wawina-Bokalanga, Tony; Amuri-Aziza, Adrienne; Mbala-Kingebeni, Placide; Kinganda-Lusamaki, Eddy; Pukuta-Simbu, Elisabeth; Hasivirwe-Vakaniaki, Emmanuel; Ola-Mpumbe, Rilia; Kwete-Mbokama, Papy; Akil-Bandali, Prince; Kacita, Cris; Ponga-Museme, Ange; Mapenzi-Kashali, Nelson; Vakaniaki, Gloria; Kenye, Kelly-Michel; Muyamuna, Elisabeth; Kavira-Bapitani, Sifa; Mukadi, Patrick; OToole, Aine; Tshiani-Mbaya, Olivier; Paku-Tshambu, Princesse; Lokilo-Lofiko, Emmanuel; Muswamba-Kayembe, Chloe; Makangara-Cigolo, Jean-Claude; Cikaya-Kankolongo, Fiston; Luakanda-Ndelemo, Gradi; Lawanga, Leader; Mabika-Bope, Elzedek; Lumembe-Numbi, Raphael; Kabamba-Lungenyi, Gabriel; Citenga, Andre; Kelvin, D. J.; Pratt, Catherine; Ayouba, Ahidjo; Tessema, Sofonias; Mukadi-Bamuleka, Daniel; Jansen, Daan; Halbrook, Megan; Merrit, Sydney; Hensley, Lisa; Delaporte, Eric; Mwamba, Dieudonne; Liesenborghs, Laurens; Hoff, Nicole; Peeters, Martine; Low, Nicola; Rimoin, Anne; Kindrachuk, Jason; Vercauteren, Koen; Rambaut, Andrew; Ahuka-Mundeke, Steve; Muyembe-Tamfum, Jean-Jacques"
PP_004AV39,Ib,A.1,Democratic Republic of the Congo,Kinshasa,2025-01-14,188962,0.706022544610033,2025-10-21,"Wawina-Bokalanga, Tony; Amuri-Aziza, Adrienne; Mbala-Kingebeni, Placide; Kinganda-Lusamaki, Eddy; Pukuta-Simbu, Elisabeth; Hasivirwe-Vakaniaki, Emmanuel; Ola-Mpumbe, Rilia; Kwete-Mbokama, Papy; Akil-Bandali, Prince; Kacita, Cris; Ponga-Museme, Ange; Mapenzi-Kashali, Nelson; Vakaniaki, Gloria; Kenye, Kelly-Michel; Muyamuna, Elisabeth; Kavira-Bapitani, Sifa; Mukadi, Patrick; OToole, Aine; Tshiani-Mbaya, Olivier; Paku-Tshambu, Princesse; Lokilo-Lofiko, Emmanuel; Muswamba-Kayembe, Chloe; Makangara-Cigolo, Jean-Claude; Cikaya-Kankolongo, Fiston; Luakanda-Ndelemo, Gradi; Lawanga, Leader; Mabika-Bope, Elzedek; Lumembe-Numbi, Raphael; Kabamba-Lungenyi, Gabriel; Citenga, Andre; Kelvin, D. J.; Pratt, Catherine; Ayouba, Ahidjo; Tessema, Sofonias; Mukadi-Bamuleka, Daniel; Jansen, Daan; Halbrook, Megan; Merrit, Sydney; Hensley, Lisa; Delaporte, Eric; Mwamba, Dieudonne; Liesenborghs, Laurens; Hoff, Nicole; Peeters, Martine; Low, Nicola; Rimoin, Anne; Kindrachuk, Jason; Vercauteren, Koen; Rambaut, Andrew; Ahuka-Mundeke, Steve; Muyembe-Tamfum, Jean-Jacques"
PP_004AV47,Ia,None,Democratic Republic of the Congo,Kinshasa,2025-01-14,188501,0.4716316192465861,2025-10-21,"Wawina-Bokalanga, Tony; Amuri-Aziza, Adrienne; Mbala-Kingebeni, Placide; Kinganda-Lusamaki, Eddy; Pukuta-Simbu, Elisabeth; Hasivirwe-Vakaniaki, Emmanuel; Ola-Mpumbe, Rilia; Kwete-Mbokama, Papy; Akil-Bandali, Prince; Kacita, Cris; Ponga-Museme, Ange; Mapenzi-Kashali, Nelson; Vakaniaki, Gloria; Kenye, Kelly-Michel; Muyamuna, Elisabeth; Kavira-Bapitani, Sifa; Mukadi, Patrick; OToole, Aine; Tshiani-Mbaya, Olivier; Paku-Tshambu, Princesse; Lokilo-Lofiko, Emmanuel; Muswamba-Kayembe, Chloe; Makangara-Cigolo, Jean-Claude; Cikaya-Kankolongo, Fiston; Luakanda-Ndelemo, Gradi; Lawanga, Leader; Mabika-Bope, Elzedek; Lumembe-Numbi, Raphael; Kabamba-Lungenyi, Gabriel; Citenga, Andre; Kelvin, D. J.; Pratt, Catherine; Ayouba, Ahidjo; Tessema, Sofonias; Mukadi-Bamuleka, Daniel; Jansen, Daan; Halbrook, Megan; Merrit, Sydney; Hensley, Lisa; Delaporte, Eric; Mwamba, Dieudonne; Liesenborghs, Laurens; Hoff, Nicole; Peeters, Martine; Low, Nicola; Rimoin, Anne; Kindrachuk, Jason; Vercauteren, Koen; Rambaut, Andrew; Ahuka-Mundeke, Steve; Muyembe-Tamfum, Jean-Jacques"
PP_004AV55,Ia,None,Democratic Republic of the Congo,Kinshasa,2025-01-16,187422,0.8981740184271509,2025-10-21,"Amuri-Aziza, Adrienne; Mbala-Kingebeni, Placide; Wawina-Bokalanga, Tony; Kinganda-Lusamaki, Eddy; Pukuta-Simbu, Elisabeth; Hasivirwe-Vakaniaki, Emmanuel; Ola-Mpumbe, Rilia; Kwete-Mbokama, Papy; Akil-Bandali, Prince; Kacita, Cris; Ponga-Museme, Ange; Mapenzi-Kashali, Nelson; Vakaniaki, Gloria; Kenye, Kelly-Michel; Muyamuna, Elisabeth; Kavira-Bapitani, Sifa; Mukadi, Patrick; OToole, Aine; Tshiani-Mbaya, Olivier; Paku-Tshambu, Princesse; Lokilo-Lofiko, Emmanuel; Muswamba-Kayembe, Chloe; Makangara-Cigolo, Jean-Claude; Cikaya-Kankolongo, Fiston; Luakanda-Ndelemo, Gradi; Lawanga, Leader; Mabika-Bope, Elzedek; Lumembe-Numbi, Raphael; Kabamba-Lungenyi, Gabriel; Citenga, Andre; Kelvin, D. J.; Pratt, Catherine; Ayouba, Ahidjo; Tessema, Sofonias; Mukadi-Bamuleka, Daniel; Jansen, Daan; Halbrook, Megan; Merrit, Sydney; Hensley, Lisa; Delaporte, Eric; Mwamba, Dieudonne; Liesenborghs, Laurens; Hoff, Nicole; Peeters, Martine; Low, Nicola; Rimoin, Anne; Kindrachuk, Jason; Vercauteren, Koen; Rambaut, Andrew; Ahuka-Mundeke, Steve; Muyembe-Tamfum, Jean-Jacques"
PP_004AV63,Ia,None,Democratic Republic of the Congo,Kinshasa,2025-01-17,187466,0.8914501873646741,2025-10-21,"Amuri-Aziza, Adrienne; Mbala-Kingebeni, Placide; Wawina-Bokalanga, Tony; Kinganda-Lusamaki, Eddy; Pukuta-Simbu, Elisabeth; Hasivirwe-Vakaniaki, Emmanuel; Ola-Mpumbe, Rilia; Kwete-Mbokama, Papy; Akil-Bandali, Prince; Kacita, Cris; Ponga-Museme, Ange; Mapenzi-Kashali, Nelson; Vakaniaki, Gloria; Kenye, Kelly-Michel; Muyamuna, Elisabeth; Kavira-Bapitani, Sifa; Mukadi, Patrick; OToole, Aine; Tshiani-Mbaya, Olivier; Paku-Tshambu, Princesse; Lokilo-Lofiko, Emmanuel; Muswamba-Kayembe, Chloe; Makangara-Cigolo, Jean-Claude; Cikaya-Kankolongo, Fiston; Luakanda-Ndelemo, Gradi; Lawanga, Leader; Mabika-Bope, Elzedek; Lumembe-Numbi, Raphael; Kabamba-Lungenyi, Gabriel; Citenga, Andre; Kelvin, D. J.; Pratt, Catherine; Ayouba, Ahidjo; Tessema, Sofonias; Mukadi-Bamuleka, Daniel; Jansen, Daan; Halbrook, Megan; Merrit, Sydney; Hensley, Lisa; Delaporte, Eric; Mwamba, Dieudonne; Liesenborghs, Laurens; Hoff, Nicole; Peeters, Martine; Low, Nicola; Rimoin, Anne; Kindrachuk, Jason; Vercauteren, Koen; Rambaut, Andrew; Ahuka-Mundeke, Steve; Muyembe-Tamfum, Jean-Jacques"
PP_004AV71,Ib,A.1,Democratic Republic of the Congo,Kinshasa,2025-01-17,187297,0.866730220223215,2025-10-21,"Amuri-Aziza, Adrienne; Mbala-Kingebeni, Placide; Wawina-Bokalanga, Tony; Kinganda-Lusamaki, Eddy; Pukuta-Simbu, Elisabeth; Hasivirwe-Vakaniaki, Emmanuel; Ola-Mpumbe, Rilia; Kwete-Mbokama, Papy; Akil-Bandali, Prince; Kacita, Cris; Ponga-Museme, Ange; Mapenzi-Kashali, Nelson; Vakaniaki, Gloria; Kenye, Kelly-Michel; Muyamuna, Elisabeth; Kavira-Bapitani, Sifa; Mukadi, Patrick; OToole, Aine; Tshiani-Mbaya, Olivier; Paku-Tshambu, Princesse; Lokilo-Lofiko, Emmanuel; Muswamba-Kayembe, Chloe; Makangara-Cigolo, Jean-Claude; Cikaya-Kankolongo, Fiston; Luakanda-Ndelemo, Gradi; Lawanga, Leader; Mabika-Bope, Elzedek; Lumembe-Numbi, Raphael; Kabamba-Lungenyi, Gabriel; Citenga, Andre; Kelvin, D. J.; Pratt, Catherine; Ayouba, Ahidjo; Tessema, Sofonias; Mukadi-Bamuleka, Daniel; Jansen, Daan; Halbrook, Megan; Merrit, Sydney; Hensley, Lisa; Delaporte, Eric; Mwamba, Dieudonne; Liesenborghs, Laurens; Hoff, Nicole; Peeters, Martine; Low, Nicola; Rimoin, Anne; Kindrachuk, Jason; Vercauteren, Koen; Rambaut, Andrew; Ahuka-Mundeke, Steve; Muyembe-Tamfum, Jean-Jacques"
PP_004AV8Z,Ia,None,Democratic Republic of the Congo,Kinshasa,2025-01-17,176084,0.7408637536826412,2025-10-21,"Amuri-Aziza, Adrienne; Mbala-Kingebeni, Placide; Wawina-Bokalanga, Tony; Kinganda-Lusamaki, Eddy; Pukuta-Simbu, Elisabeth; Hasivirwe-Vakaniaki, Emmanuel; Ola-Mpumbe, Rilia; Kwete-Mbokama, Papy; Akil-Bandali, Prince; Kacita, Cris; Ponga-Museme, Ange; Mapenzi-Kashali, Nelson; Vakaniaki, Gloria; Kenye, Kelly-Michel; Muyamuna, Elisabeth; Kavira-Bapitani, Sifa; Mukadi, Patrick; OToole, Aine; Tshiani-Mbaya, Olivier; Paku-Tshambu, Princesse; Lokilo-Lofiko, Emmanuel; Muswamba-Kayembe, Chloe; Makangara-Cigolo, Jean-Claude; Cikaya-Kankolongo, Fiston; Luakanda-Ndelemo, Gradi; Lawanga, Leader; Mabika-Bope, Elzedek; Lumembe-Numbi, Raphael; Kabamba-Lungenyi, Gabriel; Citenga, Andre; Kelvin, D. J.; Pratt, Catherine; Ayouba, Ahidjo; Tessema, Sofonias; Mukadi-Bamuleka, Daniel; Jansen, Daan; Halbrook, Megan; Merrit, Sydney; Hensley, Lisa; Delaporte, Eric; Mwamba, Dieudonne; Liesenborghs, Laurens; Hoff, Nicole; Peeters, Martine; Low, Nicola; Rimoin, Anne; Kindrachuk, Jason; Vercauteren, Koen; Rambaut, Andrew; Ahuka-Mundeke, Steve; Muyembe-Tamfum, Jean-Jacques"
PP_004AV9X,Ib,A.1,Democratic Republic of the Congo,Kinshasa,2025-01-17,187344,0.8946447677337241,2025-10-21,"Amuri-Aziza, Adrienne; Mbala-Kingebeni, Placide; Wawina-Bokalanga, Tony; Kinganda-Lusamaki, Eddy; Pukuta-Simbu, Elisabeth; Hasivirwe-Vakaniaki, Emmanuel; Ola-Mpumbe, Rilia; Kwete-Mbokama, Papy; Akil-Bandali, Prince; Kacita, Cris; Ponga-Museme, Ange; Mapenzi-Kashali, Nelson; Vakaniaki, Gloria; Kenye, Kelly-Michel; Muyamuna, Elisabeth; Kavira-Bapitani, Sifa; Mukadi, Patrick; OToole, Aine; Tshiani-Mbaya, Olivier; Paku-Tshambu, Princesse; Lokilo-Lofiko, Emmanuel; Muswamba-Kayembe, Chloe; Makangara-Cigolo, Jean-Claude; Cikaya-Kankolongo, Fiston; Luakanda-Ndelemo, Gradi; Lawanga, Leader; Mabika-Bope, Elzedek; Lumembe-Numbi, Raphael; Kabamba-Lungenyi, Gabriel; Citenga, Andre; Kelvin, D. J.; Pratt, Catherine; Ayouba, Ahidjo; Tessema, Sofonias; Mukadi-Bamuleka, Daniel; Jansen, Daan; Halbrook, Megan; Merrit, Sydney; Hensley, Lisa; Delaporte, Eric; Mwamba, Dieudonne; Liesenborghs, Laurens; Hoff, Nicole; Peeters, Martine; Low, Nicola; Rimoin, Anne; Kindrachuk, Jason; Vercauteren, Koen; Rambaut, Andrew; Ahuka-Mundeke, Steve; Muyembe-Tamfum, Jean-Jacques"
PP_004AVAV,Ib,A.1,Democratic Republic of the Congo,Kinshasa,2025-01-16,187401,0.49406467250480457,2025-10-21,"Amuri-Aziza, Adrienne; Mbala-Kingebeni, Placide; Wawina-Bokalanga, Tony; Kinganda-Lusamaki, Eddy; Pukuta-Simbu, Elisabeth; Hasivirwe-Vakaniaki, Emmanuel; Ola-Mpumbe, Rilia; Kwete-Mbokama, Papy; Akil-Bandali, Prince; Kacita, Cris; Ponga-Museme, Ange; Mapenzi-Kashali, Nelson; Vakaniaki, Gloria; Kenye, Kelly-Michel; Muyamuna, Elisabeth; Kavira-Bapitani, Sifa; Mukadi, Patrick; OToole, Aine; Tshiani-Mbaya, Olivier; Paku-Tshambu, Princesse; Lokilo-Lofiko, Emmanuel; Muswamba-Kayembe, Chloe; Makangara-Cigolo, Jean-Claude; Cikaya-Kankolongo, Fiston; Luakanda-Ndelemo, Gradi; Lawanga, Leader; Mabika-Bope, Elzedek; Lumembe-Numbi, Raphael; Kabamba-Lungenyi, Gabriel; Citenga, Andre; Kelvin, D. J.; Pratt, Catherine; Ayouba, Ahidjo; Tessema, Sofonias; Mukadi-Bamuleka, Daniel; Jansen, Daan; Halbrook, Megan; Merrit, Sydney; Hensley, Lisa; Delaporte, Eric; Mwamba, Dieudonne; Liesenborghs, Laurens; Hoff, Nicole; Peeters, Martine; Low, Nicola; Rimoin, Anne; Kindrachuk, Jason; Vercauteren, Koen; Rambaut, Andrew; Ahuka-Mundeke, Steve; Muyembe-Tamfum, Jean-Jacques"
PP_004AVBT,Ia,None,Democratic Republic of the Congo,Kinshasa,2025-01-08,187492,0.925302597751624,2025-10-21,"Amuri-Aziza, Adrienne; Mbala-Kingebeni, Placide; Wawina-Bokalanga, Tony; Kinganda-Lusamaki, Eddy; Pukuta-Simbu, Elisabeth; Hasivirwe-Vakaniaki, Emmanuel; Ola-Mpumbe, Rilia; Kwete-Mbokama, Papy; Akil-Bandali, Prince; Kacita, Cris; Ponga-Museme, Ange; Mapenzi-Kashali, Nelson; Vakaniaki, Gloria; Kenye, Kelly-Michel; Muyamuna, Elisabeth; Kavira-Bapitani, Sifa; Mukadi, Patrick; OToole, Aine; Tshiani-Mbaya, Olivier; Paku-Tshambu, Princesse; Lokilo-Lofiko, Emmanuel; Muswamba-Kayembe, Chloe; Makangara-Cigolo, Jean-Claude; Cikaya-Kankolongo, Fiston; Luakanda-Ndelemo, Gradi; Lawanga, Leader; Mabika-Bope, Elzedek; Lumembe-Numbi, Raphael; Kabamba-Lungenyi, Gabriel; Citenga, Andre; Kelvin, D. J.; Pratt, Catherine; Ayouba, Ahidjo; Tessema, Sofonias; Mukadi-Bamuleka, Daniel; Jansen, Daan; Halbrook, Megan; Merrit, Sydney; Hensley, Lisa; Delaporte, Eric; Mwamba, Dieudonne; Liesenborghs, Laurens; Hoff, Nicole; Peeters, Martine; Low, Nicola; Rimoin, Anne; Kindrachuk, Jason; Vercauteren, Koen; Rambaut, Andrew; Ahuka-Mundeke, Steve; Muyembe-Tamfum, Jean-Jacques"
PP_004AVCR,Ia,None,Democratic Republic of the Congo,Kinshasa,2025-01-20,187472,0.9141012834099864,2025-10-21,"Amuri-Aziza, Adrienne; Mbala-Kingebeni, Placide; Wawina-Bokalanga, Tony; Kinganda-Lusamaki, Eddy; Pukuta-Simbu, Elisabeth; Hasivirwe-Vakaniaki, Emmanuel; Ola-Mpumbe, Rilia; Kwete-Mbokama, Papy; Akil-Bandali, Prince; Kacita, Cris; Ponga-Museme, Ange; Mapenzi-Kashali, Nelson; Vakaniaki, Gloria; Kenye, Kelly-Michel; Muyamuna, Elisabeth; Kavira-Bapitani, Sifa; Mukadi, Patrick; OToole, Aine; Tshiani-Mbaya, Olivier; Paku-Tshambu, Princesse; Lokilo-Lofiko, Emmanuel; Muswamba-Kayembe, Chloe; Makangara-Cigolo, Jean-Claude; Cikaya-Kankolongo, Fiston; Luakanda-Ndelemo, Gradi; Lawanga, Leader; Mabika-Bope, Elzedek; Lumembe-Numbi, Raphael; Kabamba-Lungenyi, Gabriel; Citenga, Andre; Kelvin, D. J.; Pratt, Catherine; Ayouba, Ahidjo; Tessema, Sofonias; Mukadi-Bamuleka, Daniel; Jansen, Daan; Halbrook, Megan; Merrit, Sydney; Hensley, Lisa; Delaporte, Eric; Mwamba, Dieudonne; Liesenborghs, Laurens; Hoff, Nicole; Peeters, Martine; Low, Nicola; Rimoin, Anne; Kindrachuk, Jason; Vercauteren, Koen; Rambaut, Andrew; Ahuka-Mundeke, Steve; Muyembe-Tamfum, Jean-Jacques"
PP_004AVDP,Ib,A.1,Democratic Republic of the Congo,Kinshasa,2025-01-20,187480,0.9190858429382026,2025-10-21,"Amuri-Aziza, Adrienne; Mbala-Kingebeni, Placide; Wawina-Bokalanga, Tony; Kinganda-Lusamaki, Eddy; Pukuta-Simbu, Elisabeth; Hasivirwe-Vakaniaki, Emmanuel; Ola-Mpumbe, Rilia; Kwete-Mbokama, Papy; Akil-Bandali, Prince; Kacita, Cris; Ponga-Museme, Ange; Mapenzi-Kashali, Nelson; Vakaniaki, Gloria; Kenye, Kelly-Michel; Muyamuna, Elisabeth; Kavira-Bapitani, Sifa; Mukadi, Patrick; OToole, Aine; Tshiani-Mbaya, Olivier; Paku-Tshambu, Princesse; Lokilo-Lofiko, Emmanuel; Muswamba-Kayembe, Chloe; Makangara-Cigolo, Jean-Claude; Cikaya-Kankolongo, Fiston; Luakanda-Ndelemo, Gradi; Lawanga, Leader; Mabika-Bope, Elzedek; Lumembe-Numbi, Raphael; Kabamba-Lungenyi, Gabriel; Citenga, Andre; Kelvin, D. J.; Pratt, Catherine; Ayouba, Ahidjo; Tessema, Sofonias; Mukadi-Bamuleka, Daniel; Jansen, Daan; Halbrook, Megan; Merrit, Sydney; Hensley, Lisa; Delaporte, Eric; Mwamba, Dieudonne; Liesenborghs, Laurens; Hoff, Nicole; Peeters, Martine; Low, Nicola; Rimoin, Anne; Kindrachuk, Jason; Vercauteren, Koen; Rambaut, Andrew; Ahuka-Mundeke, Steve; Muyembe-Tamfum, Jean-Jacques"
PP_004AVEM,Ib,A.1,Democratic Republic of the Congo,Kinshasa,2025-01-20,187312,0.8868915718856645,2025-10-21,"Amuri-Aziza, Adrienne; Mbala-Kingebeni, Placide; Wawina-Bokalanga, Tony; Kinganda-Lusamaki, Eddy; Pukuta-Simbu, Elisabeth; Hasivirwe-Vakaniaki, Emmanuel; Ola-Mpumbe, Rilia; Kwete-Mbokama, Papy; Akil-Bandali, Prince; Kacita, Cris; Ponga-Museme, Ange; Mapenzi-Kashali, Nelson; Vakaniaki, Gloria; Kenye, Kelly-Michel; Muyamuna, Elisabeth; Kavira-Bapitani, Sifa; Mukadi, Patrick; OToole, Aine; Tshiani-Mbaya, Olivier; Paku-Tshambu, Princesse; Lokilo-Lofiko, Emmanuel; Muswamba-Kayembe, Chloe; Makangara-Cigolo, Jean-Claude; Cikaya-Kankolongo, Fiston; Luakanda-Ndelemo, Gradi; Lawanga, Leader; Mabika-Bope, Elzedek; Lumembe-Numbi, Raphael; Kabamba-Lungenyi, Gabriel; Citenga, Andre; Kelvin, D. J.; Pratt, Catherine; Ayouba, Ahidjo; Tessema, Sofonias; Mukadi-Bamuleka, Daniel; Jansen, Daan; Halbrook, Megan; Merrit, Sydney; Hensley, Lisa; Delaporte, Eric; Mwamba, Dieudonne; Liesenborghs, Laurens; Hoff, Nicole; Peeters, Martine; Low, Nicola; Rimoin, Anne; Kindrachuk, Jason; Vercauteren, Koen; Rambaut, Andrew; Ahuka-Mundeke, Steve; Muyembe-Tamfum, Jean-Jacques"
PP_004AVFK,Ib,A.1,Democratic Republic of the Congo,Kinshasa,2025-01-20,186221,0.9173972790288476,2025-10-21,"Amuri-Aziza, Adrienne; Mbala-Kingebeni, Placide; Wawina-Bokalanga, Tony; Kinganda-Lusamaki, Eddy; Pukuta-Simbu, Elisabeth; Hasivirwe-Vakaniaki, Emmanuel; Ola-Mpumbe, Rilia; Kwete-Mbokama, Papy; Akil-Bandali, Prince; Kacita, Cris; Ponga-Museme, Ange; Mapenzi-Kashali, Nelson; Vakaniaki, Gloria; Kenye, Kelly-Michel; Muyamuna, Elisabeth; Kavira-Bapitani, Sifa; Mukadi, Patrick; OToole, Aine; Tshiani-Mbaya, Olivier; Paku-Tshambu, Princesse; Lokilo-Lofiko, Emmanuel; Muswamba-Kayembe, Chloe; Makangara-Cigolo, Jean-Claude; Cikaya-Kankolongo, Fiston; Luakanda-Ndelemo, Gradi; Lawanga, Leader; Mabika-Bope, Elzedek; Lumembe-Numbi, Raphael; Kabamba-Lungenyi, Gabriel; Citenga, Andre; Kelvin, D. J.; Pratt, Catherine; Ayouba, Ahidjo; Tessema, Sofonias; Mukadi-Bamuleka, Daniel; Jansen, Daan; Halbrook, Megan; Merrit, Sydney; Hensley, Lisa; Delaporte, Eric; Mwamba, Dieudonne; Liesenborghs, Laurens; Hoff, Nicole; Peeters, Martine; Low, Nicola; Rimoin, Anne; Kindrachuk, Jason; Vercauteren, Koen; Rambaut, Andrew; Ahuka-Mundeke, Steve; Muyembe-Tamfum, Jean-Jacques"
PP_004AVGH,Ia,None,Democratic Republic of the Congo,Kinshasa,2025-01-20,187482,0.8127265996987967,2025-10-21,"Amuri-Aziza, Adrienne; Mbala-Kingebeni, Placide; Wawina-Bokalanga, Tony; Kinganda-Lusamaki, Eddy; Pukuta-Simbu, Elisabeth; Hasivirwe-Vakaniaki, Emmanuel; Ola-Mpumbe, Rilia; Kwete-Mbokama, Papy; Akil-Bandali, Prince; Kacita, Cris; Ponga-Museme, Ange; Mapenzi-Kashali, Nelson; Vakaniaki, Gloria; Kenye, Kelly-Michel; Muyamuna, Elisabeth; Kavira-Bapitani, Sifa; Mukadi, Patrick; OToole, Aine; Tshiani-Mbaya, Olivier; Paku-Tshambu, Princesse; Lokilo-Lofiko, Emmanuel; Muswamba-Kayembe, Chloe; Makangara-Cigolo, Jean-Claude; Cikaya-Kankolongo, Fiston; Luakanda-Ndelemo, Gradi; Lawanga, Leader; Mabika-Bope, Elzedek; Lumembe-Numbi, Raphael; Kabamba-Lungenyi, Gabriel; Citenga, Andre; Kelvin, D. J.; Pratt, Catherine; Ayouba, Ahidjo; Tessema, Sofonias; Mukadi-Bamuleka, Daniel; Jansen, Daan; Halbrook, Megan; Merrit, Sydney; Hensley, Lisa; Delaporte, Eric; Mwamba, Dieudonne; Liesenborghs, Laurens; Hoff, Nicole; Peeters, Martine; Low, Nicola; Rimoin, Anne; Kindrachuk, Jason; Vercauteren, Koen; Rambaut, Andrew; Ahuka-Mundeke, Steve; Muyembe-Tamfum, Jean-Jacques"
PP_004AVHE,Ia,None,Democratic Republic of the Congo,Kinshasa,2025-01-20,187423,0.9237408029045328,2025-10-21,"Amuri-Aziza, Adrienne; Mbala-Kingebeni, Placide; Wawina-Bokalanga, Tony; Kinganda-Lusamaki, Eddy; Pukuta-Simbu, Elisabeth; Hasivirwe-Vakaniaki, Emmanuel; Ola-Mpumbe, Rilia; Kwete-Mbokama, Papy; Akil-Bandali, Prince; Kacita, Cris; Ponga-Museme, Ange; Mapenzi-Kashali, Nelson; Vakaniaki, Gloria; Kenye, Kelly-Michel; Muyamuna, Elisabeth; Kavira-Bapitani, Sifa; Mukadi, Patrick; OToole, Aine; Tshiani-Mbaya, Olivier; Paku-Tshambu, Princesse; Lokilo-Lofiko, Emmanuel; Muswamba-Kayembe, Chloe; Makangara-Cigolo, Jean-Claude; Cikaya-Kankolongo, Fiston; Luakanda-Ndelemo, Gradi; Lawanga, Leader; Mabika-Bope, Elzedek; Lumembe-Numbi, Raphael; Kabamba-Lungenyi, Gabriel; Citenga, Andre; Kelvin, D. J.; Pratt, Catherine; Ayouba, Ahidjo; Tessema, Sofonias; Mukadi-Bamuleka, Daniel; Jansen, Daan; Halbrook, Megan; Merrit, Sydney; Hensley, Lisa; Delaporte, Eric; Mwamba, Dieudonne; Liesenborghs, Laurens; Hoff, Nicole; Peeters, Martine; Low, Nicola; Rimoin, Anne; Kindrachuk, Jason; Vercauteren, Koen; Rambaut, Andrew; Ahuka-Mundeke, Steve; Muyembe-Tamfum, Jean-Jacques"
PP_004AVJC,Ib,A.1,Democratic Republic of the Congo,Kinshasa,2025-01-20,187429,0.9227469334563838,2025-10-21,"Amuri-Aziza, Adrienne; Mbala-Kingebeni, Placide; Wawina-Bokalanga, Tony; Kinganda-Lusamaki, Eddy; Pukuta-Simbu, Elisabeth; Hasivirwe-Vakaniaki, Emmanuel; Ola-Mpumbe, Rilia; Kwete-Mbokama, Papy; Akil-Bandali, Prince; Kacita, Cris; Ponga-Museme, Ange; Mapenzi-Kashali, Nelson; Vakaniaki, Gloria; Kenye, Kelly-Michel; Muyamuna, Elisabeth; Kavira-Bapitani, Sifa; Mukadi, Patrick; OToole, Aine; Tshiani-Mbaya, Olivier; Paku-Tshambu, Princesse; Lokilo-Lofiko, Emmanuel; Muswamba-Kayembe, Chloe; Makangara-Cigolo, Jean-Claude; Cikaya-Kankolongo, Fiston; Luakanda-Ndelemo, Gradi; Lawanga, Leader; Mabika-Bope, Elzedek; Lumembe-Numbi, Raphael; Kabamba-Lungenyi, Gabriel; Citenga, Andre; Kelvin, D. J.; Pratt, Catherine; Ayouba, Ahidjo; Tessema, Sofonias; Mukadi-Bamuleka, Daniel; Jansen, Daan; Halbrook, Megan; Merrit, Sydney; Hensley, Lisa; Delaporte, Eric; Mwamba, Dieudonne; Liesenborghs, Laurens; Hoff, Nicole; Peeters, Martine; Low, Nicola; Rimoin, Anne; Kindrachuk, Jason; Vercauteren, Koen; Rambaut, Andrew; Ahuka-Mundeke, Steve; Muyembe-Tamfum, Jean-Jacques"
PP_004AVKA,Ib,A.1,Democratic Republic of the Congo,Kinshasa,2025-01-17,187371,0.7920936671247255,2025-10-21,"Wawina-Bokalanga, Tony; Amuri-Aziza, Adrienne; Mbala-Kingebeni, Placide; Kinganda-Lusamaki, Eddy; Pukuta-Simbu, Elisabeth; Hasivirwe-Vakaniaki, Emmanuel; Ola-Mpumbe, Rilia; Kwete-Mbokama, Papy; Akil-Bandali, Prince; Kacita, Cris; Ponga-Museme, Ange; Mapenzi-Kashali, Nelson; Vakaniaki, Gloria; Kenye, Kelly-Michel; Muyamuna, Elisabeth; Kavira-Bapitani, Sifa; Mukadi, Patrick; OToole, Aine; Tshiani-Mbaya, Olivier; Paku-Tshambu, Princesse; Lokilo-Lofiko, Emmanuel; Muswamba-Kayembe, Chloe; Makangara-Cigolo, Jean-Claude; Cikaya-Kankolongo, Fiston; Luakanda-Ndelemo, Gradi; Lawanga, Leader; Mabika-Bope, Elzedek; Lumembe-Numbi, Raphael; Kabamba-Lungenyi, Gabriel; Citenga, Andre; Kelvin, D. J.; Pratt, Catherine; Ayouba, Ahidjo; Tessema, Sofonias; Mukadi-Bamuleka, Daniel; Jansen, Daan; Halbrook, Megan; Merrit, Sydney; Hensley, Lisa; Delaporte, Eric; Mwamba, Dieudonne; Liesenborghs, Laurens; Hoff, Nicole; Peeters, Martine; Low, Nicola; Rimoin, Anne; Kindrachuk, Jason; Vercauteren, Koen; Rambaut, Andrew; Ahuka-Mundeke, Steve; Muyembe-Tamfum, Jean-Jacques"
PP_004AVL8,Ib,A.1,Democratic Republic of the Congo,Kinshasa,2025-01-17,187234,0.5478299671921667,2025-10-21,"Wawina-Bokalanga, Tony; Amuri-Aziza, Adrienne; Mbala-Kingebeni, Placide; Kinganda-Lusamaki, Eddy; Pukuta-Simbu, Elisabeth; Hasivirwe-Vakaniaki, Emmanuel; Ola-Mpumbe, Rilia; Kwete-Mbokama, Papy; Akil-Bandali, Prince; Kacita, Cris; Ponga-Museme, Ange; Mapenzi-Kashali, Nelson; Vakaniaki, Gloria; Kenye, Kelly-Michel; Muyamuna, Elisabeth; Kavira-Bapitani, Sifa; Mukadi, Patrick; OToole, Aine; Tshiani-Mbaya, Olivier; Paku-Tshambu, Princesse; Lokilo-Lofiko, Emmanuel; Muswamba-Kayembe, Chloe; Makangara-Cigolo, Jean-Claude; Cikaya-Kankolongo, Fiston; Luakanda-Ndelemo, Gradi; Lawanga, Leader; Mabika-Bope, Elzedek; Lumembe-Numbi, Raphael; Kabamba-Lungenyi, Gabriel; Citenga, Andre; Kelvin, D. J.; Pratt, Catherine; Ayouba, Ahidjo; Tessema, Sofonias; Mukadi-Bamuleka, Daniel; Jansen, Daan; Halbrook, Megan; Merrit, Sydney; Hensley, Lisa; Delaporte, Eric; Mwamba, Dieudonne; Liesenborghs, Laurens; Hoff, Nicole; Peeters, Martine; Low, Nicola; Rimoin, Anne; Kindrachuk, Jason; Vercauteren, Koen; Rambaut, Andrew; Ahuka-Mundeke, Steve; Muyembe-Tamfum, Jean-Jacques"
PP_004AVM6,Ib,A.1,Democratic Republic of the Congo,Kinshasa,2025-01-17,187361,0.8963891100304753,2025-10-21,"Wawina-Bokalanga, Tony; Amuri-Aziza, Adrienne; Mbala-Kingebeni, Placide; Kinganda-Lusamaki, Eddy; Pukuta-Simbu, Elisabeth; Hasivirwe-Vakaniaki, Emmanuel; Ola-Mpumbe, Rilia; Kwete-Mbokama, Papy; Akil-Bandali, Prince; Kacita, Cris; Ponga-Museme, Ange; Mapenzi-Kashali, Nelson; Vakaniaki, Gloria; Kenye, Kelly-Michel; Muyamuna, Elisabeth; Kavira-Bapitani, Sifa; Mukadi, Patrick; OToole, Aine; Tshiani-Mbaya, Olivier; Paku-Tshambu, Princesse; Lokilo-Lofiko, Emmanuel; Muswamba-Kayembe, Chloe; Makangara-Cigolo, Jean-Claude; Cikaya-Kankolongo, Fiston; Luakanda-Ndelemo, Gradi; Lawanga, Leader; Mabika-Bope, Elzedek; Lumembe-Numbi, Raphael; Kabamba-Lungenyi, Gabriel; Citenga, Andre; Kelvin, D. J.; Pratt, Catherine; Ayouba, Ahidjo; Tessema, Sofonias; Mukadi-Bamuleka, Daniel; Jansen, Daan; Halbrook, Megan; Merrit, Sydney; Hensley, Lisa; Delaporte, Eric; Mwamba, Dieudonne; Liesenborghs, Laurens; Hoff, Nicole; Peeters, Martine; Low, Nicola; Rimoin, Anne; Kindrachuk, Jason; Vercauteren, Koen; Rambaut, Andrew; Ahuka-Mundeke, Steve; Muyembe-Tamfum, Jean-Jacques"
PP_004AVN4,Ib,A.1,Democratic Republic of the Congo,Kinshasa,2025-01-17,187343,0.8570602761537253,2025-10-21,"Wawina-Bokalanga, Tony; Amuri-Aziza, Adrienne; Mbala-Kingebeni, Placide; Kinganda-Lusamaki, Eddy; Pukuta-Simbu, Elisabeth; Hasivirwe-Vakaniaki, Emmanuel; Ola-Mpumbe, Rilia; Kwete-Mbokama, Papy; Akil-Bandali, Prince; Kacita, Cris; Ponga-Museme, Ange; Mapenzi-Kashali, Nelson; Vakaniaki, Gloria; Kenye, Kelly-Michel; Muyamuna, Elisabeth; Kavira-Bapitani, Sifa; Mukadi, Patrick; OToole, Aine; Tshiani-Mbaya, Olivier; Paku-Tshambu, Princesse; Lokilo-Lofiko, Emmanuel; Muswamba-Kayembe, Chloe; Makangara-Cigolo, Jean-Claude; Cikaya-Kankolongo, Fiston; Luakanda-Ndelemo, Gradi; Lawanga, Leader; Mabika-Bope, Elzedek; Lumembe-Numbi, Raphael; Kabamba-Lungenyi, Gabriel; Citenga, Andre; Kelvin, D. J.; Pratt, Catherine; Ayouba, Ahidjo; Tessema, Sofonias; Mukadi-Bamuleka, Daniel; Jansen, Daan; Halbrook, Megan; Merrit, Sydney; Hensley, Lisa; Delaporte, Eric; Mwamba, Dieudonne; Liesenborghs, Laurens; Hoff, Nicole; Peeters, Martine; Low, Nicola; Rimoin, Anne; Kindrachuk, Jason; Vercauteren, Koen; Rambaut, Andrew; Ahuka-Mundeke, Steve; Muyembe-Tamfum, Jean-Jacques"
PP_004AVP2,Ia,None,Democratic Republic of the Congo,Kinshasa,2025-01-21,187440,0.9297445856933508,2025-10-21,"Wawina-Bokalanga, Tony; Amuri-Aziza, Adrienne; Mbala-Kingebeni, Placide; Kinganda-Lusamaki, Eddy; Pukuta-Simbu, Elisabeth; Hasivirwe-Vakaniaki, Emmanuel; Ola-Mpumbe, Rilia; Kwete-Mbokama, Papy; Akil-Bandali, Prince; Kacita, Cris; Ponga-Museme, Ange; Mapenzi-Kashali, Nelson; Vakaniaki, Gloria; Kenye, Kelly-Michel; Muyamuna, Elisabeth; Kavira-Bapitani, Sifa; Mukadi, Patrick; OToole, Aine; Tshiani-Mbaya, Olivier; Paku-Tshambu, Princesse; Lokilo-Lofiko, Emmanuel; Muswamba-Kayembe, Chloe; Makangara-Cigolo, Jean-Claude; Cikaya-Kankolongo, Fiston; Luakanda-Ndelemo, Gradi; Lawanga, Leader; Mabika-Bope, Elzedek; Lumembe-Numbi, Raphael; Kabamba-Lungenyi, Gabriel; Citenga, Andre; Kelvin, D. J.; Pratt, Catherine; Ayouba, Ahidjo; Tessema, Sofonias; Mukadi-Bamuleka, Daniel; Jansen, Daan; Halbrook, Megan; Merrit, Sydney; Hensley, Lisa; Delaporte, Eric; Mwamba, Dieudonne; Liesenborghs, Laurens; Hoff, Nicole; Peeters, Martine; Low, Nicola; Rimoin, Anne; Kindrachuk, Jason; Vercauteren, Koen; Rambaut, Andrew; Ahuka-Mundeke, Steve; Muyembe-Tamfum, Jean-Jacques"
PP_004AVQ0,Ib,A.1,Democratic Republic of the Congo,Kinshasa,2025-01-20,187349,0.8594790298617203,2025-10-21,"Wawina-Bokalanga, Tony; Amuri-Aziza, Adrienne; Mbala-Kingebeni, Placide; Kinganda-Lusamaki, Eddy; Pukuta-Simbu, Elisabeth; Hasivirwe-Vakaniaki, Emmanuel; Ola-Mpumbe, Rilia; Kwete-Mbokama, Papy; Akil-Bandali, Prince; Kacita, Cris; Ponga-Museme, Ange; Mapenzi-Kashali, Nelson; Vakaniaki, Gloria; Kenye, Kelly-Michel; Muyamuna, Elisabeth; Kavira-Bapitani, Sifa; Mukadi, Patrick; OToole, Aine; Tshiani-Mbaya, Olivier; Paku-Tshambu, Princesse; Lokilo-Lofiko, Emmanuel; Muswamba-Kayembe, Chloe; Makangara-Cigolo, Jean-Claude; Cikaya-Kankolongo, Fiston; Luakanda-Ndelemo, Gradi; Lawanga, Leader; Mabika-Bope, Elzedek; Lumembe-Numbi, Raphael; Kabamba-Lungenyi, Gabriel; Citenga, Andre; Kelvin, D. J.; Pratt, Catherine; Ayouba, Ahidjo; Tessema, Sofonias; Mukadi-Bamuleka, Daniel; Jansen, Daan; Halbrook, Megan; Merrit, Sydney; Hensley, Lisa; Delaporte, Eric; Mwamba, Dieudonne; Liesenborghs, Laurens; Hoff, Nicole; Peeters, Martine; Low, Nicola; Rimoin, Anne; Kindrachuk, Jason; Vercauteren, Koen; Rambaut, Andrew; Ahuka-Mundeke, Steve; Muyembe-Tamfum, Jean-Jacques"
PP_004AVRY,Ib,A.1,Democratic Republic of the Congo,Kinshasa,2025-01-19,187404,0.9129806448995736,2025-10-21,"Wawina-Bokalanga, Tony; Amuri-Aziza, Adrienne; Mbala-Kingebeni, Placide; Kinganda-Lusamaki, Eddy; Pukuta-Simbu, Elisabeth; Hasivirwe-Vakaniaki, Emmanuel; Ola-Mpumbe, Rilia; Kwete-Mbokama, Papy; Akil-Bandali, Prince; Kacita, Cris; Ponga-Museme, Ange; Mapenzi-Kashali, Nelson; Vakaniaki, Gloria; Kenye, Kelly-Michel; Muyamuna, Elisabeth; Kavira-Bapitani, Sifa; Mukadi, Patrick; OToole, Aine; Tshiani-Mbaya, Olivier; Paku-Tshambu, Princesse; Lokilo-Lofiko, Emmanuel; Muswamba-Kayembe, Chloe; Makangara-Cigolo, Jean-Claude; Cikaya-Kankolongo, Fiston; Luakanda-Ndelemo, Gradi; Lawanga, Leader; Mabika-Bope, Elzedek; Lumembe-Numbi, Raphael; Kabamba-Lungenyi, Gabriel; Citenga, Andre; Kelvin, D. J.; Pratt, Catherine; Ayouba, Ahidjo; Tessema, Sofonias; Mukadi-Bamuleka, Daniel; Jansen, Daan; Halbrook, Megan; Merrit, Sydney; Hensley, Lisa; Delaporte, Eric; Mwamba, Dieudonne; Liesenborghs, Laurens; Hoff, Nicole; Peeters, Martine; Low, Nicola; Rimoin, Anne; Kindrachuk, Jason; Vercauteren, Koen; Rambaut, Andrew; Ahuka-Mundeke, Steve; Muyembe-Tamfum, Jean-Jacques"
PP_004AVSW,Ia,None,Democratic Republic of the Congo,Kinshasa,2025-01-19,187427,0.905602685475815,2025-10-21,"Wawina-Bokalanga, Tony; Amuri-Aziza, Adrienne; Mbala-Kingebeni, Placide; Kinganda-Lusamaki, Eddy; Pukuta-Simbu, Elisabeth; Hasivirwe-Vakaniaki, Emmanuel; Ola-Mpumbe, Rilia; Kwete-Mbokama, Papy; Akil-Bandali, Prince; Kacita, Cris; Ponga-Museme, Ange; Mapenzi-Kashali, Nelson; Vakaniaki, Gloria; Kenye, Kelly-Michel; Muyamuna, Elisabeth; Kavira-Bapitani, Sifa; Mukadi, Patrick; OToole, Aine; Tshiani-Mbaya, Olivier; Paku-Tshambu, Princesse; Lokilo-Lofiko, Emmanuel; Muswamba-Kayembe, Chloe; Makangara-Cigolo, Jean-Claude; Cikaya-Kankolongo, Fiston; Luakanda-Ndelemo, Gradi; Lawanga, Leader; Mabika-Bope, Elzedek; Lumembe-Numbi, Raphael; Kabamba-Lungenyi, Gabriel; Citenga, Andre; Kelvin, D. J.; Pratt, Catherine; Ayouba, Ahidjo; Tessema, Sofonias; Mukadi-Bamuleka, Daniel; Jansen, Daan; Halbrook, Megan; Merrit, Sydney; Hensley, Lisa; Delaporte, Eric; Mwamba, Dieudonne; Liesenborghs, Laurens; Hoff, Nicole; Peeters, Martine; Low, Nicola; Rimoin, Anne; Kindrachuk, Jason; Vercauteren, Koen; Rambaut, Andrew; Ahuka-Mundeke, Steve; Muyembe-Tamfum, Jean-Jacques"
PP_004AVTU,Ia,None,Democratic Republic of the Congo,Kinshasa,2025-01-19,187509,0.9160890223062842,2025-10-21,"Wawina-Bokalanga, Tony; Amuri-Aziza, Adrienne; Mbala-Kingebeni, Placide; Kinganda-Lusamaki, Eddy; Pukuta-Simbu, Elisabeth; Hasivirwe-Vakaniaki, Emmanuel; Ola-Mpumbe, Rilia; Kwete-Mbokama, Papy; Akil-Bandali, Prince; Kacita, Cris; Ponga-Museme, Ange; Mapenzi-Kashali, Nelson; Vakaniaki, Gloria; Kenye, Kelly-Michel; Muyamuna, Elisabeth; Kavira-Bapitani, Sifa; Mukadi, Patrick; OToole, Aine; Tshiani-Mbaya, Olivier; Paku-Tshambu, Princesse; Lokilo-Lofiko, Emmanuel; Muswamba-Kayembe, Chloe; Makangara-Cigolo, Jean-Claude; Cikaya-Kankolongo, Fiston; Luakanda-Ndelemo, Gradi; Lawanga, Leader; Mabika-Bope, Elzedek; Lumembe-Numbi, Raphael; Kabamba-Lungenyi, Gabriel; Citenga, Andre; Kelvin, D. J.; Pratt, Catherine; Ayouba, Ahidjo; Tessema, Sofonias; Mukadi-Bamuleka, Daniel; Jansen, Daan; Halbrook, Megan; Merrit, Sydney; Hensley, Lisa; Delaporte, Eric; Mwamba, Dieudonne; Liesenborghs, Laurens; Hoff, Nicole; Peeters, Martine; Low, Nicola; Rimoin, Anne; Kindrachuk, Jason; Vercauteren, Koen; Rambaut, Andrew; Ahuka-Mundeke, Steve; Muyembe-Tamfum, Jean-Jacques"
PP_004AVUS,Ib,A.1,Democratic Republic of the Congo,Kinshasa,2025-01-20,187399,0.910876278465993,2025-10-21,"Wawina-Bokalanga, Tony; Amuri-Aziza, Adrienne; Mbala-Kingebeni, Placide; Kinganda-Lusamaki, Eddy; Pukuta-Simbu, Elisabeth; Hasivirwe-Vakaniaki, Emmanuel; Ola-Mpumbe, Rilia; Kwete-Mbokama, Papy; Akil-Bandali, Prince; Kacita, Cris; Ponga-Museme, Ange; Mapenzi-Kashali, Nelson; Vakaniaki, Gloria; Kenye, Kelly-Michel; Muyamuna, Elisabeth; Kavira-Bapitani, Sifa; Mukadi, Patrick; OToole, Aine; Tshiani-Mbaya, Olivier; Paku-Tshambu, Princesse; Lokilo-Lofiko, Emmanuel; Muswamba-Kayembe, Chloe; Makangara-Cigolo, Jean-Claude; Cikaya-Kankolongo, Fiston; Luakanda-Ndelemo, Gradi; Lawanga, Leader; Mabika-Bope, Elzedek; Lumembe-Numbi, Raphael; Kabamba-Lungenyi, Gabriel; Citenga, Andre; Kelvin, D. J.; Pratt, Catherine; Ayouba, Ahidjo; Tessema, Sofonias; Mukadi-Bamuleka, Daniel; Jansen, Daan; Halbrook, Megan; Merrit, Sydney; Hensley, Lisa; Delaporte, Eric; Mwamba, Dieudonne; Liesenborghs, Laurens; Hoff, Nicole; Peeters, Martine; Low, Nicola; Rimoin, Anne; Kindrachuk, Jason; Vercauteren, Koen; Rambaut, Andrew; Ahuka-Mundeke, Steve; Muyembe-Tamfum, Jean-Jacques"
PP_004AVVQ,Ib,A.1,Democratic Republic of the Congo,Kinshasa,2025-01-20,187340,0.8824140886065037,2025-10-21,"Wawina-Bokalanga, Tony; Amuri-Aziza, Adrienne; Mbala-Kingebeni, Placide; Kinganda-Lusamaki, Eddy; Pukuta-Simbu, Elisabeth; Hasivirwe-Vakaniaki, Emmanuel; Ola-Mpumbe, Rilia; Kwete-Mbokama, Papy; Akil-Bandali, Prince; Kacita, Cris; Ponga-Museme, Ange; Mapenzi-Kashali, Nelson; Vakaniaki, Gloria; Kenye, Kelly-Michel; Muyamuna, Elisabeth; Kavira-Bapitani, Sifa; Mukadi, Patrick; OToole, Aine; Tshiani-Mbaya, Olivier; Paku-Tshambu, Princesse; Lokilo-Lofiko, Emmanuel; Muswamba-Kayembe, Chloe; Makangara-Cigolo, Jean-Claude; Cikaya-Kankolongo, Fiston; Luakanda-Ndelemo, Gradi; Lawanga, Leader; Mabika-Bope, Elzedek; Lumembe-Numbi, Raphael; Kabamba-Lungenyi, Gabriel; Citenga, Andre; Kelvin, D. J.; Pratt, Catherine; Ayouba, Ahidjo; Tessema, Sofonias; Mukadi-Bamuleka, Daniel; Jansen, Daan; Halbrook, Megan; Merrit, Sydney; Hensley, Lisa; Delaporte, Eric; Mwamba, Dieudonne; Liesenborghs, Laurens; Hoff, Nicole; Peeters, Martine; Low, Nicola; Rimoin, Anne; Kindrachuk, Jason; Vercauteren, Koen; Rambaut, Andrew; Ahuka-Mundeke, Steve; Muyembe-Tamfum, Jean-Jacques"
PP_004AVWN,Ia,None,Democratic Republic of the Congo,Mai-Ndombe,2024-12-27,187431,0.90683488076102,2025-10-21,"Kenye, Kelly-Michel; Mbala-Kingebeni, Placide; Wawina-Bokalanga, Tony; Kinganda-Lusamaki, Eddy; Pukuta-Simbu, Elisabeth; Hasivirwe-Vakaniaki, Emmanuel; Ola-Mpumbe, Rilia; Kwete-Mbokama, Papy; Akil-Bandali, Prince; Kacita, Cris; Ponga-Museme, Ange; Mapenzi-Kashali, Nelson; Vakaniaki, Gloria; Amuri-Aziza, Adrienne; Muyamuna, Elisabeth; Kavira-Bapitani, Sifa; Mukadi, Patrick; OToole, Aine; Tshiani-Mbaya, Olivier; Paku-Tshambu, Princesse; Lokilo-Lofiko, Emmanuel; Muswamba-Kayembe, Chloe; Makangara-Cigolo, Jean-Claude; Cikaya-Kankolongo, Fiston; Luakanda-Ndelemo, Gradi; Lawanga, Leader; Mabika-Bope, Elzedek; Lumembe-Numbi, Raphael; Kabamba-Lungenyi, Gabriel; Citenga, Andre; Kelvin, D. J.; Pratt, Catherine; Ayouba, Ahidjo; Tessema, Sofonias; Mukadi-Bamuleka, Daniel; Jansen, Daan; Halbrook, Megan; Merrit, Sydney; Hensley, Lisa; Delaporte, Eric; Mwamba, Dieudonne; Liesenborghs, Laurens; Hoff, Nicole; Peeters, Martine; Low, Nicola; Rimoin, Anne; Kindrachuk, Jason; Vercauteren, Koen; Rambaut, Andrew; Ahuka-Mundeke, Steve; Muyembe-Tamfum, Jean-Jacques"
PP_004AVXL,Ia,None,Democratic Republic of the Congo,Kinshasa,2025-01-21,187428,0.9125699131378384,2025-10-21,"Wawina-Bokalanga, Tony; Amuri-Aziza, Adrienne; Mbala-Kingebeni, Placide; Kinganda-Lusamaki, Eddy; Pukuta-Simbu, Elisabeth; Hasivirwe-Vakaniaki, Emmanuel; Ola-Mpumbe, Rilia; Kwete-Mbokama, Papy; Akil-Bandali, Prince; Kacita, Cris; Ponga-Museme, Ange; Mapenzi-Kashali, Nelson; Vakaniaki, Gloria; Kenye, Kelly-Michel; Muyamuna, Elisabeth; Kavira-Bapitani, Sifa; Mukadi, Patrick; OToole, Aine; Tshiani-Mbaya, Olivier; Paku-Tshambu, Princesse; Lokilo-Lofiko, Emmanuel; Muswamba-Kayembe, Chloe; Makangara-Cigolo, Jean-Claude; Cikaya-Kankolongo, Fiston; Luakanda-Ndelemo, Gradi; Lawanga, Leader; Mabika-Bope, Elzedek; Lumembe-Numbi, Raphael; Kabamba-Lungenyi, Gabriel; Citenga, Andre; Kelvin, D. J.; Pratt, Catherine; Ayouba, Ahidjo; Tessema, Sofonias; Mukadi-Bamuleka, Daniel; Jansen, Daan; Halbrook, Megan; Merrit, Sydney; Hensley, Lisa; Delaporte, Eric; Mwamba, Dieudonne; Liesenborghs, Laurens; Hoff, Nicole; Peeters, Martine; Low, Nicola; Rimoin, Anne; Kindrachuk, Jason; Vercauteren, Koen; Rambaut, Andrew; Ahuka-Mundeke, Steve; Muyembe-Tamfum, Jean-Jacques"
PP_004AVYJ,Ib,A.1,Democratic Republic of the Congo,Kinshasa,2025-01-21,187388,0.8795186832243964,2025-10-21,"Wawina-Bokalanga, Tony; Amuri-Aziza, Adrienne; Mbala-Kingebeni, Placide; Kinganda-Lusamaki, Eddy; Pukuta-Simbu, Elisabeth; Hasivirwe-Vakaniaki, Emmanuel; Ola-Mpumbe, Rilia; Kwete-Mbokama, Papy; Akil-Bandali, Prince; Kacita, Cris; Ponga-Museme, Ange; Mapenzi-Kashali, Nelson; Vakaniaki, Gloria; Kenye, Kelly-Michel; Muyamuna, Elisabeth; Kavira-Bapitani, Sifa; Mukadi, Patrick; OToole, Aine; Tshiani-Mbaya, Olivier; Paku-Tshambu, Princesse; Lokilo-Lofiko, Emmanuel; Muswamba-Kayembe, Chloe; Makangara-Cigolo, Jean-Claude; Cikaya-Kankolongo, Fiston; Luakanda-Ndelemo, Gradi; Lawanga, Leader; Mabika-Bope, Elzedek; Lumembe-Numbi, Raphael; Kabamba-Lungenyi, Gabriel; Citenga, Andre; Kelvin, D. J.; Pratt, Catherine; Ayouba, Ahidjo; Tessema, Sofonias; Mukadi-Bamuleka, Daniel; Jansen, Daan; Halbrook, Megan; Merrit, Sydney; Hensley, Lisa; Delaporte, Eric; Mwamba, Dieudonne; Liesenborghs, Laurens; Hoff, Nicole; Peeters, Martine; Low, Nicola; Rimoin, Anne; Kindrachuk, Jason; Vercauteren, Koen; Rambaut, Andrew; Ahuka-Mundeke, Steve; Muyembe-Tamfum, Jean-Jacques"
PP_004AVZG,Ib,A.1,Democratic Republic of the Congo,Kinshasa,2025-01-15,187328,0.7512993828882049,2025-10-21,"Wawina-Bokalanga, Tony; Amuri-Aziza, Adrienne; Mbala-Kingebeni, Placide; Kinganda-Lusamaki, Eddy; Pukuta-Simbu, Elisabeth; Hasivirwe-Vakaniaki, Emmanuel; Ola-Mpumbe, Rilia; Kwete-Mbokama, Papy; Akil-Bandali, Prince; Kacita, Cris; Ponga-Museme, Ange; Mapenzi-Kashali, Nelson; Vakaniaki, Gloria; Kenye, Kelly-Michel; Muyamuna, Elisabeth; Kavira-Bapitani, Sifa; Mukadi, Patrick; OToole, Aine; Tshiani-Mbaya, Olivier; Paku-Tshambu, Princesse; Lokilo-Lofiko, Emmanuel; Muswamba-Kayembe, Chloe; Makangara-Cigolo, Jean-Claude; Cikaya-Kankolongo, Fiston; Luakanda-Ndelemo, Gradi; Lawanga, Leader; Mabika-Bope, Elzedek; Lumembe-Numbi, Raphael; Kabamba-Lungenyi, Gabriel; Citenga, Andre; Kelvin, D. J.; Pratt, Catherine; Ayouba, Ahidjo; Tessema, Sofonias; Mukadi-Bamuleka, Daniel; Jansen, Daan; Halbrook, Megan; Merrit, Sydney; Hensley, Lisa; Delaporte, Eric; Mwamba, Dieudonne; Liesenborghs, Laurens; Hoff, Nicole; Peeters, Martine; Low, Nicola; Rimoin, Anne; Kindrachuk, Jason; Vercauteren, Koen; Rambaut, Andrew; Ahuka-Mundeke, Steve; Muyembe-Tamfum, Jean-Jacques"
PP_004AW0E,Ib,A.1,Democratic Republic of the Congo,Kinshasa,2025-01-17,187367,0.90327520549265,2025-10-21,"Wawina-Bokalanga, Tony; Amuri-Aziza, Adrienne; Mbala-Kingebeni, Placide; Kinganda-Lusamaki, Eddy; Pukuta-Simbu, Elisabeth; Hasivirwe-Vakaniaki, Emmanuel; Ola-Mpumbe, Rilia; Kwete-Mbokama, Papy; Akil-Bandali, Prince; Kacita, Cris; Ponga-Museme, Ange; Mapenzi-Kashali, Nelson; Vakaniaki, Gloria; Kenye, Kelly-Michel; Muyamuna, Elisabeth; Kavira-Bapitani, Sifa; Mukadi, Patrick; OToole, Aine; Tshiani-Mbaya, Olivier; Paku-Tshambu, Princesse; Lokilo-Lofiko, Emmanuel; Muswamba-Kayembe, Chloe; Makangara-Cigolo, Jean-Claude; Cikaya-Kankolongo, Fiston; Luakanda-Ndelemo, Gradi; Lawanga, Leader; Mabika-Bope, Elzedek; Lumembe-Numbi, Raphael; Kabamba-Lungenyi, Gabriel; Citenga, Andre; Kelvin, D. J.; Pratt, Catherine; Ayouba, Ahidjo; Tessema, Sofonias; Mukadi-Bamuleka, Daniel; Jansen, Daan; Halbrook, Megan; Merrit, Sydney; Hensley, Lisa; Delaporte, Eric; Mwamba, Dieudonne; Liesenborghs, Laurens; Hoff, Nicole; Peeters, Martine; Low, Nicola; Rimoin, Anne; Kindrachuk, Jason; Vercauteren, Koen; Rambaut, Andrew; Ahuka-Mundeke, Steve; Muyembe-Tamfum, Jean-Jacques"
PP_004AW1C,Ib,A.1,Democratic Republic of the Congo,Kinshasa,2025-01-18,187392,0.9252163947892844,2025-10-21,"Wawina-Bokalanga, Tony; Amuri-Aziza, Adrienne; Mbala-Kingebeni, Placide; Kinganda-Lusamaki, Eddy; Pukuta-Simbu, Elisabeth; Hasivirwe-Vakaniaki, Emmanuel; Ola-Mpumbe, Rilia; Kwete-Mbokama, Papy; Akil-Bandali, Prince; Kacita, Cris; Ponga-Museme, Ange; Mapenzi-Kashali, Nelson; Vakaniaki, Gloria; Kenye, Kelly-Michel; Muyamuna, Elisabeth; Kavira-Bapitani, Sifa; Mukadi, Patrick; OToole, Aine; Tshiani-Mbaya, Olivier; Paku-Tshambu, Princesse; Lokilo-Lofiko, Emmanuel; Muswamba-Kayembe, Chloe; Makangara-Cigolo, Jean-Claude; Cikaya-Kankolongo, Fiston; Luakanda-Ndelemo, Gradi; Lawanga, Leader; Mabika-Bope, Elzedek; Lumembe-Numbi, Raphael; Kabamba-Lungenyi, Gabriel; Citenga, Andre; Kelvin, D. J.; Pratt, Catherine; Ayouba, Ahidjo; Tessema, Sofonias; Mukadi-Bamuleka, Daniel; Jansen, Daan; Halbrook, Megan; Merrit, Sydney; Hensley, Lisa; Delaporte, Eric; Mwamba, Dieudonne; Liesenborghs, Laurens; Hoff, Nicole; Peeters, Martine; Low, Nicola; Rimoin, Anne; Kindrachuk, Jason; Vercauteren, Koen; Rambaut, Andrew; Ahuka-Mundeke, Steve; Muyembe-Tamfum, Jean-Jacques"
PP_004AW2A,Ib,A.1,Democratic Republic of the Congo,Kinshasa,2025-01-16,187309,0.8938334457352352,2025-10-21,"Wawina-Bokalanga, Tony; Amuri-Aziza, Adrienne; Mbala-Kingebeni, Placide; Kinganda-Lusamaki, Eddy; Pukuta-Simbu, Elisabeth; Hasivirwe-Vakaniaki, Emmanuel; Ola-Mpumbe, Rilia; Kwete-Mbokama, Papy; Akil-Bandali, Prince; Kacita, Cris; Ponga-Museme, Ange; Mapenzi-Kashali, Nelson; Vakaniaki, Gloria; Kenye, Kelly-Michel; Muyamuna, Elisabeth; Kavira-Bapitani, Sifa; Mukadi, Patrick; OToole, Aine; Tshiani-Mbaya, Olivier; Paku-Tshambu, Princesse; Lokilo-Lofiko, Emmanuel; Muswamba-Kayembe, Chloe; Makangara-Cigolo, Jean-Claude; Cikaya-Kankolongo, Fiston; Luakanda-Ndelemo, Gradi; Lawanga, Leader; Mabika-Bope, Elzedek; Lumembe-Numbi, Raphael; Kabamba-Lungenyi, Gabriel; Citenga, Andre; Kelvin, D. J.; Pratt, Catherine; Ayouba, Ahidjo; Tessema, Sofonias; Mukadi-Bamuleka, Daniel; Jansen, Daan; Halbrook, Megan; Merrit, Sydney; Hensley, Lisa; Delaporte, Eric; Mwamba, Dieudonne; Liesenborghs, Laurens; Hoff, Nicole; Peeters, Martine; Low, Nicola; Rimoin, Anne; Kindrachuk, Jason; Vercauteren, Koen; Rambaut, Andrew; Ahuka-Mundeke, Steve; Muyembe-Tamfum, Jean-Jacques"
PP_004AW38,Ia,None,Democratic Republic of the Congo,Kinshasa,2025-01-20,187491,0.9227063673564594,2025-10-21,"Wawina-Bokalanga, Tony; Amuri-Aziza, Adrienne; Mbala-Kingebeni, Placide; Kinganda-Lusamaki, Eddy; Pukuta-Simbu, Elisabeth; Hasivirwe-Vakaniaki, Emmanuel; Ola-Mpumbe, Rilia; Kwete-Mbokama, Papy; Akil-Bandali, Prince; Kacita, Cris; Ponga-Museme, Ange; Mapenzi-Kashali, Nelson; Vakaniaki, Gloria; Kenye, Kelly-Michel; Muyamuna, Elisabeth; Kavira-Bapitani, Sifa; Mukadi, Patrick; OToole, Aine; Tshiani-Mbaya, Olivier; Paku-Tshambu, Princesse; Lokilo-Lofiko, Emmanuel; Muswamba-Kayembe, Chloe; Makangara-Cigolo, Jean-Claude; Cikaya-Kankolongo, Fiston; Luakanda-Ndelemo, Gradi; Lawanga, Leader; Mabika-Bope, Elzedek; Lumembe-Numbi, Raphael; Kabamba-Lungenyi, Gabriel; Citenga, Andre; Kelvin, D. J.; Pratt, Catherine; Ayouba, Ahidjo; Tessema, Sofonias; Mukadi-Bamuleka, Daniel; Jansen, Daan; Halbrook, Megan; Merrit, Sydney; Hensley, Lisa; Delaporte, Eric; Mwamba, Dieudonne; Liesenborghs, Laurens; Hoff, Nicole; Peeters, Martine; Low, Nicola; Rimoin, Anne; Kindrachuk, Jason; Vercauteren, Koen; Rambaut, Andrew; Ahuka-Mundeke, Steve; Muyembe-Tamfum, Jean-Jacques"
PP_004AW46,Ib,A.1,Democratic Republic of the Congo,Kinshasa,2025-01-20,187392,0.47112454299753054,2025-10-21,"Wawina-Bokalanga, Tony; Amuri-Aziza, Adrienne; Mbala-Kingebeni, Placide; Kinganda-Lusamaki, Eddy; Pukuta-Simbu, Elisabeth; Hasivirwe-Vakaniaki, Emmanuel; Ola-Mpumbe, Rilia; Kwete-Mbokama, Papy; Akil-Bandali, Prince; Kacita, Cris; Ponga-Museme, Ange; Mapenzi-Kashali, Nelson; Vakaniaki, Gloria; Kenye, Kelly-Michel; Muyamuna, Elisabeth; Kavira-Bapitani, Sifa; Mukadi, Patrick; OToole, Aine; Tshiani-Mbaya, Olivier; Paku-Tshambu, Princesse; Lokilo-Lofiko, Emmanuel; Muswamba-Kayembe, Chloe; Makangara-Cigolo, Jean-Claude; Cikaya-Kankolongo, Fiston; Luakanda-Ndelemo, Gradi; Lawanga, Leader; Mabika-Bope, Elzedek; Lumembe-Numbi, Raphael; Kabamba-Lungenyi, Gabriel; Citenga, Andre; Kelvin, D. J.; Pratt, Catherine; Ayouba, Ahidjo; Tessema, Sofonias; Mukadi-Bamuleka, Daniel; Jansen, Daan; Halbrook, Megan; Merrit, Sydney; Hensley, Lisa; Delaporte, Eric; Mwamba, Dieudonne; Liesenborghs, Laurens; Hoff, Nicole; Peeters, Martine; Low, Nicola; Rimoin, Anne; Kindrachuk, Jason; Vercauteren, Koen; Rambaut, Andrew; Ahuka-Mundeke, Steve; Muyembe-Tamfum, Jean-Jacques"
PP_004AW54,Ib,A.3,Democratic Republic of the Congo,Haut-Katanga,2025-01-15,187386,0.9169966887920936,2025-10-21,"Ola-Mpumbe, Rilia; Mbala-Kingebeni, Placide; Wawina-Bokalanga, Tony; Kinganda-Lusamaki, Eddy; Pukuta-Simbu, Elisabeth; Hasivirwe-Vakaniaki, Emmanuel; Kwete-Mbokama, Papy; Akil-Bandali, Prince; Kacita, Cris; Ponga-Museme, Ange; Mapenzi-Kashali, Nelson; Vakaniaki, Gloria; Amuri-Aziza, Adrienne; Kenye, Kelly-Michel; Muyamuna, Elisabeth; Kavira-Bapitani, Sifa; Mukadi, Patrick; OToole, Aine; Tshiani-Mbaya, Olivier; Paku-Tshambu, Princesse; Lokilo-Lofiko, Emmanuel; Muswamba-Kayembe, Chloe; Makangara-Cigolo, Jean-Claude; Cikaya-Kankolongo, Fiston; Luakanda-Ndelemo, Gradi; Lawanga, Leader; Mabika-Bope, Elzedek; Lumembe-Numbi, Raphael; Kabamba-Lungenyi, Gabriel; Citenga, Andre; Kelvin, D. J.; Pratt, Catherine; Ayouba, Ahidjo; Tessema, Sofonias; Mukadi-Bamuleka, Daniel; Jansen, Daan; Halbrook, Megan; Merrit, Sydney; Hensley, Lisa; Delaporte, Eric; Mwamba, Dieudonne; Liesenborghs, Laurens; Hoff, Nicole; Peeters, Martine; Low, Nicola; Rimoin, Anne; Kindrachuk, Jason; Vercauteren, Koen; Rambaut, Andrew; Ahuka-Mundeke, Steve; Muyembe-Tamfum, Jean-Jacques"
PP_004AW62,Ib,A.1,Democratic Republic of the Congo,Kinshasa,2025-01-20,187356,0.8722319975254679,2025-10-21,"Wawina-Bokalanga, Tony; Amuri-Aziza, Adrienne; Mbala-Kingebeni, Placide; Kinganda-Lusamaki, Eddy; Pukuta-Simbu, Elisabeth; Hasivirwe-Vakaniaki, Emmanuel; Ola-Mpumbe, Rilia; Kwete-Mbokama, Papy; Akil-Bandali, Prince; Kacita, Cris; Ponga-Museme, Ange; Mapenzi-Kashali, Nelson; Vakaniaki, Gloria; Kenye, Kelly-Michel; Muyamuna, Elisabeth; Kavira-Bapitani, Sifa; Mukadi, Patrick; OToole, Aine; Tshiani-Mbaya, Olivier; Paku-Tshambu, Princesse; Lokilo-Lofiko, Emmanuel; Muswamba-Kayembe, Chloe; Makangara-Cigolo, Jean-Claude; Cikaya-Kankolongo, Fiston; Luakanda-Ndelemo, Gradi; Lawanga, Leader; Mabika-Bope, Elzedek; Lumembe-Numbi, Raphael; Kabamba-Lungenyi, Gabriel; Citenga, Andre; Kelvin, D. J.; Pratt, Catherine; Ayouba, Ahidjo; Tessema, Sofonias; Mukadi-Bamuleka, Daniel; Jansen, Daan; Halbrook, Megan; Merrit, Sydney; Hensley, Lisa; Delaporte, Eric; Mwamba, Dieudonne; Liesenborghs, Laurens; Hoff, Nicole; Peeters, Martine; Low, Nicola; Rimoin, Anne; Kindrachuk, Jason; Vercauteren, Koen; Rambaut, Andrew; Ahuka-Mundeke, Steve; Muyembe-Tamfum, Jean-Jacques"
PP_004AW70,Ib,A.1,Democratic Republic of the Congo,Kinshasa,2025-01-19,187274,0.9191213382756364,2025-10-21,"Wawina-Bokalanga, Tony; Amuri-Aziza, Adrienne; Mbala-Kingebeni, Placide; Kinganda-Lusamaki, Eddy; Pukuta-Simbu, Elisabeth; Hasivirwe-Vakaniaki, Emmanuel; Ola-Mpumbe, Rilia; Kwete-Mbokama, Papy; Akil-Bandali, Prince; Kacita, Cris; Ponga-Museme, Ange; Mapenzi-Kashali, Nelson; Vakaniaki, Gloria; Kenye, Kelly-Michel; Muyamuna, Elisabeth; Kavira-Bapitani, Sifa; Mukadi, Patrick; OToole, Aine; Tshiani-Mbaya, Olivier; Paku-Tshambu, Princesse; Lokilo-Lofiko, Emmanuel; Muswamba-Kayembe, Chloe; Makangara-Cigolo, Jean-Claude; Cikaya-Kankolongo, Fiston; Luakanda-Ndelemo, Gradi; Lawanga, Leader; Mabika-Bope, Elzedek; Lumembe-Numbi, Raphael; Kabamba-Lungenyi, Gabriel; Citenga, Andre; Kelvin, D. J.; Pratt, Catherine; Ayouba, Ahidjo; Tessema, Sofonias; Mukadi-Bamuleka, Daniel; Jansen, Daan; Halbrook, Megan; Merrit, Sydney; Hensley, Lisa; Delaporte, Eric; Mwamba, Dieudonne; Liesenborghs, Laurens; Hoff, Nicole; Peeters, Martine; Low, Nicola; Rimoin, Anne; Kindrachuk, Jason; Vercauteren, Koen; Rambaut, Andrew; Ahuka-Mundeke, Steve; Muyembe-Tamfum, Jean-Jacques"
PP_004AW8Y,Ib,A.1,Democratic Republic of the Congo,Kinshasa,2025-01-19,186275,0.919755183586956,2025-10-21,"Wawina-Bokalanga, Tony; Amuri-Aziza, Adrienne; Mbala-Kingebeni, Placide; Kinganda-Lusamaki, Eddy; Pukuta-Simbu, Elisabeth; Hasivirwe-Vakaniaki, Emmanuel; Ola-Mpumbe, Rilia; Kwete-Mbokama, Papy; Akil-Bandali, Prince; Kacita, Cris; Ponga-Museme, Ange; Mapenzi-Kashali, Nelson; Vakaniaki, Gloria; Kenye, Kelly-Michel; Muyamuna, Elisabeth; Kavira-Bapitani, Sifa; Mukadi, Patrick; OToole, Aine; Tshiani-Mbaya, Olivier; Paku-Tshambu, Princesse; Lokilo-Lofiko, Emmanuel; Muswamba-Kayembe, Chloe; Makangara-Cigolo, Jean-Claude; Cikaya-Kankolongo, Fiston; Luakanda-Ndelemo, Gradi; Lawanga, Leader; Mabika-Bope, Elzedek; Lumembe-Numbi, Raphael; Kabamba-Lungenyi, Gabriel; Citenga, Andre; Kelvin, D. J.; Pratt, Catherine; Ayouba, Ahidjo; Tessema, Sofonias; Mukadi-Bamuleka, Daniel; Jansen, Daan; Halbrook, Megan; Merrit, Sydney; Hensley, Lisa; Delaporte, Eric; Mwamba, Dieudonne; Liesenborghs, Laurens; Hoff, Nicole; Peeters, Martine; Low, Nicola; Rimoin, Anne; Kindrachuk, Jason; Vercauteren, Koen; Rambaut, Andrew; Ahuka-Mundeke, Steve; Muyembe-Tamfum, Jean-Jacques"
PP_004AW9W,Ia,None,Democratic Republic of the Congo,Kinshasa,2025-01-21,187441,0.9200087217114836,2025-10-21,"Wawina-Bokalanga, Tony; Amuri-Aziza, Adrienne; Mbala-Kingebeni, Placide; Kinganda-Lusamaki, Eddy; Pukuta-Simbu, Elisabeth; Hasivirwe-Vakaniaki, Emmanuel; Ola-Mpumbe, Rilia; Kwete-Mbokama, Papy; Akil-Bandali, Prince; Kacita, Cris; Ponga-Museme, Ange; Mapenzi-Kashali, Nelson; Vakaniaki, Gloria; Kenye, Kelly-Michel; Muyamuna, Elisabeth; Kavira-Bapitani, Sifa; Mukadi, Patrick; OToole, Aine; Tshiani-Mbaya, Olivier; Paku-Tshambu, Princesse; Lokilo-Lofiko, Emmanuel; Muswamba-Kayembe, Chloe; Makangara-Cigolo, Jean-Claude; Cikaya-Kankolongo, Fiston; Luakanda-Ndelemo, Gradi; Lawanga, Leader; Mabika-Bope, Elzedek; Lumembe-Numbi, Raphael; Kabamba-Lungenyi, Gabriel; Citenga, Andre; Kelvin, D. J.; Pratt, Catherine; Ayouba, Ahidjo; Tessema, Sofonias; Mukadi-Bamuleka, Daniel; Jansen, Daan; Halbrook, Megan; Merrit, Sydney; Hensley, Lisa; Delaporte, Eric; Mwamba, Dieudonne; Liesenborghs, Laurens; Hoff, Nicole; Peeters, Martine; Low, Nicola; Rimoin, Anne; Kindrachuk, Jason; Vercauteren, Koen; Rambaut, Andrew; Ahuka-Mundeke, Steve; Muyembe-Tamfum, Jean-Jacques"
PP_004AWAU,Ia,None,Democratic Republic of the Congo,Kinshasa,2025-01-22,187441,0.86677585708563,2025-10-21,"Wawina-Bokalanga, Tony; Amuri-Aziza, Adrienne; Mbala-Kingebeni, Placide; Kinganda-Lusamaki, Eddy; Pukuta-Simbu, Elisabeth; Hasivirwe-Vakaniaki, Emmanuel; Ola-Mpumbe, Rilia; Kwete-Mbokama, Papy; Akil-Bandali, Prince; Kacita, Cris; Ponga-Museme, Ange; Mapenzi-Kashali, Nelson; Vakaniaki, Gloria; Kenye, Kelly-Michel; Muyamuna, Elisabeth; Kavira-Bapitani, Sifa; Mukadi, Patrick; OToole, Aine; Tshiani-Mbaya, Olivier; Paku-Tshambu, Princesse; Lokilo-Lofiko, Emmanuel; Muswamba-Kayembe, Chloe; Makangara-Cigolo, Jean-Claude; Cikaya-Kankolongo, Fiston; Luakanda-Ndelemo, Gradi; Lawanga, Leader; Mabika-Bope, Elzedek; Lumembe-Numbi, Raphael; Kabamba-Lungenyi, Gabriel; Citenga, Andre; Kelvin, D. J.; Pratt, Catherine; Ayouba, Ahidjo; Tessema, Sofonias; Mukadi-Bamuleka, Daniel; Jansen, Daan; Halbrook, Megan; Merrit, Sydney; Hensley, Lisa; Delaporte, Eric; Mwamba, Dieudonne; Liesenborghs, Laurens; Hoff, Nicole; Peeters, Martine; Low, Nicola; Rimoin, Anne; Kindrachuk, Jason; Vercauteren, Koen; Rambaut, Andrew; Ahuka-Mundeke, Steve; Muyembe-Tamfum, Jean-Jacques"
PP_004AWBS,Ia,None,Democratic Republic of the Congo,Kinshasa,2025-01-23,187444,0.905065184651816,2025-10-21,"Wawina-Bokalanga, Tony; Amuri-Aziza, Adrienne; Mbala-Kingebeni, Placide; Kinganda-Lusamaki, Eddy; Pukuta-Simbu, Elisabeth; Hasivirwe-Vakaniaki, Emmanuel; Ola-Mpumbe, Rilia; Kwete-Mbokama, Papy; Akil-Bandali, Prince; Kacita, Cris; Ponga-Museme, Ange; Mapenzi-Kashali, Nelson; Vakaniaki, Gloria; Kenye, Kelly-Michel; Muyamuna, Elisabeth; Kavira-Bapitani, Sifa; Mukadi, Patrick; OToole, Aine; Tshiani-Mbaya, Olivier; Paku-Tshambu, Princesse; Lokilo-Lofiko, Emmanuel; Muswamba-Kayembe, Chloe; Makangara-Cigolo, Jean-Claude; Cikaya-Kankolongo, Fiston; Luakanda-Ndelemo, Gradi; Lawanga, Leader; Mabika-Bope, Elzedek; Lumembe-Numbi, Raphael; Kabamba-Lungenyi, Gabriel; Citenga, Andre; Kelvin, D. J.; Pratt, Catherine; Ayouba, Ahidjo; Tessema, Sofonias; Mukadi-Bamuleka, Daniel; Jansen, Daan; Halbrook, Megan; Merrit, Sydney; Hensley, Lisa; Delaporte, Eric; Mwamba, Dieudonne; Liesenborghs, Laurens; Hoff, Nicole; Peeters, Martine; Low, Nicola; Rimoin, Anne; Kindrachuk, Jason; Vercauteren, Koen; Rambaut, Andrew; Ahuka-Mundeke, Steve; Muyembe-Tamfum, Jean-Jacques"
PP_004AWCQ,Ib,A.1,Democratic Republic of the Congo,Kinshasa,2025-01-22,187325,0.8793462772997176,2025-10-21,"Wawina-Bokalanga, Tony; Amuri-Aziza, Adrienne; Mbala-Kingebeni, Placide; Kinganda-Lusamaki, Eddy; Pukuta-Simbu, Elisabeth; Hasivirwe-Vakaniaki, Emmanuel; Ola-Mpumbe, Rilia; Kwete-Mbokama, Papy; Akil-Bandali, Prince; Kacita, Cris; Ponga-Museme, Ange; Mapenzi-Kashali, Nelson; Vakaniaki, Gloria; Kenye, Kelly-Michel; Muyamuna, Elisabeth; Kavira-Bapitani, Sifa; Mukadi, Patrick; OToole, Aine; Tshiani-Mbaya, Olivier; Paku-Tshambu, Princesse; Lokilo-Lofiko, Emmanuel; Muswamba-Kayembe, Chloe; Makangara-Cigolo, Jean-Claude; Cikaya-Kankolongo, Fiston; Luakanda-Ndelemo, Gradi; Lawanga, Leader; Mabika-Bope, Elzedek; Lumembe-Numbi, Raphael; Kabamba-Lungenyi, Gabriel; Citenga, Andre; Kelvin, D. J.; Pratt, Catherine; Ayouba, Ahidjo; Tessema, Sofonias; Mukadi-Bamuleka, Daniel; Jansen, Daan; Halbrook, Megan; Merrit, Sydney; Hensley, Lisa; Delaporte, Eric; Mwamba, Dieudonne; Liesenborghs, Laurens; Hoff, Nicole; Peeters, Martine; Low, Nicola; Rimoin, Anne; Kindrachuk, Jason; Vercauteren, Koen; Rambaut, Andrew; Ahuka-Mundeke, Steve; Muyembe-Tamfum, Jean-Jacques"
PP_004AWDN,Ia,None,Democratic Republic of the Congo,Kinshasa,2025-01-22,187451,0.5985325213352332,2025-10-21,"Wawina-Bokalanga, Tony; Amuri-Aziza, Adrienne; Mbala-Kingebeni, Placide; Kinganda-Lusamaki, Eddy; Pukuta-Simbu, Elisabeth; Hasivirwe-Vakaniaki, Emmanuel; Ola-Mpumbe, Rilia; Kwete-Mbokama, Papy; Akil-Bandali, Prince; Kacita, Cris; Ponga-Museme, Ange; Mapenzi-Kashali, Nelson; Vakaniaki, Gloria; Kenye, Kelly-Michel; Muyamuna, Elisabeth; Kavira-Bapitani, Sifa; Mukadi, Patrick; OToole, Aine; Tshiani-Mbaya, Olivier; Paku-Tshambu, Princesse; Lokilo-Lofiko, Emmanuel; Muswamba-Kayembe, Chloe; Makangara-Cigolo, Jean-Claude; Cikaya-Kankolongo, Fiston; Luakanda-Ndelemo, Gradi; Lawanga, Leader; Mabika-Bope, Elzedek; Lumembe-Numbi, Raphael; Kabamba-Lungenyi, Gabriel; Citenga, Andre; Kelvin, D. J.; Pratt, Catherine; Ayouba, Ahidjo; Tessema, Sofonias; Mukadi-Bamuleka, Daniel; Jansen, Daan; Halbrook, Megan; Merrit, Sydney; Hensley, Lisa; Delaporte, Eric; Mwamba, Dieudonne; Liesenborghs, Laurens; Hoff, Nicole; Peeters, Martine; Low, Nicola; Rimoin, Anne; Kindrachuk, Jason; Vercauteren, Koen; Rambaut, Andrew; Ahuka-Mundeke, Steve; Muyembe-Tamfum, Jean-Jacques"
PP_004AWEL,Ia,None,Democratic Republic of the Congo,Kinshasa,2025-01-21,187487,0.4617182785775497,2025-10-21,"Wawina-Bokalanga, Tony; Amuri-Aziza, Adrienne; Mbala-Kingebeni, Placide; Kinganda-Lusamaki, Eddy; Pukuta-Simbu, Elisabeth; Hasivirwe-Vakaniaki, Emmanuel; Ola-Mpumbe, Rilia; Kwete-Mbokama, Papy; Akil-Bandali, Prince; Kacita, Cris; Ponga-Museme, Ange; Mapenzi-Kashali, Nelson; Vakaniaki, Gloria; Kenye, Kelly-Michel; Muyamuna, Elisabeth; Kavira-Bapitani, Sifa; Mukadi, Patrick; OToole, Aine; Tshiani-Mbaya, Olivier; Paku-Tshambu, Princesse; Lokilo-Lofiko, Emmanuel; Muswamba-Kayembe, Chloe; Makangara-Cigolo, Jean-Claude; Cikaya-Kankolongo, Fiston; Luakanda-Ndelemo, Gradi; Lawanga, Leader; Mabika-Bope, Elzedek; Lumembe-Numbi, Raphael; Kabamba-Lungenyi, Gabriel; Citenga, Andre; Kelvin, D. J.; Pratt, Catherine; Ayouba, Ahidjo; Tessema, Sofonias; Mukadi-Bamuleka, Daniel; Jansen, Daan; Halbrook, Megan; Merrit, Sydney; Hensley, Lisa; Delaporte, Eric; Mwamba, Dieudonne; Liesenborghs, Laurens; Hoff, Nicole; Peeters, Martine; Low, Nicola; Rimoin, Anne; Kindrachuk, Jason; Vercauteren, Koen; Rambaut, Andrew; Ahuka-Mundeke, Steve; Muyembe-Tamfum, Jean-Jacques"
PP_004AWFJ,Ib,A.1,Democratic Republic of the Congo,Kinshasa,2025-01-22,187353,0.8721457945631285,2025-10-21,"Wawina-Bokalanga, Tony; Amuri-Aziza, Adrienne; Mbala-Kingebeni, Placide; Kinganda-Lusamaki, Eddy; Pukuta-Simbu, Elisabeth; Hasivirwe-Vakaniaki, Emmanuel; Ola-Mpumbe, Rilia; Kwete-Mbokama, Papy; Akil-Bandali, Prince; Kacita, Cris; Ponga-Museme, Ange; Mapenzi-Kashali, Nelson; Vakaniaki, Gloria; Kenye, Kelly-Michel; Muyamuna, Elisabeth; Kavira-Bapitani, Sifa; Mukadi, Patrick; OToole, Aine; Tshiani-Mbaya, Olivier; Paku-Tshambu, Princesse; Lokilo-Lofiko, Emmanuel; Muswamba-Kayembe, Chloe; Makangara-Cigolo, Jean-Claude; Cikaya-Kankolongo, Fiston; Luakanda-Ndelemo, Gradi; Lawanga, Leader; Mabika-Bope, Elzedek; Lumembe-Numbi, Raphael; Kabamba-Lungenyi, Gabriel; Citenga, Andre; Kelvin, D. J.; Pratt, Catherine; Ayouba, Ahidjo; Tessema, Sofonias; Mukadi-Bamuleka, Daniel; Jansen, Daan; Halbrook, Megan; Merrit, Sydney; Hensley, Lisa; Delaporte, Eric; Mwamba, Dieudonne; Liesenborghs, Laurens; Hoff, Nicole; Peeters, Martine; Low, Nicola; Rimoin, Anne; Kindrachuk, Jason; Vercauteren, Koen; Rambaut, Andrew; Ahuka-Mundeke, Steve; Muyembe-Tamfum, Jean-Jacques"
PP_004AWGG,Ib,A.1,Democratic Republic of the Congo,Kinshasa,2025-01-22,187347,0.9392674776506144,2025-10-21,"Wawina-Bokalanga, Tony; Amuri-Aziza, Adrienne; Mbala-Kingebeni, Placide; Kinganda-Lusamaki, Eddy; Pukuta-Simbu, Elisabeth; Hasivirwe-Vakaniaki, Emmanuel; Ola-Mpumbe, Rilia; Kwete-Mbokama, Papy; Akil-Bandali, Prince; Kacita, Cris; Ponga-Museme, Ange; Mapenzi-Kashali, Nelson; Vakaniaki, Gloria; Kenye, Kelly-Michel; Muyamuna, Elisabeth; Kavira-Bapitani, Sifa; Mukadi, Patrick; OToole, Aine; Tshiani-Mbaya, Olivier; Paku-Tshambu, Princesse; Lokilo-Lofiko, Emmanuel; Muswamba-Kayembe, Chloe; Makangara-Cigolo, Jean-Claude; Cikaya-Kankolongo, Fiston; Luakanda-Ndelemo, Gradi; Lawanga, Leader; Mabika-Bope, Elzedek; Lumembe-Numbi, Raphael; Kabamba-Lungenyi, Gabriel; Citenga, Andre; Kelvin, D. J.; Pratt, Catherine; Ayouba, Ahidjo; Tessema, Sofonias; Mukadi-Bamuleka, Daniel; Jansen, Daan; Halbrook, Megan; Merrit, Sydney; Hensley, Lisa; Delaporte, Eric; Mwamba, Dieudonne; Liesenborghs, Laurens; Hoff, Nicole; Peeters, Martine; Low, Nicola; Rimoin, Anne; Kindrachuk, Jason; Vercauteren, Koen; Rambaut, Andrew; Ahuka-Mundeke, Steve; Muyembe-Tamfum, Jean-Jacques"
PP_004AWHD,Ib,A.1,Democratic Republic of the Congo,Kinshasa,2025-01-22,187330,0.8787884934257564,2025-10-21,"Wawina-Bokalanga, Tony; Amuri-Aziza, Adrienne; Mbala-Kingebeni, Placide; Kinganda-Lusamaki, Eddy; Pukuta-Simbu, Elisabeth; Hasivirwe-Vakaniaki, Emmanuel; Ola-Mpumbe, Rilia; Kwete-Mbokama, Papy; Akil-Bandali, Prince; Kacita, Cris; Ponga-Museme, Ange; Mapenzi-Kashali, Nelson; Vakaniaki, Gloria; Kenye, Kelly-Michel; Muyamuna, Elisabeth; Kavira-Bapitani, Sifa; Mukadi, Patrick; OToole, Aine; Tshiani-Mbaya, Olivier; Paku-Tshambu, Princesse; Lokilo-Lofiko, Emmanuel; Muswamba-Kayembe, Chloe; Makangara-Cigolo, Jean-Claude; Cikaya-Kankolongo, Fiston; Luakanda-Ndelemo, Gradi; Lawanga, Leader; Mabika-Bope, Elzedek; Lumembe-Numbi, Raphael; Kabamba-Lungenyi, Gabriel; Citenga, Andre; Kelvin, D. J.; Pratt, Catherine; Ayouba, Ahidjo; Tessema, Sofonias; Mukadi-Bamuleka, Daniel; Jansen, Daan; Halbrook, Megan; Merrit, Sydney; Hensley, Lisa; Delaporte, Eric; Mwamba, Dieudonne; Liesenborghs, Laurens; Hoff, Nicole; Peeters, Martine; Low, Nicola; Rimoin, Anne; Kindrachuk, Jason; Vercauteren, Koen; Rambaut, Andrew; Ahuka-Mundeke, Steve; Muyembe-Tamfum, Jean-Jacques"
PP_004AWJB,Ia,None,Democratic Republic of the Congo,Kinshasa,2024-12-31,187445,0.7184915495743095,2025-10-21,"Wawina-Bokalanga, Tony; Amuri-Aziza, Adrienne; Mbala-Kingebeni, Placide; Kinganda-Lusamaki, Eddy; Pukuta-Simbu, Elisabeth; Hasivirwe-Vakaniaki, Emmanuel; Ola-Mpumbe, Rilia; Kwete-Mbokama, Papy; Akil-Bandali, Prince; Kacita, Cris; Ponga-Museme, Ange; Mapenzi-Kashali, Nelson; Vakaniaki, Gloria; Kenye, Kelly-Michel; Muyamuna, Elisabeth; Kavira-Bapitani, Sifa; Mukadi, Patrick; OToole, Aine; Tshiani-Mbaya, Olivier; Paku-Tshambu, Princesse; Lokilo-Lofiko, Emmanuel; Muswamba-Kayembe, Chloe; Makangara-Cigolo, Jean-Claude; Cikaya-Kankolongo, Fiston; Luakanda-Ndelemo, Gradi; Lawanga, Leader; Mabika-Bope, Elzedek; Lumembe-Numbi, Raphael; Kabamba-Lungenyi, Gabriel; Citenga, Andre; Kelvin, D. J.; Pratt, Catherine; Ayouba, Ahidjo; Tessema, Sofonias; Mukadi-Bamuleka, Daniel; Jansen, Daan; Halbrook, Megan; Merrit, Sydney; Hensley, Lisa; Delaporte, Eric; Mwamba, Dieudonne; Liesenborghs, Laurens; Hoff, Nicole; Peeters, Martine; Low, Nicola; Rimoin, Anne; Kindrachuk, Jason; Vercauteren, Koen; Rambaut, Andrew; Ahuka-Mundeke, Steve; Muyembe-Tamfum, Jean-Jacques"
PP_004AWK9,Ia,None,Democratic Republic of the Congo,Kinshasa,2025-01-23,187437,0.4941255216546912,2025-10-21,"Wawina-Bokalanga, Tony; Amuri-Aziza, Adrienne; Mbala-Kingebeni, Placide; Kinganda-Lusamaki, Eddy; Pukuta-Simbu, Elisabeth; Hasivirwe-Vakaniaki, Emmanuel; Ola-Mpumbe, Rilia; Kwete-Mbokama, Papy; Akil-Bandali, Prince; Kacita, Cris; Ponga-Museme, Ange; Mapenzi-Kashali, Nelson; Vakaniaki, Gloria; Kenye, Kelly-Michel; Muyamuna, Elisabeth; Kavira-Bapitani, Sifa; Mukadi, Patrick; OToole, Aine; Tshiani-Mbaya, Olivier; Paku-Tshambu, Princesse; Lokilo-Lofiko, Emmanuel; Muswamba-Kayembe, Chloe; Makangara-Cigolo, Jean-Claude; Cikaya-Kankolongo, Fiston; Luakanda-Ndelemo, Gradi; Lawanga, Leader; Mabika-Bope, Elzedek; Lumembe-Numbi, Raphael; Kabamba-Lungenyi, Gabriel; Citenga, Andre; Kelvin, D. J.; Pratt, Catherine; Ayouba, Ahidjo; Tessema, Sofonias; Mukadi-Bamuleka, Daniel; Jansen, Daan; Halbrook, Megan; Merrit, Sydney; Hensley, Lisa; Delaporte, Eric; Mwamba, Dieudonne; Liesenborghs, Laurens; Hoff, Nicole; Peeters, Martine; Low, Nicola; Rimoin, Anne; Kindrachuk, Jason; Vercauteren, Koen; Rambaut, Andrew; Ahuka-Mundeke, Steve; Muyembe-Tamfum, Jean-Jacques"
PP_004AWL7,Ib,A.1,Democratic Republic of the Congo,Kinshasa,2025-01-23,187408,0.8296173095548378,2025-10-21,"Wawina-Bokalanga, Tony; Amuri-Aziza, Adrienne; Mbala-Kingebeni, Placide; Kinganda-Lusamaki, Eddy; Pukuta-Simbu, Elisabeth; Hasivirwe-Vakaniaki, Emmanuel; Ola-Mpumbe, Rilia; Kwete-Mbokama, Papy; Akil-Bandali, Prince; Kacita, Cris; Ponga-Museme, Ange; Mapenzi-Kashali, Nelson; Vakaniaki, Gloria; Kenye, Kelly-Michel; Muyamuna, Elisabeth; Kavira-Bapitani, Sifa; Mukadi, Patrick; OToole, Aine; Tshiani-Mbaya, Olivier; Paku-Tshambu, Princesse; Lokilo-Lofiko, Emmanuel; Muswamba-Kayembe, Chloe; Makangara-Cigolo, Jean-Claude; Cikaya-Kankolongo, Fiston; Luakanda-Ndelemo, Gradi; Lawanga, Leader; Mabika-Bope, Elzedek; Lumembe-Numbi, Raphael; Kabamba-Lungenyi, Gabriel; Citenga, Andre; Kelvin, D. J.; Pratt, Catherine; Ayouba, Ahidjo; Tessema, Sofonias; Mukadi-Bamuleka, Daniel; Jansen, Daan; Halbrook, Megan; Merrit, Sydney; Hensley, Lisa; Delaporte, Eric; Mwamba, Dieudonne; Liesenborghs, Laurens; Hoff, Nicole; Peeters, Martine; Low, Nicola; Rimoin, Anne; Kindrachuk, Jason; Vercauteren, Koen; Rambaut, Andrew; Ahuka-Mundeke, Steve; Muyembe-Tamfum, Jean-Jacques"
PP_004AWM5,Ib,A.1,Democratic Republic of the Congo,Kinshasa,2025-01-23,187371,0.7646659128133098,2025-10-21,"Wawina-Bokalanga, Tony; Amuri-Aziza, Adrienne; Mbala-Kingebeni, Placide; Kinganda-Lusamaki, Eddy; Pukuta-Simbu, Elisabeth; Hasivirwe-Vakaniaki, Emmanuel; Ola-Mpumbe, Rilia; Kwete-Mbokama, Papy; Akil-Bandali, Prince; Kacita, Cris; Ponga-Museme, Ange; Mapenzi-Kashali, Nelson; Vakaniaki, Gloria; Kenye, Kelly-Michel; Muyamuna, Elisabeth; Kavira-Bapitani, Sifa; Mukadi, Patrick; OToole, Aine; Tshiani-Mbaya, Olivier; Paku-Tshambu, Princesse; Lokilo-Lofiko, Emmanuel; Muswamba-Kayembe, Chloe; Makangara-Cigolo, Jean-Claude; Cikaya-Kankolongo, Fiston; Luakanda-Ndelemo, Gradi; Lawanga, Leader; Mabika-Bope, Elzedek; Lumembe-Numbi, Raphael; Kabamba-Lungenyi, Gabriel; Citenga, Andre; Kelvin, D. J.; Pratt, Catherine; Ayouba, Ahidjo; Tessema, Sofonias; Mukadi-Bamuleka, Daniel; Jansen, Daan; Halbrook, Megan; Merrit, Sydney; Hensley, Lisa; Delaporte, Eric; Mwamba, Dieudonne; Liesenborghs, Laurens; Hoff, Nicole; Peeters, Martine; Low, Nicola; Rimoin, Anne; Kindrachuk, Jason; Vercauteren, Koen; Rambaut, Andrew; Ahuka-Mundeke, Steve; Muyembe-Tamfum, Jean-Jacques"
PP_004AWN3,Ia,None,Democratic Republic of the Congo,Kinshasa,2025-01-23,187440,0.8203733095345547,2025-10-21,"Wawina-Bokalanga, Tony; Amuri-Aziza, Adrienne; Mbala-Kingebeni, Placide; Kinganda-Lusamaki, Eddy; Pukuta-Simbu, Elisabeth; Hasivirwe-Vakaniaki, Emmanuel; Ola-Mpumbe, Rilia; Kwete-Mbokama, Papy; Akil-Bandali, Prince; Kacita, Cris; Ponga-Museme, Ange; Mapenzi-Kashali, Nelson; Vakaniaki, Gloria; Kenye, Kelly-Michel; Muyamuna, Elisabeth; Kavira-Bapitani, Sifa; Mukadi, Patrick; OToole, Aine; Tshiani-Mbaya, Olivier; Paku-Tshambu, Princesse; Lokilo-Lofiko, Emmanuel; Muswamba-Kayembe, Chloe; Makangara-Cigolo, Jean-Claude; Cikaya-Kankolongo, Fiston; Luakanda-Ndelemo, Gradi; Lawanga, Leader; Mabika-Bope, Elzedek; Lumembe-Numbi, Raphael; Kabamba-Lungenyi, Gabriel; Citenga, Andre; Kelvin, D. J.; Pratt, Catherine; Ayouba, Ahidjo; Tessema, Sofonias; Mukadi-Bamuleka, Daniel; Jansen, Daan; Halbrook, Megan; Merrit, Sydney; Hensley, Lisa; Delaporte, Eric; Mwamba, Dieudonne; Liesenborghs, Laurens; Hoff, Nicole; Peeters, Martine; Low, Nicola; Rimoin, Anne; Kindrachuk, Jason; Vercauteren, Koen; Rambaut, Andrew; Ahuka-Mundeke, Steve; Muyembe-Tamfum, Jean-Jacques"
PP_004AWP1,Ia,None,Democratic Republic of the Congo,Kinshasa,2025-01-23,187439,0.7863738470353787,2025-10-21,"Wawina-Bokalanga, Tony; Amuri-Aziza, Adrienne; Mbala-Kingebeni, Placide; Kinganda-Lusamaki, Eddy; Pukuta-Simbu, Elisabeth; Hasivirwe-Vakaniaki, Emmanuel; Ola-Mpumbe, Rilia; Kwete-Mbokama, Papy; Akil-Bandali, Prince; Kacita, Cris; Ponga-Museme, Ange; Mapenzi-Kashali, Nelson; Vakaniaki, Gloria; Kenye, Kelly-Michel; Muyamuna, Elisabeth; Kavira-Bapitani, Sifa; Mukadi, Patrick; OToole, Aine; Tshiani-Mbaya, Olivier; Paku-Tshambu, Princesse; Lokilo-Lofiko, Emmanuel; Muswamba-Kayembe, Chloe; Makangara-Cigolo, Jean-Claude; Cikaya-Kankolongo, Fiston; Luakanda-Ndelemo, Gradi; Lawanga, Leader; Mabika-Bope, Elzedek; Lumembe-Numbi, Raphael; Kabamba-Lungenyi, Gabriel; Citenga, Andre; Kelvin, D. J.; Pratt, Catherine; Ayouba, Ahidjo; Tessema, Sofonias; Mukadi-Bamuleka, Daniel; Jansen, Daan; Halbrook, Megan; Merrit, Sydney; Hensley, Lisa; Delaporte, Eric; Mwamba, Dieudonne; Liesenborghs, Laurens; Hoff, Nicole; Peeters, Martine; Low, Nicola; Rimoin, Anne; Kindrachuk, Jason; Vercauteren, Koen; Rambaut, Andrew; Ahuka-Mundeke, Steve; Muyembe-Tamfum, Jean-Jacques"
PP_004AWQZ,Ib,A.1,Democratic Republic of the Congo,Kinshasa,2025-01-23,187854,0.7806388146585602,2025-10-21,"Wawina-Bokalanga, Tony; Amuri-Aziza, Adrienne; Mbala-Kingebeni, Placide; Kinganda-Lusamaki, Eddy; Pukuta-Simbu, Elisabeth; Hasivirwe-Vakaniaki, Emmanuel; Ola-Mpumbe, Rilia; Kwete-Mbokama, Papy; Akil-Bandali, Prince; Kacita, Cris; Ponga-Museme, Ange; Mapenzi-Kashali, Nelson; Vakaniaki, Gloria; Kenye, Kelly-Michel; Muyamuna, Elisabeth; Kavira-Bapitani, Sifa; Mukadi, Patrick; OToole, Aine; Tshiani-Mbaya, Olivier; Paku-Tshambu, Princesse; Lokilo-Lofiko, Emmanuel; Muswamba-Kayembe, Chloe; Makangara-Cigolo, Jean-Claude; Cikaya-Kankolongo, Fiston; Luakanda-Ndelemo, Gradi; Lawanga, Leader; Mabika-Bope, Elzedek; Lumembe-Numbi, Raphael; Kabamba-Lungenyi, Gabriel; Citenga, Andre; Kelvin, D. J.; Pratt, Catherine; Ayouba, Ahidjo; Tessema, Sofonias; Mukadi-Bamuleka, Daniel; Jansen, Daan; Halbrook, Megan; Merrit, Sydney; Hensley, Lisa; Delaporte, Eric; Mwamba, Dieudonne; Liesenborghs, Laurens; Hoff, Nicole; Peeters, Martine; Low, Nicola; Rimoin, Anne; Kindrachuk, Jason; Vercauteren, Koen; Rambaut, Andrew; Ahuka-Mundeke, Steve; Muyembe-Tamfum, Jean-Jacques"
PP_004AWRX,Ib,A.1,Democratic Republic of the Congo,Kinshasa,2025-01-20,187408,0.7581956198753607,2025-10-21,"Wawina-Bokalanga, Tony; Amuri-Aziza, Adrienne; Mbala-Kingebeni, Placide; Kinganda-Lusamaki, Eddy; Pukuta-Simbu, Elisabeth; Hasivirwe-Vakaniaki, Emmanuel; Ola-Mpumbe, Rilia; Kwete-Mbokama, Papy; Akil-Bandali, Prince; Kacita, Cris; Ponga-Museme, Ange; Mapenzi-Kashali, Nelson; Vakaniaki, Gloria; Kenye, Kelly-Michel; Muyamuna, Elisabeth; Kavira-Bapitani, Sifa; Mukadi, Patrick; OToole, Aine; Tshiani-Mbaya, Olivier; Paku-Tshambu, Princesse; Lokilo-Lofiko, Emmanuel; Muswamba-Kayembe, Chloe; Makangara-Cigolo, Jean-Claude; Cikaya-Kankolongo, Fiston; Luakanda-Ndelemo, Gradi; Lawanga, Leader; Mabika-Bope, Elzedek; Lumembe-Numbi, Raphael; Kabamba-Lungenyi, Gabriel; Citenga, Andre; Kelvin, D. J.; Pratt, Catherine; Ayouba, Ahidjo; Tessema, Sofonias; Mukadi-Bamuleka, Daniel; Jansen, Daan; Halbrook, Megan; Merrit, Sydney; Hensley, Lisa; Delaporte, Eric; Mwamba, Dieudonne; Liesenborghs, Laurens; Hoff, Nicole; Peeters, Martine; Low, Nicola; Rimoin, Anne; Kindrachuk, Jason; Vercauteren, Koen; Rambaut, Andrew; Ahuka-Mundeke, Steve; Muyembe-Tamfum, Jean-Jacques"
PP_004AWSV,Ib,A.1,Democratic Republic of the Congo,Kinshasa,2025-01-20,187405,0.7913533358011045,2025-10-21,"Wawina-Bokalanga, Tony; Amuri-Aziza, Adrienne; Mbala-Kingebeni, Placide; Kinganda-Lusamaki, Eddy; Pukuta-Simbu, Elisabeth; Hasivirwe-Vakaniaki, Emmanuel; Ola-Mpumbe, Rilia; Kwete-Mbokama, Papy; Akil-Bandali, Prince; Kacita, Cris; Ponga-Museme, Ange; Mapenzi-Kashali, Nelson; Vakaniaki, Gloria; Kenye, Kelly-Michel; Muyamuna, Elisabeth; Kavira-Bapitani, Sifa; Mukadi, Patrick; OToole, Aine; Tshiani-Mbaya, Olivier; Paku-Tshambu, Princesse; Lokilo-Lofiko, Emmanuel; Muswamba-Kayembe, Chloe; Makangara-Cigolo, Jean-Claude; Cikaya-Kankolongo, Fiston; Luakanda-Ndelemo, Gradi; Lawanga, Leader; Mabika-Bope, Elzedek; Lumembe-Numbi, Raphael; Kabamba-Lungenyi, Gabriel; Citenga, Andre; Kelvin, D. J.; Pratt, Catherine; Ayouba, Ahidjo; Tessema, Sofonias; Mukadi-Bamuleka, Daniel; Jansen, Daan; Halbrook, Megan; Merrit, Sydney; Hensley, Lisa; Delaporte, Eric; Mwamba, Dieudonne; Liesenborghs, Laurens; Hoff, Nicole; Peeters, Martine; Low, Nicola; Rimoin, Anne; Kindrachuk, Jason; Vercauteren, Koen; Rambaut, Andrew; Ahuka-Mundeke, Steve; Muyembe-Tamfum, Jean-Jacques"
PP_004AWTT,Ib,A.1,Democratic Republic of the Congo,Kinshasa,2025-01-13,187312,0.6917179236241754,2025-10-21,"Wawina-Bokalanga, Tony; Amuri-Aziza, Adrienne; Mbala-Kingebeni, Placide; Kinganda-Lusamaki, Eddy; Pukuta-Simbu, Elisabeth; Hasivirwe-Vakaniaki, Emmanuel; Ola-Mpumbe, Rilia; Kwete-Mbokama, Papy; Akil-Bandali, Prince; Kacita, Cris; Ponga-Museme, Ange; Mapenzi-Kashali, Nelson; Vakaniaki, Gloria; Kenye, Kelly-Michel; Muyamuna, Elisabeth; Kavira-Bapitani, Sifa; Mukadi, Patrick; OToole, Aine; Tshiani-Mbaya, Olivier; Paku-Tshambu, Princesse; Lokilo-Lofiko, Emmanuel; Muswamba-Kayembe, Chloe; Makangara-Cigolo, Jean-Claude; Cikaya-Kankolongo, Fiston; Luakanda-Ndelemo, Gradi; Lawanga, Leader; Mabika-Bope, Elzedek; Lumembe-Numbi, Raphael; Kabamba-Lungenyi, Gabriel; Citenga, Andre; Kelvin, D. J.; Pratt, Catherine; Ayouba, Ahidjo; Tessema, Sofonias; Mukadi-Bamuleka, Daniel; Jansen, Daan; Halbrook, Megan; Merrit, Sydney; Hensley, Lisa; Delaporte, Eric; Mwamba, Dieudonne; Liesenborghs, Laurens; Hoff, Nicole; Peeters, Martine; Low, Nicola; Rimoin, Anne; Kindrachuk, Jason; Vercauteren, Koen; Rambaut, Andrew; Ahuka-Mundeke, Steve; Muyembe-Tamfum, Jean-Jacques"
PP_004AWUR,Ia,None,Democratic Republic of the Congo,Kinshasa,2025-01-23,187490,0.62140673093013,2025-10-21,"Wawina-Bokalanga, Tony; Amuri-Aziza, Adrienne; Mbala-Kingebeni, Placide; Kinganda-Lusamaki, Eddy; Pukuta-Simbu, Elisabeth; Hasivirwe-Vakaniaki, Emmanuel; Ola-Mpumbe, Rilia; Kwete-Mbokama, Papy; Akil-Bandali, Prince; Kacita, Cris; Ponga-Museme, Ange; Mapenzi-Kashali, Nelson; Vakaniaki, Gloria; Kenye, Kelly-Michel; Muyamuna, Elisabeth; Kavira-Bapitani, Sifa; Mukadi, Patrick; OToole, Aine; Tshiani-Mbaya, Olivier; Paku-Tshambu, Princesse; Lokilo-Lofiko, Emmanuel; Muswamba-Kayembe, Chloe; Makangara-Cigolo, Jean-Claude; Cikaya-Kankolongo, Fiston; Luakanda-Ndelemo, Gradi; Lawanga, Leader; Mabika-Bope, Elzedek; Lumembe-Numbi, Raphael; Kabamba-Lungenyi, Gabriel; Citenga, Andre; Kelvin, D. J.; Pratt, Catherine; Ayouba, Ahidjo; Tessema, Sofonias; Mukadi-Bamuleka, Daniel; Jansen, Daan; Halbrook, Megan; Merrit, Sydney; Hensley, Lisa; Delaporte, Eric; Mwamba, Dieudonne; Liesenborghs, Laurens; Hoff, Nicole; Peeters, Martine; Low, Nicola; Rimoin, Anne; Kindrachuk, Jason; Vercauteren, Koen; Rambaut, Andrew; Ahuka-Mundeke, Steve; Muyembe-Tamfum, Jean-Jacques"
PP_004AWVP,Ia,None,Democratic Republic of the Congo,Kinshasa,2025-01-23,187432,0.5359998783017003,2025-10-21,"Wawina-Bokalanga, Tony; Amuri-Aziza, Adrienne; Mbala-Kingebeni, Placide; Kinganda-Lusamaki, Eddy; Pukuta-Simbu, Elisabeth; Hasivirwe-Vakaniaki, Emmanuel; Ola-Mpumbe, Rilia; Kwete-Mbokama, Papy; Akil-Bandali, Prince; Kacita, Cris; Ponga-Museme, Ange; Mapenzi-Kashali, Nelson; Vakaniaki, Gloria; Kenye, Kelly-Michel; Muyamuna, Elisabeth; Kavira-Bapitani, Sifa; Mukadi, Patrick; OToole, Aine; Tshiani-Mbaya, Olivier; Paku-Tshambu, Princesse; Lokilo-Lofiko, Emmanuel; Muswamba-Kayembe, Chloe; Makangara-Cigolo, Jean-Claude; Cikaya-Kankolongo, Fiston; Luakanda-Ndelemo, Gradi; Lawanga, Leader; Mabika-Bope, Elzedek; Lumembe-Numbi, Raphael; Kabamba-Lungenyi, Gabriel; Citenga, Andre; Kelvin, D. J.; Pratt, Catherine; Ayouba, Ahidjo; Tessema, Sofonias; Mukadi-Bamuleka, Daniel; Jansen, Daan; Halbrook, Megan; Merrit, Sydney; Hensley, Lisa; Delaporte, Eric; Mwamba, Dieudonne; Liesenborghs, Laurens; Hoff, Nicole; Peeters, Martine; Low, Nicola; Rimoin, Anne; Kindrachuk, Jason; Vercauteren, Koen; Rambaut, Andrew; Ahuka-Mundeke, Steve; Muyembe-Tamfum, Jean-Jacques"
PP_004AWWM,Ib,A.1,Democratic Republic of the Congo,Kinshasa,2025-01-23,187326,0.8022757582057614,2025-10-21,"Wawina-Bokalanga, Tony; Amuri-Aziza, Adrienne; Mbala-Kingebeni, Placide; Kinganda-Lusamaki, Eddy; Pukuta-Simbu, Elisabeth; Hasivirwe-Vakaniaki, Emmanuel; Ola-Mpumbe, Rilia; Kwete-Mbokama, Papy; Akil-Bandali, Prince; Kacita, Cris; Ponga-Museme, Ange; Mapenzi-Kashali, Nelson; Vakaniaki, Gloria; Kenye, Kelly-Michel; Muyamuna, Elisabeth; Kavira-Bapitani, Sifa; Mukadi, Patrick; OToole, Aine; Tshiani-Mbaya, Olivier; Paku-Tshambu, Princesse; Lokilo-Lofiko, Emmanuel; Muswamba-Kayembe, Chloe; Makangara-Cigolo, Jean-Claude; Cikaya-Kankolongo, Fiston; Luakanda-Ndelemo, Gradi; Lawanga, Leader; Mabika-Bope, Elzedek; Lumembe-Numbi, Raphael; Kabamba-Lungenyi, Gabriel; Citenga, Andre; Kelvin, D. J.; Pratt, Catherine; Ayouba, Ahidjo; Tessema, Sofonias; Mukadi-Bamuleka, Daniel; Jansen, Daan; Halbrook, Megan; Merrit, Sydney; Hensley, Lisa; Delaporte, Eric; Mwamba, Dieudonne; Liesenborghs, Laurens; Hoff, Nicole; Peeters, Martine; Low, Nicola; Rimoin, Anne; Kindrachuk, Jason; Vercauteren, Koen; Rambaut, Andrew; Ahuka-Mundeke, Steve; Muyembe-Tamfum, Jean-Jacques"
PP_004AWXK,Ib,A.1,Democratic Republic of the Congo,Kinshasa,2025-01-23,187372,0.80026266549701075,2025-10-21,"Wawina-Bokalanga, Tony; Amuri-Aziza, Adrienne; Mbala-Kingebeni, Placide; Kinganda-Lusamaki, Eddy; Pukuta-Simbu, Elisabeth; Hasivirwe-Vakaniaki, Emmanuel; Ola-Mpumbe, Rilia; Kwete-Mbokama, Papy; Akil-Bandali, Prince; Kacita, Cris; Ponga-Museme, Ange; Mapenzi-Kashali, Nelson; Vakaniaki, Gloria; Kenye, Kelly-Michel; Muyamuna, Elisabeth; Kavira-Bapitani, Sifa; Mukadi, Patrick; OToole, Aine; Tshiani-Mbaya, Olivier; Paku-Tshambu, Princesse; Lokilo-Lofiko, Emmanuel; Muswamba-Kayembe, Chloe; Makangara-Cigolo, Jean-Claude; Cikaya-Kankolongo, Fiston; Luakanda-Ndelemo, Gradi; Lawanga, Leader; Mabika-Bope, Elzedek; Lumembe-Numbi, Raphael; Kabamba-Lungenyi, Gabriel; Citenga, Andre; Kelvin, D. J.; Pratt, Catherine; Ayouba, Ahidjo; Tessema, Sofonias; Mukadi-Bamuleka, Daniel; Jansen, Daan; Halbrook, Megan; Merrit, Sydney; Hensley, Lisa; Delaporte, Eric; Mwamba, Dieudonne; Liesenborghs, Laurens; Hoff, Nicole; Peeters, Martine; Low, Nicola; Rimoin, Anne; Kindrachuk, Jason; Vercauteren, Koen; Rambaut, Andrew; Ahuka-Mundeke, Steve; Muyembe-Tamfum, Jean-Jacques"
PP_004AWYH,Ia,None,Democratic Republic of the Congo,Kinshasa,2025-01-23,187438,0.8175184702523719,2025-10-21,"Wawina-Bokalanga, Tony; Amuri-Aziza, Adrienne; Mbala-Kingebeni, Placide; Kinganda-Lusamaki, Eddy; Pukuta-Simbu, Elisabeth; Hasivirwe-Vakaniaki, Emmanuel; Ola-Mpumbe, Rilia; Kwete-Mbokama, Papy; Akil-Bandali, Prince; Kacita, Cris; Ponga-Museme, Ange; Mapenzi-Kashali, Nelson; Vakaniaki, Gloria; Kenye, Kelly-Michel; Muyamuna, Elisabeth; Kavira-Bapitani, Sifa; Mukadi, Patrick; OToole, Aine; Tshiani-Mbaya, Olivier; Paku-Tshambu, Princesse; Lokilo-Lofiko, Emmanuel; Muswamba-Kayembe, Chloe; Makangara-Cigolo, Jean-Claude; Cikaya-Kankolongo, Fiston; Luakanda-Ndelemo, Gradi; Lawanga, Leader; Mabika-Bope, Elzedek; Lumembe-Numbi, Raphael; Kabamba-Lungenyi, Gabriel; Citenga, Andre; Kelvin, D. J.; Pratt, Catherine; Ayouba, Ahidjo; Tessema, Sofonias; Mukadi-Bamuleka, Daniel; Jansen, Daan; Halbrook, Megan; Merrit, Sydney; Hensley, Lisa; Delaporte, Eric; Mwamba, Dieudonne; Liesenborghs, Laurens; Hoff, Nicole; Peeters, Martine; Low, Nicola; Rimoin, Anne; Kindrachuk, Jason; Vercauteren, Koen; Rambaut, Andrew; Ahuka-Mundeke, Steve; Muyembe-Tamfum, Jean-Jacques"
PP_004AWZF,Ia,None,Democratic Republic of the Congo,Kinshasa,2025-01-10,187443,0.8750107753702925,2025-10-21,"Wawina-Bokalanga, Tony; Amuri-Aziza, Adrienne; Mbala-Kingebeni, Placide; Kinganda-Lusamaki, Eddy; Pukuta-Simbu, Elisabeth; Hasivirwe-Vakaniaki, Emmanuel; Ola-Mpumbe, Rilia; Kwete-Mbokama, Papy; Akil-Bandali, Prince; Kacita, Cris; Ponga-Museme, Ange; Mapenzi-Kashali, Nelson; Vakaniaki, Gloria; Kenye, Kelly-Michel; Muyamuna, Elisabeth; Kavira-Bapitani, Sifa; Mukadi, Patrick; OToole, Aine; Tshiani-Mbaya, Olivier; Paku-Tshambu, Princesse; Lokilo-Lofiko, Emmanuel; Muswamba-Kayembe, Chloe; Makangara-Cigolo, Jean-Claude; Cikaya-Kankolongo, Fiston; Luakanda-Ndelemo, Gradi; Lawanga, Leader; Mabika-Bope, Elzedek; Lumembe-Numbi, Raphael; Kabamba-Lungenyi, Gabriel; Citenga, Andre; Kelvin, D. J.; Pratt, Catherine; Ayouba, Ahidjo; Tessema, Sofonias; Mukadi-Bamuleka, Daniel; Jansen, Daan; Halbrook, Megan; Merrit, Sydney; Hensley, Lisa; Delaporte, Eric; Mwamba, Dieudonne; Liesenborghs, Laurens; Hoff, Nicole; Peeters, Martine; Low, Nicola; Rimoin, Anne; Kindrachuk, Jason; Vercauteren, Koen; Rambaut, Andrew; Ahuka-Mundeke, Steve; Muyembe-Tamfum, Jean-Jacques"
PP_004AX0D,Ib,A.1,Democratic Republic of the Congo,Kinshasa,2025-01-22,187365,0.861228442920962,2025-10-21,"Wawina-Bokalanga, Tony; Amuri-Aziza, Adrienne; Mbala-Kingebeni, Placide; Kinganda-Lusamaki, Eddy; Pukuta-Simbu, Elisabeth; Hasivirwe-Vakaniaki, Emmanuel; Ola-Mpumbe, Rilia; Kwete-Mbokama, Papy; Akil-Bandali, Prince; Kacita, Cris; Ponga-Museme, Ange; Mapenzi-Kashali, Nelson; Vakaniaki, Gloria; Kenye, Kelly-Michel; Muyamuna, Elisabeth; Kavira-Bapitani, Sifa; Mukadi, Patrick; OToole, Aine; Tshiani-Mbaya, Olivier; Paku-Tshambu, Princesse; Lokilo-Lofiko, Emmanuel; Muswamba-Kayembe, Chloe; Makangara-Cigolo, Jean-Claude; Cikaya-Kankolongo, Fiston; Luakanda-Ndelemo, Gradi; Lawanga, Leader; Mabika-Bope, Elzedek; Lumembe-Numbi, Raphael; Kabamba-Lungenyi, Gabriel; Citenga, Andre; Kelvin, D. J.; Pratt, Catherine; Ayouba, Ahidjo; Tessema, Sofonias; Mukadi-Bamuleka, Daniel; Jansen, Daan; Halbrook, Megan; Merrit, Sydney; Hensley, Lisa; Delaporte, Eric; Mwamba, Dieudonne; Liesenborghs, Laurens; Hoff, Nicole; Peeters, Martine; Low, Nicola; Rimoin, Anne; Kindrachuk, Jason; Vercauteren, Koen; Rambaut, Andrew; Ahuka-Mundeke, Steve; Muyembe-Tamfum, Jean-Jacques"
PP_004AX1B,Ia,None,Democratic Republic of the Congo,Kinshasa,2025-01-23,187443,0.7993904943486352,2025-10-21,"Wawina-Bokalanga, Tony; Amuri-Aziza, Adrienne; Mbala-Kingebeni, Placide; Kinganda-Lusamaki, Eddy; Pukuta-Simbu, Elisabeth; Hasivirwe-Vakaniaki, Emmanuel; Ola-Mpumbe, Rilia; Kwete-Mbokama, Papy; Akil-Bandali, Prince; Kacita, Cris; Ponga-Museme, Ange; Mapenzi-Kashali, Nelson; Vakaniaki, Gloria; Kenye, Kelly-Michel; Muyamuna, Elisabeth; Kavira-Bapitani, Sifa; Mukadi, Patrick; OToole, Aine; Tshiani-Mbaya, Olivier; Paku-Tshambu, Princesse; Lokilo-Lofiko, Emmanuel; Muswamba-Kayembe, Chloe; Makangara-Cigolo, Jean-Claude; Cikaya-Kankolongo, Fiston; Luakanda-Ndelemo, Gradi; Lawanga, Leader; Mabika-Bope, Elzedek; Lumembe-Numbi, Raphael; Kabamba-Lungenyi, Gabriel; Citenga, Andre; Kelvin, D. J.; Pratt, Catherine; Ayouba, Ahidjo; Tessema, Sofonias; Mukadi-Bamuleka, Daniel; Jansen, Daan; Halbrook, Megan; Merrit, Sydney; Hensley, Lisa; Delaporte, Eric; Mwamba, Dieudonne; Liesenborghs, Laurens; Hoff, Nicole; Peeters, Martine; Low, Nicola; Rimoin, Anne; Kindrachuk, Jason; Vercauteren, Koen; Rambaut, Andrew; Ahuka-Mundeke, Steve; Muyembe-Tamfum, Jean-Jacques"
PP_004AX29,Ia,None,Democratic Republic of the Congo,Kinshasa,2025-01-23,187424,0.8518018954510189,2025-10-21,"Wawina-Bokalanga, Tony; Amuri-Aziza, Adrienne; Mbala-Kingebeni, Placide; Kinganda-Lusamaki, Eddy; Pukuta-Simbu, Elisabeth; Hasivirwe-Vakaniaki, Emmanuel; Ola-Mpumbe, Rilia; Kwete-Mbokama, Papy; Akil-Bandali, Prince; Kacita, Cris; Ponga-Museme, Ange; Mapenzi-Kashali, Nelson; Vakaniaki, Gloria; Kenye, Kelly-Michel; Muyamuna, Elisabeth; Kavira-Bapitani, Sifa; Mukadi, Patrick; OToole, Aine; Tshiani-Mbaya, Olivier; Paku-Tshambu, Princesse; Lokilo-Lofiko, Emmanuel; Muswamba-Kayembe, Chloe; Makangara-Cigolo, Jean-Claude; Cikaya-Kankolongo, Fiston; Luakanda-Ndelemo, Gradi; Lawanga, Leader; Mabika-Bope, Elzedek; Lumembe-Numbi, Raphael; Kabamba-Lungenyi, Gabriel; Citenga, Andre; Kelvin, D. J.; Pratt, Catherine; Ayouba, Ahidjo; Tessema, Sofonias; Mukadi-Bamuleka, Daniel; Jansen, Daan; Halbrook, Megan; Merrit, Sydney; Hensley, Lisa; Delaporte, Eric; Mwamba, Dieudonne; Liesenborghs, Laurens; Hoff, Nicole; Peeters, Martine; Low, Nicola; Rimoin, Anne; Kindrachuk, Jason; Vercauteren, Koen; Rambaut, Andrew; Ahuka-Mundeke, Steve; Muyembe-Tamfum, Jean-Jacques"
PP_004AX37,Ia,None,Democratic Republic of the Congo,Kinshasa,2025-01-24,187422,0.8356261631061462,2025-10-21,"Wawina-Bokalanga, Tony; Amuri-Aziza, Adrienne; Mbala-Kingebeni, Placide; Kinganda-Lusamaki, Eddy; Pukuta-Simbu, Elisabeth; Hasivirwe-Vakaniaki, Emmanuel; Ola-Mpumbe, Rilia; Kwete-Mbokama, Papy; Akil-Bandali, Prince; Kacita, Cris; Ponga-Museme, Ange; Mapenzi-Kashali, Nelson; Vakaniaki, Gloria; Kenye, Kelly-Michel; Muyamuna, Elisabeth; Kavira-Bapitani, Sifa; Mukadi, Patrick; OToole, Aine; Tshiani-Mbaya, Olivier; Paku-Tshambu, Princesse; Lokilo-Lofiko, Emmanuel; Muswamba-Kayembe, Chloe; Makangara-Cigolo, Jean-Claude; Cikaya-Kankolongo, Fiston; Luakanda-Ndelemo, Gradi; Lawanga, Leader; Mabika-Bope, Elzedek; Lumembe-Numbi, Raphael; Kabamba-Lungenyi, Gabriel; Citenga, Andre; Kelvin, D. J.; Pratt, Catherine; Ayouba, Ahidjo; Tessema, Sofonias; Mukadi-Bamuleka, Daniel; Jansen, Daan; Halbrook, Megan; Merrit, Sydney; Hensley, Lisa; Delaporte, Eric; Mwamba, Dieudonne; Liesenborghs, Laurens; Hoff, Nicole; Peeters, Martine; Low, Nicola; Rimoin, Anne; Kindrachuk, Jason; Vercauteren, Koen; Rambaut, Andrew; Ahuka-Mundeke, Steve; Muyembe-Tamfum, Jean-Jacques"
PP_004AX45,Ia,None,Democratic Republic of the Congo,Kinshasa,2025-01-24,187428,0.8435771186913377,2025-10-21,"Wawina-Bokalanga, Tony; Amuri-Aziza, Adrienne; Mbala-Kingebeni, Placide; Kinganda-Lusamaki, Eddy; Pukuta-Simbu, Elisabeth; Hasivirwe-Vakaniaki, Emmanuel; Ola-Mpumbe, Rilia; Kwete-Mbokama, Papy; Akil-Bandali, Prince; Kacita, Cris; Ponga-Museme, Ange; Mapenzi-Kashali, Nelson; Vakaniaki, Gloria; Kenye, Kelly-Michel; Muyamuna, Elisabeth; Kavira-Bapitani, Sifa; Mukadi, Patrick; OToole, Aine; Tshiani-Mbaya, Olivier; Paku-Tshambu, Princesse; Lokilo-Lofiko, Emmanuel; Muswamba-Kayembe, Chloe; Makangara-Cigolo, Jean-Claude; Cikaya-Kankolongo, Fiston; Luakanda-Ndelemo, Gradi; Lawanga, Leader; Mabika-Bope, Elzedek; Lumembe-Numbi, Raphael; Kabamba-Lungenyi, Gabriel; Citenga, Andre; Kelvin, D. J.; Pratt, Catherine; Ayouba, Ahidjo; Tessema, Sofonias; Mukadi-Bamuleka, Daniel; Jansen, Daan; Halbrook, Megan; Merrit, Sydney; Hensley, Lisa; Delaporte, Eric; Mwamba, Dieudonne; Liesenborghs, Laurens; Hoff, Nicole; Peeters, Martine; Low, Nicola; Rimoin, Anne; Kindrachuk, Jason; Vercauteren, Koen; Rambaut, Andrew; Ahuka-Mundeke, Steve; Muyembe-Tamfum, Jean-Jacques"
PP_004AX53,Ib,A.1,Democratic Republic of the Congo,Kinshasa,2025-01-25,187385,0.6314062745615058,2025-10-21,"Wawina-Bokalanga, Tony; Amuri-Aziza, Adrienne; Mbala-Kingebeni, Placide; Kinganda-Lusamaki, Eddy; Pukuta-Simbu, Elisabeth; Hasivirwe-Vakaniaki, Emmanuel; Ola-Mpumbe, Rilia; Kwete-Mbokama, Papy; Akil-Bandali, Prince; Kacita, Cris; Ponga-Museme, Ange; Mapenzi-Kashali, Nelson; Vakaniaki, Gloria; Kenye, Kelly-Michel; Muyamuna, Elisabeth; Kavira-Bapitani, Sifa; Mukadi, Patrick; OToole, Aine; Tshiani-Mbaya, Olivier; Paku-Tshambu, Princesse; Lokilo-Lofiko, Emmanuel; Muswamba-Kayembe, Chloe; Makangara-Cigolo, Jean-Claude; Cikaya-Kankolongo, Fiston; Luakanda-Ndelemo, Gradi; Lawanga, Leader; Mabika-Bope, Elzedek; Lumembe-Numbi, Raphael; Kabamba-Lungenyi, Gabriel; Citenga, Andre; Kelvin, D. J.; Pratt, Catherine; Ayouba, Ahidjo; Tessema, Sofonias; Mukadi-Bamuleka, Daniel; Jansen, Daan; Halbrook, Megan; Merrit, Sydney; Hensley, Lisa; Delaporte, Eric; Mwamba, Dieudonne; Liesenborghs, Laurens; Hoff, Nicole; Peeters, Martine; Low, Nicola; Rimoin, Anne; Kindrachuk, Jason; Vercauteren, Koen; Rambaut, Andrew; Ahuka-Mundeke, Steve; Muyembe-Tamfum, Jean-Jacques"
PP_004AX61,Ia,None,Democratic Republic of the Congo,Kinshasa,2025-01-25,187440,0.7540325238706145,2025-10-21,"Wawina-Bokalanga, Tony; Amuri-Aziza, Adrienne; Mbala-Kingebeni, Placide; Kinganda-Lusamaki, Eddy; Pukuta-Simbu, Elisabeth; Hasivirwe-Vakaniaki, Emmanuel; Ola-Mpumbe, Rilia; Kwete-Mbokama, Papy; Akil-Bandali, Prince; Kacita, Cris; Ponga-Museme, Ange; Mapenzi-Kashali, Nelson; Vakaniaki, Gloria; Kenye, Kelly-Michel; Muyamuna, Elisabeth; Kavira-Bapitani, Sifa; Mukadi, Patrick; OToole, Aine; Tshiani-Mbaya, Olivier; Paku-Tshambu, Princesse; Lokilo-Lofiko, Emmanuel; Muswamba-Kayembe, Chloe; Makangara-Cigolo, Jean-Claude; Cikaya-Kankolongo, Fiston; Luakanda-Ndelemo, Gradi; Lawanga, Leader; Mabika-Bope, Elzedek; Lumembe-Numbi, Raphael; Kabamba-Lungenyi, Gabriel; Citenga, Andre; Kelvin, D. J.; Pratt, Catherine; Ayouba, Ahidjo; Tessema, Sofonias; Mukadi-Bamuleka, Daniel; Jansen, Daan; Halbrook, Megan; Merrit, Sydney; Hensley, Lisa; Delaporte, Eric; Mwamba, Dieudonne; Liesenborghs, Laurens; Hoff, Nicole; Peeters, Martine; Low, Nicola; Rimoin, Anne; Kindrachuk, Jason; Vercauteren, Koen; Rambaut, Andrew; Ahuka-Mundeke, Steve; Muyembe-Tamfum, Jean-Jacques"
PP_004AX7Z,Ia,None,Democratic Republic of the Congo,Kinshasa,2025-01-25,187460,0.917949992140318,2025-10-21,"Wawina-Bokalanga, Tony; Amuri-Aziza, Adrienne; Mbala-Kingebeni, Placide; Kinganda-Lusamaki, Eddy; Pukuta-Simbu, Elisabeth; Hasivirwe-Vakaniaki, Emmanuel; Ola-Mpumbe, Rilia; Kwete-Mbokama, Papy; Akil-Bandali, Prince; Kacita, Cris; Ponga-Museme, Ange; Mapenzi-Kashali, Nelson; Vakaniaki, Gloria; Kenye, Kelly-Michel; Muyamuna, Elisabeth; Kavira-Bapitani, Sifa; Mukadi, Patrick; OToole, Aine; Tshiani-Mbaya, Olivier; Paku-Tshambu, Princesse; Lokilo-Lofiko, Emmanuel; Muswamba-Kayembe, Chloe; Makangara-Cigolo, Jean-Claude; Cikaya-Kankolongo, Fiston; Luakanda-Ndelemo, Gradi; Lawanga, Leader; Mabika-Bope, Elzedek; Lumembe-Numbi, Raphael; Kabamba-Lungenyi, Gabriel; Citenga, Andre; Kelvin, D. J.; Pratt, Catherine; Ayouba, Ahidjo; Tessema, Sofonias; Mukadi-Bamuleka, Daniel; Jansen, Daan; Halbrook, Megan; Merrit, Sydney; Hensley, Lisa; Delaporte, Eric; Mwamba, Dieudonne; Liesenborghs, Laurens; Hoff, Nicole; Peeters, Martine; Low, Nicola; Rimoin, Anne; Kindrachuk, Jason; Vercauteren, Koen; Rambaut, Andrew; Ahuka-Mundeke, Steve; Muyembe-Tamfum, Jean-Jacques"
PP_004AX8X,Ib,A.1,Democratic Republic of the Congo,Kinshasa,2025-01-25,187364,0.8614312734205842,2025-10-21,"Wawina-Bokalanga, Tony; Amuri-Aziza, Adrienne; Mbala-Kingebeni, Placide; Kinganda-Lusamaki, Eddy; Pukuta-Simbu, Elisabeth; Hasivirwe-Vakaniaki, Emmanuel; Ola-Mpumbe, Rilia; Kwete-Mbokama, Papy; Akil-Bandali, Prince; Kacita, Cris; Ponga-Museme, Ange; Mapenzi-Kashali, Nelson; Vakaniaki, Gloria; Kenye, Kelly-Michel; Muyamuna, Elisabeth; Kavira-Bapitani, Sifa; Mukadi, Patrick; OToole, Aine; Tshiani-Mbaya, Olivier; Paku-Tshambu, Princesse; Lokilo-Lofiko, Emmanuel; Muswamba-Kayembe, Chloe; Makangara-Cigolo, Jean-Claude; Cikaya-Kankolongo, Fiston; Luakanda-Ndelemo, Gradi; Lawanga, Leader; Mabika-Bope, Elzedek; Lumembe-Numbi, Raphael; Kabamba-Lungenyi, Gabriel; Citenga, Andre; Kelvin, D. J.; Pratt, Catherine; Ayouba, Ahidjo; Tessema, Sofonias; Mukadi-Bamuleka, Daniel; Jansen, Daan; Halbrook, Megan; Merrit, Sydney; Hensley, Lisa; Delaporte, Eric; Mwamba, Dieudonne; Liesenborghs, Laurens; Hoff, Nicole; Peeters, Martine; Low, Nicola; Rimoin, Anne; Kindrachuk, Jason; Vercauteren, Koen; Rambaut, Andrew; Ahuka-Mundeke, Steve; Muyembe-Tamfum, Jean-Jacques"
PP_004AX9V,Ib,A.1,Democratic Republic of the Congo,Kinshasa,2025-01-25,186301,0.9245521249030216,2025-10-21,"Wawina-Bokalanga, Tony; Amuri-Aziza, Adrienne; Mbala-Kingebeni, Placide; Kinganda-Lusamaki, Eddy; Pukuta-Simbu, Elisabeth; Hasivirwe-Vakaniaki, Emmanuel; Ola-Mpumbe, Rilia; Kwete-Mbokama, Papy; Akil-Bandali, Prince; Kacita, Cris; Ponga-Museme, Ange; Mapenzi-Kashali, Nelson; Vakaniaki, Gloria; Kenye, Kelly-Michel; Muyamuna, Elisabeth; Kavira-Bapitani, Sifa; Mukadi, Patrick; OToole, Aine; Tshiani-Mbaya, Olivier; Paku-Tshambu, Princesse; Lokilo-Lofiko, Emmanuel; Muswamba-Kayembe, Chloe; Makangara-Cigolo, Jean-Claude; Cikaya-Kankolongo, Fiston; Luakanda-Ndelemo, Gradi; Lawanga, Leader; Mabika-Bope, Elzedek; Lumembe-Numbi, Raphael; Kabamba-Lungenyi, Gabriel; Citenga, Andre; Kelvin, D. J.; Pratt, Catherine; Ayouba, Ahidjo; Tessema, Sofonias; Mukadi-Bamuleka, Daniel; Jansen, Daan; Halbrook, Megan; Merrit, Sydney; Hensley, Lisa; Delaporte, Eric; Mwamba, Dieudonne; Liesenborghs, Laurens; Hoff, Nicole; Peeters, Martine; Low, Nicola; Rimoin, Anne; Kindrachuk, Jason; Vercauteren, Koen; Rambaut, Andrew; Ahuka-Mundeke, Steve; Muyembe-Tamfum, Jean-Jacques"
PP_004AXAT,Ib,A.1,Democratic Republic of the Congo,Kinshasa,2025-01-27,187392,0.8843663321653678,2025-10-21,"Wawina-Bokalanga, Tony; Amuri-Aziza, Adrienne; Mbala-Kingebeni, Placide; Kinganda-Lusamaki, Eddy; Pukuta-Simbu, Elisabeth; Hasivirwe-Vakaniaki, Emmanuel; Ola-Mpumbe, Rilia; Kwete-Mbokama, Papy; Akil-Bandali, Prince; Kacita, Cris; Ponga-Museme, Ange; Mapenzi-Kashali, Nelson; Vakaniaki, Gloria; Kenye, Kelly-Michel; Muyamuna, Elisabeth; Kavira-Bapitani, Sifa; Mukadi, Patrick; OToole, Aine; Tshiani-Mbaya, Olivier; Paku-Tshambu, Princesse; Lokilo-Lofiko, Emmanuel; Muswamba-Kayembe, Chloe; Makangara-Cigolo, Jean-Claude; Cikaya-Kankolongo, Fiston; Luakanda-Ndelemo, Gradi; Lawanga, Leader; Mabika-Bope, Elzedek; Lumembe-Numbi, Raphael; Kabamba-Lungenyi, Gabriel; Citenga, Andre; Kelvin, D. J.; Pratt, Catherine; Ayouba, Ahidjo; Tessema, Sofonias; Mukadi-Bamuleka, Daniel; Jansen, Daan; Halbrook, Megan; Merrit, Sydney; Hensley, Lisa; Delaporte, Eric; Mwamba, Dieudonne; Liesenborghs, Laurens; Hoff, Nicole; Peeters, Martine; Low, Nicola; Rimoin, Anne; Kindrachuk, Jason; Vercauteren, Koen; Rambaut, Andrew; Ahuka-Mundeke, Steve; Muyembe-Tamfum, Jean-Jacques"
PP_004AXBR,Ib,A.1,Democratic Republic of the Congo,Kinshasa,2025-01-27,187397,0.9122048182385184,2025-10-21,"Wawina-Bokalanga, Tony; Amuri-Aziza, Adrienne; Mbala-Kingebeni, Placide; Kinganda-Lusamaki, Eddy; Pukuta-Simbu, Elisabeth; Hasivirwe-Vakaniaki, Emmanuel; Ola-Mpumbe, Rilia; Kwete-Mbokama, Papy; Akil-Bandali, Prince; Kacita, Cris; Ponga-Museme, Ange; Mapenzi-Kashali, Nelson; Vakaniaki, Gloria; Kenye, Kelly-Michel; Muyamuna, Elisabeth; Kavira-Bapitani, Sifa; Mukadi, Patrick; OToole, Aine; Tshiani-Mbaya, Olivier; Paku-Tshambu, Princesse; Lokilo-Lofiko, Emmanuel; Muswamba-Kayembe, Chloe; Makangara-Cigolo, Jean-Claude; Cikaya-Kankolongo, Fiston; Luakanda-Ndelemo, Gradi; Lawanga, Leader; Mabika-Bope, Elzedek; Lumembe-Numbi, Raphael; Kabamba-Lungenyi, Gabriel; Citenga, Andre; Kelvin, D. J.; Pratt, Catherine; Ayouba, Ahidjo; Tessema, Sofonias; Mukadi-Bamuleka, Daniel; Jansen, Daan; Halbrook, Megan; Merrit, Sydney; Hensley, Lisa; Delaporte, Eric; Mwamba, Dieudonne; Liesenborghs, Laurens; Hoff, Nicole; Peeters, Martine; Low, Nicola; Rimoin, Anne; Kindrachuk, Jason; Vercauteren, Koen; Rambaut, Andrew; Ahuka-Mundeke, Steve; Muyembe-Tamfum, Jean-Jacques"
PP_004AXCP,Ia,None,Democratic Republic of the Congo,Kinshasa,2025-01-27,187475,0.918350582377072,2025-10-21,"Wawina-Bokalanga, Tony; Amuri-Aziza, Adrienne; Mbala-Kingebeni, Placide; Kinganda-Lusamaki, Eddy; Pukuta-Simbu, Elisabeth; Hasivirwe-Vakaniaki, Emmanuel; Ola-Mpumbe, Rilia; Kwete-Mbokama, Papy; Akil-Bandali, Prince; Kacita, Cris; Ponga-Museme, Ange; Mapenzi-Kashali, Nelson; Vakaniaki, Gloria; Kenye, Kelly-Michel; Muyamuna, Elisabeth; Kavira-Bapitani, Sifa; Mukadi, Patrick; OToole, Aine; Tshiani-Mbaya, Olivier; Paku-Tshambu, Princesse; Lokilo-Lofiko, Emmanuel; Muswamba-Kayembe, Chloe; Makangara-Cigolo, Jean-Claude; Cikaya-Kankolongo, Fiston; Luakanda-Ndelemo, Gradi; Lawanga, Leader; Mabika-Bope, Elzedek; Lumembe-Numbi, Raphael; Kabamba-Lungenyi, Gabriel; Citenga, Andre; Kelvin, D. J.; Pratt, Catherine; Ayouba, Ahidjo; Tessema, Sofonias; Mukadi-Bamuleka, Daniel; Jansen, Daan; Halbrook, Megan; Merrit, Sydney; Hensley, Lisa; Delaporte, Eric; Mwamba, Dieudonne; Liesenborghs, Laurens; Hoff, Nicole; Peeters, Martine; Low, Nicola; Rimoin, Anne; Kindrachuk, Jason; Vercauteren, Koen; Rambaut, Andrew; Ahuka-Mundeke, Steve; Muyembe-Tamfum, Jean-Jacques"
PP_004AXDM,Ia,None,Democratic Republic of the Congo,Kinshasa,2025-01-24,187511,0.8948222444208935,2025-10-21,"Wawina-Bokalanga, Tony; Amuri-Aziza, Adrienne; Mbala-Kingebeni, Placide; Kinganda-Lusamaki, Eddy; Pukuta-Simbu, Elisabeth; Hasivirwe-Vakaniaki, Emmanuel; Ola-Mpumbe, Rilia; Kwete-Mbokama, Papy; Akil-Bandali, Prince; Kacita, Cris; Ponga-Museme, Ange; Mapenzi-Kashali, Nelson; Vakaniaki, Gloria; Kenye, Kelly-Michel; Muyamuna, Elisabeth; Kavira-Bapitani, Sifa; Mukadi, Patrick; OToole, Aine; Tshiani-Mbaya, Olivier; Paku-Tshambu, Princesse; Lokilo-Lofiko, Emmanuel; Muswamba-Kayembe, Chloe; Makangara-Cigolo, Jean-Claude; Cikaya-Kankolongo, Fiston; Luakanda-Ndelemo, Gradi; Lawanga, Leader; Mabika-Bope, Elzedek; Lumembe-Numbi, Raphael; Kabamba-Lungenyi, Gabriel; Citenga, Andre; Kelvin, D. J.; Pratt, Catherine; Ayouba, Ahidjo; Tessema, Sofonias; Mukadi-Bamuleka, Daniel; Jansen, Daan; Halbrook, Megan; Merrit, Sydney; Hensley, Lisa; Delaporte, Eric; Mwamba, Dieudonne; Liesenborghs, Laurens; Hoff, Nicole; Peeters, Martine; Low, Nicola; Rimoin, Anne; Kindrachuk, Jason; Vercauteren, Koen; Rambaut, Andrew; Ahuka-Mundeke, Steve; Muyembe-Tamfum, Jean-Jacques"
PP_004AXEK,Ib,A.1,Democratic Republic of the Congo,Kinshasa,2025-01-24,187327,0.8685049870949094,2025-10-21,"Wawina-Bokalanga, Tony; Amuri-Aziza, Adrienne; Mbala-Kingebeni, Placide; Kinganda-Lusamaki, Eddy; Pukuta-Simbu, Elisabeth; Hasivirwe-Vakaniaki, Emmanuel; Ola-Mpumbe, Rilia; Kwete-Mbokama, Papy; Akil-Bandali, Prince; Kacita, Cris; Ponga-Museme, Ange; Mapenzi-Kashali, Nelson; Vakaniaki, Gloria; Kenye, Kelly-Michel; Muyamuna, Elisabeth; Kavira-Bapitani, Sifa; Mukadi, Patrick; OToole, Aine; Tshiani-Mbaya, Olivier; Paku-Tshambu, Princesse; Lokilo-Lofiko, Emmanuel; Muswamba-Kayembe, Chloe; Makangara-Cigolo, Jean-Claude; Cikaya-Kankolongo, Fiston; Luakanda-Ndelemo, Gradi; Lawanga, Leader; Mabika-Bope, Elzedek; Lumembe-Numbi, Raphael; Kabamba-Lungenyi, Gabriel; Citenga, Andre; Kelvin, D. J.; Pratt, Catherine; Ayouba, Ahidjo; Tessema, Sofonias; Mukadi-Bamuleka, Daniel; Jansen, Daan; Halbrook, Megan; Merrit, Sydney; Hensley, Lisa; Delaporte, Eric; Mwamba, Dieudonne; Liesenborghs, Laurens; Hoff, Nicole; Peeters, Martine; Low, Nicola; Rimoin, Anne; Kindrachuk, Jason; Vercauteren, Koen; Rambaut, Andrew; Ahuka-Mundeke, Steve; Muyembe-Tamfum, Jean-Jacques"
PP_004AXFH,Ia,None,Democratic Republic of the Congo,Kinshasa,2025-01-24,187477,0.890263628941884,2025-10-21,"Wawina-Bokalanga, Tony; Amuri-Aziza, Adrienne; Mbala-Kingebeni, Placide; Kinganda-Lusamaki, Eddy; Pukuta-Simbu, Elisabeth; Hasivirwe-Vakaniaki, Emmanuel; Ola-Mpumbe, Rilia; Kwete-Mbokama, Papy; Akil-Bandali, Prince; Kacita, Cris; Ponga-Museme, Ange; Mapenzi-Kashali, Nelson; Vakaniaki, Gloria; Kenye, Kelly-Michel; Muyamuna, Elisabeth; Kavira-Bapitani, Sifa; Mukadi, Patrick; OToole, Aine; Tshiani-Mbaya, Olivier; Paku-Tshambu, Princesse; Lokilo-Lofiko, Emmanuel; Muswamba-Kayembe, Chloe; Makangara-Cigolo, Jean-Claude; Cikaya-Kankolongo, Fiston; Luakanda-Ndelemo, Gradi; Lawanga, Leader; Mabika-Bope, Elzedek; Lumembe-Numbi, Raphael; Kabamba-Lungenyi, Gabriel; Citenga, Andre; Kelvin, D. J.; Pratt, Catherine; Ayouba, Ahidjo; Tessema, Sofonias; Mukadi-Bamuleka, Daniel; Jansen, Daan; Halbrook, Megan; Merrit, Sydney; Hensley, Lisa; Delaporte, Eric; Mwamba, Dieudonne; Liesenborghs, Laurens; Hoff, Nicole; Peeters, Martine; Low, Nicola; Rimoin, Anne; Kindrachuk, Jason; Vercauteren, Koen; Rambaut, Andrew; Ahuka-Mundeke, Steve; Muyembe-Tamfum, Jean-Jacques"
PP_004AXGF,Ia,None,Democratic Republic of the Congo,Kinshasa,2025-01-25,187428,0.8690272756314367,2025-10-21,"Wawina-Bokalanga, Tony; Amuri-Aziza, Adrienne; Mbala-Kingebeni, Placide; Kinganda-Lusamaki, Eddy; Pukuta-Simbu, Elisabeth; Hasivirwe-Vakaniaki, Emmanuel; Ola-Mpumbe, Rilia; Kwete-Mbokama, Papy; Akil-Bandali, Prince; Kacita, Cris; Ponga-Museme, Ange; Mapenzi-Kashali, Nelson; Vakaniaki, Gloria; Kenye, Kelly-Michel; Muyamuna, Elisabeth; Kavira-Bapitani, Sifa; Mukadi, Patrick; OToole, Aine; Tshiani-Mbaya, Olivier; Paku-Tshambu, Princesse; Lokilo-Lofiko, Emmanuel; Muswamba-Kayembe, Chloe; Makangara-Cigolo, Jean-Claude; Cikaya-Kankolongo, Fiston; Luakanda-Ndelemo, Gradi; Lawanga, Leader; Mabika-Bope, Elzedek; Lumembe-Numbi, Raphael; Kabamba-Lungenyi, Gabriel; Citenga, Andre; Kelvin, D. J.; Pratt, Catherine; Ayouba, Ahidjo; Tessema, Sofonias; Mukadi-Bamuleka, Daniel; Jansen, Daan; Halbrook, Megan; Merrit, Sydney; Hensley, Lisa; Delaporte, Eric; Mwamba, Dieudonne; Liesenborghs, Laurens; Hoff, Nicole; Peeters, Martine; Low, Nicola; Rimoin, Anne; Kindrachuk, Jason; Vercauteren, Koen; Rambaut, Andrew; Ahuka-Mundeke, Steve; Muyembe-Tamfum, Jean-Jacques"
PP_004AXHC,Ia,None,Democratic Republic of the Congo,Kinshasa,2025-01-24,187449,0.9002935971482032,2025-10-21,"Wawina-Bokalanga, Tony; Amuri-Aziza, Adrienne; Mbala-Kingebeni, Placide; Kinganda-Lusamaki, Eddy; Pukuta-Simbu, Elisabeth; Hasivirwe-Vakaniaki, Emmanuel; Ola-Mpumbe, Rilia; Kwete-Mbokama, Papy; Akil-Bandali, Prince; Kacita, Cris; Ponga-Museme, Ange; Mapenzi-Kashali, Nelson; Vakaniaki, Gloria; Kenye, Kelly-Michel; Muyamuna, Elisabeth; Kavira-Bapitani, Sifa; Mukadi, Patrick; OToole, Aine; Tshiani-Mbaya, Olivier; Paku-Tshambu, Princesse; Lokilo-Lofiko, Emmanuel; Muswamba-Kayembe, Chloe; Makangara-Cigolo, Jean-Claude; Cikaya-Kankolongo, Fiston; Luakanda-Ndelemo, Gradi; Lawanga, Leader; Mabika-Bope, Elzedek; Lumembe-Numbi, Raphael; Kabamba-Lungenyi, Gabriel; Citenga, Andre; Kelvin, D. J.; Pratt, Catherine; Ayouba, Ahidjo; Tessema, Sofonias; Mukadi-Bamuleka, Daniel; Jansen, Daan; Halbrook, Megan; Merrit, Sydney; Hensley, Lisa; Delaporte, Eric; Mwamba, Dieudonne; Liesenborghs, Laurens; Hoff, Nicole; Peeters, Martine; Low, Nicola; Rimoin, Anne; Kindrachuk, Jason; Vercauteren, Koen; Rambaut, Andrew; Ahuka-Mundeke, Steve; Muyembe-Tamfum, Jean-Jacques"
PP_004AXJA,Ia,None,Democratic Republic of the Congo,Kinshasa,2025-01-25,187424,0.8789406163004732,2025-10-21,"Wawina-Bokalanga, Tony; Amuri-Aziza, Adrienne; Mbala-Kingebeni, Placide; Kinganda-Lusamaki, Eddy; Pukuta-Simbu, Elisabeth; Hasivirwe-Vakaniaki, Emmanuel; Ola-Mpumbe, Rilia; Kwete-Mbokama, Papy; Akil-Bandali, Prince; Kacita, Cris; Ponga-Museme, Ange; Mapenzi-Kashali, Nelson; Vakaniaki, Gloria; Kenye, Kelly-Michel; Muyamuna, Elisabeth; Kavira-Bapitani, Sifa; Mukadi, Patrick; OToole, Aine; Tshiani-Mbaya, Olivier; Paku-Tshambu, Princesse; Lokilo-Lofiko, Emmanuel; Muswamba-Kayembe, Chloe; Makangara-Cigolo, Jean-Claude; Cikaya-Kankolongo, Fiston; Luakanda-Ndelemo, Gradi; Lawanga, Leader; Mabika-Bope, Elzedek; Lumembe-Numbi, Raphael; Kabamba-Lungenyi, Gabriel; Citenga, Andre; Kelvin, D. J.; Pratt, Catherine; Ayouba, Ahidjo; Tessema, Sofonias; Mukadi-Bamuleka, Daniel; Jansen, Daan; Halbrook, Megan; Merrit, Sydney; Hensley, Lisa; Delaporte, Eric; Mwamba, Dieudonne; Liesenborghs, Laurens; Hoff, Nicole; Peeters, Martine; Low, Nicola; Rimoin, Anne; Kindrachuk, Jason; Vercauteren, Koen; Rambaut, Andrew; Ahuka-Mundeke, Steve; Muyembe-Tamfum, Jean-Jacques"
PP_004AXK8,Ia,None,Democratic Republic of the Congo,Kinshasa,2025-01-27,187424,0.8817903848201654,2025-10-21,"Wawina-Bokalanga, Tony; Amuri-Aziza, Adrienne; Mbala-Kingebeni, Placide; Kinganda-Lusamaki, Eddy; Pukuta-Simbu, Elisabeth; Hasivirwe-Vakaniaki, Emmanuel; Ola-Mpumbe, Rilia; Kwete-Mbokama, Papy; Akil-Bandali, Prince; Kacita, Cris; Ponga-Museme, Ange; Mapenzi-Kashali, Nelson; Vakaniaki, Gloria; Kenye, Kelly-Michel; Muyamuna, Elisabeth; Kavira-Bapitani, Sifa; Mukadi, Patrick; OToole, Aine; Tshiani-Mbaya, Olivier; Paku-Tshambu, Princesse; Lokilo-Lofiko, Emmanuel; Muswamba-Kayembe, Chloe; Makangara-Cigolo, Jean-Claude; Cikaya-Kankolongo, Fiston; Luakanda-Ndelemo, Gradi; Lawanga, Leader; Mabika-Bope, Elzedek; Lumembe-Numbi, Raphael; Kabamba-Lungenyi, Gabriel; Citenga, Andre; Kelvin, D. J.; Pratt, Catherine; Ayouba, Ahidjo; Tessema, Sofonias; Mukadi-Bamuleka, Daniel; Jansen, Daan; Halbrook, Megan; Merrit, Sydney; Hensley, Lisa; Delaporte, Eric; Mwamba, Dieudonne; Liesenborghs, Laurens; Hoff, Nicole; Peeters, Martine; Low, Nicola; Rimoin, Anne; Kindrachuk, Jason; Vercauteren, Koen; Rambaut, Andrew; Ahuka-Mundeke, Steve; Muyembe-Tamfum, Jean-Jacques"
PP_004AXL6,Ib,A.1,Democratic Republic of the Congo,Kinshasa,2025-01-27,187357,0.890583086978789,2025-10-21,"Wawina-Bokalanga, Tony; Amuri-Aziza, Adrienne; Mbala-Kingebeni, Placide; Kinganda-Lusamaki, Eddy; Pukuta-Simbu, Elisabeth; Hasivirwe-Vakaniaki, Emmanuel; Ola-Mpumbe, Rilia; Kwete-Mbokama, Papy; Akil-Bandali, Prince; Kacita, Cris; Ponga-Museme, Ange; Mapenzi-Kashali, Nelson; Vakaniaki, Gloria; Kenye, Kelly-Michel; Muyamuna, Elisabeth; Kavira-Bapitani, Sifa; Mukadi, Patrick; OToole, Aine; Tshiani-Mbaya, Olivier; Paku-Tshambu, Princesse; Lokilo-Lofiko, Emmanuel; Muswamba-Kayembe, Chloe; Makangara-Cigolo, Jean-Claude; Cikaya-Kankolongo, Fiston; Luakanda-Ndelemo, Gradi; Lawanga, Leader; Mabika-Bope, Elzedek; Lumembe-Numbi, Raphael; Kabamba-Lungenyi, Gabriel; Citenga, Andre; Kelvin, D. J.; Pratt, Catherine; Ayouba, Ahidjo; Tessema, Sofonias; Mukadi-Bamuleka, Daniel; Jansen, Daan; Halbrook, Megan; Merrit, Sydney; Hensley, Lisa; Delaporte, Eric; Mwamba, Dieudonne; Liesenborghs, Laurens; Hoff, Nicole; Peeters, Martine; Low, Nicola; Rimoin, Anne; Kindrachuk, Jason; Vercauteren, Koen; Rambaut, Andrew; Ahuka-Mundeke, Steve; Muyembe-Tamfum, Jean-Jacques"
PP_004AXM4,Ia,None,Democratic Republic of the Congo,Kinshasa,2025-01-27,187453,0.9235126185924576,2025-10-21,"Wawina-Bokalanga, Tony; Amuri-Aziza, Adrienne; Mbala-Kingebeni, Placide; Kinganda-Lusamaki, Eddy; Pukuta-Simbu, Elisabeth; Hasivirwe-Vakaniaki, Emmanuel; Ola-Mpumbe, Rilia; Kwete-Mbokama, Papy; Akil-Bandali, Prince; Kacita, Cris; Ponga-Museme, Ange; Mapenzi-Kashali, Nelson; Vakaniaki, Gloria; Kenye, Kelly-Michel; Muyamuna, Elisabeth; Kavira-Bapitani, Sifa; Mukadi, Patrick; OToole, Aine; Tshiani-Mbaya, Olivier; Paku-Tshambu, Princesse; Lokilo-Lofiko, Emmanuel; Muswamba-Kayembe, Chloe; Makangara-Cigolo, Jean-Claude; Cikaya-Kankolongo, Fiston; Luakanda-Ndelemo, Gradi; Lawanga, Leader; Mabika-Bope, Elzedek; Lumembe-Numbi, Raphael; Kabamba-Lungenyi, Gabriel; Citenga, Andre; Kelvin, D. J.; Pratt, Catherine; Ayouba, Ahidjo; Tessema, Sofonias; Mukadi-Bamuleka, Daniel; Jansen, Daan; Halbrook, Megan; Merrit, Sydney; Hensley, Lisa; Delaporte, Eric; Mwamba, Dieudonne; Liesenborghs, Laurens; Hoff, Nicole; Peeters, Martine; Low, Nicola; Rimoin, Anne; Kindrachuk, Jason; Vercauteren, Koen; Rambaut, Andrew; Ahuka-Mundeke, Steve; Muyembe-Tamfum, Jean-Jacques"
PP_004AXN2,Ib,A.1,Democratic Republic of the Congo,Kinshasa,2025-01-27,187307,0.9252721731766804,2025-10-21,"Wawina-Bokalanga, Tony; Amuri-Aziza, Adrienne; Mbala-Kingebeni, Placide; Kinganda-Lusamaki, Eddy; Pukuta-Simbu, Elisabeth; Hasivirwe-Vakaniaki, Emmanuel; Ola-Mpumbe, Rilia; Kwete-Mbokama, Papy; Akil-Bandali, Prince; Kacita, Cris; Ponga-Museme, Ange; Mapenzi-Kashali, Nelson; Vakaniaki, Gloria; Kenye, Kelly-Michel; Muyamuna, Elisabeth; Kavira-Bapitani, Sifa; Mukadi, Patrick; OToole, Aine; Tshiani-Mbaya, Olivier; Paku-Tshambu, Princesse; Lokilo-Lofiko, Emmanuel; Muswamba-Kayembe, Chloe; Makangara-Cigolo, Jean-Claude; Cikaya-Kankolongo, Fiston; Luakanda-Ndelemo, Gradi; Lawanga, Leader; Mabika-Bope, Elzedek; Lumembe-Numbi, Raphael; Kabamba-Lungenyi, Gabriel; Citenga, Andre; Kelvin, D. J.; Pratt, Catherine; Ayouba, Ahidjo; Tessema, Sofonias; Mukadi-Bamuleka, Daniel; Jansen, Daan; Halbrook, Megan; Merrit, Sydney; Hensley, Lisa; Delaporte, Eric; Mwamba, Dieudonne; Liesenborghs, Laurens; Hoff, Nicole; Peeters, Martine; Low, Nicola; Rimoin, Anne; Kindrachuk, Jason; Vercauteren, Koen; Rambaut, Andrew; Ahuka-Mundeke, Steve; Muyembe-Tamfum, Jean-Jacques"
PP_004AXP0,Ib,A.1,Democratic Republic of the Congo,Kinshasa,2025-01-27,187334,0.8897210573553945,2025-10-21,"Wawina-Bokalanga, Tony; Amuri-Aziza, Adrienne; Mbala-Kingebeni, Placide; Kinganda-Lusamaki, Eddy; Pukuta-Simbu, Elisabeth; Hasivirwe-Vakaniaki, Emmanuel; Ola-Mpumbe, Rilia; Kwete-Mbokama, Papy; Akil-Bandali, Prince; Kacita, Cris; Ponga-Museme, Ange; Mapenzi-Kashali, Nelson; Vakaniaki, Gloria; Kenye, Kelly-Michel; Muyamuna, Elisabeth; Kavira-Bapitani, Sifa; Mukadi, Patrick; OToole, Aine; Tshiani-Mbaya, Olivier; Paku-Tshambu, Princesse; Lokilo-Lofiko, Emmanuel; Muswamba-Kayembe, Chloe; Makangara-Cigolo, Jean-Claude; Cikaya-Kankolongo, Fiston; Luakanda-Ndelemo, Gradi; Lawanga, Leader; Mabika-Bope, Elzedek; Lumembe-Numbi, Raphael; Kabamba-Lungenyi, Gabriel; Citenga, Andre; Kelvin, D. J.; Pratt, Catherine; Ayouba, Ahidjo; Tessema, Sofonias; Mukadi-Bamuleka, Daniel; Jansen, Daan; Halbrook, Megan; Merrit, Sydney; Hensley, Lisa; Delaporte, Eric; Mwamba, Dieudonne; Liesenborghs, Laurens; Hoff, Nicole; Peeters, Martine; Low, Nicola; Rimoin, Anne; Kindrachuk, Jason; Vercauteren, Koen; Rambaut, Andrew; Ahuka-Mundeke, Steve; Muyembe-Tamfum, Jean-Jacques"
PP_004AXQY,Ib,A.1,Democratic Republic of the Congo,Kinshasa,2025-01-27,187364,0.8983007874894148,2025-10-21,"Wawina-Bokalanga, Tony; Amuri-Aziza, Adrienne; Mbala-Kingebeni, Placide; Kinganda-Lusamaki, Eddy; Pukuta-Simbu, Elisabeth; Hasivirwe-Vakaniaki, Emmanuel; Ola-Mpumbe, Rilia; Kwete-Mbokama, Papy; Akil-Bandali, Prince; Kacita, Cris; Ponga-Museme, Ange; Mapenzi-Kashali, Nelson; Vakaniaki, Gloria; Kenye, Kelly-Michel; Muyamuna, Elisabeth; Kavira-Bapitani, Sifa; Mukadi, Patrick; OToole, Aine; Tshiani-Mbaya, Olivier; Paku-Tshambu, Princesse; Lokilo-Lofiko, Emmanuel; Muswamba-Kayembe, Chloe; Makangara-Cigolo, Jean-Claude; Cikaya-Kankolongo, Fiston; Luakanda-Ndelemo, Gradi; Lawanga, Leader; Mabika-Bope, Elzedek; Lumembe-Numbi, Raphael; Kabamba-Lungenyi, Gabriel; Citenga, Andre; Kelvin, D. J.; Pratt, Catherine; Ayouba, Ahidjo; Tessema, Sofonias; Mukadi-Bamuleka, Daniel; Jansen, Daan; Halbrook, Megan; Merrit, Sydney; Hensley, Lisa; Delaporte, Eric; Mwamba, Dieudonne; Liesenborghs, Laurens; Hoff, Nicole; Peeters, Martine; Low, Nicola; Rimoin, Anne; Kindrachuk, Jason; Vercauteren, Koen; Rambaut, Andrew; Ahuka-Mundeke, Steve; Muyembe-Tamfum, Jean-Jacques"
PP_004AXRW,Ib,A.1,Democratic Republic of the Congo,Kinshasa,2025-01-27,187332,0.8714511001019223,2025-10-21,"Wawina-Bokalanga, Tony; Amuri-Aziza, Adrienne; Mbala-Kingebeni, Placide; Kinganda-Lusamaki, Eddy; Pukuta-Simbu, Elisabeth; Hasivirwe-Vakaniaki, Emmanuel; Ola-Mpumbe, Rilia; Kwete-Mbokama, Papy; Akil-Bandali, Prince; Kacita, Cris; Ponga-Museme, Ange; Mapenzi-Kashali, Nelson; Vakaniaki, Gloria; Kenye, Kelly-Michel; Muyamuna, Elisabeth; Kavira-Bapitani, Sifa; Mukadi, Patrick; OToole, Aine; Tshiani-Mbaya, Olivier; Paku-Tshambu, Princesse; Lokilo-Lofiko, Emmanuel; Muswamba-Kayembe, Chloe; Makangara-Cigolo, Jean-Claude; Cikaya-Kankolongo, Fiston; Luakanda-Ndelemo, Gradi; Lawanga, Leader; Mabika-Bope, Elzedek; Lumembe-Numbi, Raphael; Kabamba-Lungenyi, Gabriel; Citenga, Andre; Kelvin, D. J.; Pratt, Catherine; Ayouba, Ahidjo; Tessema, Sofonias; Mukadi-Bamuleka, Daniel; Jansen, Daan; Halbrook, Megan; Merrit, Sydney; Hensley, Lisa; Delaporte, Eric; Mwamba, Dieudonne; Liesenborghs, Laurens; Hoff, Nicole; Peeters, Martine; Low, Nicola; Rimoin, Anne; Kindrachuk, Jason; Vercauteren, Koen; Rambaut, Andrew; Ahuka-Mundeke, Steve; Muyembe-Tamfum, Jean-Jacques"
PP_004AXSU,Ib,A.1,Democratic Republic of the Congo,Kinshasa,2025-01-30,187299,0.8993301522749976,2025-10-21,"Wawina-Bokalanga, Tony; Amuri-Aziza, Adrienne; Mbala-Kingebeni, Placide; Kinganda-Lusamaki, Eddy; Pukuta-Simbu, Elisabeth; Hasivirwe-Vakaniaki, Emmanuel; Ola-Mpumbe, Rilia; Kwete-Mbokama, Papy; Akil-Bandali, Prince; Kacita, Cris; Ponga-Museme, Ange; Mapenzi-Kashali, Nelson; Vakaniaki, Gloria; Kenye, Kelly-Michel; Muyamuna, Elisabeth; Kavira-Bapitani, Sifa; Mukadi, Patrick; OToole, Aine; Tshiani-Mbaya, Olivier; Paku-Tshambu, Princesse; Lokilo-Lofiko, Emmanuel; Muswamba-Kayembe, Chloe; Makangara-Cigolo, Jean-Claude; Cikaya-Kankolongo, Fiston; Luakanda-Ndelemo, Gradi; Lawanga, Leader; Mabika-Bope, Elzedek; Lumembe-Numbi, Raphael; Kabamba-Lungenyi, Gabriel; Citenga, Andre; Kelvin, D. J.; Pratt, Catherine; Ayouba, Ahidjo; Tessema, Sofonias; Mukadi-Bamuleka, Daniel; Jansen, Daan; Halbrook, Megan; Merrit, Sydney; Hensley, Lisa; Delaporte, Eric; Mwamba, Dieudonne; Liesenborghs, Laurens; Hoff, Nicole; Peeters, Martine; Low, Nicola; Rimoin, Anne; Kindrachuk, Jason; Vercauteren, Koen; Rambaut, Andrew; Ahuka-Mundeke, Steve; Muyembe-Tamfum, Jean-Jacques"
PP_004AXTS,Ib,A.1,Democratic Republic of the Congo,Kinshasa,2025-01-29,187282,0.915156002008022,2025-10-21,"Wawina-Bokalanga, Tony; Amuri-Aziza, Adrienne; Mbala-Kingebeni, Placide; Kinganda-Lusamaki, Eddy; Pukuta-Simbu, Elisabeth; Hasivirwe-Vakaniaki, Emmanuel; Ola-Mpumbe, Rilia; Kwete-Mbokama, Papy; Akil-Bandali, Prince; Kacita, Cris; Ponga-Museme, Ange; Mapenzi-Kashali, Nelson; Vakaniaki, Gloria; Kenye, Kelly-Michel; Muyamuna, Elisabeth; Kavira-Bapitani, Sifa; Mukadi, Patrick; OToole, Aine; Tshiani-Mbaya, Olivier; Paku-Tshambu, Princesse; Lokilo-Lofiko, Emmanuel; Muswamba-Kayembe, Chloe; Makangara-Cigolo, Jean-Claude; Cikaya-Kankolongo, Fiston; Luakanda-Ndelemo, Gradi; Lawanga, Leader; Mabika-Bope, Elzedek; Lumembe-Numbi, Raphael; Kabamba-Lungenyi, Gabriel; Citenga, Andre; Kelvin, D. J.; Pratt, Catherine; Ayouba, Ahidjo; Tessema, Sofonias; Mukadi-Bamuleka, Daniel; Jansen, Daan; Halbrook, Megan; Merrit, Sydney; Hensley, Lisa; Delaporte, Eric; Mwamba, Dieudonne; Liesenborghs, Laurens; Hoff, Nicole; Peeters, Martine; Low, Nicola; Rimoin, Anne; Kindrachuk, Jason; Vercauteren, Koen; Rambaut, Andrew; Ahuka-Mundeke, Steve; Muyembe-Tamfum, Jean-Jacques"
PP_004AXUQ,Ia,None,Democratic Republic of the Congo,Kinshasa,2025-01-29,187488,0.9095578802184484,2025-10-21,"Wawina-Bokalanga, Tony; Amuri-Aziza, Adrienne; Mbala-Kingebeni, Placide; Kinganda-Lusamaki, Eddy; Pukuta-Simbu, Elisabeth; Hasivirwe-Vakaniaki, Emmanuel; Ola-Mpumbe, Rilia; Kwete-Mbokama, Papy; Akil-Bandali, Prince; Kacita, Cris; Ponga-Museme, Ange; Mapenzi-Kashali, Nelson; Vakaniaki, Gloria; Kenye, Kelly-Michel; Muyamuna, Elisabeth; Kavira-Bapitani, Sifa; Mukadi, Patrick; OToole, Aine; Tshiani-Mbaya, Olivier; Paku-Tshambu, Princesse; Lokilo-Lofiko, Emmanuel; Muswamba-Kayembe, Chloe; Makangara-Cigolo, Jean-Claude; Cikaya-Kankolongo, Fiston; Luakanda-Ndelemo, Gradi; Lawanga, Leader; Mabika-Bope, Elzedek; Lumembe-Numbi, Raphael; Kabamba-Lungenyi, Gabriel; Citenga, Andre; Kelvin, D. J.; Pratt, Catherine; Ayouba, Ahidjo; Tessema, Sofonias; Mukadi-Bamuleka, Daniel; Jansen, Daan; Halbrook, Megan; Merrit, Sydney; Hensley, Lisa; Delaporte, Eric; Mwamba, Dieudonne; Liesenborghs, Laurens; Hoff, Nicole; Peeters, Martine; Low, Nicola; Rimoin, Anne; Kindrachuk, Jason; Vercauteren, Koen; Rambaut, Andrew; Ahuka-Mundeke, Steve; Muyembe-Tamfum, Jean-Jacques"
PP_004AXVN,Ib,A.1,Democratic Republic of the Congo,Kinshasa,2025-01-29,187376,0.6551374430173065,2025-10-21,"Wawina-Bokalanga, Tony; Amuri-Aziza, Adrienne; Mbala-Kingebeni, Placide; Kinganda-Lusamaki, Eddy; Pukuta-Simbu, Elisabeth; Hasivirwe-Vakaniaki, Emmanuel; Ola-Mpumbe, Rilia; Kwete-Mbokama, Papy; Akil-Bandali, Prince; Kacita, Cris; Ponga-Museme, Ange; Mapenzi-Kashali, Nelson; Vakaniaki, Gloria; Kenye, Kelly-Michel; Muyamuna, Elisabeth; Kavira-Bapitani, Sifa; Mukadi, Patrick; OToole, Aine; Tshiani-Mbaya, Olivier; Paku-Tshambu, Princesse; Lokilo-Lofiko, Emmanuel; Muswamba-Kayembe, Chloe; Makangara-Cigolo, Jean-Claude; Cikaya-Kankolongo, Fiston; Luakanda-Ndelemo, Gradi; Lawanga, Leader; Mabika-Bope, Elzedek; Lumembe-Numbi, Raphael; Kabamba-Lungenyi, Gabriel; Citenga, Andre; Kelvin, D. J.; Pratt, Catherine; Ayouba, Ahidjo; Tessema, Sofonias; Mukadi-Bamuleka, Daniel; Jansen, Daan; Halbrook, Megan; Merrit, Sydney; Hensley, Lisa; Delaporte, Eric; Mwamba, Dieudonne; Liesenborghs, Laurens; Hoff, Nicole; Peeters, Martine; Low, Nicola; Rimoin, Anne; Kindrachuk, Jason; Vercauteren, Koen; Rambaut, Andrew; Ahuka-Mundeke, Steve; Muyembe-Tamfum, Jean-Jacques"
PP_004AXWL,Ib,A.1,Democratic Republic of the Congo,Kinshasa,2025-01-29,182427,0.4371301512608451,2025-10-21,"Wawina-Bokalanga, Tony; Amuri-Aziza, Adrienne; Mbala-Kingebeni, Placide; Kinganda-Lusamaki, Eddy; Pukuta-Simbu, Elisabeth; Hasivirwe-Vakaniaki, Emmanuel; Ola-Mpumbe, Rilia; Kwete-Mbokama, Papy; Akil-Bandali, Prince; Kacita, Cris; Ponga-Museme, Ange; Mapenzi-Kashali, Nelson; Vakaniaki, Gloria; Kenye, Kelly-Michel; Muyamuna, Elisabeth; Kavira-Bapitani, Sifa; Mukadi, Patrick; OToole, Aine; Tshiani-Mbaya, Olivier; Paku-Tshambu, Princesse; Lokilo-Lofiko, Emmanuel; Muswamba-Kayembe, Chloe; Makangara-Cigolo, Jean-Claude; Cikaya-Kankolongo, Fiston; Luakanda-Ndelemo, Gradi; Lawanga, Leader; Mabika-Bope, Elzedek; Lumembe-Numbi, Raphael; Kabamba-Lungenyi, Gabriel; Citenga, Andre; Kelvin, D. J.; Pratt, Catherine; Ayouba, Ahidjo; Tessema, Sofonias; Mukadi-Bamuleka, Daniel; Jansen, Daan; Halbrook, Megan; Merrit, Sydney; Hensley, Lisa; Delaporte, Eric; Mwamba, Dieudonne; Liesenborghs, Laurens; Hoff, Nicole; Peeters, Martine; Low, Nicola; Rimoin, Anne; Kindrachuk, Jason; Vercauteren, Koen; Rambaut, Andrew; Ahuka-Mundeke, Steve; Muyembe-Tamfum, Jean-Jacques"
PP_004AXXJ,Ia,None,Democratic Republic of the Congo,Kinshasa,2025-01-29,187427,0.9461028654878834,2025-10-21,"Wawina-Bokalanga, Tony; Amuri-Aziza, Adrienne; Mbala-Kingebeni, Placide; Kinganda-Lusamaki, Eddy; Pukuta-Simbu, Elisabeth; Hasivirwe-Vakaniaki, Emmanuel; Ola-Mpumbe, Rilia; Kwete-Mbokama, Papy; Akil-Bandali, Prince; Kacita, Cris; Ponga-Museme, Ange; Mapenzi-Kashali, Nelson; Vakaniaki, Gloria; Kenye, Kelly-Michel; Muyamuna, Elisabeth; Kavira-Bapitani, Sifa; Mukadi, Patrick; OToole, Aine; Tshiani-Mbaya, Olivier; Paku-Tshambu, Princesse; Lokilo-Lofiko, Emmanuel; Muswamba-Kayembe, Chloe; Makangara-Cigolo, Jean-Claude; Cikaya-Kankolongo, Fiston; Luakanda-Ndelemo, Gradi; Lawanga, Leader; Mabika-Bope, Elzedek; Lumembe-Numbi, Raphael; Kabamba-Lungenyi, Gabriel; Citenga, Andre; Kelvin, D. J.; Pratt, Catherine; Ayouba, Ahidjo; Tessema, Sofonias; Mukadi-Bamuleka, Daniel; Jansen, Daan; Halbrook, Megan; Merrit, Sydney; Hensley, Lisa; Delaporte, Eric; Mwamba, Dieudonne; Liesenborghs, Laurens; Hoff, Nicole; Peeters, Martine; Low, Nicola; Rimoin, Anne; Kindrachuk, Jason; Vercauteren, Koen; Rambaut, Andrew; Ahuka-Mundeke, Steve; Muyembe-Tamfum, Jean-Jacques"
PP_004AXYG,Ib,A.1,Democratic Republic of the Congo,Lomami,2025-01-09,187408,0.931945296614252,2025-10-21,"Lumembe-Numbi, Raphael; Ahuka-Mundeke, Steve; Mbala-Kingebeni, Placide; Wawina-Bokalanga, Tony; Kinganda-Lusamaki, Eddy; Pukuta-Simbu, Elisabeth; Hasivirwe-Vakaniaki, Emmanuel; Ola-Mpumbe, Rilia; Kwete-Mbokama, Papy; Akil-Bandali, Prince; Kacita, Cris; Ponga-Museme, Ange; Mapenzi-Kashali, Nelson; Vakaniaki, Gloria; Amuri-Aziza, Adrienne; Kenye, Kelly-Michel; Muyamuna, Elisabeth; Kavira-Bapitani, Sifa; Mukadi, Patrick; OToole, Aine; Tshiani-Mbaya, Olivier; Paku-Tshambu, Princesse; Lokilo-Lofiko, Emmanuel; Muswamba-Kayembe, Chloe; Makangara-Cigolo, Jean-Claude; Cikaya-Kankolongo, Fiston; Luakanda-Ndelemo, Gradi; Lawanga, Leader; Mabika-Bope, Elzedek; Kabamba-Lungenyi, Gabriel; Citenga, Andre; Kelvin, D. J.; Pratt, Catherine; Ayouba, Ahidjo; Tessema, Sofonias; Mukadi-Bamuleka, Daniel; Jansen, Daan; Halbrook, Megan; Merrit, Sydney; Hensley, Lisa; Delaporte, Eric; Mwamba, Dieudonne; Liesenborghs, Laurens; Hoff, Nicole; Peeters, Martine; Low, Nicola; Rimoin, Anne; Kindrachuk, Jason; Vercauteren, Koen; Rambaut, Andrew; Muyembe-Tamfum, Jean-Jacques"
PP_004AXZE,Ib,A.1,Democratic Republic of the Congo,Kinshasa,2025-01-30,187416,0.9329746613998346,2025-10-21,"Wawina-Bokalanga, Tony; Amuri-Aziza, Adrienne; Mbala-Kingebeni, Placide; Kinganda-Lusamaki, Eddy; Pukuta-Simbu, Elisabeth; Hasivirwe-Vakaniaki, Emmanuel; Ola-Mpumbe, Rilia; Kwete-Mbokama, Papy; Akil-Bandali, Prince; Kacita, Cris; Ponga-Museme, Ange; Mapenzi-Kashali, Nelson; Vakaniaki, Gloria; Kenye, Kelly-Michel; Muyamuna, Elisabeth; Kavira-Bapitani, Sifa; Mukadi, Patrick; OToole, Aine; Tshiani-Mbaya, Olivier; Paku-Tshambu, Princesse; Lokilo-Lofiko, Emmanuel; Muswamba-Kayembe, Chloe; Makangara-Cigolo, Jean-Claude; Cikaya-Kankolongo, Fiston; Luakanda-Ndelemo, Gradi; Lawanga, Leader; Mabika-Bope, Elzedek; Lumembe-Numbi, Raphael; Kabamba-Lungenyi, Gabriel; Citenga, Andre; Kelvin, D. J.; Pratt, Catherine; Ayouba, Ahidjo; Tessema, Sofonias; Mukadi-Bamuleka, Daniel; Jansen, Daan; Halbrook, Megan; Merrit, Sydney; Hensley, Lisa; Delaporte, Eric; Mwamba, Dieudonne; Liesenborghs, Laurens; Hoff, Nicole; Peeters, Martine; Low, Nicola; Rimoin, Anne; Kindrachuk, Jason; Vercauteren, Koen; Rambaut, Andrew; Ahuka-Mundeke, Steve; Muyembe-Tamfum, Jean-Jacques"
PP_004AY0C,Ia,None,Democratic Republic of the Congo,Kinshasa,2025-01-29,187416,0.9333093317242114,2025-10-21,"Wawina-Bokalanga, Tony; Amuri-Aziza, Adrienne; Mbala-Kingebeni, Placide; Kinganda-Lusamaki, Eddy; Pukuta-Simbu, Elisabeth; Hasivirwe-Vakaniaki, Emmanuel; Ola-Mpumbe, Rilia; Kwete-Mbokama, Papy; Akil-Bandali, Prince; Kacita, Cris; Ponga-Museme, Ange; Mapenzi-Kashali, Nelson; Vakaniaki, Gloria; Kenye, Kelly-Michel; Muyamuna, Elisabeth; Kavira-Bapitani, Sifa; Mukadi, Patrick; OToole, Aine; Tshiani-Mbaya, Olivier; Paku-Tshambu, Princesse; Lokilo-Lofiko, Emmanuel; Muswamba-Kayembe, Chloe; Makangara-Cigolo, Jean-Claude; Cikaya-Kankolongo, Fiston; Luakanda-Ndelemo, Gradi; Lawanga, Leader; Mabika-Bope, Elzedek; Lumembe-Numbi, Raphael; Kabamba-Lungenyi, Gabriel; Citenga, Andre; Kelvin, D. J.; Pratt, Catherine; Ayouba, Ahidjo; Tessema, Sofonias; Mukadi-Bamuleka, Daniel; Jansen, Daan; Halbrook, Megan; Merrit, Sydney; Hensley, Lisa; Delaporte, Eric; Mwamba, Dieudonne; Liesenborghs, Laurens; Hoff, Nicole; Peeters, Martine; Low, Nicola; Rimoin, Anne; Kindrachuk, Jason; Vercauteren, Koen; Rambaut, Andrew; Ahuka-Mundeke, Steve; Muyembe-Tamfum, Jean-Jacques"
PP_004AY1A,Ia,None,Democratic Republic of the Congo,Kinshasa,2025-01-29,187423,0.9216212241834804,2025-10-21,"Wawina-Bokalanga, Tony; Amuri-Aziza, Adrienne; Mbala-Kingebeni, Placide; Kinganda-Lusamaki, Eddy; Pukuta-Simbu, Elisabeth; Hasivirwe-Vakaniaki, Emmanuel; Ola-Mpumbe, Rilia; Kwete-Mbokama, Papy; Akil-Bandali, Prince; Kacita, Cris; Ponga-Museme, Ange; Mapenzi-Kashali, Nelson; Vakaniaki, Gloria; Kenye, Kelly-Michel; Muyamuna, Elisabeth; Kavira-Bapitani, Sifa; Mukadi, Patrick; OToole, Aine; Tshiani-Mbaya, Olivier; Paku-Tshambu, Princesse; Lokilo-Lofiko, Emmanuel; Muswamba-Kayembe, Chloe; Makangara-Cigolo, Jean-Claude; Cikaya-Kankolongo, Fiston; Luakanda-Ndelemo, Gradi; Lawanga, Leader; Mabika-Bope, Elzedek; Lumembe-Numbi, Raphael; Kabamba-Lungenyi, Gabriel; Citenga, Andre; Kelvin, D. J.; Pratt, Catherine; Ayouba, Ahidjo; Tessema, Sofonias; Mukadi-Bamuleka, Daniel; Jansen, Daan; Halbrook, Megan; Merrit, Sydney; Hensley, Lisa; Delaporte, Eric; Mwamba, Dieudonne; Liesenborghs, Laurens; Hoff, Nicole; Peeters, Martine; Low, Nicola; Rimoin, Anne; Kindrachuk, Jason; Vercauteren, Koen; Rambaut, Andrew; Ahuka-Mundeke, Steve; Muyembe-Tamfum, Jean-Jacques"
PP_004AY28,Ia,None,Democratic Republic of the Congo,Kinshasa,2025-01-29,187415,0.9390139395260866,2025-10-21,"Wawina-Bokalanga, Tony; Amuri-Aziza, Adrienne; Mbala-Kingebeni, Placide; Kinganda-Lusamaki, Eddy; Pukuta-Simbu, Elisabeth; Hasivirwe-Vakaniaki, Emmanuel; Ola-Mpumbe, Rilia; Kwete-Mbokama, Papy; Akil-Bandali, Prince; Kacita, Cris; Ponga-Museme, Ange; Mapenzi-Kashali, Nelson; Vakaniaki, Gloria; Kenye, Kelly-Michel; Muyamuna, Elisabeth; Kavira-Bapitani, Sifa; Mukadi, Patrick; OToole, Aine; Tshiani-Mbaya, Olivier; Paku-Tshambu, Princesse; Lokilo-Lofiko, Emmanuel; Muswamba-Kayembe, Chloe; Makangara-Cigolo, Jean-Claude; Cikaya-Kankolongo, Fiston; Luakanda-Ndelemo, Gradi; Lawanga, Leader; Mabika-Bope, Elzedek; Lumembe-Numbi, Raphael; Kabamba-Lungenyi, Gabriel; Citenga, Andre; Kelvin, D. J.; Pratt, Catherine; Ayouba, Ahidjo; Tessema, Sofonias; Mukadi-Bamuleka, Daniel; Jansen, Daan; Halbrook, Megan; Merrit, Sydney; Hensley, Lisa; Delaporte, Eric; Mwamba, Dieudonne; Liesenborghs, Laurens; Hoff, Nicole; Peeters, Martine; Low, Nicola; Rimoin, Anne; Kindrachuk, Jason; Vercauteren, Koen; Rambaut, Andrew; Ahuka-Mundeke, Steve; Muyembe-Tamfum, Jean-Jacques"
PP_004AY36,Ia,None,Democratic Republic of the Congo,Kinshasa,2025-01-29,187416,0.9422186614201178,2025-10-21,"Wawina-Bokalanga, Tony; Amuri-Aziza, Adrienne; Mbala-Kingebeni, Placide; Kinganda-Lusamaki, Eddy; Pukuta-Simbu, Elisabeth; Hasivirwe-Vakaniaki, Emmanuel; Ola-Mpumbe, Rilia; Kwete-Mbokama, Papy; Akil-Bandali, Prince; Kacita, Cris; Ponga-Museme, Ange; Mapenzi-Kashali, Nelson; Vakaniaki, Gloria; Kenye, Kelly-Michel; Muyamuna, Elisabeth; Kavira-Bapitani, Sifa; Mukadi, Patrick; OToole, Aine; Tshiani-Mbaya, Olivier; Paku-Tshambu, Princesse; Lokilo-Lofiko, Emmanuel; Muswamba-Kayembe, Chloe; Makangara-Cigolo, Jean-Claude; Cikaya-Kankolongo, Fiston; Luakanda-Ndelemo, Gradi; Lawanga, Leader; Mabika-Bope, Elzedek; Lumembe-Numbi, Raphael; Kabamba-Lungenyi, Gabriel; Citenga, Andre; Kelvin, D. J.; Pratt, Catherine; Ayouba, Ahidjo; Tessema, Sofonias; Mukadi-Bamuleka, Daniel; Jansen, Daan; Halbrook, Megan; Merrit, Sydney; Hensley, Lisa; Delaporte, Eric; Mwamba, Dieudonne; Liesenborghs, Laurens; Hoff, Nicole; Peeters, Martine; Low, Nicola; Rimoin, Anne; Kindrachuk, Jason; Vercauteren, Koen; Rambaut, Andrew; Ahuka-Mundeke, Steve; Muyembe-Tamfum, Jean-Jacques"
PP_004AY44,Ib,A.1,Democratic Republic of the Congo,Kinshasa,2025-01-30,187401,0.9279698188216562,2025-10-21,"Wawina-Bokalanga, Tony; Amuri-Aziza, Adrienne; Mbala-Kingebeni, Placide; Kinganda-Lusamaki, Eddy; Pukuta-Simbu, Elisabeth; Hasivirwe-Vakaniaki, Emmanuel; Ola-Mpumbe, Rilia; Kwete-Mbokama, Papy; Akil-Bandali, Prince; Kacita, Cris; Ponga-Museme, Ange; Mapenzi-Kashali, Nelson; Vakaniaki, Gloria; Kenye, Kelly-Michel; Muyamuna, Elisabeth; Kavira-Bapitani, Sifa; Mukadi, Patrick; OToole, Aine; Tshiani-Mbaya, Olivier; Paku-Tshambu, Princesse; Lokilo-Lofiko, Emmanuel; Muswamba-Kayembe, Chloe; Makangara-Cigolo, Jean-Claude; Cikaya-Kankolongo, Fiston; Luakanda-Ndelemo, Gradi; Lawanga, Leader; Mabika-Bope, Elzedek; Lumembe-Numbi, Raphael; Kabamba-Lungenyi, Gabriel; Citenga, Andre; Kelvin, D. J.; Pratt, Catherine; Ayouba, Ahidjo; Tessema, Sofonias; Mukadi-Bamuleka, Daniel; Jansen, Daan; Halbrook, Megan; Merrit, Sydney; Hensley, Lisa; Delaporte, Eric; Mwamba, Dieudonne; Liesenborghs, Laurens; Hoff, Nicole; Peeters, Martine; Low, Nicola; Rimoin, Anne; Kindrachuk, Jason; Vercauteren, Koen; Rambaut, Andrew; Ahuka-Mundeke, Steve; Muyembe-Tamfum, Jean-Jacques"
PP_004AY52,Ib,A.1,Democratic Republic of the Congo,Kinshasa,2025-01-28,187409,0.9347342159840576,2025-10-21,"Wawina-Bokalanga, Tony; Amuri-Aziza, Adrienne; Mbala-Kingebeni, Placide; Kinganda-Lusamaki, Eddy; Pukuta-Simbu, Elisabeth; Hasivirwe-Vakaniaki, Emmanuel; Ola-Mpumbe, Rilia; Kwete-Mbokama, Papy; Akil-Bandali, Prince; Kacita, Cris; Ponga-Museme, Ange; Mapenzi-Kashali, Nelson; Vakaniaki, Gloria; Kenye, Kelly-Michel; Muyamuna, Elisabeth; Kavira-Bapitani, Sifa; Mukadi, Patrick; OToole, Aine; Tshiani-Mbaya, Olivier; Paku-Tshambu, Princesse; Lokilo-Lofiko, Emmanuel; Muswamba-Kayembe, Chloe; Makangara-Cigolo, Jean-Claude; Cikaya-Kankolongo, Fiston; Luakanda-Ndelemo, Gradi; Lawanga, Leader; Mabika-Bope, Elzedek; Lumembe-Numbi, Raphael; Kabamba-Lungenyi, Gabriel; Citenga, Andre; Kelvin, D. J.; Pratt, Catherine; Ayouba, Ahidjo; Tessema, Sofonias; Mukadi-Bamuleka, Daniel; Jansen, Daan; Halbrook, Megan; Merrit, Sydney; Hensley, Lisa; Delaporte, Eric; Mwamba, Dieudonne; Liesenborghs, Laurens; Hoff, Nicole; Peeters, Martine; Low, Nicola; Rimoin, Anne; Kindrachuk, Jason; Vercauteren, Koen; Rambaut, Andrew; Ahuka-Mundeke, Steve; Muyembe-Tamfum, Jean-Jacques"
PP_004AY60,Ib,A.1,Democratic Republic of the Congo,Kongo-Central,2025-01-30,187403,0.933268765624287,2025-10-21,"Mbala-Kingebeni, Placide; Wawina-Bokalanga, Tony; Kinganda-Lusamaki, Eddy; Pukuta-Simbu, Elisabeth; Hasivirwe-Vakaniaki, Emmanuel; Ola-Mpumbe, Rilia; Kwete-Mbokama, Papy; Akil-Bandali, Prince; Kacita, Cris; Ponga-Museme, Ange; Mapenzi-Kashali, Nelson; Vakaniaki, Gloria; Amuri-Aziza, Adrienne; Kenye, Kelly-Michel; Muyamuna, Elisabeth; Kavira-Bapitani, Sifa; Mukadi, Patrick; OToole, Aine; Tshiani-Mbaya, Olivier; Paku-Tshambu, Princesse; Lokilo-Lofiko, Emmanuel; Muswamba-Kayembe, Chloe; Makangara-Cigolo, Jean-Claude; Cikaya-Kankolongo, Fiston; Luakanda-Ndelemo, Gradi; Lawanga, Leader; Mabika-Bope, Elzedek; Lumembe-Numbi, Raphael; Kabamba-Lungenyi, Gabriel; Citenga, Andre; Kelvin, D. J.; Pratt, Catherine; Ayouba, Ahidjo; Tessema, Sofonias; Mukadi-Bamuleka, Daniel; Jansen, Daan; Halbrook, Megan; Merrit, Sydney; Hensley, Lisa; Delaporte, Eric; Mwamba, Dieudonne; Liesenborghs, Laurens; Hoff, Nicole; Peeters, Martine; Low, Nicola; Rimoin, Anne; Kindrachuk, Jason; Vercauteren, Koen; Rambaut, Andrew; Ahuka-Mundeke, Steve; Muyembe-Tamfum, Jean-Jacques"
PP_004AY7Y,Ib,A.1,Democratic Republic of the Congo,Kinshasa,2025-01-30,187409,0.928623947182938,2025-10-21,"Wawina-Bokalanga, Tony; Amuri-Aziza, Adrienne; Mbala-Kingebeni, Placide; Kinganda-Lusamaki, Eddy; Pukuta-Simbu, Elisabeth; Hasivirwe-Vakaniaki, Emmanuel; Ola-Mpumbe, Rilia; Kwete-Mbokama, Papy; Akil-Bandali, Prince; Kacita, Cris; Ponga-Museme, Ange; Mapenzi-Kashali, Nelson; Vakaniaki, Gloria; Kenye, Kelly-Michel; Muyamuna, Elisabeth; Kavira-Bapitani, Sifa; Mukadi, Patrick; OToole, Aine; Tshiani-Mbaya, Olivier; Paku-Tshambu, Princesse; Lokilo-Lofiko, Emmanuel; Muswamba-Kayembe, Chloe; Makangara-Cigolo, Jean-Claude; Cikaya-Kankolongo, Fiston; Luakanda-Ndelemo, Gradi; Lawanga, Leader; Mabika-Bope, Elzedek; Lumembe-Numbi, Raphael; Kabamba-Lungenyi, Gabriel; Citenga, Andre; Kelvin, D. J.; Pratt, Catherine; Ayouba, Ahidjo; Tessema, Sofonias; Mukadi-Bamuleka, Daniel; Jansen, Daan; Halbrook, Megan; Merrit, Sydney; Hensley, Lisa; Delaporte, Eric; Mwamba, Dieudonne; Liesenborghs, Laurens; Hoff, Nicole; Peeters, Martine; Low, Nicola; Rimoin, Anne; Kindrachuk, Jason; Vercauteren, Koen; Rambaut, Andrew; Ahuka-Mundeke, Steve; Muyembe-Tamfum, Jean-Jacques"
PP_004AY8W,Ib,A.1,Democratic Republic of the Congo,Kinshasa,2025-01-31,187400,0.9282842060960708,2025-10-21,"Wawina-Bokalanga, Tony; Amuri-Aziza, Adrienne; Mbala-Kingebeni, Placide; Kinganda-Lusamaki, Eddy; Pukuta-Simbu, Elisabeth; Hasivirwe-Vakaniaki, Emmanuel; Ola-Mpumbe, Rilia; Kwete-Mbokama, Papy; Akil-Bandali, Prince; Kacita, Cris; Ponga-Museme, Ange; Mapenzi-Kashali, Nelson; Vakaniaki, Gloria; Kenye, Kelly-Michel; Muyamuna, Elisabeth; Kavira-Bapitani, Sifa; Mukadi, Patrick; OToole, Aine; Tshiani-Mbaya, Olivier; Paku-Tshambu, Princesse; Lokilo-Lofiko, Emmanuel; Muswamba-Kayembe, Chloe; Makangara-Cigolo, Jean-Claude; Cikaya-Kankolongo, Fiston; Luakanda-Ndelemo, Gradi; Lawanga, Leader; Mabika-Bope, Elzedek; Lumembe-Numbi, Raphael; Kabamba-Lungenyi, Gabriel; Citenga, Andre; Kelvin, D. J.; Pratt, Catherine; Ayouba, Ahidjo; Tessema, Sofonias; Mukadi-Bamuleka, Daniel; Jansen, Daan; Halbrook, Megan; Merrit, Sydney; Hensley, Lisa; Delaporte, Eric; Mwamba, Dieudonne; Liesenborghs, Laurens; Hoff, Nicole; Peeters, Martine; Low, Nicola; Rimoin, Anne; Kindrachuk, Jason; Vercauteren, Koen; Rambaut, Andrew; Ahuka-Mundeke, Steve; Muyembe-Tamfum, Jean-Jacques"
PP_004AY9U,Ib,A.1,Democratic Republic of the Congo,Kinshasa,2025-01-30,187394,0.9299778407679162,2025-10-21,"Wawina-Bokalanga, Tony; Amuri-Aziza, Adrienne; Mbala-Kingebeni, Placide; Kinganda-Lusamaki, Eddy; Pukuta-Simbu, Elisabeth; Hasivirwe-Vakaniaki, Emmanuel; Ola-Mpumbe, Rilia; Kwete-Mbokama, Papy; Akil-Bandali, Prince; Kacita, Cris; Ponga-Museme, Ange; Mapenzi-Kashali, Nelson; Vakaniaki, Gloria; Kenye, Kelly-Michel; Muyamuna, Elisabeth; Kavira-Bapitani, Sifa; Mukadi, Patrick; OToole, Aine; Tshiani-Mbaya, Olivier; Paku-Tshambu, Princesse; Lokilo-Lofiko, Emmanuel; Muswamba-Kayembe, Chloe; Makangara-Cigolo, Jean-Claude; Cikaya-Kankolongo, Fiston; Luakanda-Ndelemo, Gradi; Lawanga, Leader; Mabika-Bope, Elzedek; Lumembe-Numbi, Raphael; Kabamba-Lungenyi, Gabriel; Citenga, Andre; Kelvin, D. J.; Pratt, Catherine; Ayouba, Ahidjo; Tessema, Sofonias; Mukadi-Bamuleka, Daniel; Jansen, Daan; Halbrook, Megan; Merrit, Sydney; Hensley, Lisa; Delaporte, Eric; Mwamba, Dieudonne; Liesenborghs, Laurens; Hoff, Nicole; Peeters, Martine; Low, Nicola; Rimoin, Anne; Kindrachuk, Jason; Vercauteren, Koen; Rambaut, Andrew; Ahuka-Mundeke, Steve; Muyembe-Tamfum, Jean-Jacques"
PP_004AYAS,Ib,A.1,Democratic Republic of the Congo,Kinshasa,2025-01-27,187399,0.935266646045566,2025-10-21,"Wawina-Bokalanga, Tony; Amuri-Aziza, Adrienne; Mbala-Kingebeni, Placide; Kinganda-Lusamaki, Eddy; Pukuta-Simbu, Elisabeth; Hasivirwe-Vakaniaki, Emmanuel; Ola-Mpumbe, Rilia; Kwete-Mbokama, Papy; Akil-Bandali, Prince; Kacita, Cris; Ponga-Museme, Ange; Mapenzi-Kashali, Nelson; Vakaniaki, Gloria; Kenye, Kelly-Michel; Muyamuna, Elisabeth; Kavira-Bapitani, Sifa; Mukadi, Patrick; OToole, Aine; Tshiani-Mbaya, Olivier; Paku-Tshambu, Princesse; Lokilo-Lofiko, Emmanuel; Muswamba-Kayembe, Chloe; Makangara-Cigolo, Jean-Claude; Cikaya-Kankolongo, Fiston; Luakanda-Ndelemo, Gradi; Lawanga, Leader; Mabika-Bope, Elzedek; Lumembe-Numbi, Raphael; Kabamba-Lungenyi, Gabriel; Citenga, Andre; Kelvin, D. J.; Pratt, Catherine; Ayouba, Ahidjo; Tessema, Sofonias; Mukadi-Bamuleka, Daniel; Jansen, Daan; Halbrook, Megan; Merrit, Sydney; Hensley, Lisa; Delaporte, Eric; Mwamba, Dieudonne; Liesenborghs, Laurens; Hoff, Nicole; Peeters, Martine; Low, Nicola; Rimoin, Anne; Kindrachuk, Jason; Vercauteren, Koen; Rambaut, Andrew; Ahuka-Mundeke, Steve; Muyembe-Tamfum, Jean-Jacques"
PP_004AYBQ,Ia,None,Democratic Republic of the Congo,Kinshasa,2025-01-30,187424,0.9338569740731912,2025-10-21,"Wawina-Bokalanga, Tony; Amuri-Aziza, Adrienne; Mbala-Kingebeni, Placide; Kinganda-Lusamaki, Eddy; Pukuta-Simbu, Elisabeth; Hasivirwe-Vakaniaki, Emmanuel; Ola-Mpumbe, Rilia; Kwete-Mbokama, Papy; Akil-Bandali, Prince; Kacita, Cris; Ponga-Museme, Ange; Mapenzi-Kashali, Nelson; Vakaniaki, Gloria; Kenye, Kelly-Michel; Muyamuna, Elisabeth; Kavira-Bapitani, Sifa; Mukadi, Patrick; OToole, Aine; Tshiani-Mbaya, Olivier; Paku-Tshambu, Princesse; Lokilo-Lofiko, Emmanuel; Muswamba-Kayembe, Chloe; Makangara-Cigolo, Jean-Claude; Cikaya-Kankolongo, Fiston; Luakanda-Ndelemo, Gradi; Lawanga, Leader; Mabika-Bope, Elzedek; Lumembe-Numbi, Raphael; Kabamba-Lungenyi, Gabriel; Citenga, Andre; Kelvin, D. J.; Pratt, Catherine; Ayouba, Ahidjo; Tessema, Sofonias; Mukadi-Bamuleka, Daniel; Jansen, Daan; Halbrook, Megan; Merrit, Sydney; Hensley, Lisa; Delaporte, Eric; Mwamba, Dieudonne; Liesenborghs, Laurens; Hoff, Nicole; Peeters, Martine; Low, Nicola; Rimoin, Anne; Kindrachuk, Jason; Vercauteren, Koen; Rambaut, Andrew; Ahuka-Mundeke, Steve; Muyembe-Tamfum, Jean-Jacques"
PP_004AYCN,Ia,None,Democratic Republic of the Congo,Kinshasa,2025-01-20,187446,0.8667859986106111,2025-10-21,"Wawina-Bokalanga, Tony; Amuri-Aziza, Adrienne; Mbala-Kingebeni, Placide; Kinganda-Lusamaki, Eddy; Pukuta-Simbu, Elisabeth; Hasivirwe-Vakaniaki, Emmanuel; Ola-Mpumbe, Rilia; Kwete-Mbokama, Papy; Akil-Bandali, Prince; Kacita, Cris; Ponga-Museme, Ange; Mapenzi-Kashali, Nelson; Vakaniaki, Gloria; Kenye, Kelly-Michel; Muyamuna, Elisabeth; Kavira-Bapitani, Sifa; Mukadi, Patrick; OToole, Aine; Tshiani-Mbaya, Olivier; Paku-Tshambu, Princesse; Lokilo-Lofiko, Emmanuel; Muswamba-Kayembe, Chloe; Makangara-Cigolo, Jean-Claude; Cikaya-Kankolongo, Fiston; Luakanda-Ndelemo, Gradi; Lawanga, Leader; Mabika-Bope, Elzedek; Lumembe-Numbi, Raphael; Kabamba-Lungenyi, Gabriel; Citenga, Andre; Kelvin, D. J.; Pratt, Catherine; Ayouba, Ahidjo; Tessema, Sofonias; Mukadi-Bamuleka, Daniel; Jansen, Daan; Halbrook, Megan; Merrit, Sydney; Hensley, Lisa; Delaporte, Eric; Mwamba, Dieudonne; Liesenborghs, Laurens; Hoff, Nicole; Peeters, Martine; Low, Nicola; Rimoin, Anne; Kindrachuk, Jason; Vercauteren, Koen; Rambaut, Andrew; Ahuka-Mundeke, Steve; Muyembe-Tamfum, Jean-Jacques"
PP_004AYDL,Ib,A.1,Democratic Republic of the Congo,Kinshasa,2025-01-30,187423,0.8433540051417532,2025-10-21,"Wawina-Bokalanga, Tony; Amuri-Aziza, Adrienne; Mbala-Kingebeni, Placide; Kinganda-Lusamaki, Eddy; Pukuta-Simbu, Elisabeth; Hasivirwe-Vakaniaki, Emmanuel; Ola-Mpumbe, Rilia; Kwete-Mbokama, Papy; Akil-Bandali, Prince; Kacita, Cris; Ponga-Museme, Ange; Mapenzi-Kashali, Nelson; Vakaniaki, Gloria; Kenye, Kelly-Michel; Muyamuna, Elisabeth; Kavira-Bapitani, Sifa; Mukadi, Patrick; OToole, Aine; Tshiani-Mbaya, Olivier; Paku-Tshambu, Princesse; Lokilo-Lofiko, Emmanuel; Muswamba-Kayembe, Chloe; Makangara-Cigolo, Jean-Claude; Cikaya-Kankolongo, Fiston; Luakanda-Ndelemo, Gradi; Lawanga, Leader; Mabika-Bope, Elzedek; Lumembe-Numbi, Raphael; Kabamba-Lungenyi, Gabriel; Citenga, Andre; Kelvin, D. J.; Pratt, Catherine; Ayouba, Ahidjo; Tessema, Sofonias; Mukadi-Bamuleka, Daniel; Jansen, Daan; Halbrook, Megan; Merrit, Sydney; Hensley, Lisa; Delaporte, Eric; Mwamba, Dieudonne; Liesenborghs, Laurens; Hoff, Nicole; Peeters, Martine; Low, Nicola; Rimoin, Anne; Kindrachuk, Jason; Vercauteren, Koen; Rambaut, Andrew; Ahuka-Mundeke, Steve; Muyembe-Tamfum, Jean-Jacques"
PP_004AYEJ,Ia,None,Democratic Republic of the Congo,Mai-Ndombe,2025-01-16,187464,0.48266559842603535,2025-10-21,"Kenye, Kelly-Michel; Mbala-Kingebeni, Placide; Wawina-Bokalanga, Tony; Kinganda-Lusamaki, Eddy; Pukuta-Simbu, Elisabeth; Hasivirwe-Vakaniaki, Emmanuel; Ola-Mpumbe, Rilia; Kwete-Mbokama, Papy; Akil-Bandali, Prince; Kacita, Cris; Ponga-Museme, Ange; Mapenzi-Kashali, Nelson; Vakaniaki, Gloria; Amuri-Aziza, Adrienne; Muyamuna, Elisabeth; Kavira-Bapitani, Sifa; Mukadi, Patrick; OToole, Aine; Tshiani-Mbaya, Olivier; Paku-Tshambu, Princesse; Lokilo-Lofiko, Emmanuel; Muswamba-Kayembe, Chloe; Makangara-Cigolo, Jean-Claude; Cikaya-Kankolongo, Fiston; Luakanda-Ndelemo, Gradi; Lawanga, Leader; Mabika-Bope, Elzedek; Lumembe-Numbi, Raphael; Kabamba-Lungenyi, Gabriel; Citenga, Andre; Kelvin, D. J.; Pratt, Catherine; Ayouba, Ahidjo; Tessema, Sofonias; Mukadi-Bamuleka, Daniel; Jansen, Daan; Halbrook, Megan; Merrit, Sydney; Hensley, Lisa; Delaporte, Eric; Mwamba, Dieudonne; Liesenborghs, Laurens; Hoff, Nicole; Peeters, Martine; Low, Nicola; Rimoin, Anne; Kindrachuk, Jason; Vercauteren, Koen; Rambaut, Andrew; Ahuka-Mundeke, Steve; Muyembe-Tamfum, Jean-Jacques"
PP_004AYFG,Ib,A.1,Democratic Republic of the Congo,Kinshasa,2025-01-29,187434,0.916525107880472,2025-10-21,"Wawina-Bokalanga, Tony; Amuri-Aziza, Adrienne; Mbala-Kingebeni, Placide; Kinganda-Lusamaki, Eddy; Pukuta-Simbu, Elisabeth; Hasivirwe-Vakaniaki, Emmanuel; Ola-Mpumbe, Rilia; Kwete-Mbokama, Papy; Akil-Bandali, Prince; Kacita, Cris; Ponga-Museme, Ange; Mapenzi-Kashali, Nelson; Vakaniaki, Gloria; Kenye, Kelly-Michel; Muyamuna, Elisabeth; Kavira-Bapitani, Sifa; Mukadi, Patrick; OToole, Aine; Tshiani-Mbaya, Olivier; Paku-Tshambu, Princesse; Lokilo-Lofiko, Emmanuel; Muswamba-Kayembe, Chloe; Makangara-Cigolo, Jean-Claude; Cikaya-Kankolongo, Fiston; Luakanda-Ndelemo, Gradi; Lawanga, Leader; Mabika-Bope, Elzedek; Lumembe-Numbi, Raphael; Kabamba-Lungenyi, Gabriel; Citenga, Andre; Kelvin, D. J.; Pratt, Catherine; Ayouba, Ahidjo; Tessema, Sofonias; Mukadi-Bamuleka, Daniel; Jansen, Daan; Halbrook, Megan; Merrit, Sydney; Hensley, Lisa; Delaporte, Eric; Mwamba, Dieudonne; Liesenborghs, Laurens; Hoff, Nicole; Peeters, Martine; Low, Nicola; Rimoin, Anne; Kindrachuk, Jason; Vercauteren, Koen; Rambaut, Andrew; Ahuka-Mundeke, Steve; Muyembe-Tamfum, Jean-Jacques"
PP_004AYGE,Ib,A.1,Democratic Republic of the Congo,Kinshasa,2025-01-31,187428,0.8921296695384084,2025-10-21,"Wawina-Bokalanga, Tony; Amuri-Aziza, Adrienne; Mbala-Kingebeni, Placide; Kinganda-Lusamaki, Eddy; Pukuta-Simbu, Elisabeth; Hasivirwe-Vakaniaki, Emmanuel; Ola-Mpumbe, Rilia; Kwete-Mbokama, Papy; Akil-Bandali, Prince; Kacita, Cris; Ponga-Museme, Ange; Mapenzi-Kashali, Nelson; Vakaniaki, Gloria; Kenye, Kelly-Michel; Muyamuna, Elisabeth; Kavira-Bapitani, Sifa; Mukadi, Patrick; OToole, Aine; Tshiani-Mbaya, Olivier; Paku-Tshambu, Princesse; Lokilo-Lofiko, Emmanuel; Muswamba-Kayembe, Chloe; Makangara-Cigolo, Jean-Claude; Cikaya-Kankolongo, Fiston; Luakanda-Ndelemo, Gradi; Lawanga, Leader; Mabika-Bope, Elzedek; Lumembe-Numbi, Raphael; Kabamba-Lungenyi, Gabriel; Citenga, Andre; Kelvin, D. J.; Pratt, Catherine; Ayouba, Ahidjo; Tessema, Sofonias; Mukadi-Bamuleka, Daniel; Jansen, Daan; Halbrook, Megan; Merrit, Sydney; Hensley, Lisa; Delaporte, Eric; Mwamba, Dieudonne; Liesenborghs, Laurens; Hoff, Nicole; Peeters, Martine; Low, Nicola; Rimoin, Anne; Kindrachuk, Jason; Vercauteren, Koen; Rambaut, Andrew; Ahuka-Mundeke, Steve; Muyembe-Tamfum, Jean-Jacques"
PP_004AYHB,Ia,None,Democratic Republic of the Congo,Kinshasa,2025-01-31,187429,0.9198667403617482,2025-10-21,"Wawina-Bokalanga, Tony; Amuri-Aziza, Adrienne; Mbala-Kingebeni, Placide; Kinganda-Lusamaki, Eddy; Pukuta-Simbu, Elisabeth; Hasivirwe-Vakaniaki, Emmanuel; Ola-Mpumbe, Rilia; Kwete-Mbokama, Papy; Akil-Bandali, Prince; Kacita, Cris; Ponga-Museme, Ange; Mapenzi-Kashali, Nelson; Vakaniaki, Gloria; Kenye, Kelly-Michel; Muyamuna, Elisabeth; Kavira-Bapitani, Sifa; Mukadi, Patrick; OToole, Aine; Tshiani-Mbaya, Olivier; Paku-Tshambu, Princesse; Lokilo-Lofiko, Emmanuel; Muswamba-Kayembe, Chloe; Makangara-Cigolo, Jean-Claude; Cikaya-Kankolongo, Fiston; Luakanda-Ndelemo, Gradi; Lawanga, Leader; Mabika-Bope, Elzedek; Lumembe-Numbi, Raphael; Kabamba-Lungenyi, Gabriel; Citenga, Andre; Kelvin, D. J.; Pratt, Catherine; Ayouba, Ahidjo; Tessema, Sofonias; Mukadi-Bamuleka, Daniel; Jansen, Daan; Halbrook, Megan; Merrit, Sydney; Hensley, Lisa; Delaporte, Eric; Mwamba, Dieudonne; Liesenborghs, Laurens; Hoff, Nicole; Peeters, Martine; Low, Nicola; Rimoin, Anne; Kindrachuk, Jason; Vercauteren, Koen; Rambaut, Andrew; Ahuka-Mundeke, Steve; Muyembe-Tamfum, Jean-Jacques"
PP_004AYJ9,Ib,A.1,Democratic Republic of the Congo,Kinshasa,2025-01-31,187410,0.931372300452819,2025-10-21,"Wawina-Bokalanga, Tony; Amuri-Aziza, Adrienne; Mbala-Kingebeni, Placide; Kinganda-Lusamaki, Eddy; Pukuta-Simbu, Elisabeth; Hasivirwe-Vakaniaki, Emmanuel; Ola-Mpumbe, Rilia; Kwete-Mbokama, Papy; Akil-Bandali, Prince; Kacita, Cris; Ponga-Museme, Ange; Mapenzi-Kashali, Nelson; Vakaniaki, Gloria; Kenye, Kelly-Michel; Muyamuna, Elisabeth; Kavira-Bapitani, Sifa; Mukadi, Patrick; OToole, Aine; Tshiani-Mbaya, Olivier; Paku-Tshambu, Princesse; Lokilo-Lofiko, Emmanuel; Muswamba-Kayembe, Chloe; Makangara-Cigolo, Jean-Claude; Cikaya-Kankolongo, Fiston; Luakanda-Ndelemo, Gradi; Lawanga, Leader; Mabika-Bope, Elzedek; Lumembe-Numbi, Raphael; Kabamba-Lungenyi, Gabriel; Citenga, Andre; Kelvin, D. J.; Pratt, Catherine; Ayouba, Ahidjo; Tessema, Sofonias; Mukadi-Bamuleka, Daniel; Jansen, Daan; Halbrook, Megan; Merrit, Sydney; Hensley, Lisa; Delaporte, Eric; Mwamba, Dieudonne; Liesenborghs, Laurens; Hoff, Nicole; Peeters, Martine; Low, Nicola; Rimoin, Anne; Kindrachuk, Jason; Vercauteren, Koen; Rambaut, Andrew; Ahuka-Mundeke, Steve; Muyembe-Tamfum, Jean-Jacques"
PP_004AYK7,Ib,A.1,Democratic Republic of the Congo,Kinshasa,2025-01-31,187426,0.92143360597133,2025-10-21,"Wawina-Bokalanga, Tony; Amuri-Aziza, Adrienne; Mbala-Kingebeni, Placide; Kinganda-Lusamaki, Eddy; Pukuta-Simbu, Elisabeth; Hasivirwe-Vakaniaki, Emmanuel; Ola-Mpumbe, Rilia; Kwete-Mbokama, Papy; Akil-Bandali, Prince; Kacita, Cris; Ponga-Museme, Ange; Mapenzi-Kashali, Nelson; Vakaniaki, Gloria; Kenye, Kelly-Michel; Muyamuna, Elisabeth; Kavira-Bapitani, Sifa; Mukadi, Patrick; OToole, Aine; Tshiani-Mbaya, Olivier; Paku-Tshambu, Princesse; Lokilo-Lofiko, Emmanuel; Muswamba-Kayembe, Chloe; Makangara-Cigolo, Jean-Claude; Cikaya-Kankolongo, Fiston; Luakanda-Ndelemo, Gradi; Lawanga, Leader; Mabika-Bope, Elzedek; Lumembe-Numbi, Raphael; Kabamba-Lungenyi, Gabriel; Citenga, Andre; Kelvin, D. J.; Pratt, Catherine; Ayouba, Ahidjo; Tessema, Sofonias; Mukadi-Bamuleka, Daniel; Jansen, Daan; Halbrook, Megan; Merrit, Sydney; Hensley, Lisa; Delaporte, Eric; Mwamba, Dieudonne; Liesenborghs, Laurens; Hoff, Nicole; Peeters, Martine; Low, Nicola; Rimoin, Anne; Kindrachuk, Jason; Vercauteren, Koen; Rambaut, Andrew; Ahuka-Mundeke, Steve; Muyembe-Tamfum, Jean-Jacques"
PP_004AYL5,Ib,A.1,Democratic Republic of the Congo,Kinshasa,2025-01-31,187426,0.9191010552256744,2025-10-21,"Wawina-Bokalanga, Tony; Amuri-Aziza, Adrienne; Mbala-Kingebeni, Placide; Kinganda-Lusamaki, Eddy; Pukuta-Simbu, Elisabeth; Hasivirwe-Vakaniaki, Emmanuel; Ola-Mpumbe, Rilia; Kwete-Mbokama, Papy; Akil-Bandali, Prince; Kacita, Cris; Ponga-Museme, Ange; Mapenzi-Kashali, Nelson; Vakaniaki, Gloria; Kenye, Kelly-Michel; Muyamuna, Elisabeth; Kavira-Bapitani, Sifa; Mukadi, Patrick; OToole, Aine; Tshiani-Mbaya, Olivier; Paku-Tshambu, Princesse; Lokilo-Lofiko, Emmanuel; Muswamba-Kayembe, Chloe; Makangara-Cigolo, Jean-Claude; Cikaya-Kankolongo, Fiston; Luakanda-Ndelemo, Gradi; Lawanga, Leader; Mabika-Bope, Elzedek; Lumembe-Numbi, Raphael; Kabamba-Lungenyi, Gabriel; Citenga, Andre; Kelvin, D. J.; Pratt, Catherine; Ayouba, Ahidjo; Tessema, Sofonias; Mukadi-Bamuleka, Daniel; Jansen, Daan; Halbrook, Megan; Merrit, Sydney; Hensley, Lisa; Delaporte, Eric; Mwamba, Dieudonne; Liesenborghs, Laurens; Hoff, Nicole; Peeters, Martine; Low, Nicola; Rimoin, Anne; Kindrachuk, Jason; Vercauteren, Koen; Rambaut, Andrew; Ahuka-Mundeke, Steve; Muyembe-Tamfum, Jean-Jacques"
PP_004AYM3,Ia,None,Democratic Republic of the Congo,Kinshasa,2025-01-31,187469,0.8074580774711093,2025-10-21,"Wawina-Bokalanga, Tony; Amuri-Aziza, Adrienne; Mbala-Kingebeni, Placide; Kinganda-Lusamaki, Eddy; Pukuta-Simbu, Elisabeth; Hasivirwe-Vakaniaki, Emmanuel; Ola-Mpumbe, Rilia; Kwete-Mbokama, Papy; Akil-Bandali, Prince; Kacita, Cris; Ponga-Museme, Ange; Mapenzi-Kashali, Nelson; Vakaniaki, Gloria; Kenye, Kelly-Michel; Muyamuna, Elisabeth; Kavira-Bapitani, Sifa; Mukadi, Patrick; OToole, Aine; Tshiani-Mbaya, Olivier; Paku-Tshambu, Princesse; Lokilo-Lofiko, Emmanuel; Muswamba-Kayembe, Chloe; Makangara-Cigolo, Jean-Claude; Cikaya-Kankolongo, Fiston; Luakanda-Ndelemo, Gradi; Lawanga, Leader; Mabika-Bope, Elzedek; Lumembe-Numbi, Raphael; Kabamba-Lungenyi, Gabriel; Citenga, Andre; Kelvin, D. J.; Pratt, Catherine; Ayouba, Ahidjo; Tessema, Sofonias; Mukadi-Bamuleka, Daniel; Jansen, Daan; Halbrook, Megan; Merrit, Sydney; Hensley, Lisa; Delaporte, Eric; Mwamba, Dieudonne; Liesenborghs, Laurens; Hoff, Nicole; Peeters, Martine; Low, Nicola; Rimoin, Anne; Kindrachuk, Jason; Vercauteren, Koen; Rambaut, Andrew; Ahuka-Mundeke, Steve; Muyembe-Tamfum, Jean-Jacques"
PP_004AYN1,Ia,None,Democratic Republic of the Congo,Kinshasa,2025-01-28,187459,0.8928750716245202,2025-10-21,"Wawina-Bokalanga, Tony; Amuri-Aziza, Adrienne; Mbala-Kingebeni, Placide; Kinganda-Lusamaki, Eddy; Pukuta-Simbu, Elisabeth; Hasivirwe-Vakaniaki, Emmanuel; Ola-Mpumbe, Rilia; Kwete-Mbokama, Papy; Akil-Bandali, Prince; Kacita, Cris; Ponga-Museme, Ange; Mapenzi-Kashali, Nelson; Vakaniaki, Gloria; Kenye, Kelly-Michel; Muyamuna, Elisabeth; Kavira-Bapitani, Sifa; Mukadi, Patrick; OToole, Aine; Tshiani-Mbaya, Olivier; Paku-Tshambu, Princesse; Lokilo-Lofiko, Emmanuel; Muswamba-Kayembe, Chloe; Makangara-Cigolo, Jean-Claude; Cikaya-Kankolongo, Fiston; Luakanda-Ndelemo, Gradi; Lawanga, Leader; Mabika-Bope, Elzedek; Lumembe-Numbi, Raphael; Kabamba-Lungenyi, Gabriel; Citenga, Andre; Kelvin, D. J.; Pratt, Catherine; Ayouba, Ahidjo; Tessema, Sofonias; Mukadi-Bamuleka, Daniel; Jansen, Daan; Halbrook, Megan; Merrit, Sydney; Hensley, Lisa; Delaporte, Eric; Mwamba, Dieudonne; Liesenborghs, Laurens; Hoff, Nicole; Peeters, Martine; Low, Nicola; Rimoin, Anne; Kindrachuk, Jason; Vercauteren, Koen; Rambaut, Andrew; Ahuka-Mundeke, Steve; Muyembe-Tamfum, Jean-Jacques"
PP_004AYPZ,Ia,None,Democratic Republic of the Congo,Kinshasa,2025-01-28,187490,0.8629626436927321,2025-10-21,"Wawina-Bokalanga, Tony; Amuri-Aziza, Adrienne; Mbala-Kingebeni, Placide; Kinganda-Lusamaki, Eddy; Pukuta-Simbu, Elisabeth; Hasivirwe-Vakaniaki, Emmanuel; Ola-Mpumbe, Rilia; Kwete-Mbokama, Papy; Akil-Bandali, Prince; Kacita, Cris; Ponga-Museme, Ange; Mapenzi-Kashali, Nelson; Vakaniaki, Gloria; Kenye, Kelly-Michel; Muyamuna, Elisabeth; Kavira-Bapitani, Sifa; Mukadi, Patrick; OToole, Aine; Tshiani-Mbaya, Olivier; Paku-Tshambu, Princesse; Lokilo-Lofiko, Emmanuel; Muswamba-Kayembe, Chloe; Makangara-Cigolo, Jean-Claude; Cikaya-Kankolongo, Fiston; Luakanda-Ndelemo, Gradi; Lawanga, Leader; Mabika-Bope, Elzedek; Lumembe-Numbi, Raphael; Kabamba-Lungenyi, Gabriel; Citenga, Andre; Kelvin, D. J.; Pratt, Catherine; Ayouba, Ahidjo; Tessema, Sofonias; Mukadi-Bamuleka, Daniel; Jansen, Daan; Halbrook, Megan; Merrit, Sydney; Hensley, Lisa; Delaporte, Eric; Mwamba, Dieudonne; Liesenborghs, Laurens; Hoff, Nicole; Peeters, Martine; Low, Nicola; Rimoin, Anne; Kindrachuk, Jason; Vercauteren, Koen; Rambaut, Andrew; Ahuka-Mundeke, Steve; Muyembe-Tamfum, Jean-Jacques"
PP_004AYQX,Ib,A.1,Democratic Republic of the Congo,Kinshasa,2025-01-09,187459,0.8799040611736787,2025-10-21,"Wawina-Bokalanga, Tony; Amuri-Aziza, Adrienne; Mbala-Kingebeni, Placide; Kinganda-Lusamaki, Eddy; Pukuta-Simbu, Elisabeth; Hasivirwe-Vakaniaki, Emmanuel; Ola-Mpumbe, Rilia; Kwete-Mbokama, Papy; Akil-Bandali, Prince; Kacita, Cris; Ponga-Museme, Ange; Mapenzi-Kashali, Nelson; Vakaniaki, Gloria; Kenye, Kelly-Michel; Muyamuna, Elisabeth; Kavira-Bapitani, Sifa; Mukadi, Patrick; OToole, Aine; Tshiani-Mbaya, Olivier; Paku-Tshambu, Princesse; Lokilo-Lofiko, Emmanuel; Muswamba-Kayembe, Chloe; Makangara-Cigolo, Jean-Claude; Cikaya-Kankolongo, Fiston; Luakanda-Ndelemo, Gradi; Lawanga, Leader; Mabika-Bope, Elzedek; Lumembe-Numbi, Raphael; Kabamba-Lungenyi, Gabriel; Citenga, Andre; Kelvin, D. J.; Pratt, Catherine; Ayouba, Ahidjo; Tessema, Sofonias; Mukadi-Bamuleka, Daniel; Jansen, Daan; Halbrook, Megan; Merrit, Sydney; Hensley, Lisa; Delaporte, Eric; Mwamba, Dieudonne; Liesenborghs, Laurens; Hoff, Nicole; Peeters, Martine; Low, Nicola; Rimoin, Anne; Kindrachuk, Jason; Vercauteren, Koen; Rambaut, Andrew; Ahuka-Mundeke, Steve; Muyembe-Tamfum, Jean-Jacques"
PP_004AYRV,Ib,A.1,Democratic Republic of the Congo,Kinshasa,2025-01-30,187433,0.8755685592442536,2025-10-21,"Wawina-Bokalanga, Tony; Amuri-Aziza, Adrienne; Mbala-Kingebeni, Placide; Kinganda-Lusamaki, Eddy; Pukuta-Simbu, Elisabeth; Hasivirwe-Vakaniaki, Emmanuel; Ola-Mpumbe, Rilia; Kwete-Mbokama, Papy; Akil-Bandali, Prince; Kacita, Cris; Ponga-Museme, Ange; Mapenzi-Kashali, Nelson; Vakaniaki, Gloria; Kenye, Kelly-Michel; Muyamuna, Elisabeth; Kavira-Bapitani, Sifa; Mukadi, Patrick; OToole, Aine; Tshiani-Mbaya, Olivier; Paku-Tshambu, Princesse; Lokilo-Lofiko, Emmanuel; Muswamba-Kayembe, Chloe; Makangara-Cigolo, Jean-Claude; Cikaya-Kankolongo, Fiston; Luakanda-Ndelemo, Gradi; Lawanga, Leader; Mabika-Bope, Elzedek; Lumembe-Numbi, Raphael; Kabamba-Lungenyi, Gabriel; Citenga, Andre; Kelvin, D. J.; Pratt, Catherine; Ayouba, Ahidjo; Tessema, Sofonias; Mukadi-Bamuleka, Daniel; Jansen, Daan; Halbrook, Megan; Merrit, Sydney; Hensley, Lisa; Delaporte, Eric; Mwamba, Dieudonne; Liesenborghs, Laurens; Hoff, Nicole; Peeters, Martine; Low, Nicola; Rimoin, Anne; Kindrachuk, Jason; Vercauteren, Koen; Rambaut, Andrew; Ahuka-Mundeke, Steve; Muyembe-Tamfum, Jean-Jacques"
PP_004AYST,Ib,A.1,Democratic Republic of the Congo,Kinshasa,2025-01-30,187461,0.86750604688427,2025-10-21,"Wawina-Bokalanga, Tony; Amuri-Aziza, Adrienne; Mbala-Kingebeni, Placide; Kinganda-Lusamaki, Eddy; Pukuta-Simbu, Elisabeth; Hasivirwe-Vakaniaki, Emmanuel; Ola-Mpumbe, Rilia; Kwete-Mbokama, Papy; Akil-Bandali, Prince; Kacita, Cris; Ponga-Museme, Ange; Mapenzi-Kashali, Nelson; Vakaniaki, Gloria; Kenye, Kelly-Michel; Muyamuna, Elisabeth; Kavira-Bapitani, Sifa; Mukadi, Patrick; OToole, Aine; Tshiani-Mbaya, Olivier; Paku-Tshambu, Princesse; Lokilo-Lofiko, Emmanuel; Muswamba-Kayembe, Chloe; Makangara-Cigolo, Jean-Claude; Cikaya-Kankolongo, Fiston; Luakanda-Ndelemo, Gradi; Lawanga, Leader; Mabika-Bope, Elzedek; Lumembe-Numbi, Raphael; Kabamba-Lungenyi, Gabriel; Citenga, Andre; Kelvin, D. J.; Pratt, Catherine; Ayouba, Ahidjo; Tessema, Sofonias; Mukadi-Bamuleka, Daniel; Jansen, Daan; Halbrook, Megan; Merrit, Sydney; Hensley, Lisa; Delaporte, Eric; Mwamba, Dieudonne; Liesenborghs, Laurens; Hoff, Nicole; Peeters, Martine; Low, Nicola; Rimoin, Anne; Kindrachuk, Jason; Vercauteren, Koen; Rambaut, Andrew; Ahuka-Mundeke, Steve; Muyembe-Tamfum, Jean-Jacques"
PP_004AYTR,Ib,A.1,Democratic Republic of the Congo,Kinshasa,2025-01-31,187465,0.90181482589537,2025-10-21,"Wawina-Bokalanga, Tony; Amuri-Aziza, Adrienne; Mbala-Kingebeni, Placide; Kinganda-Lusamaki, Eddy; Pukuta-Simbu, Elisabeth; Hasivirwe-Vakaniaki, Emmanuel; Ola-Mpumbe, Rilia; Kwete-Mbokama, Papy; Akil-Bandali, Prince; Kacita, Cris; Ponga-Museme, Ange; Mapenzi-Kashali, Nelson; Vakaniaki, Gloria; Kenye, Kelly-Michel; Muyamuna, Elisabeth; Kavira-Bapitani, Sifa; Mukadi, Patrick; OToole, Aine; Tshiani-Mbaya, Olivier; Paku-Tshambu, Princesse; Lokilo-Lofiko, Emmanuel; Muswamba-Kayembe, Chloe; Makangara-Cigolo, Jean-Claude; Cikaya-Kankolongo, Fiston; Luakanda-Ndelemo, Gradi; Lawanga, Leader; Mabika-Bope, Elzedek; Lumembe-Numbi, Raphael; Kabamba-Lungenyi, Gabriel; Citenga, Andre; Kelvin, D. J.; Pratt, Catherine; Ayouba, Ahidjo; Tessema, Sofonias; Mukadi-Bamuleka, Daniel; Jansen, Daan; Halbrook, Megan; Merrit, Sydney; Hensley, Lisa; Delaporte, Eric; Mwamba, Dieudonne; Liesenborghs, Laurens; Hoff, Nicole; Peeters, Martine; Low, Nicola; Rimoin, Anne; Kindrachuk, Jason; Vercauteren, Koen; Rambaut, Andrew; Ahuka-Mundeke, Steve; Muyembe-Tamfum, Jean-Jacques"
PP_004AYUP,Ia,None,Democratic Republic of the Congo,Kinshasa,2025-01-30,187423,0.924754955402644,2025-10-21,"Wawina-Bokalanga, Tony; Amuri-Aziza, Adrienne; Mbala-Kingebeni, Placide; Kinganda-Lusamaki, Eddy; Pukuta-Simbu, Elisabeth; Hasivirwe-Vakaniaki, Emmanuel; Ola-Mpumbe, Rilia; Kwete-Mbokama, Papy; Akil-Bandali, Prince; Kacita, Cris; Ponga-Museme, Ange; Mapenzi-Kashali, Nelson; Vakaniaki, Gloria; Kenye, Kelly-Michel; Muyamuna, Elisabeth; Kavira-Bapitani, Sifa; Mukadi, Patrick; OToole, Aine; Tshiani-Mbaya, Olivier; Paku-Tshambu, Princesse; Lokilo-Lofiko, Emmanuel; Muswamba-Kayembe, Chloe; Makangara-Cigolo, Jean-Claude; Cikaya-Kankolongo, Fiston; Luakanda-Ndelemo, Gradi; Lawanga, Leader; Mabika-Bope, Elzedek; Lumembe-Numbi, Raphael; Kabamba-Lungenyi, Gabriel; Citenga, Andre; Kelvin, D. J.; Pratt, Catherine; Ayouba, Ahidjo; Tessema, Sofonias; Mukadi-Bamuleka, Daniel; Jansen, Daan; Halbrook, Megan; Merrit, Sydney; Hensley, Lisa; Delaporte, Eric; Mwamba, Dieudonne; Liesenborghs, Laurens; Hoff, Nicole; Peeters, Martine; Low, Nicola; Rimoin, Anne; Kindrachuk, Jason; Vercauteren, Koen; Rambaut, Andrew; Ahuka-Mundeke, Steve; Muyembe-Tamfum, Jean-Jacques"
PP_004AYVM,Ib,A,Democratic Republic of the Congo,Kinshasa,2025-01-30,187521,0.8995684781120538,2025-10-21,"Wawina-Bokalanga, Tony; Amuri-Aziza, Adrienne; Mbala-Kingebeni, Placide; Kinganda-Lusamaki, Eddy; Pukuta-Simbu, Elisabeth; Hasivirwe-Vakaniaki, Emmanuel; Ola-Mpumbe, Rilia; Kwete-Mbokama, Papy; Akil-Bandali, Prince; Kacita, Cris; Ponga-Museme, Ange; Mapenzi-Kashali, Nelson; Vakaniaki, Gloria; Kenye, Kelly-Michel; Muyamuna, Elisabeth; Kavira-Bapitani, Sifa; Mukadi, Patrick; OToole, Aine; Tshiani-Mbaya, Olivier; Paku-Tshambu, Princesse; Lokilo-Lofiko, Emmanuel; Muswamba-Kayembe, Chloe; Makangara-Cigolo, Jean-Claude; Cikaya-Kankolongo, Fiston; Luakanda-Ndelemo, Gradi; Lawanga, Leader; Mabika-Bope, Elzedek; Lumembe-Numbi, Raphael; Kabamba-Lungenyi, Gabriel; Citenga, Andre; Kelvin, D. J.; Pratt, Catherine; Ayouba, Ahidjo; Tessema, Sofonias; Mukadi-Bamuleka, Daniel; Jansen, Daan; Halbrook, Megan; Merrit, Sydney; Hensley, Lisa; Delaporte, Eric; Mwamba, Dieudonne; Liesenborghs, Laurens; Hoff, Nicole; Peeters, Martine; Low, Nicola; Rimoin, Anne; Kindrachuk, Jason; Vercauteren, Koen; Rambaut, Andrew; Ahuka-Mundeke, Steve; Muyembe-Tamfum, Jean-Jacques"
PP_004AYWK,Ia,None,Democratic Republic of the Congo,Kinshasa,2025-01-17,187478,0.8844525351277072,2025-10-21,"Wawina-Bokalanga, Tony; Amuri-Aziza, Adrienne; Mbala-Kingebeni, Placide; Kinganda-Lusamaki, Eddy; Pukuta-Simbu, Elisabeth; Hasivirwe-Vakaniaki, Emmanuel; Ola-Mpumbe, Rilia; Kwete-Mbokama, Papy; Akil-Bandali, Prince; Kacita, Cris; Ponga-Museme, Ange; Mapenzi-Kashali, Nelson; Vakaniaki, Gloria; Kenye, Kelly-Michel; Muyamuna, Elisabeth; Kavira-Bapitani, Sifa; Mukadi, Patrick; OToole, Aine; Tshiani-Mbaya, Olivier; Paku-Tshambu, Princesse; Lokilo-Lofiko, Emmanuel; Muswamba-Kayembe, Chloe; Makangara-Cigolo, Jean-Claude; Cikaya-Kankolongo, Fiston; Luakanda-Ndelemo, Gradi; Lawanga, Leader; Mabika-Bope, Elzedek; Lumembe-Numbi, Raphael; Kabamba-Lungenyi, Gabriel; Citenga, Andre; Kelvin, D. J.; Pratt, Catherine; Ayouba, Ahidjo; Tessema, Sofonias; Mukadi-Bamuleka, Daniel; Jansen, Daan; Halbrook, Megan; Merrit, Sydney; Hensley, Lisa; Delaporte, Eric; Mwamba, Dieudonne; Liesenborghs, Laurens; Hoff, Nicole; Peeters, Martine; Low, Nicola; Rimoin, Anne; Kindrachuk, Jason; Vercauteren, Koen; Rambaut, Andrew; Ahuka-Mundeke, Steve; Muyembe-Tamfum, Jean-Jacques"
PP_004AYXH,Ib,A.1,Democratic Republic of the Congo,Kinshasa,2025-01-17,187468,0.8870842608603056,2025-10-21,"Wawina-Bokalanga, Tony; Amuri-Aziza, Adrienne; Mbala-Kingebeni, Placide; Kinganda-Lusamaki, Eddy; Pukuta-Simbu, Elisabeth; Hasivirwe-Vakaniaki, Emmanuel; Ola-Mpumbe, Rilia; Kwete-Mbokama, Papy; Akil-Bandali, Prince; Kacita, Cris; Ponga-Museme, Ange; Mapenzi-Kashali, Nelson; Vakaniaki, Gloria; Kenye, Kelly-Michel; Muyamuna, Elisabeth; Kavira-Bapitani, Sifa; Mukadi, Patrick; OToole, Aine; Tshiani-Mbaya, Olivier; Paku-Tshambu, Princesse; Lokilo-Lofiko, Emmanuel; Muswamba-Kayembe, Chloe; Makangara-Cigolo, Jean-Claude; Cikaya-Kankolongo, Fiston; Luakanda-Ndelemo, Gradi; Lawanga, Leader; Mabika-Bope, Elzedek; Lumembe-Numbi, Raphael; Kabamba-Lungenyi, Gabriel; Citenga, Andre; Kelvin, D. J.; Pratt, Catherine; Ayouba, Ahidjo; Tessema, Sofonias; Mukadi-Bamuleka, Daniel; Jansen, Daan; Halbrook, Megan; Merrit, Sydney; Hensley, Lisa; Delaporte, Eric; Mwamba, Dieudonne; Liesenborghs, Laurens; Hoff, Nicole; Peeters, Martine; Low, Nicola; Rimoin, Anne; Kindrachuk, Jason; Vercauteren, Koen; Rambaut, Andrew; Ahuka-Mundeke, Steve; Muyembe-Tamfum, Jean-Jacques"
PP_004AYYF,Ia,None,Democratic Republic of the Congo,Kinshasa,2025-02-01,187498,0.9120121292638774,2025-10-21,"Wawina-Bokalanga, Tony; Amuri-Aziza, Adrienne; Mbala-Kingebeni, Placide; Kinganda-Lusamaki, Eddy; Pukuta-Simbu, Elisabeth; Hasivirwe-Vakaniaki, Emmanuel; Ola-Mpumbe, Rilia; Kwete-Mbokama, Papy; Akil-Bandali, Prince; Kacita, Cris; Ponga-Museme, Ange; Mapenzi-Kashali, Nelson; Vakaniaki, Gloria; Kenye, Kelly-Michel; Muyamuna, Elisabeth; Kavira-Bapitani, Sifa; Mukadi, Patrick; OToole, Aine; Tshiani-Mbaya, Olivier; Paku-Tshambu, Princesse; Lokilo-Lofiko, Emmanuel; Muswamba-Kayembe, Chloe; Makangara-Cigolo, Jean-Claude; Cikaya-Kankolongo, Fiston; Luakanda-Ndelemo, Gradi; Lawanga, Leader; Mabika-Bope, Elzedek; Lumembe-Numbi, Raphael; Kabamba-Lungenyi, Gabriel; Citenga, Andre; Kelvin, D. J.; Pratt, Catherine; Ayouba, Ahidjo; Tessema, Sofonias; Mukadi-Bamuleka, Daniel; Jansen, Daan; Halbrook, Megan; Merrit, Sydney; Hensley, Lisa; Delaporte, Eric; Mwamba, Dieudonne; Liesenborghs, Laurens; Hoff, Nicole; Peeters, Martine; Low, Nicola; Rimoin, Anne; Kindrachuk, Jason; Vercauteren, Koen; Rambaut, Andrew; Ahuka-Mundeke, Steve; Muyembe-Tamfum, Jean-Jacques"
PP_004AYZD,Ia,None,Democratic Republic of the Congo,Kinshasa,2025-01-23,187480,0.9101055225674284,2025-10-21,"Wawina-Bokalanga, Tony; Amuri-Aziza, Adrienne; Mbala-Kingebeni, Placide; Kinganda-Lusamaki, Eddy; Pukuta-Simbu, Elisabeth; Hasivirwe-Vakaniaki, Emmanuel; Ola-Mpumbe, Rilia; Kwete-Mbokama, Papy; Akil-Bandali, Prince; Kacita, Cris; Ponga-Museme, Ange; Mapenzi-Kashali, Nelson; Vakaniaki, Gloria; Kenye, Kelly-Michel; Muyamuna, Elisabeth; Kavira-Bapitani, Sifa; Mukadi, Patrick; OToole, Aine; Tshiani-Mbaya, Olivier; Paku-Tshambu, Princesse; Lokilo-Lofiko, Emmanuel; Muswamba-Kayembe, Chloe; Makangara-Cigolo, Jean-Claude; Cikaya-Kankolongo, Fiston; Luakanda-Ndelemo, Gradi; Lawanga, Leader; Mabika-Bope, Elzedek; Lumembe-Numbi, Raphael; Kabamba-Lungenyi, Gabriel; Citenga, Andre; Kelvin, D. J.; Pratt, Catherine; Ayouba, Ahidjo; Tessema, Sofonias; Mukadi-Bamuleka, Daniel; Jansen, Daan; Halbrook, Megan; Merrit, Sydney; Hensley, Lisa; Delaporte, Eric; Mwamba, Dieudonne; Liesenborghs, Laurens; Hoff, Nicole; Peeters, Martine; Low, Nicola; Rimoin, Anne; Kindrachuk, Jason; Vercauteren, Koen; Rambaut, Andrew; Ahuka-Mundeke, Steve; Muyembe-Tamfum, Jean-Jacques"
PP_004AZ0B,Ib,A.1,Democratic Republic of the Congo,Kinshasa,2025-01-23,187465,0.8390489277872714,2025-10-21,"Wawina-Bokalanga, Tony; Amuri-Aziza, Adrienne; Mbala-Kingebeni, Placide; Kinganda-Lusamaki, Eddy; Pukuta-Simbu, Elisabeth; Hasivirwe-Vakaniaki, Emmanuel; Ola-Mpumbe, Rilia; Kwete-Mbokama, Papy; Akil-Bandali, Prince; Kacita, Cris; Ponga-Museme, Ange; Mapenzi-Kashali, Nelson; Vakaniaki, Gloria; Kenye, Kelly-Michel; Muyamuna, Elisabeth; Kavira-Bapitani, Sifa; Mukadi, Patrick; OToole, Aine; Tshiani-Mbaya, Olivier; Paku-Tshambu, Princesse; Lokilo-Lofiko, Emmanuel; Muswamba-Kayembe, Chloe; Makangara-Cigolo, Jean-Claude; Cikaya-Kankolongo, Fiston; Luakanda-Ndelemo, Gradi; Lawanga, Leader; Mabika-Bope, Elzedek; Lumembe-Numbi, Raphael; Kabamba-Lungenyi, Gabriel; Citenga, Andre; Kelvin, D. J.; Pratt, Catherine; Ayouba, Ahidjo; Tessema, Sofonias; Mukadi-Bamuleka, Daniel; Jansen, Daan; Halbrook, Megan; Merrit, Sydney; Hensley, Lisa; Delaporte, Eric; Mwamba, Dieudonne; Liesenborghs, Laurens; Hoff, Nicole; Peeters, Martine; Low, Nicola; Rimoin, Anne; Kindrachuk, Jason; Vercauteren, Koen; Rambaut, Andrew; Ahuka-Mundeke, Steve; Muyembe-Tamfum, Jean-Jacques"
PP_004AZ19,Ia,None,Democratic Republic of the Congo,Kinshasa,2025-02-02,187462,0.919628414524692,2025-10-21,"Wawina-Bokalanga, Tony; Amuri-Aziza, Adrienne; Mbala-Kingebeni, Placide; Kinganda-Lusamaki, Eddy; Pukuta-Simbu, Elisabeth; Hasivirwe-Vakaniaki, Emmanuel; Ola-Mpumbe, Rilia; Kwete-Mbokama, Papy; Akil-Bandali, Prince; Kacita, Cris; Ponga-Museme, Ange; Mapenzi-Kashali, Nelson; Vakaniaki, Gloria; Kenye, Kelly-Michel; Muyamuna, Elisabeth; Kavira-Bapitani, Sifa; Mukadi, Patrick; OToole, Aine; Tshiani-Mbaya, Olivier; Paku-Tshambu, Princesse; Lokilo-Lofiko, Emmanuel; Muswamba-Kayembe, Chloe; Makangara-Cigolo, Jean-Claude; Cikaya-Kankolongo, Fiston; Luakanda-Ndelemo, Gradi; Lawanga, Leader; Mabika-Bope, Elzedek; Lumembe-Numbi, Raphael; Kabamba-Lungenyi, Gabriel; Citenga, Andre; Kelvin, D. J.; Pratt, Catherine; Ayouba, Ahidjo; Tessema, Sofonias; Mukadi-Bamuleka, Daniel; Jansen, Daan; Halbrook, Megan; Merrit, Sydney; Hensley, Lisa; Delaporte, Eric; Mwamba, Dieudonne; Liesenborghs, Laurens; Hoff, Nicole; Peeters, Martine; Low, Nicola; Rimoin, Anne; Kindrachuk, Jason; Vercauteren, Koen; Rambaut, Andrew; Ahuka-Mundeke, Steve; Muyembe-Tamfum, Jean-Jacques"
PP_004AZ27,Ib,A.1,Democratic Republic of the Congo,Kinshasa,2025-02-02,187430,0.8945230694339508,2025-10-21,"Wawina-Bokalanga, Tony; Amuri-Aziza, Adrienne; Mbala-Kingebeni, Placide; Kinganda-Lusamaki, Eddy; Pukuta-Simbu, Elisabeth; Hasivirwe-Vakaniaki, Emmanuel; Ola-Mpumbe, Rilia; Kwete-Mbokama, Papy; Akil-Bandali, Prince; Kacita, Cris; Ponga-Museme, Ange; Mapenzi-Kashali, Nelson; Vakaniaki, Gloria; Kenye, Kelly-Michel; Muyamuna, Elisabeth; Kavira-Bapitani, Sifa; Mukadi, Patrick; OToole, Aine; Tshiani-Mbaya, Olivier; Paku-Tshambu, Princesse; Lokilo-Lofiko, Emmanuel; Muswamba-Kayembe, Chloe; Makangara-Cigolo, Jean-Claude; Cikaya-Kankolongo, Fiston; Luakanda-Ndelemo, Gradi; Lawanga, Leader; Mabika-Bope, Elzedek; Lumembe-Numbi, Raphael; Kabamba-Lungenyi, Gabriel; Citenga, Andre; Kelvin, D. J.; Pratt, Catherine; Ayouba, Ahidjo; Tessema, Sofonias; Mukadi-Bamuleka, Daniel; Jansen, Daan; Halbrook, Megan; Merrit, Sydney; Hensley, Lisa; Delaporte, Eric; Mwamba, Dieudonne; Liesenborghs, Laurens; Hoff, Nicole; Peeters, Martine; Low, Nicola; Rimoin, Anne; Kindrachuk, Jason; Vercauteren, Koen; Rambaut, Andrew; Ahuka-Mundeke, Steve; Muyembe-Tamfum, Jean-Jacques"
PP_004AZ35,Ia,None,Democratic Republic of the Congo,Tshopo,2025-01-03,187859,0.926671703624074,2025-10-21,"Luakanda-Ndelemo, Gradi; Mbala-Kingebeni, Placide; Wawina-Bokalanga, Tony; Kinganda-Lusamaki, Eddy; Pukuta-Simbu, Elisabeth; Hasivirwe-Vakaniaki, Emmanuel; Ola-Mpumbe, Rilia; Kwete-Mbokama, Papy; Akil-Bandali, Prince; Kacita, Cris; Ponga-Museme, Ange; Mapenzi-Kashali, Nelson; Vakaniaki, Gloria; Amuri-Aziza, Adrienne; Kenye, Kelly-Michel; Muyamuna, Elisabeth; Kavira-Bapitani, Sifa; Mukadi, Patrick; OToole, Aine; Tshiani-Mbaya, Olivier; Paku-Tshambu, Princesse; Lokilo-Lofiko, Emmanuel; Muswamba-Kayembe, Chloe; Makangara-Cigolo, Jean-Claude; Cikaya-Kankolongo, Fiston; Lawanga, Leader; Mabika-Bope, Elzedek; Lumembe-Numbi, Raphael; Kabamba-Lungenyi, Gabriel; Citenga, Andre; Kelvin, D. J.; Pratt, Catherine; Ayouba, Ahidjo; Tessema, Sofonias; Mukadi-Bamuleka, Daniel; Jansen, Daan; Halbrook, Megan; Merrit, Sydney; Hensley, Lisa; Delaporte, Eric; Mwamba, Dieudonne; Liesenborghs, Laurens; Hoff, Nicole; Peeters, Martine; Low, Nicola; Rimoin, Anne; Kindrachuk, Jason; Vercauteren, Koen; Rambaut, Andrew; Ahuka-Mundeke, Steve; Muyembe-Tamfum, Jean-Jacques"
PP_004AZ43,Ia,None,Democratic Republic of the Congo,Tshopo,2025-01-03,187489,0.901743835220502,2025-10-21,"Luakanda-Ndelemo, Gradi; Mbala-Kingebeni, Placide; Wawina-Bokalanga, Tony; Kinganda-Lusamaki, Eddy; Pukuta-Simbu, Elisabeth; Hasivirwe-Vakaniaki, Emmanuel; Ola-Mpumbe, Rilia; Kwete-Mbokama, Papy; Akil-Bandali, Prince; Kacita, Cris; Ponga-Museme, Ange; Mapenzi-Kashali, Nelson; Vakaniaki, Gloria; Amuri-Aziza, Adrienne; Kenye, Kelly-Michel; Muyamuna, Elisabeth; Kavira-Bapitani, Sifa; Mukadi, Patrick; OToole, Aine; Tshiani-Mbaya, Olivier; Paku-Tshambu, Princesse; Lokilo-Lofiko, Emmanuel; Muswamba-Kayembe, Chloe; Makangara-Cigolo, Jean-Claude; Cikaya-Kankolongo, Fiston; Lawanga, Leader; Mabika-Bope, Elzedek; Lumembe-Numbi, Raphael; Kabamba-Lungenyi, Gabriel; Citenga, Andre; Kelvin, D. J.; Pratt, Catherine; Ayouba, Ahidjo; Tessema, Sofonias; Mukadi-Bamuleka, Daniel; Jansen, Daan; Halbrook, Megan; Merrit, Sydney; Hensley, Lisa; Delaporte, Eric; Mwamba, Dieudonne; Liesenborghs, Laurens; Hoff, Nicole; Peeters, Martine; Low, Nicola; Rimoin, Anne; Kindrachuk, Jason; Vercauteren, Koen; Rambaut, Andrew; Ahuka-Mundeke, Steve; Muyembe-Tamfum, Jean-Jacques"
PP_004AZ51,Ia,None,Democratic Republic of the Congo,Tshopo,2025-01-03,187470,0.9232996465678543,2025-10-21,"Luakanda-Ndelemo, Gradi; Mbala-Kingebeni, Placide; Wawina-Bokalanga, Tony; Kinganda-Lusamaki, Eddy; Pukuta-Simbu, Elisabeth; Hasivirwe-Vakaniaki, Emmanuel; Ola-Mpumbe, Rilia; Kwete-Mbokama, Papy; Akil-Bandali, Prince; Kacita, Cris; Ponga-Museme, Ange; Mapenzi-Kashali, Nelson; Vakaniaki, Gloria; Amuri-Aziza, Adrienne; Kenye, Kelly-Michel; Muyamuna, Elisabeth; Kavira-Bapitani, Sifa; Mukadi, Patrick; OToole, Aine; Tshiani-Mbaya, Olivier; Paku-Tshambu, Princesse; Lokilo-Lofiko, Emmanuel; Muswamba-Kayembe, Chloe; Makangara-Cigolo, Jean-Claude; Cikaya-Kankolongo, Fiston; Lawanga, Leader; Mabika-Bope, Elzedek; Lumembe-Numbi, Raphael; Kabamba-Lungenyi, Gabriel; Citenga, Andre; Kelvin, D. J.; Pratt, Catherine; Ayouba, Ahidjo; Tessema, Sofonias; Mukadi-Bamuleka, Daniel; Jansen, Daan; Halbrook, Megan; Merrit, Sydney; Hensley, Lisa; Delaporte, Eric; Mwamba, Dieudonne; Liesenborghs, Laurens; Hoff, Nicole; Peeters, Martine; Low, Nicola; Rimoin, Anne; Kindrachuk, Jason; Vercauteren, Koen; Rambaut, Andrew; Ahuka-Mundeke, Steve; Muyembe-Tamfum, Jean-Jacques"
PP_004AZ6Z,Ia,None,Democratic Republic of the Congo,Tshopo,2025-01-09,187469,0.8458285372371444,2025-10-21,"Luakanda-Ndelemo, Gradi; Mbala-Kingebeni, Placide; Wawina-Bokalanga, Tony; Kinganda-Lusamaki, Eddy; Pukuta-Simbu, Elisabeth; Hasivirwe-Vakaniaki, Emmanuel; Ola-Mpumbe, Rilia; Kwete-Mbokama, Papy; Akil-Bandali, Prince; Kacita, Cris; Ponga-Museme, Ange; Mapenzi-Kashali, Nelson; Vakaniaki, Gloria; Amuri-Aziza, Adrienne; Kenye, Kelly-Michel; Muyamuna, Elisabeth; Kavira-Bapitani, Sifa; Mukadi, Patrick; OToole, Aine; Tshiani-Mbaya, Olivier; Paku-Tshambu, Princesse; Lokilo-Lofiko, Emmanuel; Muswamba-Kayembe, Chloe; Makangara-Cigolo, Jean-Claude; Cikaya-Kankolongo, Fiston; Lawanga, Leader; Mabika-Bope, Elzedek; Lumembe-Numbi, Raphael; Kabamba-Lungenyi, Gabriel; Citenga, Andre; Kelvin, D. J.; Pratt, Catherine; Ayouba, Ahidjo; Tessema, Sofonias; Mukadi-Bamuleka, Daniel; Jansen, Daan; Halbrook, Megan; Merrit, Sydney; Hensley, Lisa; Delaporte, Eric; Mwamba, Dieudonne; Liesenborghs, Laurens; Hoff, Nicole; Peeters, Martine; Low, Nicola; Rimoin, Anne; Kindrachuk, Jason; Vercauteren, Koen; Rambaut, Andrew; Ahuka-Mundeke, Steve; Muyembe-Tamfum, Jean-Jacques"
PP_004AZ7X,Ia,None,Democratic Republic of the Congo,Tshopo,2025-01-11,187470,0.8837071330415954,2025-10-21,"Luakanda-Ndelemo, Gradi; Mbala-Kingebeni, Placide; Wawina-Bokalanga, Tony; Kinganda-Lusamaki, Eddy; Pukuta-Simbu, Elisabeth; Hasivirwe-Vakaniaki, Emmanuel; Ola-Mpumbe, Rilia; Kwete-Mbokama, Papy; Akil-Bandali, Prince; Kacita, Cris; Ponga-Museme, Ange; Mapenzi-Kashali, Nelson; Vakaniaki, Gloria; Amuri-Aziza, Adrienne; Kenye, Kelly-Michel; Muyamuna, Elisabeth; Kavira-Bapitani, Sifa; Mukadi, Patrick; OToole, Aine; Tshiani-Mbaya, Olivier; Paku-Tshambu, Princesse; Lokilo-Lofiko, Emmanuel; Muswamba-Kayembe, Chloe; Makangara-Cigolo, Jean-Claude; Cikaya-Kankolongo, Fiston; Lawanga, Leader; Mabika-Bope, Elzedek; Lumembe-Numbi, Raphael; Kabamba-Lungenyi, Gabriel; Citenga, Andre; Kelvin, D. J.; Pratt, Catherine; Ayouba, Ahidjo; Tessema, Sofonias; Mukadi-Bamuleka, Daniel; Jansen, Daan; Halbrook, Megan; Merrit, Sydney; Hensley, Lisa; Delaporte, Eric; Mwamba, Dieudonne; Liesenborghs, Laurens; Hoff, Nicole; Peeters, Martine; Low, Nicola; Rimoin, Anne; Kindrachuk, Jason; Vercauteren, Koen; Rambaut, Andrew; Ahuka-Mundeke, Steve; Muyembe-Tamfum, Jean-Jacques"
PP_004AZ8V,Ia,None,Democratic Republic of the Congo,Kinshasa,2025-01-27,187462,0.9153892570825876,2025-10-21,"Wawina-Bokalanga, Tony; Amuri-Aziza, Adrienne; Mbala-Kingebeni, Placide; Kinganda-Lusamaki, Eddy; Pukuta-Simbu, Elisabeth; Hasivirwe-Vakaniaki, Emmanuel; Ola-Mpumbe, Rilia; Kwete-Mbokama, Papy; Akil-Bandali, Prince; Kacita, Cris; Ponga-Museme, Ange; Mapenzi-Kashali, Nelson; Vakaniaki, Gloria; Kenye, Kelly-Michel; Muyamuna, Elisabeth; Kavira-Bapitani, Sifa; Mukadi, Patrick; OToole, Aine; Tshiani-Mbaya, Olivier; Paku-Tshambu, Princesse; Lokilo-Lofiko, Emmanuel; Muswamba-Kayembe, Chloe; Makangara-Cigolo, Jean-Claude; Cikaya-Kankolongo, Fiston; Luakanda-Ndelemo, Gradi; Lawanga, Leader; Mabika-Bope, Elzedek; Lumembe-Numbi, Raphael; Kabamba-Lungenyi, Gabriel; Citenga, Andre; Kelvin, D. J.; Pratt, Catherine; Ayouba, Ahidjo; Tessema, Sofonias; Mukadi-Bamuleka, Daniel; Jansen, Daan; Halbrook, Megan; Merrit, Sydney; Hensley, Lisa; Delaporte, Eric; Mwamba, Dieudonne; Liesenborghs, Laurens; Hoff, Nicole; Peeters, Martine; Low, Nicola; Rimoin, Anne; Kindrachuk, Jason; Vercauteren, Koen; Rambaut, Andrew; Ahuka-Mundeke, Steve; Muyembe-Tamfum, Jean-Jacques"
PP_004AZ9T,Ib,A.1,Democratic Republic of the Congo,Kinshasa,2025-01-29,187436,0.8678052218712128,2025-10-21,"Wawina-Bokalanga, Tony; Amuri-Aziza, Adrienne; Mbala-Kingebeni, Placide; Kinganda-Lusamaki, Eddy; Pukuta-Simbu, Elisabeth; Hasivirwe-Vakaniaki, Emmanuel; Ola-Mpumbe, Rilia; Kwete-Mbokama, Papy; Akil-Bandali, Prince; Kacita, Cris; Ponga-Museme, Ange; Mapenzi-Kashali, Nelson; Vakaniaki, Gloria; Kenye, Kelly-Michel; Muyamuna, Elisabeth; Kavira-Bapitani, Sifa; Mukadi, Patrick; OToole, Aine; Tshiani-Mbaya, Olivier; Paku-Tshambu, Princesse; Lokilo-Lofiko, Emmanuel; Muswamba-Kayembe, Chloe; Makangara-Cigolo, Jean-Claude; Cikaya-Kankolongo, Fiston; Luakanda-Ndelemo, Gradi; Lawanga, Leader; Mabika-Bope, Elzedek; Lumembe-Numbi, Raphael; Kabamba-Lungenyi, Gabriel; Citenga, Andre; Kelvin, D. J.; Pratt, Catherine; Ayouba, Ahidjo; Tessema, Sofonias; Mukadi-Bamuleka, Daniel; Jansen, Daan; Halbrook, Megan; Merrit, Sydney; Hensley, Lisa; Delaporte, Eric; Mwamba, Dieudonne; Liesenborghs, Laurens; Hoff, Nicole; Peeters, Martine; Low, Nicola; Rimoin, Anne; Kindrachuk, Jason; Vercauteren, Koen; Rambaut, Andrew; Ahuka-Mundeke, Steve; Muyembe-Tamfum, Jean-Jacques"
PP_004AZAR,Ia,None,Democratic Republic of the Congo,Kinshasa,2025-02-01,187466,0.9062010354497004,2025-10-21,"Wawina-Bokalanga, Tony; Amuri-Aziza, Adrienne; Mbala-Kingebeni, Placide; Kinganda-Lusamaki, Eddy; Pukuta-Simbu, Elisabeth; Hasivirwe-Vakaniaki, Emmanuel; Ola-Mpumbe, Rilia; Kwete-Mbokama, Papy; Akil-Bandali, Prince; Kacita, Cris; Ponga-Museme, Ange; Mapenzi-Kashali, Nelson; Vakaniaki, Gloria; Kenye, Kelly-Michel; Muyamuna, Elisabeth; Kavira-Bapitani, Sifa; Mukadi, Patrick; OToole, Aine; Tshiani-Mbaya, Olivier; Paku-Tshambu, Princesse; Lokilo-Lofiko, Emmanuel; Muswamba-Kayembe, Chloe; Makangara-Cigolo, Jean-Claude; Cikaya-Kankolongo, Fiston; Luakanda-Ndelemo, Gradi; Lawanga, Leader; Mabika-Bope, Elzedek; Lumembe-Numbi, Raphael; Kabamba-Lungenyi, Gabriel; Citenga, Andre; Kelvin, D. J.; Pratt, Catherine; Ayouba, Ahidjo; Tessema, Sofonias; Mukadi-Bamuleka, Daniel; Jansen, Daan; Halbrook, Megan; Merrit, Sydney; Hensley, Lisa; Delaporte, Eric; Mwamba, Dieudonne; Liesenborghs, Laurens; Hoff, Nicole; Peeters, Martine; Low, Nicola; Rimoin, Anne; Kindrachuk, Jason; Vercauteren, Koen; Rambaut, Andrew; Ahuka-Mundeke, Steve; Muyembe-Tamfum, Jean-Jacques"
PP_004AZBP,Ia,None,Democratic Republic of the Congo,Kinshasa,2025-02-02,187470,0.5548986101040013,2025-10-21,"Wawina-Bokalanga, Tony; Amuri-Aziza, Adrienne; Mbala-Kingebeni, Placide; Kinganda-Lusamaki, Eddy; Pukuta-Simbu, Elisabeth; Hasivirwe-Vakaniaki, Emmanuel; Ola-Mpumbe, Rilia; Kwete-Mbokama, Papy; Akil-Bandali, Prince; Kacita, Cris; Ponga-Museme, Ange; Mapenzi-Kashali, Nelson; Vakaniaki, Gloria; Kenye, Kelly-Michel; Muyamuna, Elisabeth; Kavira-Bapitani, Sifa; Mukadi, Patrick; OToole, Aine; Tshiani-Mbaya, Olivier; Paku-Tshambu, Princesse; Lokilo-Lofiko, Emmanuel; Muswamba-Kayembe, Chloe; Makangara-Cigolo, Jean-Claude; Cikaya-Kankolongo, Fiston; Luakanda-Ndelemo, Gradi; Lawanga, Leader; Mabika-Bope, Elzedek; Lumembe-Numbi, Raphael; Kabamba-Lungenyi, Gabriel; Citenga, Andre; Kelvin, D. J.; Pratt, Catherine; Ayouba, Ahidjo; Tessema, Sofonias; Mukadi-Bamuleka, Daniel; Jansen, Daan; Halbrook, Megan; Merrit, Sydney; Hensley, Lisa; Delaporte, Eric; Mwamba, Dieudonne; Liesenborghs, Laurens; Hoff, Nicole; Peeters, Martine; Low, Nicola; Rimoin, Anne; Kindrachuk, Jason; Vercauteren, Koen; Rambaut, Andrew; Ahuka-Mundeke, Steve; Muyembe-Tamfum, Jean-Jacques"
PP_004AZCM,Ia,None,Democratic Republic of the Congo,Kinshasa,2025-02-03,187481,0.9123062334883296,2025-10-21,"Wawina-Bokalanga, Tony; Amuri-Aziza, Adrienne; Mbala-Kingebeni, Placide; Kinganda-Lusamaki, Eddy; Pukuta-Simbu, Elisabeth; Hasivirwe-Vakaniaki, Emmanuel; Ola-Mpumbe, Rilia; Kwete-Mbokama, Papy; Akil-Bandali, Prince; Kacita, Cris; Ponga-Museme, Ange; Mapenzi-Kashali, Nelson; Vakaniaki, Gloria; Kenye, Kelly-Michel; Muyamuna, Elisabeth; Kavira-Bapitani, Sifa; Mukadi, Patrick; OToole, Aine; Tshiani-Mbaya, Olivier; Paku-Tshambu, Princesse; Lokilo-Lofiko, Emmanuel; Muswamba-Kayembe, Chloe; Makangara-Cigolo, Jean-Claude; Cikaya-Kankolongo, Fiston; Luakanda-Ndelemo, Gradi; Lawanga, Leader; Mabika-Bope, Elzedek; Lumembe-Numbi, Raphael; Kabamba-Lungenyi, Gabriel; Citenga, Andre; Kelvin, D. J.; Pratt, Catherine; Ayouba, Ahidjo; Tessema, Sofonias; Mukadi-Bamuleka, Daniel; Jansen, Daan; Halbrook, Megan; Merrit, Sydney; Hensley, Lisa; Delaporte, Eric; Mwamba, Dieudonne; Liesenborghs, Laurens; Hoff, Nicole; Peeters, Martine; Low, Nicola; Rimoin, Anne; Kindrachuk, Jason; Vercauteren, Koen; Rambaut, Andrew; Ahuka-Mundeke, Steve; Muyembe-Tamfum, Jean-Jacques"
PP_004AZDK,Ib,A.1,Democratic Republic of the Congo,Kinshasa,2025-02-03,187444,0.903513531329706,2025-10-21,"Wawina-Bokalanga, Tony; Amuri-Aziza, Adrienne; Mbala-Kingebeni, Placide; Kinganda-Lusamaki, Eddy; Pukuta-Simbu, Elisabeth; Hasivirwe-Vakaniaki, Emmanuel; Ola-Mpumbe, Rilia; Kwete-Mbokama, Papy; Akil-Bandali, Prince; Kacita, Cris; Ponga-Museme, Ange; Mapenzi-Kashali, Nelson; Vakaniaki, Gloria; Kenye, Kelly-Michel; Muyamuna, Elisabeth; Kavira-Bapitani, Sifa; Mukadi, Patrick; OToole, Aine; Tshiani-Mbaya, Olivier; Paku-Tshambu, Princesse; Lokilo-Lofiko, Emmanuel; Muswamba-Kayembe, Chloe; Makangara-Cigolo, Jean-Claude; Cikaya-Kankolongo, Fiston; Luakanda-Ndelemo, Gradi; Lawanga, Leader; Mabika-Bope, Elzedek; Lumembe-Numbi, Raphael; Kabamba-Lungenyi, Gabriel; Citenga, Andre; Kelvin, D. J.; Pratt, Catherine; Ayouba, Ahidjo; Tessema, Sofonias; Mukadi-Bamuleka, Daniel; Jansen, Daan; Halbrook, Megan; Merrit, Sydney; Hensley, Lisa; Delaporte, Eric; Mwamba, Dieudonne; Liesenborghs, Laurens; Hoff, Nicole; Peeters, Martine; Low, Nicola; Rimoin, Anne; Kindrachuk, Jason; Vercauteren, Koen; Rambaut, Andrew; Ahuka-Mundeke, Steve; Muyembe-Tamfum, Jean-Jacques"
PP_004AZEH,Ib,A.1,Democratic Republic of the Congo,Kinshasa,2025-01-29,187455,0.8936001906606696,2025-10-21,"Wawina-Bokalanga, Tony; Amuri-Aziza, Adrienne; Mbala-Kingebeni, Placide; Kinganda-Lusamaki, Eddy; Pukuta-Simbu, Elisabeth; Hasivirwe-Vakaniaki, Emmanuel; Ola-Mpumbe, Rilia; Kwete-Mbokama, Papy; Akil-Bandali, Prince; Kacita, Cris; Ponga-Museme, Ange; Mapenzi-Kashali, Nelson; Vakaniaki, Gloria; Kenye, Kelly-Michel; Muyamuna, Elisabeth; Kavira-Bapitani, Sifa; Mukadi, Patrick; OToole, Aine; Tshiani-Mbaya, Olivier; Paku-Tshambu, Princesse; Lokilo-Lofiko, Emmanuel; Muswamba-Kayembe, Chloe; Makangara-Cigolo, Jean-Claude; Cikaya-Kankolongo, Fiston; Luakanda-Ndelemo, Gradi; Lawanga, Leader; Mabika-Bope, Elzedek; Lumembe-Numbi, Raphael; Kabamba-Lungenyi, Gabriel; Citenga, Andre; Kelvin, D. J.; Pratt, Catherine; Ayouba, Ahidjo; Tessema, Sofonias; Mukadi-Bamuleka, Daniel; Jansen, Daan; Halbrook, Megan; Merrit, Sydney; Hensley, Lisa; Delaporte, Eric; Mwamba, Dieudonne; Liesenborghs, Laurens; Hoff, Nicole; Peeters, Martine; Low, Nicola; Rimoin, Anne; Kindrachuk, Jason; Vercauteren, Koen; Rambaut, Andrew; Ahuka-Mundeke, Steve; Muyembe-Tamfum, Jean-Jacques"
PP_004AZFF,Ia,None,Democratic Republic of the Congo,Kinshasa,2025-01-30,187464,0.8868662180732116,2025-10-21,"Wawina-Bokalanga, Tony; Amuri-Aziza, Adrienne; Mbala-Kingebeni, Placide; Kinganda-Lusamaki, Eddy; Pukuta-Simbu, Elisabeth; Hasivirwe-Vakaniaki, Emmanuel; Ola-Mpumbe, Rilia; Kwete-Mbokama, Papy; Akil-Bandali, Prince; Kacita, Cris; Ponga-Museme, Ange; Mapenzi-Kashali, Nelson; Vakaniaki, Gloria; Kenye, Kelly-Michel; Muyamuna, Elisabeth; Kavira-Bapitani, Sifa; Mukadi, Patrick; OToole, Aine; Tshiani-Mbaya, Olivier; Paku-Tshambu, Princesse; Lokilo-Lofiko, Emmanuel; Muswamba-Kayembe, Chloe; Makangara-Cigolo, Jean-Claude; Cikaya-Kankolongo, Fiston; Luakanda-Ndelemo, Gradi; Lawanga, Leader; Mabika-Bope, Elzedek; Lumembe-Numbi, Raphael; Kabamba-Lungenyi, Gabriel; Citenga, Andre; Kelvin, D. J.; Pratt, Catherine; Ayouba, Ahidjo; Tessema, Sofonias; Mukadi-Bamuleka, Daniel; Jansen, Daan; Halbrook, Megan; Merrit, Sydney; Hensley, Lisa; Delaporte, Eric; Mwamba, Dieudonne; Liesenborghs, Laurens; Hoff, Nicole; Peeters, Martine; Low, Nicola; Rimoin, Anne; Kindrachuk, Jason; Vercauteren, Koen; Rambaut, Andrew; Ahuka-Mundeke, Steve; Muyembe-Tamfum, Jean-Jacques"
PP_004AZGD,Ia,None,Democratic Republic of the Congo,Kinshasa,2025-02-03,187458,0.8978342773402836,2025-10-21,"Wawina-Bokalanga, Tony; Amuri-Aziza, Adrienne; Mbala-Kingebeni, Placide; Kinganda-Lusamaki, Eddy; Pukuta-Simbu, Elisabeth; Hasivirwe-Vakaniaki, Emmanuel; Ola-Mpumbe, Rilia; Kwete-Mbokama, Papy; Akil-Bandali, Prince; Kacita, Cris; Ponga-Museme, Ange; Mapenzi-Kashali, Nelson; Vakaniaki, Gloria; Kenye, Kelly-Michel; Muyamuna, Elisabeth; Kavira-Bapitani, Sifa; Mukadi, Patrick; OToole, Aine; Tshiani-Mbaya, Olivier; Paku-Tshambu, Princesse; Lokilo-Lofiko, Emmanuel; Muswamba-Kayembe, Chloe; Makangara-Cigolo, Jean-Claude; Cikaya-Kankolongo, Fiston; Luakanda-Ndelemo, Gradi; Lawanga, Leader; Mabika-Bope, Elzedek; Lumembe-Numbi, Raphael; Kabamba-Lungenyi, Gabriel; Citenga, Andre; Kelvin, D. J.; Pratt, Catherine; Ayouba, Ahidjo; Tessema, Sofonias; Mukadi-Bamuleka, Daniel; Jansen, Daan; Halbrook, Megan; Merrit, Sydney; Hensley, Lisa; Delaporte, Eric; Mwamba, Dieudonne; Liesenborghs, Laurens; Hoff, Nicole; Peeters, Martine; Low, Nicola; Rimoin, Anne; Kindrachuk, Jason; Vercauteren, Koen; Rambaut, Andrew; Ahuka-Mundeke, Steve; Muyembe-Tamfum, Jean-Jacques"
PP_004AZHA,Ib,A.1,Democratic Republic of the Congo,Kinshasa,2025-02-03,187425,0.9059373558001916,2025-10-21,"Wawina-Bokalanga, Tony; Amuri-Aziza, Adrienne; Mbala-Kingebeni, Placide; Kinganda-Lusamaki, Eddy; Pukuta-Simbu, Elisabeth; Hasivirwe-Vakaniaki, Emmanuel; Ola-Mpumbe, Rilia; Kwete-Mbokama, Papy; Akil-Bandali, Prince; Kacita, Cris; Ponga-Museme, Ange; Mapenzi-Kashali, Nelson; Vakaniaki, Gloria; Kenye, Kelly-Michel; Muyamuna, Elisabeth; Kavira-Bapitani, Sifa; Mukadi, Patrick; OToole, Aine; Tshiani-Mbaya, Olivier; Paku-Tshambu, Princesse; Lokilo-Lofiko, Emmanuel; Muswamba-Kayembe, Chloe; Makangara-Cigolo, Jean-Claude; Cikaya-Kankolongo, Fiston; Luakanda-Ndelemo, Gradi; Lawanga, Leader; Mabika-Bope, Elzedek; Lumembe-Numbi, Raphael; Kabamba-Lungenyi, Gabriel; Citenga, Andre; Kelvin, D. J.; Pratt, Catherine; Ayouba, Ahidjo; Tessema, Sofonias; Mukadi-Bamuleka, Daniel; Jansen, Daan; Halbrook, Megan; Merrit, Sydney; Hensley, Lisa; Delaporte, Eric; Mwamba, Dieudonne; Liesenborghs, Laurens; Hoff, Nicole; Peeters, Martine; Low, Nicola; Rimoin, Anne; Kindrachuk, Jason; Vercauteren, Koen; Rambaut, Andrew; Ahuka-Mundeke, Steve; Muyembe-Tamfum, Jean-Jacques"
PP_004AZJ8,Ib,A.1,Democratic Republic of the Congo,Kinshasa,2025-02-03,187423,0.9095933755558824,2025-10-21,"Wawina-Bokalanga, Tony; Amuri-Aziza, Adrienne; Mbala-Kingebeni, Placide; Kinganda-Lusamaki, Eddy; Pukuta-Simbu, Elisabeth; Hasivirwe-Vakaniaki, Emmanuel; Ola-Mpumbe, Rilia; Kwete-Mbokama, Papy; Akil-Bandali, Prince; Kacita, Cris; Ponga-Museme, Ange; Mapenzi-Kashali, Nelson; Vakaniaki, Gloria; Kenye, Kelly-Michel; Muyamuna, Elisabeth; Kavira-Bapitani, Sifa; Mukadi, Patrick; OToole, Aine; Tshiani-Mbaya, Olivier; Paku-Tshambu, Princesse; Lokilo-Lofiko, Emmanuel; Muswamba-Kayembe, Chloe; Makangara-Cigolo, Jean-Claude; Cikaya-Kankolongo, Fiston; Luakanda-Ndelemo, Gradi; Lawanga, Leader; Mabika-Bope, Elzedek; Lumembe-Numbi, Raphael; Kabamba-Lungenyi, Gabriel; Citenga, Andre; Kelvin, D. J.; Pratt, Catherine; Ayouba, Ahidjo; Tessema, Sofonias; Mukadi-Bamuleka, Daniel; Jansen, Daan; Halbrook, Megan; Merrit, Sydney; Hensley, Lisa; Delaporte, Eric; Mwamba, Dieudonne; Liesenborghs, Laurens; Hoff, Nicole; Peeters, Martine; Low, Nicola; Rimoin, Anne; Kindrachuk, Jason; Vercauteren, Koen; Rambaut, Andrew; Ahuka-Mundeke, Steve; Muyembe-Tamfum, Jean-Jacques"
PP_004AZK6,Ib,A.1,Democratic Republic of the Congo,Kinshasa,2025-02-01,187421,0.8856035982130633,2025-10-21,"Wawina-Bokalanga, Tony; Amuri-Aziza, Adrienne; Mbala-Kingebeni, Placide; Kinganda-Lusamaki, Eddy; Pukuta-Simbu, Elisabeth; Hasivirwe-Vakaniaki, Emmanuel; Ola-Mpumbe, Rilia; Kwete-Mbokama, Papy; Akil-Bandali, Prince; Kacita, Cris; Ponga-Museme, Ange; Mapenzi-Kashali, Nelson; Vakaniaki, Gloria; Kenye, Kelly-Michel; Muyamuna, Elisabeth; Kavira-Bapitani, Sifa; Mukadi, Patrick; OToole, Aine; Tshiani-Mbaya, Olivier; Paku-Tshambu, Princesse; Lokilo-Lofiko, Emmanuel; Muswamba-Kayembe, Chloe; Makangara-Cigolo, Jean-Claude; Cikaya-Kankolongo, Fiston; Luakanda-Ndelemo, Gradi; Lawanga, Leader; Mabika-Bope, Elzedek; Lumembe-Numbi, Raphael; Kabamba-Lungenyi, Gabriel; Citenga, Andre; Kelvin, D. J.; Pratt, Catherine; Ayouba, Ahidjo; Tessema, Sofonias; Mukadi-Bamuleka, Daniel; Jansen, Daan; Halbrook, Megan; Merrit, Sydney; Hensley, Lisa; Delaporte, Eric; Mwamba, Dieudonne; Liesenborghs, Laurens; Hoff, Nicole; Peeters, Martine; Low, Nicola; Rimoin, Anne; Kindrachuk, Jason; Vercauteren, Koen; Rambaut, Andrew; Ahuka-Mundeke, Steve; Muyembe-Tamfum, Jean-Jacques"
PP_004AZL4,Ia,None,Democratic Republic of the Congo,Kinshasa,2025-02-01,187878,0.9343133426973416,2025-10-21,"Wawina-Bokalanga, Tony; Amuri-Aziza, Adrienne; Mbala-Kingebeni, Placide; Kinganda-Lusamaki, Eddy; Pukuta-Simbu, Elisabeth; Hasivirwe-Vakaniaki, Emmanuel; Ola-Mpumbe, Rilia; Kwete-Mbokama, Papy; Akil-Bandali, Prince; Kacita, Cris; Ponga-Museme, Ange; Mapenzi-Kashali, Nelson; Vakaniaki, Gloria; Kenye, Kelly-Michel; Muyamuna, Elisabeth; Kavira-Bapitani, Sifa; Mukadi, Patrick; OToole, Aine; Tshiani-Mbaya, Olivier; Paku-Tshambu, Princesse; Lokilo-Lofiko, Emmanuel; Muswamba-Kayembe, Chloe; Makangara-Cigolo, Jean-Claude; Cikaya-Kankolongo, Fiston; Luakanda-Ndelemo, Gradi; Lawanga, Leader; Mabika-Bope, Elzedek; Lumembe-Numbi, Raphael; Kabamba-Lungenyi, Gabriel; Citenga, Andre; Kelvin, D. J.; Pratt, Catherine; Ayouba, Ahidjo; Tessema, Sofonias; Mukadi-Bamuleka, Daniel; Jansen, Daan; Halbrook, Megan; Merrit, Sydney; Hensley, Lisa; Delaporte, Eric; Mwamba, Dieudonne; Liesenborghs, Laurens; Hoff, Nicole; Peeters, Martine; Low, Nicola; Rimoin, Anne; Kindrachuk, Jason; Vercauteren, Koen; Rambaut, Andrew; Ahuka-Mundeke, Steve; Muyembe-Tamfum, Jean-Jacques"
PP_004AZM2,Ia,None,Democratic Republic of the Congo,Kinshasa,2025-02-03,187456,0.8876369739717761,2025-10-21,"Wawina-Bokalanga, Tony; Amuri-Aziza, Adrienne; Mbala-Kingebeni, Placide; Kinganda-Lusamaki, Eddy; Pukuta-Simbu, Elisabeth; Hasivirwe-Vakaniaki, Emmanuel; Ola-Mpumbe, Rilia; Kwete-Mbokama, Papy; Akil-Bandali, Prince; Kacita, Cris; Ponga-Museme, Ange; Mapenzi-Kashali, Nelson; Vakaniaki, Gloria; Kenye, Kelly-Michel; Muyamuna, Elisabeth; Kavira-Bapitani, Sifa; Mukadi, Patrick; OToole, Aine; Tshiani-Mbaya, Olivier; Paku-Tshambu, Princesse; Lokilo-Lofiko, Emmanuel; Muswamba-Kayembe, Chloe; Makangara-Cigolo, Jean-Claude; Cikaya-Kankolongo, Fiston; Luakanda-Ndelemo, Gradi; Lawanga, Leader; Mabika-Bope, Elzedek; Lumembe-Numbi, Raphael; Kabamba-Lungenyi, Gabriel; Citenga, Andre; Kelvin, D. J.; Pratt, Catherine; Ayouba, Ahidjo; Tessema, Sofonias; Mukadi-Bamuleka, Daniel; Jansen, Daan; Halbrook, Megan; Merrit, Sydney; Hensley, Lisa; Delaporte, Eric; Mwamba, Dieudonne; Liesenborghs, Laurens; Hoff, Nicole; Peeters, Martine; Low, Nicola; Rimoin, Anne; Kindrachuk, Jason; Vercauteren, Koen; Rambaut, Andrew; Ahuka-Mundeke, Steve; Muyembe-Tamfum, Jean-Jacques"
PP_004AZN0,Ib,A.1,Democratic Republic of the Congo,Kinshasa,2025-02-03,187418,0.8912574983900329,2025-10-21,"Wawina-Bokalanga, Tony; Amuri-Aziza, Adrienne; Mbala-Kingebeni, Placide; Kinganda-Lusamaki, Eddy; Pukuta-Simbu, Elisabeth; Hasivirwe-Vakaniaki, Emmanuel; Ola-Mpumbe, Rilia; Kwete-Mbokama, Papy; Akil-Bandali, Prince; Kacita, Cris; Ponga-Museme, Ange; Mapenzi-Kashali, Nelson; Vakaniaki, Gloria; Kenye, Kelly-Michel; Muyamuna, Elisabeth; Kavira-Bapitani, Sifa; Mukadi, Patrick; OToole, Aine; Tshiani-Mbaya, Olivier; Paku-Tshambu, Princesse; Lokilo-Lofiko, Emmanuel; Muswamba-Kayembe, Chloe; Makangara-Cigolo, Jean-Claude; Cikaya-Kankolongo, Fiston; Luakanda-Ndelemo, Gradi; Lawanga, Leader; Mabika-Bope, Elzedek; Lumembe-Numbi, Raphael; Kabamba-Lungenyi, Gabriel; Citenga, Andre; Kelvin, D. J.; Pratt, Catherine; Ayouba, Ahidjo; Tessema, Sofonias; Mukadi-Bamuleka, Daniel; Jansen, Daan; Halbrook, Megan; Merrit, Sydney; Hensley, Lisa; Delaporte, Eric; Mwamba, Dieudonne; Liesenborghs, Laurens; Hoff, Nicole; Peeters, Martine; Low, Nicola; Rimoin, Anne; Kindrachuk, Jason; Vercauteren, Koen; Rambaut, Andrew; Ahuka-Mundeke, Steve; Muyembe-Tamfum, Jean-Jacques"
PP_004AZPY,Ib,A.1,Democratic Republic of the Congo,Kinshasa,2025-01-27,187433,0.9015815708208044,2025-10-21,"Wawina-Bokalanga, Tony; Amuri-Aziza, Adrienne; Mbala-Kingebeni, Placide; Kinganda-Lusamaki, Eddy; Pukuta-Simbu, Elisabeth; Hasivirwe-Vakaniaki, Emmanuel; Ola-Mpumbe, Rilia; Kwete-Mbokama, Papy; Akil-Bandali, Prince; Kacita, Cris; Ponga-Museme, Ange; Mapenzi-Kashali, Nelson; Vakaniaki, Gloria; Kenye, Kelly-Michel; Muyamuna, Elisabeth; Kavira-Bapitani, Sifa; Mukadi, Patrick; OToole, Aine; Tshiani-Mbaya, Olivier; Paku-Tshambu, Princesse; Lokilo-Lofiko, Emmanuel; Muswamba-Kayembe, Chloe; Makangara-Cigolo, Jean-Claude; Cikaya-Kankolongo, Fiston; Luakanda-Ndelemo, Gradi; Lawanga, Leader; Mabika-Bope, Elzedek; Lumembe-Numbi, Raphael; Kabamba-Lungenyi, Gabriel; Citenga, Andre; Kelvin, D. J.; Pratt, Catherine; Ayouba, Ahidjo; Tessema, Sofonias; Mukadi-Bamuleka, Daniel; Jansen, Daan; Halbrook, Megan; Merrit, Sydney; Hensley, Lisa; Delaporte, Eric; Mwamba, Dieudonne; Liesenborghs, Laurens; Hoff, Nicole; Peeters, Martine; Low, Nicola; Rimoin, Anne; Kindrachuk, Jason; Vercauteren, Koen; Rambaut, Andrew; Ahuka-Mundeke, Steve; Muyembe-Tamfum, Jean-Jacques"
PP_004AZQW,Ia,None,Democratic Republic of the Congo,Kinshasa,2025-02-01,187457,0.9045479668777794,2025-10-21,"Wawina-Bokalanga, Tony; Amuri-Aziza, Adrienne; Mbala-Kingebeni, Placide; Kinganda-Lusamaki, Eddy; Pukuta-Simbu, Elisabeth; Hasivirwe-Vakaniaki, Emmanuel; Ola-Mpumbe, Rilia; Kwete-Mbokama, Papy; Akil-Bandali, Prince; Kacita, Cris; Ponga-Museme, Ange; Mapenzi-Kashali, Nelson; Vakaniaki, Gloria; Kenye, Kelly-Michel; Muyamuna, Elisabeth; Kavira-Bapitani, Sifa; Mukadi, Patrick; OToole, Aine; Tshiani-Mbaya, Olivier; Paku-Tshambu, Princesse; Lokilo-Lofiko, Emmanuel; Muswamba-Kayembe, Chloe; Makangara-Cigolo, Jean-Claude; Cikaya-Kankolongo, Fiston; Luakanda-Ndelemo, Gradi; Lawanga, Leader; Mabika-Bope, Elzedek; Lumembe-Numbi, Raphael; Kabamba-Lungenyi, Gabriel; Citenga, Andre; Kelvin, D. J.; Pratt, Catherine; Ayouba, Ahidjo; Tessema, Sofonias; Mukadi-Bamuleka, Daniel; Jansen, Daan; Halbrook, Megan; Merrit, Sydney; Hensley, Lisa; Delaporte, Eric; Mwamba, Dieudonne; Liesenborghs, Laurens; Hoff, Nicole; Peeters, Martine; Low, Nicola; Rimoin, Anne; Kindrachuk, Jason; Vercauteren, Koen; Rambaut, Andrew; Ahuka-Mundeke, Steve; Muyembe-Tamfum, Jean-Jacques"
PP_004AZRU,Ia,None,Democratic Republic of the Congo,Kinshasa,2025-01-31,187464,0.9142736893346652,2025-10-21,"Wawina-Bokalanga, Tony; Amuri-Aziza, Adrienne; Mbala-Kingebeni, Placide; Kinganda-Lusamaki, Eddy; Pukuta-Simbu, Elisabeth; Hasivirwe-Vakaniaki, Emmanuel; Ola-Mpumbe, Rilia; Kwete-Mbokama, Papy; Akil-Bandali, Prince; Kacita, Cris; Ponga-Museme, Ange; Mapenzi-Kashali, Nelson; Vakaniaki, Gloria; Kenye, Kelly-Michel; Muyamuna, Elisabeth; Kavira-Bapitani, Sifa; Mukadi, Patrick; OToole, Aine; Tshiani-Mbaya, Olivier; Paku-Tshambu, Princesse; Lokilo-Lofiko, Emmanuel; Muswamba-Kayembe, Chloe; Makangara-Cigolo, Jean-Claude; Cikaya-Kankolongo, Fiston; Luakanda-Ndelemo, Gradi; Lawanga, Leader; Mabika-Bope, Elzedek; Lumembe-Numbi, Raphael; Kabamba-Lungenyi, Gabriel; Citenga, Andre; Kelvin, D. J.; Pratt, Catherine; Ayouba, Ahidjo; Tessema, Sofonias; Mukadi-Bamuleka, Daniel; Jansen, Daan; Halbrook, Megan; Merrit, Sydney; Hensley, Lisa; Delaporte, Eric; Mwamba, Dieudonne; Liesenborghs, Laurens; Hoff, Nicole; Peeters, Martine; Low, Nicola; Rimoin, Anne; Kindrachuk, Jason; Vercauteren, Koen; Rambaut, Andrew; Ahuka-Mundeke, Steve; Muyembe-Tamfum, Jean-Jacques"
PP_004AZSS,Ib,A.1,Democratic Republic of the Congo,Kinshasa,2025-01-31,187428,0.9012976081213332,2025-10-21,"Wawina-Bokalanga, Tony; Amuri-Aziza, Adrienne; Mbala-Kingebeni, Placide; Kinganda-Lusamaki, Eddy; Pukuta-Simbu, Elisabeth; Hasivirwe-Vakaniaki, Emmanuel; Ola-Mpumbe, Rilia; Kwete-Mbokama, Papy; Akil-Bandali, Prince; Kacita, Cris; Ponga-Museme, Ange; Mapenzi-Kashali, Nelson; Vakaniaki, Gloria; Kenye, Kelly-Michel; Muyamuna, Elisabeth; Kavira-Bapitani, Sifa; Mukadi, Patrick; OToole, Aine; Tshiani-Mbaya, Olivier; Paku-Tshambu, Princesse; Lokilo-Lofiko, Emmanuel; Muswamba-Kayembe, Chloe; Makangara-Cigolo, Jean-Claude; Cikaya-Kankolongo, Fiston; Luakanda-Ndelemo, Gradi; Lawanga, Leader; Mabika-Bope, Elzedek; Lumembe-Numbi, Raphael; Kabamba-Lungenyi, Gabriel; Citenga, Andre; Kelvin, D. J.; Pratt, Catherine; Ayouba, Ahidjo; Tessema, Sofonias; Mukadi-Bamuleka, Daniel; Jansen, Daan; Halbrook, Megan; Merrit, Sydney; Hensley, Lisa; Delaporte, Eric; Mwamba, Dieudonne; Liesenborghs, Laurens; Hoff, Nicole; Peeters, Martine; Low, Nicola; Rimoin, Anne; Kindrachuk, Jason; Vercauteren, Koen; Rambaut, Andrew; Ahuka-Mundeke, Steve; Muyembe-Tamfum, Jean-Jacques"
PP_004AZTQ,Ib,A.1,Democratic Republic of the Congo,Kinshasa,2025-02-04,195892,0.8863388587741938,2025-10-21,"Wawina-Bokalanga, Tony; Amuri-Aziza, Adrienne; Mbala-Kingebeni, Placide; Kinganda-Lusamaki, Eddy; Pukuta-Simbu, Elisabeth; Hasivirwe-Vakaniaki, Emmanuel; Ola-Mpumbe, Rilia; Kwete-Mbokama, Papy; Akil-Bandali, Prince; Kacita, Cris; Ponga-Museme, Ange; Mapenzi-Kashali, Nelson; Vakaniaki, Gloria; Kenye, Kelly-Michel; Muyamuna, Elisabeth; Kavira-Bapitani, Sifa; Mukadi, Patrick; OToole, Aine; Tshiani-Mbaya, Olivier; Paku-Tshambu, Princesse; Lokilo-Lofiko, Emmanuel; Muswamba-Kayembe, Chloe; Makangara-Cigolo, Jean-Claude; Cikaya-Kankolongo, Fiston; Luakanda-Ndelemo, Gradi; Lawanga, Leader; Mabika-Bope, Elzedek; Lumembe-Numbi, Raphael; Kabamba-Lungenyi, Gabriel; Citenga, Andre; Kelvin, D. J.; Pratt, Catherine; Ayouba, Ahidjo; Tessema, Sofonias; Mukadi-Bamuleka, Daniel; Jansen, Daan; Halbrook, Megan; Merrit, Sydney; Hensley, Lisa; Delaporte, Eric; Mwamba, Dieudonne; Liesenborghs, Laurens; Hoff, Nicole; Peeters, Martine; Low, Nicola; Rimoin, Anne; Kindrachuk, Jason; Vercauteren, Koen; Rambaut, Andrew; Ahuka-Mundeke, Steve; Muyembe-Tamfum, Jean-Jacques"
PP_004AZUN,Ib,A.1,Democratic Republic of the Congo,Kinshasa,2025-02-04,187424,0.9176964540157904,2025-10-21,"Wawina-Bokalanga, Tony; Amuri-Aziza, Adrienne; Mbala-Kingebeni, Placide; Kinganda-Lusamaki, Eddy; Pukuta-Simbu, Elisabeth; Hasivirwe-Vakaniaki, Emmanuel; Ola-Mpumbe, Rilia; Kwete-Mbokama, Papy; Akil-Bandali, Prince; Kacita, Cris; Ponga-Museme, Ange; Mapenzi-Kashali, Nelson; Vakaniaki, Gloria; Kenye, Kelly-Michel; Muyamuna, Elisabeth; Kavira-Bapitani, Sifa; Mukadi, Patrick; OToole, Aine; Tshiani-Mbaya, Olivier; Paku-Tshambu, Princesse; Lokilo-Lofiko, Emmanuel; Muswamba-Kayembe, Chloe; Makangara-Cigolo, Jean-Claude; Cikaya-Kankolongo, Fiston; Luakanda-Ndelemo, Gradi; Lawanga, Leader; Mabika-Bope, Elzedek; Lumembe-Numbi, Raphael; Kabamba-Lungenyi, Gabriel; Citenga, Andre; Kelvin, D. J.; Pratt, Catherine; Ayouba, Ahidjo; Tessema, Sofonias; Mukadi-Bamuleka, Daniel; Jansen, Daan; Halbrook, Megan; Merrit, Sydney; Hensley, Lisa; Delaporte, Eric; Mwamba, Dieudonne; Liesenborghs, Laurens; Hoff, Nicole; Peeters, Martine; Low, Nicola; Rimoin, Anne; Kindrachuk, Jason; Vercauteren, Koen; Rambaut, Andrew; Ahuka-Mundeke, Steve; Muyembe-Tamfum, Jean-Jacques"
PP_004AZVL,Ib,A.1,Democratic Republic of the Congo,Kinshasa,2025-02-05,187433,0.9161650837436426,2025-10-21,"Wawina-Bokalanga, Tony; Amuri-Aziza, Adrienne; Mbala-Kingebeni, Placide; Kinganda-Lusamaki, Eddy; Pukuta-Simbu, Elisabeth; Hasivirwe-Vakaniaki, Emmanuel; Ola-Mpumbe, Rilia; Kwete-Mbokama, Papy; Akil-Bandali, Prince; Kacita, Cris; Ponga-Museme, Ange; Mapenzi-Kashali, Nelson; Vakaniaki, Gloria; Kenye, Kelly-Michel; Muyamuna, Elisabeth; Kavira-Bapitani, Sifa; Mukadi, Patrick; OToole, Aine; Tshiani-Mbaya, Olivier; Paku-Tshambu, Princesse; Lokilo-Lofiko, Emmanuel; Muswamba-Kayembe, Chloe; Makangara-Cigolo, Jean-Claude; Cikaya-Kankolongo, Fiston; Luakanda-Ndelemo, Gradi; Lawanga, Leader; Mabika-Bope, Elzedek; Lumembe-Numbi, Raphael; Kabamba-Lungenyi, Gabriel; Citenga, Andre; Kelvin, D. J.; Pratt, Catherine; Ayouba, Ahidjo; Tessema, Sofonias; Mukadi-Bamuleka, Daniel; Jansen, Daan; Halbrook, Megan; Merrit, Sydney; Hensley, Lisa; Delaporte, Eric; Mwamba, Dieudonne; Liesenborghs, Laurens; Hoff, Nicole; Peeters, Martine; Low, Nicola; Rimoin, Anne; Kindrachuk, Jason; Vercauteren, Koen; Rambaut, Andrew; Ahuka-Mundeke, Steve; Muyembe-Tamfum, Jean-Jacques"
PP_004AZWJ,Ib,A.1,Democratic Republic of the Congo,Kinshasa,2025-02-05,187428,0.9037315741168,2025-10-21,"Wawina-Bokalanga, Tony; Amuri-Aziza, Adrienne; Mbala-Kingebeni, Placide; Kinganda-Lusamaki, Eddy; Pukuta-Simbu, Elisabeth; Hasivirwe-Vakaniaki, Emmanuel; Ola-Mpumbe, Rilia; Kwete-Mbokama, Papy; Akil-Bandali, Prince; Kacita, Cris; Ponga-Museme, Ange; Mapenzi-Kashali, Nelson; Vakaniaki, Gloria; Kenye, Kelly-Michel; Muyamuna, Elisabeth; Kavira-Bapitani, Sifa; Mukadi, Patrick; OToole, Aine; Tshiani-Mbaya, Olivier; Paku-Tshambu, Princesse; Lokilo-Lofiko, Emmanuel; Muswamba-Kayembe, Chloe; Makangara-Cigolo, Jean-Claude; Cikaya-Kankolongo, Fiston; Luakanda-Ndelemo, Gradi; Lawanga, Leader; Mabika-Bope, Elzedek; Lumembe-Numbi, Raphael; Kabamba-Lungenyi, Gabriel; Citenga, Andre; Kelvin, D. J.; Pratt, Catherine; Ayouba, Ahidjo; Tessema, Sofonias; Mukadi-Bamuleka, Daniel; Jansen, Daan; Halbrook, Megan; Merrit, Sydney; Hensley, Lisa; Delaporte, Eric; Mwamba, Dieudonne; Liesenborghs, Laurens; Hoff, Nicole; Peeters, Martine; Low, Nicola; Rimoin, Anne; Kindrachuk, Jason; Vercauteren, Koen; Rambaut, Andrew; Ahuka-Mundeke, Steve; Muyembe-Tamfum, Jean-Jacques"
PP_004AZXG,Ib,A.1,Democratic Republic of the Congo,Kinshasa,2025-02-04,187437,0.9119969169764056,2025-10-21,"Wawina-Bokalanga, Tony; Amuri-Aziza, Adrienne; Mbala-Kingebeni, Placide; Kinganda-Lusamaki, Eddy; Pukuta-Simbu, Elisabeth; Hasivirwe-Vakaniaki, Emmanuel; Ola-Mpumbe, Rilia; Kwete-Mbokama, Papy; Akil-Bandali, Prince; Kacita, Cris; Ponga-Museme, Ange; Mapenzi-Kashali, Nelson; Vakaniaki, Gloria; Kenye, Kelly-Michel; Muyamuna, Elisabeth; Kavira-Bapitani, Sifa; Mukadi, Patrick; OToole, Aine; Tshiani-Mbaya, Olivier; Paku-Tshambu, Princesse; Lokilo-Lofiko, Emmanuel; Muswamba-Kayembe, Chloe; Makangara-Cigolo, Jean-Claude; Cikaya-Kankolongo, Fiston; Luakanda-Ndelemo, Gradi; Lawanga, Leader; Mabika-Bope, Elzedek; Lumembe-Numbi, Raphael; Kabamba-Lungenyi, Gabriel; Citenga, Andre; Kelvin, D. J.; Pratt, Catherine; Ayouba, Ahidjo; Tessema, Sofonias; Mukadi-Bamuleka, Daniel; Jansen, Daan; Halbrook, Megan; Merrit, Sydney; Hensley, Lisa; Delaporte, Eric; Mwamba, Dieudonne; Liesenborghs, Laurens; Hoff, Nicole; Peeters, Martine; Low, Nicola; Rimoin, Anne; Kindrachuk, Jason; Vercauteren, Koen; Rambaut, Andrew; Ahuka-Mundeke, Steve; Muyembe-Tamfum, Jean-Jacques"
PP_004AZYE,Ib,A.1,Democratic Republic of the Congo,Kinshasa,2025-02-04,187433,0.914207769422288,2025-10-21,"Wawina-Bokalanga, Tony; Amuri-Aziza, Adrienne; Mbala-Kingebeni, Placide; Kinganda-Lusamaki, Eddy; Pukuta-Simbu, Elisabeth; Hasivirwe-Vakaniaki, Emmanuel; Ola-Mpumbe, Rilia; Kwete-Mbokama, Papy; Akil-Bandali, Prince; Kacita, Cris; Ponga-Museme, Ange; Mapenzi-Kashali, Nelson; Vakaniaki, Gloria; Kenye, Kelly-Michel; Muyamuna, Elisabeth; Kavira-Bapitani, Sifa; Mukadi, Patrick; OToole, Aine; Tshiani-Mbaya, Olivier; Paku-Tshambu, Princesse; Lokilo-Lofiko, Emmanuel; Muswamba-Kayembe, Chloe; Makangara-Cigolo, Jean-Claude; Cikaya-Kankolongo, Fiston; Luakanda-Ndelemo, Gradi; Lawanga, Leader; Mabika-Bope, Elzedek; Lumembe-Numbi, Raphael; Kabamba-Lungenyi, Gabriel; Citenga, Andre; Kelvin, D. J.; Pratt, Catherine; Ayouba, Ahidjo; Tessema, Sofonias; Mukadi-Bamuleka, Daniel; Jansen, Daan; Halbrook, Megan; Merrit, Sydney; Hensley, Lisa; Delaporte, Eric; Mwamba, Dieudonne; Liesenborghs, Laurens; Hoff, Nicole; Peeters, Martine; Low, Nicola; Rimoin, Anne; Kindrachuk, Jason; Vercauteren, Koen; Rambaut, Andrew; Ahuka-Mundeke, Steve; Muyembe-Tamfum, Jean-Jacques"
PP_004AZZC,Ia,None,Democratic Republic of the Congo,Kinshasa,2025-02-05,187488,0.9287304331952396,2025-10-21,"Wawina-Bokalanga, Tony; Amuri-Aziza, Adrienne; Mbala-Kingebeni, Placide; Kinganda-Lusamaki, Eddy; Pukuta-Simbu, Elisabeth; Hasivirwe-Vakaniaki, Emmanuel; Ola-Mpumbe, Rilia; Kwete-Mbokama, Papy; Akil-Bandali, Prince; Kacita, Cris; Ponga-Museme, Ange; Mapenzi-Kashali, Nelson; Vakaniaki, Gloria; Kenye, Kelly-Michel; Muyamuna, Elisabeth; Kavira-Bapitani, Sifa; Mukadi, Patrick; OToole, Aine; Tshiani-Mbaya, Olivier; Paku-Tshambu, Princesse; Lokilo-Lofiko, Emmanuel; Muswamba-Kayembe, Chloe; Makangara-Cigolo, Jean-Claude; Cikaya-Kankolongo, Fiston; Luakanda-Ndelemo, Gradi; Lawanga, Leader; Mabika-Bope, Elzedek; Lumembe-Numbi, Raphael; Kabamba-Lungenyi, Gabriel; Citenga, Andre; Kelvin, D. J.; Pratt, Catherine; Ayouba, Ahidjo; Tessema, Sofonias; Mukadi-Bamuleka, Daniel; Jansen, Daan; Halbrook, Megan; Merrit, Sydney; Hensley, Lisa; Delaporte, Eric; Mwamba, Dieudonne; Liesenborghs, Laurens; Hoff, Nicole; Peeters, Martine; Low, Nicola; Rimoin, Anne; Kindrachuk, Jason; Vercauteren, Koen; Rambaut, Andrew; Ahuka-Mundeke, Steve; Muyembe-Tamfum, Jean-Jacques"
PP_004B008,Ia,None,Democratic Republic of the Congo,Kinshasa,2025-02-05,187457,0.9171690947167724,2025-10-21,"Wawina-Bokalanga, Tony; Amuri-Aziza, Adrienne; Mbala-Kingebeni, Placide; Kinganda-Lusamaki, Eddy; Pukuta-Simbu, Elisabeth; Hasivirwe-Vakaniaki, Emmanuel; Ola-Mpumbe, Rilia; Kwete-Mbokama, Papy; Akil-Bandali, Prince; Kacita, Cris; Ponga-Museme, Ange; Mapenzi-Kashali, Nelson; Vakaniaki, Gloria; Kenye, Kelly-Michel; Muyamuna, Elisabeth; Kavira-Bapitani, Sifa; Mukadi, Patrick; OToole, Aine; Tshiani-Mbaya, Olivier; Paku-Tshambu, Princesse; Lokilo-Lofiko, Emmanuel; Muswamba-Kayembe, Chloe; Makangara-Cigolo, Jean-Claude; Cikaya-Kankolongo, Fiston; Luakanda-Ndelemo, Gradi; Lawanga, Leader; Mabika-Bope, Elzedek; Lumembe-Numbi, Raphael; Kabamba-Lungenyi, Gabriel; Citenga, Andre; Kelvin, D. J.; Pratt, Catherine; Ayouba, Ahidjo; Tessema, Sofonias; Mukadi-Bamuleka, Daniel; Jansen, Daan; Halbrook, Megan; Merrit, Sydney; Hensley, Lisa; Delaporte, Eric; Mwamba, Dieudonne; Liesenborghs, Laurens; Hoff, Nicole; Peeters, Martine; Low, Nicola; Rimoin, Anne; Kindrachuk, Jason; Vercauteren, Koen; Rambaut, Andrew; Ahuka-Mundeke, Steve; Muyembe-Tamfum, Jean-Jacques"
PP_004B016,Ia,None,Democratic Republic of the Congo,Kinshasa,2025-02-06,187449,0.6861552971720357,2025-10-21,"Wawina-Bokalanga, Tony; Amuri-Aziza, Adrienne; Mbala-Kingebeni, Placide; Kinganda-Lusamaki, Eddy; Pukuta-Simbu, Elisabeth; Hasivirwe-Vakaniaki, Emmanuel; Ola-Mpumbe, Rilia; Kwete-Mbokama, Papy; Akil-Bandali, Prince; Kacita, Cris; Ponga-Museme, Ange; Mapenzi-Kashali, Nelson; Vakaniaki, Gloria; Kenye, Kelly-Michel; Muyamuna, Elisabeth; Kavira-Bapitani, Sifa; Mukadi, Patrick; OToole, Aine; Tshiani-Mbaya, Olivier; Paku-Tshambu, Princesse; Lokilo-Lofiko, Emmanuel; Muswamba-Kayembe, Chloe; Makangara-Cigolo, Jean-Claude; Cikaya-Kankolongo, Fiston; Luakanda-Ndelemo, Gradi; Lawanga, Leader; Mabika-Bope, Elzedek; Lumembe-Numbi, Raphael; Kabamba-Lungenyi, Gabriel; Citenga, Andre; Kelvin, D. J.; Pratt, Catherine; Ayouba, Ahidjo; Tessema, Sofonias; Mukadi-Bamuleka, Daniel; Jansen, Daan; Halbrook, Megan; Merrit, Sydney; Hensley, Lisa; Delaporte, Eric; Mwamba, Dieudonne; Liesenborghs, Laurens; Hoff, Nicole; Peeters, Martine; Low, Nicola; Rimoin, Anne; Kindrachuk, Jason; Vercauteren, Koen; Rambaut, Andrew; Ahuka-Mundeke, Steve; Muyembe-Tamfum, Jean-Jacques"
PP_004B024,Ia,None,Democratic Republic of the Congo,Kinshasa,2025-02-06,187460,0.8760452109183658,2025-10-21,"Wawina-Bokalanga, Tony; Amuri-Aziza, Adrienne; Mbala-Kingebeni, Placide; Kinganda-Lusamaki, Eddy; Pukuta-Simbu, Elisabeth; Hasivirwe-Vakaniaki, Emmanuel; Ola-Mpumbe, Rilia; Kwete-Mbokama, Papy; Akil-Bandali, Prince; Kacita, Cris; Ponga-Museme, Ange; Mapenzi-Kashali, Nelson; Vakaniaki, Gloria; Kenye, Kelly-Michel; Muyamuna, Elisabeth; Kavira-Bapitani, Sifa; Mukadi, Patrick; OToole, Aine; Tshiani-Mbaya, Olivier; Paku-Tshambu, Princesse; Lokilo-Lofiko, Emmanuel; Muswamba-Kayembe, Chloe; Makangara-Cigolo, Jean-Claude; Cikaya-Kankolongo, Fiston; Luakanda-Ndelemo, Gradi; Lawanga, Leader; Mabika-Bope, Elzedek; Lumembe-Numbi, Raphael; Kabamba-Lungenyi, Gabriel; Citenga, Andre; Kelvin, D. J.; Pratt, Catherine; Ayouba, Ahidjo; Tessema, Sofonias; Mukadi-Bamuleka, Daniel; Jansen, Daan; Halbrook, Megan; Merrit, Sydney; Hensley, Lisa; Delaporte, Eric; Mwamba, Dieudonne; Liesenborghs, Laurens; Hoff, Nicole; Peeters, Martine; Low, Nicola; Rimoin, Anne; Kindrachuk, Jason; Vercauteren, Koen; Rambaut, Andrew; Ahuka-Mundeke, Steve; Muyembe-Tamfum, Jean-Jacques"
PP_004B032,Ia,None,Democratic Republic of the Congo,Kinshasa,2025-02-06,187446,0.8150794334944146,2025-10-21,"Wawina-Bokalanga, Tony; Amuri-Aziza, Adrienne; Mbala-Kingebeni, Placide; Kinganda-Lusamaki, Eddy; Pukuta-Simbu, Elisabeth; Hasivirwe-Vakaniaki, Emmanuel; Ola-Mpumbe, Rilia; Kwete-Mbokama, Papy; Akil-Bandali, Prince; Kacita, Cris; Ponga-Museme, Ange; Mapenzi-Kashali, Nelson; Vakaniaki, Gloria; Kenye, Kelly-Michel; Muyamuna, Elisabeth; Kavira-Bapitani, Sifa; Mukadi, Patrick; OToole, Aine; Tshiani-Mbaya, Olivier; Paku-Tshambu, Princesse; Lokilo-Lofiko, Emmanuel; Muswamba-Kayembe, Chloe; Makangara-Cigolo, Jean-Claude; Cikaya-Kankolongo, Fiston; Luakanda-Ndelemo, Gradi; Lawanga, Leader; Mabika-Bope, Elzedek; Lumembe-Numbi, Raphael; Kabamba-Lungenyi, Gabriel; Citenga, Andre; Kelvin, D. J.; Pratt, Catherine; Ayouba, Ahidjo; Tessema, Sofonias; Mukadi-Bamuleka, Daniel; Jansen, Daan; Halbrook, Megan; Merrit, Sydney; Hensley, Lisa; Delaporte, Eric; Mwamba, Dieudonne; Liesenborghs, Laurens; Hoff, Nicole; Peeters, Martine; Low, Nicola; Rimoin, Anne; Kindrachuk, Jason; Vercauteren, Koen; Rambaut, Andrew; Ahuka-Mundeke, Steve; Muyembe-Tamfum, Jean-Jacques"
PP_004B040,Ia,None,Democratic Republic of the Congo,Kinshasa,2025-02-07,187460,0.88548189991329,2025-10-21,"Wawina-Bokalanga, Tony; Amuri-Aziza, Adrienne; Mbala-Kingebeni, Placide; Kinganda-Lusamaki, Eddy; Pukuta-Simbu, Elisabeth; Hasivirwe-Vakaniaki, Emmanuel; Ola-Mpumbe, Rilia; Kwete-Mbokama, Papy; Akil-Bandali, Prince; Kacita, Cris; Ponga-Museme, Ange; Mapenzi-Kashali, Nelson; Vakaniaki, Gloria; Kenye, Kelly-Michel; Muyamuna, Elisabeth; Kavira-Bapitani, Sifa; Mukadi, Patrick; OToole, Aine; Tshiani-Mbaya, Olivier; Paku-Tshambu, Princesse; Lokilo-Lofiko, Emmanuel; Muswamba-Kayembe, Chloe; Makangara-Cigolo, Jean-Claude; Cikaya-Kankolongo, Fiston; Luakanda-Ndelemo, Gradi; Lawanga, Leader; Mabika-Bope, Elzedek; Lumembe-Numbi, Raphael; Kabamba-Lungenyi, Gabriel; Citenga, Andre; Kelvin, D. J.; Pratt, Catherine; Ayouba, Ahidjo; Tessema, Sofonias; Mukadi-Bamuleka, Daniel; Jansen, Daan; Halbrook, Megan; Merrit, Sydney; Hensley, Lisa; Delaporte, Eric; Mwamba, Dieudonne; Liesenborghs, Laurens; Hoff, Nicole; Peeters, Martine; Low, Nicola; Rimoin, Anne; Kindrachuk, Jason; Vercauteren, Koen; Rambaut, Andrew; Ahuka-Mundeke, Steve; Muyembe-Tamfum, Jean-Jacques"
PP_004B05Y,Ia,None,Democratic Republic of the Congo,Kinshasa,2025-02-07,187457,0.867105456647516,2025-10-21,"Wawina-Bokalanga, Tony; Amuri-Aziza, Adrienne; Mbala-Kingebeni, Placide; Kinganda-Lusamaki, Eddy; Pukuta-Simbu, Elisabeth; Hasivirwe-Vakaniaki, Emmanuel; Ola-Mpumbe, Rilia; Kwete-Mbokama, Papy; Akil-Bandali, Prince; Kacita, Cris; Ponga-Museme, Ange; Mapenzi-Kashali, Nelson; Vakaniaki, Gloria; Kenye, Kelly-Michel; Muyamuna, Elisabeth; Kavira-Bapitani, Sifa; Mukadi, Patrick; OToole, Aine; Tshiani-Mbaya, Olivier; Paku-Tshambu, Princesse; Lokilo-Lofiko, Emmanuel; Muswamba-Kayembe, Chloe; Makangara-Cigolo, Jean-Claude; Cikaya-Kankolongo, Fiston; Luakanda-Ndelemo, Gradi; Lawanga, Leader; Mabika-Bope, Elzedek; Lumembe-Numbi, Raphael; Kabamba-Lungenyi, Gabriel; Citenga, Andre; Kelvin, D. J.; Pratt, Catherine; Ayouba, Ahidjo; Tessema, Sofonias; Mukadi-Bamuleka, Daniel; Jansen, Daan; Halbrook, Megan; Merrit, Sydney; Hensley, Lisa; Delaporte, Eric; Mwamba, Dieudonne; Liesenborghs, Laurens; Hoff, Nicole; Peeters, Martine; Low, Nicola; Rimoin, Anne; Kindrachuk, Jason; Vercauteren, Koen; Rambaut, Andrew; Ahuka-Mundeke, Steve; Muyembe-Tamfum, Jean-Jacques"
PP_004B06W,Ia,None,Democratic Republic of the Congo,Kinshasa,2025-02-08,187445,0.8498192273172117,2025-10-21,"Wawina-Bokalanga, Tony; Amuri-Aziza, Adrienne; Mbala-Kingebeni, Placide; Kinganda-Lusamaki, Eddy; Pukuta-Simbu, Elisabeth; Hasivirwe-Vakaniaki, Emmanuel; Ola-Mpumbe, Rilia; Kwete-Mbokama, Papy; Akil-Bandali, Prince; Kacita, Cris; Ponga-Museme, Ange; Mapenzi-Kashali, Nelson; Vakaniaki, Gloria; Kenye, Kelly-Michel; Muyamuna, Elisabeth; Kavira-Bapitani, Sifa; Mukadi, Patrick; OToole, Aine; Tshiani-Mbaya, Olivier; Paku-Tshambu, Princesse; Lokilo-Lofiko, Emmanuel; Muswamba-Kayembe, Chloe; Makangara-Cigolo, Jean-Claude; Cikaya-Kankolongo, Fiston; Luakanda-Ndelemo, Gradi; Lawanga, Leader; Mabika-Bope, Elzedek; Lumembe-Numbi, Raphael; Kabamba-Lungenyi, Gabriel; Citenga, Andre; Kelvin, D. J.; Pratt, Catherine; Ayouba, Ahidjo; Tessema, Sofonias; Mukadi-Bamuleka, Daniel; Jansen, Daan; Halbrook, Megan; Merrit, Sydney; Hensley, Lisa; Delaporte, Eric; Mwamba, Dieudonne; Liesenborghs, Laurens; Hoff, Nicole; Peeters, Martine; Low, Nicola; Rimoin, Anne; Kindrachuk, Jason; Vercauteren, Koen; Rambaut, Andrew; Ahuka-Mundeke, Steve; Muyembe-Tamfum, Jean-Jacques"
PP_004B07U,Ia,None,Democratic Republic of the Congo,Kinshasa,2025-02-07,187454,0.8417769980071903,2025-10-21,"Wawina-Bokalanga, Tony; Amuri-Aziza, Adrienne; Mbala-Kingebeni, Placide; Kinganda-Lusamaki, Eddy; Pukuta-Simbu, Elisabeth; Hasivirwe-Vakaniaki, Emmanuel; Ola-Mpumbe, Rilia; Kwete-Mbokama, Papy; Akil-Bandali, Prince; Kacita, Cris; Ponga-Museme, Ange; Mapenzi-Kashali, Nelson; Vakaniaki, Gloria; Kenye, Kelly-Michel; Muyamuna, Elisabeth; Kavira-Bapitani, Sifa; Mukadi, Patrick; OToole, Aine; Tshiani-Mbaya, Olivier; Paku-Tshambu, Princesse; Lokilo-Lofiko, Emmanuel; Muswamba-Kayembe, Chloe; Makangara-Cigolo, Jean-Claude; Cikaya-Kankolongo, Fiston; Luakanda-Ndelemo, Gradi; Lawanga, Leader; Mabika-Bope, Elzedek; Lumembe-Numbi, Raphael; Kabamba-Lungenyi, Gabriel; Citenga, Andre; Kelvin, D. J.; Pratt, Catherine; Ayouba, Ahidjo; Tessema, Sofonias; Mukadi-Bamuleka, Daniel; Jansen, Daan; Halbrook, Megan; Merrit, Sydney; Hensley, Lisa; Delaporte, Eric; Mwamba, Dieudonne; Liesenborghs, Laurens; Hoff, Nicole; Peeters, Martine; Low, Nicola; Rimoin, Anne; Kindrachuk, Jason; Vercauteren, Koen; Rambaut, Andrew; Ahuka-Mundeke, Steve; Muyembe-Tamfum, Jean-Jacques"
PP_004B08S,Ib,A.1,Democratic Republic of the Congo,Kinshasa,2025-02-10,187427,0.8819070123574482,2025-10-21,"Wawina-Bokalanga, Tony; Amuri-Aziza, Adrienne; Mbala-Kingebeni, Placide; Kinganda-Lusamaki, Eddy; Pukuta-Simbu, Elisabeth; Hasivirwe-Vakaniaki, Emmanuel; Ola-Mpumbe, Rilia; Kwete-Mbokama, Papy; Akil-Bandali, Prince; Kacita, Cris; Ponga-Museme, Ange; Mapenzi-Kashali, Nelson; Vakaniaki, Gloria; Kenye, Kelly-Michel; Muyamuna, Elisabeth; Kavira-Bapitani, Sifa; Mukadi, Patrick; OToole, Aine; Tshiani-Mbaya, Olivier; Paku-Tshambu, Princesse; Lokilo-Lofiko, Emmanuel; Muswamba-Kayembe, Chloe; Makangara-Cigolo, Jean-Claude; Cikaya-Kankolongo, Fiston; Luakanda-Ndelemo, Gradi; Lawanga, Leader; Mabika-Bope, Elzedek; Lumembe-Numbi, Raphael; Kabamba-Lungenyi, Gabriel; Citenga, Andre; Kelvin, D. J.; Pratt, Catherine; Ayouba, Ahidjo; Tessema, Sofonias; Mukadi-Bamuleka, Daniel; Jansen, Daan; Halbrook, Megan; Merrit, Sydney; Hensley, Lisa; Delaporte, Eric; Mwamba, Dieudonne; Liesenborghs, Laurens; Hoff, Nicole; Peeters, Martine; Low, Nicola; Rimoin, Anne; Kindrachuk, Jason; Vercauteren, Koen; Rambaut, Andrew; Ahuka-Mundeke, Steve; Muyembe-Tamfum, Jean-Jacques"
PP_004B09Q,Ib,A.1,Democratic Republic of the Congo,Kinshasa,2025-02-10,187429,0.8456206359750316,2025-10-21,"Wawina-Bokalanga, Tony; Amuri-Aziza, Adrienne; Mbala-Kingebeni, Placide; Kinganda-Lusamaki, Eddy; Pukuta-Simbu, Elisabeth; Hasivirwe-Vakaniaki, Emmanuel; Ola-Mpumbe, Rilia; Kwete-Mbokama, Papy; Akil-Bandali, Prince; Kacita, Cris; Ponga-Museme, Ange; Mapenzi-Kashali, Nelson; Vakaniaki, Gloria; Kenye, Kelly-Michel; Muyamuna, Elisabeth; Kavira-Bapitani, Sifa; Mukadi, Patrick; OToole, Aine; Tshiani-Mbaya, Olivier; Paku-Tshambu, Princesse; Lokilo-Lofiko, Emmanuel; Muswamba-Kayembe, Chloe; Makangara-Cigolo, Jean-Claude; Cikaya-Kankolongo, Fiston; Luakanda-Ndelemo, Gradi; Lawanga, Leader; Mabika-Bope, Elzedek; Lumembe-Numbi, Raphael; Kabamba-Lungenyi, Gabriel; Citenga, Andre; Kelvin, D. J.; Pratt, Catherine; Ayouba, Ahidjo; Tessema, Sofonias; Mukadi-Bamuleka, Daniel; Jansen, Daan; Halbrook, Megan; Merrit, Sydney; Hensley, Lisa; Delaporte, Eric; Mwamba, Dieudonne; Liesenborghs, Laurens; Hoff, Nicole; Peeters, Martine; Low, Nicola; Rimoin, Anne; Kindrachuk, Jason; Vercauteren, Koen; Rambaut, Andrew; Ahuka-Mundeke, Steve; Muyembe-Tamfum, Jean-Jacques"
PP_004B0AN,Ib,A.1,Democratic Republic of the Congo,Kinshasa,2025-02-10,187438,0.8836513546541993,2025-10-21,"Wawina-Bokalanga, Tony; Amuri-Aziza, Adrienne; Mbala-Kingebeni, Placide; Kinganda-Lusamaki, Eddy; Pukuta-Simbu, Elisabeth; Hasivirwe-Vakaniaki, Emmanuel; Ola-Mpumbe, Rilia; Kwete-Mbokama, Papy; Akil-Bandali, Prince; Kacita, Cris; Ponga-Museme, Ange; Mapenzi-Kashali, Nelson; Vakaniaki, Gloria; Kenye, Kelly-Michel; Muyamuna, Elisabeth; Kavira-Bapitani, Sifa; Mukadi, Patrick; OToole, Aine; Tshiani-Mbaya, Olivier; Paku-Tshambu, Princesse; Lokilo-Lofiko, Emmanuel; Muswamba-Kayembe, Chloe; Makangara-Cigolo, Jean-Claude; Cikaya-Kankolongo, Fiston; Luakanda-Ndelemo, Gradi; Lawanga, Leader; Mabika-Bope, Elzedek; Lumembe-Numbi, Raphael; Kabamba-Lungenyi, Gabriel; Citenga, Andre; Kelvin, D. J.; Pratt, Catherine; Ayouba, Ahidjo; Tessema, Sofonias; Mukadi-Bamuleka, Daniel; Jansen, Daan; Halbrook, Megan; Merrit, Sydney; Hensley, Lisa; Delaporte, Eric; Mwamba, Dieudonne; Liesenborghs, Laurens; Hoff, Nicole; Peeters, Martine; Low, Nicola; Rimoin, Anne; Kindrachuk, Jason; Vercauteren, Koen; Rambaut, Andrew; Ahuka-Mundeke, Steve; Muyembe-Tamfum, Jean-Jacques"
PP_004B0BL,Ib,A.1,Democratic Republic of the Congo,Kinshasa,2025-02-09,187422,0.8003083023594257,2025-10-21,"Wawina-Bokalanga, Tony; Amuri-Aziza, Adrienne; Mbala-Kingebeni, Placide; Kinganda-Lusamaki, Eddy; Pukuta-Simbu, Elisabeth; Hasivirwe-Vakaniaki, Emmanuel; Ola-Mpumbe, Rilia; Kwete-Mbokama, Papy; Akil-Bandali, Prince; Kacita, Cris; Ponga-Museme, Ange; Mapenzi-Kashali, Nelson; Vakaniaki, Gloria; Kenye, Kelly-Michel; Muyamuna, Elisabeth; Kavira-Bapitani, Sifa; Mukadi, Patrick; OToole, Aine; Tshiani-Mbaya, Olivier; Paku-Tshambu, Princesse; Lokilo-Lofiko, Emmanuel; Muswamba-Kayembe, Chloe; Makangara-Cigolo, Jean-Claude; Cikaya-Kankolongo, Fiston; Luakanda-Ndelemo, Gradi; Lawanga, Leader; Mabika-Bope, Elzedek; Lumembe-Numbi, Raphael; Kabamba-Lungenyi, Gabriel; Citenga, Andre; Kelvin, D. J.; Pratt, Catherine; Ayouba, Ahidjo; Tessema, Sofonias; Mukadi-Bamuleka, Daniel; Jansen, Daan; Halbrook, Megan; Merrit, Sydney; Hensley, Lisa; Delaporte, Eric; Mwamba, Dieudonne; Liesenborghs, Laurens; Hoff, Nicole; Peeters, Martine; Low, Nicola; Rimoin, Anne; Kindrachuk, Jason; Vercauteren, Koen; Rambaut, Andrew; Ahuka-Mundeke, Steve; Muyembe-Tamfum, Jean-Jacques"
PP_004B0CJ,Ib,A.1,Democratic Republic of the Congo,Kinshasa,2025-02-10,187426,0.8589364582752308,2025-10-21,"Wawina-Bokalanga, Tony; Amuri-Aziza, Adrienne; Mbala-Kingebeni, Placide; Kinganda-Lusamaki, Eddy; Pukuta-Simbu, Elisabeth; Hasivirwe-Vakaniaki, Emmanuel; Ola-Mpumbe, Rilia; Kwete-Mbokama, Papy; Akil-Bandali, Prince; Kacita, Cris; Ponga-Museme, Ange; Mapenzi-Kashali, Nelson; Vakaniaki, Gloria; Kenye, Kelly-Michel; Muyamuna, Elisabeth; Kavira-Bapitani, Sifa; Mukadi, Patrick; OToole, Aine; Tshiani-Mbaya, Olivier; Paku-Tshambu, Princesse; Lokilo-Lofiko, Emmanuel; Muswamba-Kayembe, Chloe; Makangara-Cigolo, Jean-Claude; Cikaya-Kankolongo, Fiston; Luakanda-Ndelemo, Gradi; Lawanga, Leader; Mabika-Bope, Elzedek; Lumembe-Numbi, Raphael; Kabamba-Lungenyi, Gabriel; Citenga, Andre; Kelvin, D. J.; Pratt, Catherine; Ayouba, Ahidjo; Tessema, Sofonias; Mukadi-Bamuleka, Daniel; Jansen, Daan; Halbrook, Megan; Merrit, Sydney; Hensley, Lisa; Delaporte, Eric; Mwamba, Dieudonne; Liesenborghs, Laurens; Hoff, Nicole; Peeters, Martine; Low, Nicola; Rimoin, Anne; Kindrachuk, Jason; Vercauteren, Koen; Rambaut, Andrew; Ahuka-Mundeke, Steve; Muyembe-Tamfum, Jean-Jacques"
PP_004B0DG,Ib,A.1,Democratic Republic of the Congo,Kinshasa,2025-02-10,187423,0.889452306943395,2025-10-21,"Wawina-Bokalanga, Tony; Amuri-Aziza, Adrienne; Mbala-Kingebeni, Placide; Kinganda-Lusamaki, Eddy; Pukuta-Simbu, Elisabeth; Hasivirwe-Vakaniaki, Emmanuel; Ola-Mpumbe, Rilia; Kwete-Mbokama, Papy; Akil-Bandali, Prince; Kacita, Cris; Ponga-Museme, Ange; Mapenzi-Kashali, Nelson; Vakaniaki, Gloria; Kenye, Kelly-Michel; Muyamuna, Elisabeth; Kavira-Bapitani, Sifa; Mukadi, Patrick; OToole, Aine; Tshiani-Mbaya, Olivier; Paku-Tshambu, Princesse; Lokilo-Lofiko, Emmanuel; Muswamba-Kayembe, Chloe; Makangara-Cigolo, Jean-Claude; Cikaya-Kankolongo, Fiston; Luakanda-Ndelemo, Gradi; Lawanga, Leader; Mabika-Bope, Elzedek; Lumembe-Numbi, Raphael; Kabamba-Lungenyi, Gabriel; Citenga, Andre; Kelvin, D. J.; Pratt, Catherine; Ayouba, Ahidjo; Tessema, Sofonias; Mukadi-Bamuleka, Daniel; Jansen, Daan; Halbrook, Megan; Merrit, Sydney; Hensley, Lisa; Delaporte, Eric; Mwamba, Dieudonne; Liesenborghs, Laurens; Hoff, Nicole; Peeters, Martine; Low, Nicola; Rimoin, Anne; Kindrachuk, Jason; Vercauteren, Koen; Rambaut, Andrew; Ahuka-Mundeke, Steve; Muyembe-Tamfum, Jean-Jacques"
PP_004B0EE,Ia,None,Democratic Republic of the Congo,Lualaba,2024-05-21,196442,0.9369704222423926,2025-10-21,"Kinganda-Lusamaki, Eddy; Mbala-Kingebeni, Placide; Wawina-Bokalanga, Tony; Pukuta-Simbu, Elisabeth; Hasivirwe-Vakaniaki, Emmanuel; Ola-Mpumbe, Rilia; Kwete-Mbokama, Papy; Akil-Bandali, Prince; Kacita, Cris; Ponga-Museme, Ange; Mapenzi-Kashali, Nelson; Vakaniaki, Gloria; Amuri-Aziza, Adrienne; Kenye, Kelly-Michel; Muyamuna, Elisabeth; Kavira-Bapitani, Sifa; Mukadi, Patrick; OToole, Aine; Tshiani-Mbaya, Olivier; Paku-Tshambu, Princesse; Lokilo-Lofiko, Emmanuel; Muswamba-Kayembe, Chloe; Makangara-Cigolo, Jean-Claude; Cikaya-Kankolongo, Fiston; Luakanda-Ndelemo, Gradi; Lawanga, Leader; Mabika-Bope, Elzedek; Lumembe-Numbi, Raphael; Kabamba-Lungenyi, Gabriel; Citenga, Andre; Kelvin, D. J.; Pratt, Catherine; Ayouba, Ahidjo; Tessema, Sofonias; Mukadi-Bamuleka, Daniel; Jansen, Daan; Halbrook, Megan; Merrit, Sydney; Hensley, Lisa; Delaporte, Eric; Mwamba, Dieudonne; Liesenborghs, Laurens; Hoff, Nicole; Peeters, Martine; Low, Nicola; Rimoin, Anne; Kindrachuk, Jason; Vercauteren, Koen; Rambaut, Andrew; Ahuka-Mundeke, Steve; Muyembe-Tamfum, Jean-Jacques"
PP_004B0FC,Ia,None,Democratic Republic of the Congo,Tshopo,2024-02-27,192787,0.7140951984949977,2025-10-21,"Luakanda-Ndelemo, Gradi; Mbala-Kingebeni, Placide; Wawina-Bokalanga, Tony; Kinganda-Lusamaki, Eddy; Pukuta-Simbu, Elisabeth; Hasivirwe-Vakaniaki, Emmanuel; Ola-Mpumbe, Rilia; Kwete-Mbokama, Papy; Akil-Bandali, Prince; Kacita, Cris; Ponga-Museme, Ange; Mapenzi-Kashali, Nelson; Vakaniaki, Gloria; Amuri-Aziza, Adrienne; Kenye, Kelly-Michel; Muyamuna, Elisabeth; Kavira-Bapitani, Sifa; Mukadi, Patrick; OToole, Aine; Tshiani-Mbaya, Olivier; Paku-Tshambu, Princesse; Lokilo-Lofiko, Emmanuel; Muswamba-Kayembe, Chloe; Makangara-Cigolo, Jean-Claude; Cikaya-Kankolongo, Fiston; Lawanga, Leader; Mabika-Bope, Elzedek; Lumembe-Numbi, Raphael; Kabamba-Lungenyi, Gabriel; Citenga, Andre; Kelvin, D. J.; Pratt, Catherine; Ayouba, Ahidjo; Tessema, Sofonias; Mukadi-Bamuleka, Daniel; Jansen, Daan; Halbrook, Megan; Merrit, Sydney; Hensley, Lisa; Delaporte, Eric; Mwamba, Dieudonne; Liesenborghs, Laurens; Hoff, Nicole; Peeters, Martine; Low, Nicola; Rimoin, Anne; Kindrachuk, Jason; Vercauteren, Koen; Rambaut, Andrew; Ahuka-Mundeke, Steve; Muyembe-Tamfum, Jean-Jacques"
PP_004B0GA,Ib,A.1,Democratic Republic of the Congo,Kinshasa,2025-02-05,191266,0.47923776298241966,2025-10-21,"Wawina-Bokalanga, Tony; Amuri-Aziza, Adrienne; Mbala-Kingebeni, Placide; Kinganda-Lusamaki, Eddy; Pukuta-Simbu, Elisabeth; Hasivirwe-Vakaniaki, Emmanuel; Ola-Mpumbe, Rilia; Kwete-Mbokama, Papy; Akil-Bandali, Prince; Kacita, Cris; Ponga-Museme, Ange; Mapenzi-Kashali, Nelson; Vakaniaki, Gloria; Kenye, Kelly-Michel; Muyamuna, Elisabeth; Kavira-Bapitani, Sifa; Mukadi, Patrick; OToole, Aine; Tshiani-Mbaya, Olivier; Paku-Tshambu, Princesse; Lokilo-Lofiko, Emmanuel; Muswamba-Kayembe, Chloe; Makangara-Cigolo, Jean-Claude; Cikaya-Kankolongo, Fiston; Luakanda-Ndelemo, Gradi; Lawanga, Leader; Mabika-Bope, Elzedek; Lumembe-Numbi, Raphael; Kabamba-Lungenyi, Gabriel; Citenga, Andre; Kelvin, D. J.; Pratt, Catherine; Ayouba, Ahidjo; Tessema, Sofonias; Mukadi-Bamuleka, Daniel; Jansen, Daan; Halbrook, Megan; Merrit, Sydney; Hensley, Lisa; Delaporte, Eric; Mwamba, Dieudonne; Liesenborghs, Laurens; Hoff, Nicole; Peeters, Martine; Low, Nicola; Rimoin, Anne; Kindrachuk, Jason; Vercauteren, Koen; Rambaut, Andrew; Ahuka-Mundeke, Steve; Muyembe-Tamfum, Jean-Jacques"
PP_004B0H7,Ia,None,Democratic Republic of the Congo,Kinshasa,2025-02-05,196119,0.8904208225790912,2025-10-21,"Wawina-Bokalanga, Tony; Amuri-Aziza, Adrienne; Mbala-Kingebeni, Placide; Kinganda-Lusamaki, Eddy; Pukuta-Simbu, Elisabeth; Hasivirwe-Vakaniaki, Emmanuel; Ola-Mpumbe, Rilia; Kwete-Mbokama, Papy; Akil-Bandali, Prince; Kacita, Cris; Ponga-Museme, Ange; Mapenzi-Kashali, Nelson; Vakaniaki, Gloria; Kenye, Kelly-Michel; Muyamuna, Elisabeth; Kavira-Bapitani, Sifa; Mukadi, Patrick; OToole, Aine; Tshiani-Mbaya, Olivier; Paku-Tshambu, Princesse; Lokilo-Lofiko, Emmanuel; Muswamba-Kayembe, Chloe; Makangara-Cigolo, Jean-Claude; Cikaya-Kankolongo, Fiston; Luakanda-Ndelemo, Gradi; Lawanga, Leader; Mabika-Bope, Elzedek; Lumembe-Numbi, Raphael; Kabamba-Lungenyi, Gabriel; Citenga, Andre; Kelvin, D. J.; Pratt, Catherine; Ayouba, Ahidjo; Tessema, Sofonias; Mukadi-Bamuleka, Daniel; Jansen, Daan; Halbrook, Megan; Merrit, Sydney; Hensley, Lisa; Delaporte, Eric; Mwamba, Dieudonne; Liesenborghs, Laurens; Hoff, Nicole; Peeters, Martine; Low, Nicola; Rimoin, Anne; Kindrachuk, Jason; Vercauteren, Koen; Rambaut, Andrew; Ahuka-Mundeke, Steve; Muyembe-Tamfum, Jean-Jacques"
PP_004B0J5,Ia,None,Democratic Republic of the Congo,Kinshasa,2025-02-01,196103,0.9350080371585476,2025-10-21,"Wawina-Bokalanga, Tony; Amuri-Aziza, Adrienne; Mbala-Kingebeni, Placide; Kinganda-Lusamaki, Eddy; Pukuta-Simbu, Elisabeth; Hasivirwe-Vakaniaki, Emmanuel; Ola-Mpumbe, Rilia; Kwete-Mbokama, Papy; Akil-Bandali, Prince; Kacita, Cris; Ponga-Museme, Ange; Mapenzi-Kashali, Nelson; Vakaniaki, Gloria; Kenye, Kelly-Michel; Muyamuna, Elisabeth; Kavira-Bapitani, Sifa; Mukadi, Patrick; OToole, Aine; Tshiani-Mbaya, Olivier; Paku-Tshambu, Princesse; Lokilo-Lofiko, Emmanuel; Muswamba-Kayembe, Chloe; Makangara-Cigolo, Jean-Claude; Cikaya-Kankolongo, Fiston; Luakanda-Ndelemo, Gradi; Lawanga, Leader; Mabika-Bope, Elzedek; Lumembe-Numbi, Raphael; Kabamba-Lungenyi, Gabriel; Citenga, Andre; Kelvin, D. J.; Pratt, Catherine; Ayouba, Ahidjo; Tessema, Sofonias; Mukadi-Bamuleka, Daniel; Jansen, Daan; Halbrook, Megan; Merrit, Sydney; Hensley, Lisa; Delaporte, Eric; Mwamba, Dieudonne; Liesenborghs, Laurens; Hoff, Nicole; Peeters, Martine; Low, Nicola; Rimoin, Anne; Kindrachuk, Jason; Vercauteren, Koen; Rambaut, Andrew; Ahuka-Mundeke, Steve; Muyembe-Tamfum, Jean-Jacques"
PP_004B0K3,Ib,A.1,Democratic Republic of the Congo,Kinshasa,2025-02-05,196037,0.924318869828456,2025-10-21,"Wawina-Bokalanga, Tony; Amuri-Aziza, Adrienne; Mbala-Kingebeni, Placide; Kinganda-Lusamaki, Eddy; Pukuta-Simbu, Elisabeth; Hasivirwe-Vakaniaki, Emmanuel; Ola-Mpumbe, Rilia; Kwete-Mbokama, Papy; Akil-Bandali, Prince; Kacita, Cris; Ponga-Museme, Ange; Mapenzi-Kashali, Nelson; Vakaniaki, Gloria; Kenye, Kelly-Michel; Muyamuna, Elisabeth; Kavira-Bapitani, Sifa; Mukadi, Patrick; OToole, Aine; Tshiani-Mbaya, Olivier; Paku-Tshambu, Princesse; Lokilo-Lofiko, Emmanuel; Muswamba-Kayembe, Chloe; Makangara-Cigolo, Jean-Claude; Cikaya-Kankolongo, Fiston; Luakanda-Ndelemo, Gradi; Lawanga, Leader; Mabika-Bope, Elzedek; Lumembe-Numbi, Raphael; Kabamba-Lungenyi, Gabriel; Citenga, Andre; Kelvin, D. J.; Pratt, Catherine; Ayouba, Ahidjo; Tessema, Sofonias; Mukadi-Bamuleka, Daniel; Jansen, Daan; Halbrook, Megan; Merrit, Sydney; Hensley, Lisa; Delaporte, Eric; Mwamba, Dieudonne; Liesenborghs, Laurens; Hoff, Nicole; Peeters, Martine; Low, Nicola; Rimoin, Anne; Kindrachuk, Jason; Vercauteren, Koen; Rambaut, Andrew; Ahuka-Mundeke, Steve; Muyembe-Tamfum, Jean-Jacques"
PP_004B0L1,Ib,A.1,Democratic Republic of the Congo,Kinshasa,2025-02-05,196036,0.9212764123341228,2025-10-21,"Wawina-Bokalanga, Tony; Amuri-Aziza, Adrienne; Mbala-Kingebeni, Placide; Kinganda-Lusamaki, Eddy; Pukuta-Simbu, Elisabeth; Hasivirwe-Vakaniaki, Emmanuel; Ola-Mpumbe, Rilia; Kwete-Mbokama, Papy; Akil-Bandali, Prince; Kacita, Cris; Ponga-Museme, Ange; Mapenzi-Kashali, Nelson; Vakaniaki, Gloria; Kenye, Kelly-Michel; Muyamuna, Elisabeth; Kavira-Bapitani, Sifa; Mukadi, Patrick; OToole, Aine; Tshiani-Mbaya, Olivier; Paku-Tshambu, Princesse; Lokilo-Lofiko, Emmanuel; Muswamba-Kayembe, Chloe; Makangara-Cigolo, Jean-Claude; Cikaya-Kankolongo, Fiston; Luakanda-Ndelemo, Gradi; Lawanga, Leader; Mabika-Bope, Elzedek; Lumembe-Numbi, Raphael; Kabamba-Lungenyi, Gabriel; Citenga, Andre; Kelvin, D. J.; Pratt, Catherine; Ayouba, Ahidjo; Tessema, Sofonias; Mukadi-Bamuleka, Daniel; Jansen, Daan; Halbrook, Megan; Merrit, Sydney; Hensley, Lisa; Delaporte, Eric; Mwamba, Dieudonne; Liesenborghs, Laurens; Hoff, Nicole; Peeters, Martine; Low, Nicola; Rimoin, Anne; Kindrachuk, Jason; Vercauteren, Koen; Rambaut, Andrew; Ahuka-Mundeke, Steve; Muyembe-Tamfum, Jean-Jacques"
PP_004B0MZ,Ib,A.1,Democratic Republic of the Congo,Kinshasa,2025-02-05,196043,0.8825104330938243,2025-10-21,"Wawina-Bokalanga, Tony; Amuri-Aziza, Adrienne; Mbala-Kingebeni, Placide; Kinganda-Lusamaki, Eddy; Pukuta-Simbu, Elisabeth; Hasivirwe-Vakaniaki, Emmanuel; Ola-Mpumbe, Rilia; Kwete-Mbokama, Papy; Akil-Bandali, Prince; Kacita, Cris; Ponga-Museme, Ange; Mapenzi-Kashali, Nelson; Vakaniaki, Gloria; Kenye, Kelly-Michel; Muyamuna, Elisabeth; Kavira-Bapitani, Sifa; Mukadi, Patrick; OToole, Aine; Tshiani-Mbaya, Olivier; Paku-Tshambu, Princesse; Lokilo-Lofiko, Emmanuel; Muswamba-Kayembe, Chloe; Makangara-Cigolo, Jean-Claude; Cikaya-Kankolongo, Fiston; Luakanda-Ndelemo, Gradi; Lawanga, Leader; Mabika-Bope, Elzedek; Lumembe-Numbi, Raphael; Kabamba-Lungenyi, Gabriel; Citenga, Andre; Kelvin, D. J.; Pratt, Catherine; Ayouba, Ahidjo; Tessema, Sofonias; Mukadi-Bamuleka, Daniel; Jansen, Daan; Halbrook, Megan; Merrit, Sydney; Hensley, Lisa; Delaporte, Eric; Mwamba, Dieudonne; Liesenborghs, Laurens; Hoff, Nicole; Peeters, Martine; Low, Nicola; Rimoin, Anne; Kindrachuk, Jason; Vercauteren, Koen; Rambaut, Andrew; Ahuka-Mundeke, Steve; Muyembe-Tamfum, Jean-Jacques"
PP_004B0NX,Ia,None,Democratic Republic of the Congo,Kinshasa,2025-02-05,196101,0.5163456028883063,2025-10-21,"Wawina-Bokalanga, Tony; Amuri-Aziza, Adrienne; Mbala-Kingebeni, Placide; Kinganda-Lusamaki, Eddy; Pukuta-Simbu, Elisabeth; Hasivirwe-Vakaniaki, Emmanuel; Ola-Mpumbe, Rilia; Kwete-Mbokama, Papy; Akil-Bandali, Prince; Kacita, Cris; Ponga-Museme, Ange; Mapenzi-Kashali, Nelson; Vakaniaki, Gloria; Kenye, Kelly-Michel; Muyamuna, Elisabeth; Kavira-Bapitani, Sifa; Mukadi, Patrick; OToole, Aine; Tshiani-Mbaya, Olivier; Paku-Tshambu, Princesse; Lokilo-Lofiko, Emmanuel; Muswamba-Kayembe, Chloe; Makangara-Cigolo, Jean-Claude; Cikaya-Kankolongo, Fiston; Luakanda-Ndelemo, Gradi; Lawanga, Leader; Mabika-Bope, Elzedek; Lumembe-Numbi, Raphael; Kabamba-Lungenyi, Gabriel; Citenga, Andre; Kelvin, D. J.; Pratt, Catherine; Ayouba, Ahidjo; Tessema, Sofonias; Mukadi-Bamuleka, Daniel; Jansen, Daan; Halbrook, Megan; Merrit, Sydney; Hensley, Lisa; Delaporte, Eric; Mwamba, Dieudonne; Liesenborghs, Laurens; Hoff, Nicole; Peeters, Martine; Low, Nicola; Rimoin, Anne; Kindrachuk, Jason; Vercauteren, Koen; Rambaut, Andrew; Ahuka-Mundeke, Steve; Muyembe-Tamfum, Jean-Jacques"
PP_004B0PV,Ib,A.1,Democratic Republic of the Congo,Kinshasa,2025-02-05,196045,0.9244862049906444,2025-10-21,"Wawina-Bokalanga, Tony; Amuri-Aziza, Adrienne; Mbala-Kingebeni, Placide; Kinganda-Lusamaki, Eddy; Pukuta-Simbu, Elisabeth; Hasivirwe-Vakaniaki, Emmanuel; Ola-Mpumbe, Rilia; Kwete-Mbokama, Papy; Akil-Bandali, Prince; Kacita, Cris; Ponga-Museme, Ange; Mapenzi-Kashali, Nelson; Vakaniaki, Gloria; Kenye, Kelly-Michel; Muyamuna, Elisabeth; Kavira-Bapitani, Sifa; Mukadi, Patrick; OToole, Aine; Tshiani-Mbaya, Olivier; Paku-Tshambu, Princesse; Lokilo-Lofiko, Emmanuel; Muswamba-Kayembe, Chloe; Makangara-Cigolo, Jean-Claude; Cikaya-Kankolongo, Fiston; Luakanda-Ndelemo, Gradi; Lawanga, Leader; Mabika-Bope, Elzedek; Lumembe-Numbi, Raphael; Kabamba-Lungenyi, Gabriel; Citenga, Andre; Kelvin, D. J.; Pratt, Catherine; Ayouba, Ahidjo; Tessema, Sofonias; Mukadi-Bamuleka, Daniel; Jansen, Daan; Halbrook, Megan; Merrit, Sydney; Hensley, Lisa; Delaporte, Eric; Mwamba, Dieudonne; Liesenborghs, Laurens; Hoff, Nicole; Peeters, Martine; Low, Nicola; Rimoin, Anne; Kindrachuk, Jason; Vercauteren, Koen; Rambaut, Andrew; Ahuka-Mundeke, Steve; Muyembe-Tamfum, Jean-Jacques"
PP_004B0QT,Ib,A.1,Democratic Republic of the Congo,Kinshasa,2025-02-07,196072,0.8126758920738911,2025-10-21,"Wawina-Bokalanga, Tony; Amuri-Aziza, Adrienne; Mbala-Kingebeni, Placide; Kinganda-Lusamaki, Eddy; Pukuta-Simbu, Elisabeth; Hasivirwe-Vakaniaki, Emmanuel; Ola-Mpumbe, Rilia; Kwete-Mbokama, Papy; Akil-Bandali, Prince; Kacita, Cris; Ponga-Museme, Ange; Mapenzi-Kashali, Nelson; Vakaniaki, Gloria; Kenye, Kelly-Michel; Muyamuna, Elisabeth; Kavira-Bapitani, Sifa; Mukadi, Patrick; OToole, Aine; Tshiani-Mbaya, Olivier; Paku-Tshambu, Princesse; Lokilo-Lofiko, Emmanuel; Muswamba-Kayembe, Chloe; Makangara-Cigolo, Jean-Claude; Cikaya-Kankolongo, Fiston; Luakanda-Ndelemo, Gradi; Lawanga, Leader; Mabika-Bope, Elzedek; Lumembe-Numbi, Raphael; Kabamba-Lungenyi, Gabriel; Citenga, Andre; Kelvin, D. J.; Pratt, Catherine; Ayouba, Ahidjo; Tessema, Sofonias; Mukadi-Bamuleka, Daniel; Jansen, Daan; Halbrook, Megan; Merrit, Sydney; Hensley, Lisa; Delaporte, Eric; Mwamba, Dieudonne; Liesenborghs, Laurens; Hoff, Nicole; Peeters, Martine; Low, Nicola; Rimoin, Anne; Kindrachuk, Jason; Vercauteren, Koen; Rambaut, Andrew; Ahuka-Mundeke, Steve; Muyembe-Tamfum, Jean-Jacques"
PP_004B0RR,Ib,A.1,Democratic Republic of the Congo,Kinshasa,2025-02-07,196035,0.8867242367234761,2025-10-21,"Wawina-Bokalanga, Tony; Amuri-Aziza, Adrienne; Mbala-Kingebeni, Placide; Kinganda-Lusamaki, Eddy; Pukuta-Simbu, Elisabeth; Hasivirwe-Vakaniaki, Emmanuel; Ola-Mpumbe, Rilia; Kwete-Mbokama, Papy; Akil-Bandali, Prince; Kacita, Cris; Ponga-Museme, Ange; Mapenzi-Kashali, Nelson; Vakaniaki, Gloria; Kenye, Kelly-Michel; Muyamuna, Elisabeth; Kavira-Bapitani, Sifa; Mukadi, Patrick; OToole, Aine; Tshiani-Mbaya, Olivier; Paku-Tshambu, Princesse; Lokilo-Lofiko, Emmanuel; Muswamba-Kayembe, Chloe; Makangara-Cigolo, Jean-Claude; Cikaya-Kankolongo, Fiston; Luakanda-Ndelemo, Gradi; Lawanga, Leader; Mabika-Bope, Elzedek; Lumembe-Numbi, Raphael; Kabamba-Lungenyi, Gabriel; Citenga, Andre; Kelvin, D. J.; Pratt, Catherine; Ayouba, Ahidjo; Tessema, Sofonias; Mukadi-Bamuleka, Daniel; Jansen, Daan; Halbrook, Megan; Merrit, Sydney; Hensley, Lisa; Delaporte, Eric; Mwamba, Dieudonne; Liesenborghs, Laurens; Hoff, Nicole; Peeters, Martine; Low, Nicola; Rimoin, Anne; Kindrachuk, Jason; Vercauteren, Koen; Rambaut, Andrew; Ahuka-Mundeke, Steve; Muyembe-Tamfum, Jean-Jacques"
PP_004B0SP,Ib,A.1,Democratic Republic of the Congo,Kinshasa,2025-02-07,196077,0.5628089995892682,2025-10-21,"Wawina-Bokalanga, Tony; Amuri-Aziza, Adrienne; Mbala-Kingebeni, Placide; Kinganda-Lusamaki, Eddy; Pukuta-Simbu, Elisabeth; Hasivirwe-Vakaniaki, Emmanuel; Ola-Mpumbe, Rilia; Kwete-Mbokama, Papy; Akil-Bandali, Prince; Kacita, Cris; Ponga-Museme, Ange; Mapenzi-Kashali, Nelson; Vakaniaki, Gloria; Kenye, Kelly-Michel; Muyamuna, Elisabeth; Kavira-Bapitani, Sifa; Mukadi, Patrick; OToole, Aine; Tshiani-Mbaya, Olivier; Paku-Tshambu, Princesse; Lokilo-Lofiko, Emmanuel; Muswamba-Kayembe, Chloe; Makangara-Cigolo, Jean-Claude; Cikaya-Kankolongo, Fiston; Luakanda-Ndelemo, Gradi; Lawanga, Leader; Mabika-Bope, Elzedek; Lumembe-Numbi, Raphael; Kabamba-Lungenyi, Gabriel; Citenga, Andre; Kelvin, D. J.; Pratt, Catherine; Ayouba, Ahidjo; Tessema, Sofonias; Mukadi-Bamuleka, Daniel; Jansen, Daan; Halbrook, Megan; Merrit, Sydney; Hensley, Lisa; Delaporte, Eric; Mwamba, Dieudonne; Liesenborghs, Laurens; Hoff, Nicole; Peeters, Martine; Low, Nicola; Rimoin, Anne; Kindrachuk, Jason; Vercauteren, Koen; Rambaut, Andrew; Ahuka-Mundeke, Steve; Muyembe-Tamfum, Jean-Jacques"
PP_004B0TM,Ia,None,Democratic Republic of the Congo,Lualaba,2025-01-14,196115,0.947477042122824,2025-10-21,"Kinganda-Lusamaki, Eddy; Mbala-Kingebeni, Placide; Wawina-Bokalanga, Tony; Pukuta-Simbu, Elisabeth; Hasivirwe-Vakaniaki, Emmanuel; Ola-Mpumbe, Rilia; Kwete-Mbokama, Papy; Akil-Bandali, Prince; Kacita, Cris; Ponga-Museme, Ange; Mapenzi-Kashali, Nelson; Vakaniaki, Gloria; Amuri-Aziza, Adrienne; Kenye, Kelly-Michel; Muyamuna, Elisabeth; Kavira-Bapitani, Sifa; Mukadi, Patrick; OToole, Aine; Tshiani-Mbaya, Olivier; Paku-Tshambu, Princesse; Lokilo-Lofiko, Emmanuel; Muswamba-Kayembe, Chloe; Makangara-Cigolo, Jean-Claude; Cikaya-Kankolongo, Fiston; Luakanda-Ndelemo, Gradi; Lawanga, Leader; Mabika-Bope, Elzedek; Lumembe-Numbi, Raphael; Kabamba-Lungenyi, Gabriel; Citenga, Andre; Kelvin, D. J.; Pratt, Catherine; Ayouba, Ahidjo; Tessema, Sofonias; Mukadi-Bamuleka, Daniel; Jansen, Daan; Halbrook, Megan; Merrit, Sydney; Hensley, Lisa; Delaporte, Eric; Mwamba, Dieudonne; Liesenborghs, Laurens; Hoff, Nicole; Peeters, Martine; Low, Nicola; Rimoin, Anne; Kindrachuk, Jason; Vercauteren, Koen; Rambaut, Andrew; Ahuka-Mundeke, Steve; Muyembe-Tamfum, Jean-Jacques"
PP_004B0UK,Ia,None,Democratic Republic of the Congo,Kinshasa,2025-02-08,196108,0.9088479734697706,2025-10-21,"Wawina-Bokalanga, Tony; Amuri-Aziza, Adrienne; Mbala-Kingebeni, Placide; Kinganda-Lusamaki, Eddy; Pukuta-Simbu, Elisabeth; Hasivirwe-Vakaniaki, Emmanuel; Ola-Mpumbe, Rilia; Kwete-Mbokama, Papy; Akil-Bandali, Prince; Kacita, Cris; Ponga-Museme, Ange; Mapenzi-Kashali, Nelson; Vakaniaki, Gloria; Kenye, Kelly-Michel; Muyamuna, Elisabeth; Kavira-Bapitani, Sifa; Mukadi, Patrick; OToole, Aine; Tshiani-Mbaya, Olivier; Paku-Tshambu, Princesse; Lokilo-Lofiko, Emmanuel; Muswamba-Kayembe, Chloe; Makangara-Cigolo, Jean-Claude; Cikaya-Kankolongo, Fiston; Luakanda-Ndelemo, Gradi; Lawanga, Leader; Mabika-Bope, Elzedek; Lumembe-Numbi, Raphael; Kabamba-Lungenyi, Gabriel; Citenga, Andre; Kelvin, D. J.; Pratt, Catherine; Ayouba, Ahidjo; Tessema, Sofonias; Mukadi-Bamuleka, Daniel; Jansen, Daan; Halbrook, Megan; Merrit, Sydney; Hensley, Lisa; Delaporte, Eric; Mwamba, Dieudonne; Liesenborghs, Laurens; Hoff, Nicole; Peeters, Martine; Low, Nicola; Rimoin, Anne; Kindrachuk, Jason; Vercauteren, Koen; Rambaut, Andrew; Ahuka-Mundeke, Steve; Muyembe-Tamfum, Jean-Jacques"
PP_004B0VH,Ia,None,Democratic Republic of the Congo,Kinshasa,2025-02-08,196070,0.9181781764523932,2025-10-21,"Wawina-Bokalanga, Tony; Amuri-Aziza, Adrienne; Mbala-Kingebeni, Placide; Kinganda-Lusamaki, Eddy; Pukuta-Simbu, Elisabeth; Hasivirwe-Vakaniaki, Emmanuel; Ola-Mpumbe, Rilia; Kwete-Mbokama, Papy; Akil-Bandali, Prince; Kacita, Cris; Ponga-Museme, Ange; Mapenzi-Kashali, Nelson; Vakaniaki, Gloria; Kenye, Kelly-Michel; Muyamuna, Elisabeth; Kavira-Bapitani, Sifa; Mukadi, Patrick; OToole, Aine; Tshiani-Mbaya, Olivier; Paku-Tshambu, Princesse; Lokilo-Lofiko, Emmanuel; Muswamba-Kayembe, Chloe; Makangara-Cigolo, Jean-Claude; Cikaya-Kankolongo, Fiston; Luakanda-Ndelemo, Gradi; Lawanga, Leader; Mabika-Bope, Elzedek; Lumembe-Numbi, Raphael; Kabamba-Lungenyi, Gabriel; Citenga, Andre; Kelvin, D. J.; Pratt, Catherine; Ayouba, Ahidjo; Tessema, Sofonias; Mukadi-Bamuleka, Daniel; Jansen, Daan; Halbrook, Megan; Merrit, Sydney; Hensley, Lisa; Delaporte, Eric; Mwamba, Dieudonne; Liesenborghs, Laurens; Hoff, Nicole; Peeters, Martine; Low, Nicola; Rimoin, Anne; Kindrachuk, Jason; Vercauteren, Koen; Rambaut, Andrew; Ahuka-Mundeke, Steve; Muyembe-Tamfum, Jean-Jacques"
PP_004B0WF,Ib,A.1,Democratic Republic of the Congo,Kinshasa,2025-02-08,196065,0.9015460754833704,2025-10-21,"Wawina-Bokalanga, Tony; Amuri-Aziza, Adrienne; Mbala-Kingebeni, Placide; Kinganda-Lusamaki, Eddy; Pukuta-Simbu, Elisabeth; Hasivirwe-Vakaniaki, Emmanuel; Ola-Mpumbe, Rilia; Kwete-Mbokama, Papy; Akil-Bandali, Prince; Kacita, Cris; Ponga-Museme, Ange; Mapenzi-Kashali, Nelson; Vakaniaki, Gloria; Kenye, Kelly-Michel; Muyamuna, Elisabeth; Kavira-Bapitani, Sifa; Mukadi, Patrick; OToole, Aine; Tshiani-Mbaya, Olivier; Paku-Tshambu, Princesse; Lokilo-Lofiko, Emmanuel; Muswamba-Kayembe, Chloe; Makangara-Cigolo, Jean-Claude; Cikaya-Kankolongo, Fiston; Luakanda-Ndelemo, Gradi; Lawanga, Leader; Mabika-Bope, Elzedek; Lumembe-Numbi, Raphael; Kabamba-Lungenyi, Gabriel; Citenga, Andre; Kelvin, D. J.; Pratt, Catherine; Ayouba, Ahidjo; Tessema, Sofonias; Mukadi-Bamuleka, Daniel; Jansen, Daan; Halbrook, Megan; Merrit, Sydney; Hensley, Lisa; Delaporte, Eric; Mwamba, Dieudonne; Liesenborghs, Laurens; Hoff, Nicole; Peeters, Martine; Low, Nicola; Rimoin, Anne; Kindrachuk, Jason; Vercauteren, Koen; Rambaut, Andrew; Ahuka-Mundeke, Steve; Muyembe-Tamfum, Jean-Jacques"
PP_004B0XD,Ib,A.1,Democratic Republic of the Congo,Kinshasa,2025-02-08,196058,0.922665801256535,2025-10-21,"Wawina-Bokalanga, Tony; Amuri-Aziza, Adrienne; Mbala-Kingebeni, Placide; Kinganda-Lusamaki, Eddy; Pukuta-Simbu, Elisabeth; Hasivirwe-Vakaniaki, Emmanuel; Ola-Mpumbe, Rilia; Kwete-Mbokama, Papy; Akil-Bandali, Prince; Kacita, Cris; Ponga-Museme, Ange; Mapenzi-Kashali, Nelson; Vakaniaki, Gloria; Kenye, Kelly-Michel; Muyamuna, Elisabeth; Kavira-Bapitani, Sifa; Mukadi, Patrick; OToole, Aine; Tshiani-Mbaya, Olivier; Paku-Tshambu, Princesse; Lokilo-Lofiko, Emmanuel; Muswamba-Kayembe, Chloe; Makangara-Cigolo, Jean-Claude; Cikaya-Kankolongo, Fiston; Luakanda-Ndelemo, Gradi; Lawanga, Leader; Mabika-Bope, Elzedek; Lumembe-Numbi, Raphael; Kabamba-Lungenyi, Gabriel; Citenga, Andre; Kelvin, D. J.; Pratt, Catherine; Ayouba, Ahidjo; Tessema, Sofonias; Mukadi-Bamuleka, Daniel; Jansen, Daan; Halbrook, Megan; Merrit, Sydney; Hensley, Lisa; Delaporte, Eric; Mwamba, Dieudonne; Liesenborghs, Laurens; Hoff, Nicole; Peeters, Martine; Low, Nicola; Rimoin, Anne; Kindrachuk, Jason; Vercauteren, Koen; Rambaut, Andrew; Ahuka-Mundeke, Steve; Muyembe-Tamfum, Jean-Jacques"
PP_004B0YB,Ia,None,Democratic Republic of the Congo,Kinshasa,2025-02-08,196122,0.8952988960950058,2025-10-21,"Wawina-Bokalanga, Tony; Amuri-Aziza, Adrienne; Mbala-Kingebeni, Placide; Kinganda-Lusamaki, Eddy; Pukuta-Simbu, Elisabeth; Hasivirwe-Vakaniaki, Emmanuel; Ola-Mpumbe, Rilia; Kwete-Mbokama, Papy; Akil-Bandali, Prince; Kacita, Cris; Ponga-Museme, Ange; Mapenzi-Kashali, Nelson; Vakaniaki, Gloria; Kenye, Kelly-Michel; Muyamuna, Elisabeth; Kavira-Bapitani, Sifa; Mukadi, Patrick; OToole, Aine; Tshiani-Mbaya, Olivier; Paku-Tshambu, Princesse; Lokilo-Lofiko, Emmanuel; Muswamba-Kayembe, Chloe; Makangara-Cigolo, Jean-Claude; Cikaya-Kankolongo, Fiston; Luakanda-Ndelemo, Gradi; Lawanga, Leader; Mabika-Bope, Elzedek; Lumembe-Numbi, Raphael; Kabamba-Lungenyi, Gabriel; Citenga, Andre; Kelvin, D. J.; Pratt, Catherine; Ayouba, Ahidjo; Tessema, Sofonias; Mukadi-Bamuleka, Daniel; Jansen, Daan; Halbrook, Megan; Merrit, Sydney; Hensley, Lisa; Delaporte, Eric; Mwamba, Dieudonne; Liesenborghs, Laurens; Hoff, Nicole; Peeters, Martine; Low, Nicola; Rimoin, Anne; Kindrachuk, Jason; Vercauteren, Koen; Rambaut, Andrew; Ahuka-Mundeke, Steve; Muyembe-Tamfum, Jean-Jacques"
PP_004B0Z9,Ib,A.1,Democratic Republic of the Congo,Kinshasa,2025-02-08,196056,0.7700358502908082,2025-10-21,"Wawina-Bokalanga, Tony; Amuri-Aziza, Adrienne; Mbala-Kingebeni, Placide; Kinganda-Lusamaki, Eddy; Pukuta-Simbu, Elisabeth; Hasivirwe-Vakaniaki, Emmanuel; Ola-Mpumbe, Rilia; Kwete-Mbokama, Papy; Akil-Bandali, Prince; Kacita, Cris; Ponga-Museme, Ange; Mapenzi-Kashali, Nelson; Vakaniaki, Gloria; Kenye, Kelly-Michel; Muyamuna, Elisabeth; Kavira-Bapitani, Sifa; Mukadi, Patrick; OToole, Aine; Tshiani-Mbaya, Olivier; Paku-Tshambu, Princesse; Lokilo-Lofiko, Emmanuel; Muswamba-Kayembe, Chloe; Makangara-Cigolo, Jean-Claude; Cikaya-Kankolongo, Fiston; Luakanda-Ndelemo, Gradi; Lawanga, Leader; Mabika-Bope, Elzedek; Lumembe-Numbi, Raphael; Kabamba-Lungenyi, Gabriel; Citenga, Andre; Kelvin, D. J.; Pratt, Catherine; Ayouba, Ahidjo; Tessema, Sofonias; Mukadi-Bamuleka, Daniel; Jansen, Daan; Halbrook, Megan; Merrit, Sydney; Hensley, Lisa; Delaporte, Eric; Mwamba, Dieudonne; Liesenborghs, Laurens; Hoff, Nicole; Peeters, Martine; Low, Nicola; Rimoin, Anne; Kindrachuk, Jason; Vercauteren, Koen; Rambaut, Andrew; Ahuka-Mundeke, Steve; Muyembe-Tamfum, Jean-Jacques"
PP_004B107,Ia,None,Democratic Republic of the Congo,Kinshasa,2025-02-08,196102,0.8619282081446588,2025-10-21,"Wawina-Bokalanga, Tony; Amuri-Aziza, Adrienne; Mbala-Kingebeni, Placide; Kinganda-Lusamaki, Eddy; Pukuta-Simbu, Elisabeth; Hasivirwe-Vakaniaki, Emmanuel; Ola-Mpumbe, Rilia; Kwete-Mbokama, Papy; Akil-Bandali, Prince; Kacita, Cris; Ponga-Museme, Ange; Mapenzi-Kashali, Nelson; Vakaniaki, Gloria; Kenye, Kelly-Michel; Muyamuna, Elisabeth; Kavira-Bapitani, Sifa; Mukadi, Patrick; OToole, Aine; Tshiani-Mbaya, Olivier; Paku-Tshambu, Princesse; Lokilo-Lofiko, Emmanuel; Muswamba-Kayembe, Chloe; Makangara-Cigolo, Jean-Claude; Cikaya-Kankolongo, Fiston; Luakanda-Ndelemo, Gradi; Lawanga, Leader; Mabika-Bope, Elzedek; Lumembe-Numbi, Raphael; Kabamba-Lungenyi, Gabriel; Citenga, Andre; Kelvin, D. J.; Pratt, Catherine; Ayouba, Ahidjo; Tessema, Sofonias; Mukadi-Bamuleka, Daniel; Jansen, Daan; Halbrook, Megan; Merrit, Sydney; Hensley, Lisa; Delaporte, Eric; Mwamba, Dieudonne; Liesenborghs, Laurens; Hoff, Nicole; Peeters, Martine; Low, Nicola; Rimoin, Anne; Kindrachuk, Jason; Vercauteren, Koen; Rambaut, Andrew; Ahuka-Mundeke, Steve; Muyembe-Tamfum, Jean-Jacques"
PP_004B115,Ia,None,Democratic Republic of the Congo,Kinshasa,2025-02-08,196114,0.9154146108950404,2025-10-21,"Wawina-Bokalanga, Tony; Amuri-Aziza, Adrienne; Mbala-Kingebeni, Placide; Kinganda-Lusamaki, Eddy; Pukuta-Simbu, Elisabeth; Hasivirwe-Vakaniaki, Emmanuel; Ola-Mpumbe, Rilia; Kwete-Mbokama, Papy; Akil-Bandali, Prince; Kacita, Cris; Ponga-Museme, Ange; Mapenzi-Kashali, Nelson; Vakaniaki, Gloria; Kenye, Kelly-Michel; Muyamuna, Elisabeth; Kavira-Bapitani, Sifa; Mukadi, Patrick; OToole, Aine; Tshiani-Mbaya, Olivier; Paku-Tshambu, Princesse; Lokilo-Lofiko, Emmanuel; Muswamba-Kayembe, Chloe; Makangara-Cigolo, Jean-Claude; Cikaya-Kankolongo, Fiston; Luakanda-Ndelemo, Gradi; Lawanga, Leader; Mabika-Bope, Elzedek; Lumembe-Numbi, Raphael; Kabamba-Lungenyi, Gabriel; Citenga, Andre; Kelvin, D. J.; Pratt, Catherine; Ayouba, Ahidjo; Tessema, Sofonias; Mukadi-Bamuleka, Daniel; Jansen, Daan; Halbrook, Megan; Merrit, Sydney; Hensley, Lisa; Delaporte, Eric; Mwamba, Dieudonne; Liesenborghs, Laurens; Hoff, Nicole; Peeters, Martine; Low, Nicola; Rimoin, Anne; Kindrachuk, Jason; Vercauteren, Koen; Rambaut, Andrew; Ahuka-Mundeke, Steve; Muyembe-Tamfum, Jean-Jacques"
PP_004B123,Ia,None,Democratic Republic of the Congo,Kinshasa,2025-02-08,191433,0.44714997794218314,2025-10-21,"Wawina-Bokalanga, Tony; Amuri-Aziza, Adrienne; Mbala-Kingebeni, Placide; Kinganda-Lusamaki, Eddy; Pukuta-Simbu, Elisabeth; Hasivirwe-Vakaniaki, Emmanuel; Ola-Mpumbe, Rilia; Kwete-Mbokama, Papy; Akil-Bandali, Prince; Kacita, Cris; Ponga-Museme, Ange; Mapenzi-Kashali, Nelson; Vakaniaki, Gloria; Kenye, Kelly-Michel; Muyamuna, Elisabeth; Kavira-Bapitani, Sifa; Mukadi, Patrick; OToole, Aine; Tshiani-Mbaya, Olivier; Paku-Tshambu, Princesse; Lokilo-Lofiko, Emmanuel; Muswamba-Kayembe, Chloe; Makangara-Cigolo, Jean-Claude; Cikaya-Kankolongo, Fiston; Luakanda-Ndelemo, Gradi; Lawanga, Leader; Mabika-Bope, Elzedek; Lumembe-Numbi, Raphael; Kabamba-Lungenyi, Gabriel; Citenga, Andre; Kelvin, D. J.; Pratt, Catherine; Ayouba, Ahidjo; Tessema, Sofonias; Mukadi-Bamuleka, Daniel; Jansen, Daan; Halbrook, Megan; Merrit, Sydney; Hensley, Lisa; Delaporte, Eric; Mwamba, Dieudonne; Liesenborghs, Laurens; Hoff, Nicole; Peeters, Martine; Low, Nicola; Rimoin, Anne; Kindrachuk, Jason; Vercauteren, Koen; Rambaut, Andrew; Ahuka-Mundeke, Steve; Muyembe-Tamfum, Jean-Jacques"
PP_004B131,Ia,None,Democratic Republic of the Congo,Kinshasa,2025-02-10,187462,0.9307840920039148,2025-10-21,"Wawina-Bokalanga, Tony; Amuri-Aziza, Adrienne; Mbala-Kingebeni, Placide; Kinganda-Lusamaki, Eddy; Pukuta-Simbu, Elisabeth; Hasivirwe-Vakaniaki, Emmanuel; Ola-Mpumbe, Rilia; Kwete-Mbokama, Papy; Akil-Bandali, Prince; Kacita, Cris; Ponga-Museme, Ange; Mapenzi-Kashali, Nelson; Vakaniaki, Gloria; Kenye, Kelly-Michel; Muyamuna, Elisabeth; Kavira-Bapitani, Sifa; Mukadi, Patrick; OToole, Aine; Tshiani-Mbaya, Olivier; Paku-Tshambu, Princesse; Lokilo-Lofiko, Emmanuel; Muswamba-Kayembe, Chloe; Makangara-Cigolo, Jean-Claude; Cikaya-Kankolongo, Fiston; Luakanda-Ndelemo, Gradi; Lawanga, Leader; Mabika-Bope, Elzedek; Lumembe-Numbi, Raphael; Kabamba-Lungenyi, Gabriel; Citenga, Andre; Kelvin, D. J.; Pratt, Catherine; Ayouba, Ahidjo; Tessema, Sofonias; Mukadi-Bamuleka, Daniel; Jansen, Daan; Halbrook, Megan; Merrit, Sydney; Hensley, Lisa; Delaporte, Eric; Mwamba, Dieudonne; Liesenborghs, Laurens; Hoff, Nicole; Peeters, Martine; Low, Nicola; Rimoin, Anne; Kindrachuk, Jason; Vercauteren, Koen; Rambaut, Andrew; Ahuka-Mundeke, Steve; Muyembe-Tamfum, Jean-Jacques"
PP_004B14Z,Ia,None,Democratic Republic of the Congo,Kinshasa,2025-02-10,187452,0.9314635741776492,2025-10-21,"Wawina-Bokalanga, Tony; Amuri-Aziza, Adrienne; Mbala-Kingebeni, Placide; Kinganda-Lusamaki, Eddy; Pukuta-Simbu, Elisabeth; Hasivirwe-Vakaniaki, Emmanuel; Ola-Mpumbe, Rilia; Kwete-Mbokama, Papy; Akil-Bandali, Prince; Kacita, Cris; Ponga-Museme, Ange; Mapenzi-Kashali, Nelson; Vakaniaki, Gloria; Kenye, Kelly-Michel; Muyamuna, Elisabeth; Kavira-Bapitani, Sifa; Mukadi, Patrick; OToole, Aine; Tshiani-Mbaya, Olivier; Paku-Tshambu, Princesse; Lokilo-Lofiko, Emmanuel; Muswamba-Kayembe, Chloe; Makangara-Cigolo, Jean-Claude; Cikaya-Kankolongo, Fiston; Luakanda-Ndelemo, Gradi; Lawanga, Leader; Mabika-Bope, Elzedek; Lumembe-Numbi, Raphael; Kabamba-Lungenyi, Gabriel; Citenga, Andre; Kelvin, D. J.; Pratt, Catherine; Ayouba, Ahidjo; Tessema, Sofonias; Mukadi-Bamuleka, Daniel; Jansen, Daan; Halbrook, Megan; Merrit, Sydney; Hensley, Lisa; Delaporte, Eric; Mwamba, Dieudonne; Liesenborghs, Laurens; Hoff, Nicole; Peeters, Martine; Low, Nicola; Rimoin, Anne; Kindrachuk, Jason; Vercauteren, Koen; Rambaut, Andrew; Ahuka-Mundeke, Steve; Muyembe-Tamfum, Jean-Jacques"
PP_004B15X,Ia,None,Democratic Republic of the Congo,Kinshasa,2025-02-10,187460,0.9135080041985914,2025-10-21,"Wawina-Bokalanga, Tony; Amuri-Aziza, Adrienne; Mbala-Kingebeni, Placide; Kinganda-Lusamaki, Eddy; Pukuta-Simbu, Elisabeth; Hasivirwe-Vakaniaki, Emmanuel; Ola-Mpumbe, Rilia; Kwete-Mbokama, Papy; Akil-Bandali, Prince; Kacita, Cris; Ponga-Museme, Ange; Mapenzi-Kashali, Nelson; Vakaniaki, Gloria; Kenye, Kelly-Michel; Muyamuna, Elisabeth; Kavira-Bapitani, Sifa; Mukadi, Patrick; OToole, Aine; Tshiani-Mbaya, Olivier; Paku-Tshambu, Princesse; Lokilo-Lofiko, Emmanuel; Muswamba-Kayembe, Chloe; Makangara-Cigolo, Jean-Claude; Cikaya-Kankolongo, Fiston; Luakanda-Ndelemo, Gradi; Lawanga, Leader; Mabika-Bope, Elzedek; Lumembe-Numbi, Raphael; Kabamba-Lungenyi, Gabriel; Citenga, Andre; Kelvin, D. J.; Pratt, Catherine; Ayouba, Ahidjo; Tessema, Sofonias; Mukadi-Bamuleka, Daniel; Jansen, Daan; Halbrook, Megan; Merrit, Sydney; Hensley, Lisa; Delaporte, Eric; Mwamba, Dieudonne; Liesenborghs, Laurens; Hoff, Nicole; Peeters, Martine; Low, Nicola; Rimoin, Anne; Kindrachuk, Jason; Vercauteren, Koen; Rambaut, Andrew; Ahuka-Mundeke, Steve; Muyembe-Tamfum, Jean-Jacques"
PP_004B16V,Ia,None,Democratic Republic of the Congo,Kinshasa,2025-02-10,184059,0.4908650213732639,2025-10-21,"Wawina-Bokalanga, Tony; Amuri-Aziza, Adrienne; Mbala-Kingebeni, Placide; Kinganda-Lusamaki, Eddy; Pukuta-Simbu, Elisabeth; Hasivirwe-Vakaniaki, Emmanuel; Ola-Mpumbe, Rilia; Kwete-Mbokama, Papy; Akil-Bandali, Prince; Kacita, Cris; Ponga-Museme, Ange; Mapenzi-Kashali, Nelson; Vakaniaki, Gloria; Kenye, Kelly-Michel; Muyamuna, Elisabeth; Kavira-Bapitani, Sifa; Mukadi, Patrick; OToole, Aine; Tshiani-Mbaya, Olivier; Paku-Tshambu, Princesse; Lokilo-Lofiko, Emmanuel; Muswamba-Kayembe, Chloe; Makangara-Cigolo, Jean-Claude; Cikaya-Kankolongo, Fiston; Luakanda-Ndelemo, Gradi; Lawanga, Leader; Mabika-Bope, Elzedek; Lumembe-Numbi, Raphael; Kabamba-Lungenyi, Gabriel; Citenga, Andre; Kelvin, D. J.; Pratt, Catherine; Ayouba, Ahidjo; Tessema, Sofonias; Mukadi-Bamuleka, Daniel; Jansen, Daan; Halbrook, Megan; Merrit, Sydney; Hensley, Lisa; Delaporte, Eric; Mwamba, Dieudonne; Liesenborghs, Laurens; Hoff, Nicole; Peeters, Martine; Low, Nicola; Rimoin, Anne; Kindrachuk, Jason; Vercauteren, Koen; Rambaut, Andrew; Ahuka-Mundeke, Steve; Muyembe-Tamfum, Jean-Jacques"
PP_004B17T,Ib,A.1,Democratic Republic of the Congo,Kinshasa,2025-02-10,187430,0.8968860447545497,2025-10-21,"Wawina-Bokalanga, Tony; Amuri-Aziza, Adrienne; Mbala-Kingebeni, Placide; Kinganda-Lusamaki, Eddy; Pukuta-Simbu, Elisabeth; Hasivirwe-Vakaniaki, Emmanuel; Ola-Mpumbe, Rilia; Kwete-Mbokama, Papy; Akil-Bandali, Prince; Kacita, Cris; Ponga-Museme, Ange; Mapenzi-Kashali, Nelson; Vakaniaki, Gloria; Kenye, Kelly-Michel; Muyamuna, Elisabeth; Kavira-Bapitani, Sifa; Mukadi, Patrick; OToole, Aine; Tshiani-Mbaya, Olivier; Paku-Tshambu, Princesse; Lokilo-Lofiko, Emmanuel; Muswamba-Kayembe, Chloe; Makangara-Cigolo, Jean-Claude; Cikaya-Kankolongo, Fiston; Luakanda-Ndelemo, Gradi; Lawanga, Leader; Mabika-Bope, Elzedek; Lumembe-Numbi, Raphael; Kabamba-Lungenyi, Gabriel; Citenga, Andre; Kelvin, D. J.; Pratt, Catherine; Ayouba, Ahidjo; Tessema, Sofonias; Mukadi-Bamuleka, Daniel; Jansen, Daan; Halbrook, Megan; Merrit, Sydney; Hensley, Lisa; Delaporte, Eric; Mwamba, Dieudonne; Liesenborghs, Laurens; Hoff, Nicole; Peeters, Martine; Low, Nicola; Rimoin, Anne; Kindrachuk, Jason; Vercauteren, Koen; Rambaut, Andrew; Ahuka-Mundeke, Steve; Muyembe-Tamfum, Jean-Jacques"
PP_004B18R,Ib,A.1,Democratic Republic of the Congo,Kinshasa,2025-02-10,187419,0.8785603091136814,2025-10-21,"Wawina-Bokalanga, Tony; Amuri-Aziza, Adrienne; Mbala-Kingebeni, Placide; Kinganda-Lusamaki, Eddy; Pukuta-Simbu, Elisabeth; Hasivirwe-Vakaniaki, Emmanuel; Ola-Mpumbe, Rilia; Kwete-Mbokama, Papy; Akil-Bandali, Prince; Kacita, Cris; Ponga-Museme, Ange; Mapenzi-Kashali, Nelson; Vakaniaki, Gloria; Kenye, Kelly-Michel; Muyamuna, Elisabeth; Kavira-Bapitani, Sifa; Mukadi, Patrick; OToole, Aine; Tshiani-Mbaya, Olivier; Paku-Tshambu, Princesse; Lokilo-Lofiko, Emmanuel; Muswamba-Kayembe, Chloe; Makangara-Cigolo, Jean-Claude; Cikaya-Kankolongo, Fiston; Luakanda-Ndelemo, Gradi; Lawanga, Leader; Mabika-Bope, Elzedek; Lumembe-Numbi, Raphael; Kabamba-Lungenyi, Gabriel; Citenga, Andre; Kelvin, D. J.; Pratt, Catherine; Ayouba, Ahidjo; Tessema, Sofonias; Mukadi-Bamuleka, Daniel; Jansen, Daan; Halbrook, Megan; Merrit, Sydney; Hensley, Lisa; Delaporte, Eric; Mwamba, Dieudonne; Liesenborghs, Laurens; Hoff, Nicole; Peeters, Martine; Low, Nicola; Rimoin, Anne; Kindrachuk, Jason; Vercauteren, Koen; Rambaut, Andrew; Ahuka-Mundeke, Steve; Muyembe-Tamfum, Jean-Jacques"
PP_004B19P,Ia,None,Democratic Republic of the Congo,Kinshasa,2025-02-10,187463,0.8924389860503323,2025-10-21,"Wawina-Bokalanga, Tony; Amuri-Aziza, Adrienne; Mbala-Kingebeni, Placide; Kinganda-Lusamaki, Eddy; Pukuta-Simbu, Elisabeth; Hasivirwe-Vakaniaki, Emmanuel; Ola-Mpumbe, Rilia; Kwete-Mbokama, Papy; Akil-Bandali, Prince; Kacita, Cris; Ponga-Museme, Ange; Mapenzi-Kashali, Nelson; Vakaniaki, Gloria; Kenye, Kelly-Michel; Muyamuna, Elisabeth; Kavira-Bapitani, Sifa; Mukadi, Patrick; OToole, Aine; Tshiani-Mbaya, Olivier; Paku-Tshambu, Princesse; Lokilo-Lofiko, Emmanuel; Muswamba-Kayembe, Chloe; Makangara-Cigolo, Jean-Claude; Cikaya-Kankolongo, Fiston; Luakanda-Ndelemo, Gradi; Lawanga, Leader; Mabika-Bope, Elzedek; Lumembe-Numbi, Raphael; Kabamba-Lungenyi, Gabriel; Citenga, Andre; Kelvin, D. J.; Pratt, Catherine; Ayouba, Ahidjo; Tessema, Sofonias; Mukadi-Bamuleka, Daniel; Jansen, Daan; Halbrook, Megan; Merrit, Sydney; Hensley, Lisa; Delaporte, Eric; Mwamba, Dieudonne; Liesenborghs, Laurens; Hoff, Nicole; Peeters, Martine; Low, Nicola; Rimoin, Anne; Kindrachuk, Jason; Vercauteren, Koen; Rambaut, Andrew; Ahuka-Mundeke, Steve; Muyembe-Tamfum, Jean-Jacques"
PP_004B1AM,Ia,None,Democratic Republic of the Congo,Kinshasa,2025-02-10,184097,0.46489764665912814,2025-10-21,"Wawina-Bokalanga, Tony; Amuri-Aziza, Adrienne; Mbala-Kingebeni, Placide; Kinganda-Lusamaki, Eddy; Pukuta-Simbu, Elisabeth; Hasivirwe-Vakaniaki, Emmanuel; Ola-Mpumbe, Rilia; Kwete-Mbokama, Papy; Akil-Bandali, Prince; Kacita, Cris; Ponga-Museme, Ange; Mapenzi-Kashali, Nelson; Vakaniaki, Gloria; Kenye, Kelly-Michel; Muyamuna, Elisabeth; Kavira-Bapitani, Sifa; Mukadi, Patrick; OToole, Aine; Tshiani-Mbaya, Olivier; Paku-Tshambu, Princesse; Lokilo-Lofiko, Emmanuel; Muswamba-Kayembe, Chloe; Makangara-Cigolo, Jean-Claude; Cikaya-Kankolongo, Fiston; Luakanda-Ndelemo, Gradi; Lawanga, Leader; Mabika-Bope, Elzedek; Lumembe-Numbi, Raphael; Kabamba-Lungenyi, Gabriel; Citenga, Andre; Kelvin, D. J.; Pratt, Catherine; Ayouba, Ahidjo; Tessema, Sofonias; Mukadi-Bamuleka, Daniel; Jansen, Daan; Halbrook, Megan; Merrit, Sydney; Hensley, Lisa; Delaporte, Eric; Mwamba, Dieudonne; Liesenborghs, Laurens; Hoff, Nicole; Peeters, Martine; Low, Nicola; Rimoin, Anne; Kindrachuk, Jason; Vercauteren, Koen; Rambaut, Andrew; Ahuka-Mundeke, Steve; Muyembe-Tamfum, Jean-Jacques"
PP_004B1BK,Ib,A.1,Democratic Republic of the Congo,Kinshasa,2025-02-06,187434,0.8990106942380925,2025-10-21,"Wawina-Bokalanga, Tony; Amuri-Aziza, Adrienne; Mbala-Kingebeni, Placide; Kinganda-Lusamaki, Eddy; Pukuta-Simbu, Elisabeth; Hasivirwe-Vakaniaki, Emmanuel; Ola-Mpumbe, Rilia; Kwete-Mbokama, Papy; Akil-Bandali, Prince; Kacita, Cris; Ponga-Museme, Ange; Mapenzi-Kashali, Nelson; Vakaniaki, Gloria; Kenye, Kelly-Michel; Muyamuna, Elisabeth; Kavira-Bapitani, Sifa; Mukadi, Patrick; OToole, Aine; Tshiani-Mbaya, Olivier; Paku-Tshambu, Princesse; Lokilo-Lofiko, Emmanuel; Muswamba-Kayembe, Chloe; Makangara-Cigolo, Jean-Claude; Cikaya-Kankolongo, Fiston; Luakanda-Ndelemo, Gradi; Lawanga, Leader; Mabika-Bope, Elzedek; Lumembe-Numbi, Raphael; Kabamba-Lungenyi, Gabriel; Citenga, Andre; Kelvin, D. J.; Pratt, Catherine; Ayouba, Ahidjo; Tessema, Sofonias; Mukadi-Bamuleka, Daniel; Jansen, Daan; Halbrook, Megan; Merrit, Sydney; Hensley, Lisa; Delaporte, Eric; Mwamba, Dieudonne; Liesenborghs, Laurens; Hoff, Nicole; Peeters, Martine; Low, Nicola; Rimoin, Anne; Kindrachuk, Jason; Vercauteren, Koen; Rambaut, Andrew; Ahuka-Mundeke, Steve; Muyembe-Tamfum, Jean-Jacques"
PP_004B1CH,Ia,None,Democratic Republic of the Congo,Kinshasa,2025-02-10,187431,0.7967384855660745,2025-10-21,"Wawina-Bokalanga, Tony; Amuri-Aziza, Adrienne; Mbala-Kingebeni, Placide; Kinganda-Lusamaki, Eddy; Pukuta-Simbu, Elisabeth; Hasivirwe-Vakaniaki, Emmanuel; Ola-Mpumbe, Rilia; Kwete-Mbokama, Papy; Akil-Bandali, Prince; Kacita, Cris; Ponga-Museme, Ange; Mapenzi-Kashali, Nelson; Vakaniaki, Gloria; Kenye, Kelly-Michel; Muyamuna, Elisabeth; Kavira-Bapitani, Sifa; Mukadi, Patrick; OToole, Aine; Tshiani-Mbaya, Olivier; Paku-Tshambu, Princesse; Lokilo-Lofiko, Emmanuel; Muswamba-Kayembe, Chloe; Makangara-Cigolo, Jean-Claude; Cikaya-Kankolongo, Fiston; Luakanda-Ndelemo, Gradi; Lawanga, Leader; Mabika-Bope, Elzedek; Lumembe-Numbi, Raphael; Kabamba-Lungenyi, Gabriel; Citenga, Andre; Kelvin, D. J.; Pratt, Catherine; Ayouba, Ahidjo; Tessema, Sofonias; Mukadi-Bamuleka, Daniel; Jansen, Daan; Halbrook, Megan; Merrit, Sydney; Hensley, Lisa; Delaporte, Eric; Mwamba, Dieudonne; Liesenborghs, Laurens; Hoff, Nicole; Peeters, Martine; Low, Nicola; Rimoin, Anne; Kindrachuk, Jason; Vercauteren, Koen; Rambaut, Andrew; Ahuka-Mundeke, Steve; Muyembe-Tamfum, Jean-Jacques"
PP_004B1DF,Ib,A.1,Democratic Republic of the Congo,Kinshasa,2025-02-10,187454,0.7775760741142645,2025-10-21,"Wawina-Bokalanga, Tony; Amuri-Aziza, Adrienne; Mbala-Kingebeni, Placide; Kinganda-Lusamaki, Eddy; Pukuta-Simbu, Elisabeth; Hasivirwe-Vakaniaki, Emmanuel; Ola-Mpumbe, Rilia; Kwete-Mbokama, Papy; Akil-Bandali, Prince; Kacita, Cris; Ponga-Museme, Ange; Mapenzi-Kashali, Nelson; Vakaniaki, Gloria; Kenye, Kelly-Michel; Muyamuna, Elisabeth; Kavira-Bapitani, Sifa; Mukadi, Patrick; OToole, Aine; Tshiani-Mbaya, Olivier; Paku-Tshambu, Princesse; Lokilo-Lofiko, Emmanuel; Muswamba-Kayembe, Chloe; Makangara-Cigolo, Jean-Claude; Cikaya-Kankolongo, Fiston; Luakanda-Ndelemo, Gradi; Lawanga, Leader; Mabika-Bope, Elzedek; Lumembe-Numbi, Raphael; Kabamba-Lungenyi, Gabriel; Citenga, Andre; Kelvin, D. J.; Pratt, Catherine; Ayouba, Ahidjo; Tessema, Sofonias; Mukadi-Bamuleka, Daniel; Jansen, Daan; Halbrook, Megan; Merrit, Sydney; Hensley, Lisa; Delaporte, Eric; Mwamba, Dieudonne; Liesenborghs, Laurens; Hoff, Nicole; Peeters, Martine; Low, Nicola; Rimoin, Anne; Kindrachuk, Jason; Vercauteren, Koen; Rambaut, Andrew; Ahuka-Mundeke, Steve; Muyembe-Tamfum, Jean-Jacques"
PP_004B1ED,Ia,None,Democratic Republic of the Congo,Kinshasa,2025-02-06,187460,0.8631604034298638,2025-10-21,"Wawina-Bokalanga, Tony; Amuri-Aziza, Adrienne; Mbala-Kingebeni, Placide; Kinganda-Lusamaki, Eddy; Pukuta-Simbu, Elisabeth; Hasivirwe-Vakaniaki, Emmanuel; Ola-Mpumbe, Rilia; Kwete-Mbokama, Papy; Akil-Bandali, Prince; Kacita, Cris; Ponga-Museme, Ange; Mapenzi-Kashali, Nelson; Vakaniaki, Gloria; Kenye, Kelly-Michel; Muyamuna, Elisabeth; Kavira-Bapitani, Sifa; Mukadi, Patrick; OToole, Aine; Tshiani-Mbaya, Olivier; Paku-Tshambu, Princesse; Lokilo-Lofiko, Emmanuel; Muswamba-Kayembe, Chloe; Makangara-Cigolo, Jean-Claude; Cikaya-Kankolongo, Fiston; Luakanda-Ndelemo, Gradi; Lawanga, Leader; Mabika-Bope, Elzedek; Lumembe-Numbi, Raphael; Kabamba-Lungenyi, Gabriel; Citenga, Andre; Kelvin, D. J.; Pratt, Catherine; Ayouba, Ahidjo; Tessema, Sofonias; Mukadi-Bamuleka, Daniel; Jansen, Daan; Halbrook, Megan; Merrit, Sydney; Hensley, Lisa; Delaporte, Eric; Mwamba, Dieudonne; Liesenborghs, Laurens; Hoff, Nicole; Peeters, Martine; Low, Nicola; Rimoin, Anne; Kindrachuk, Jason; Vercauteren, Koen; Rambaut, Andrew; Ahuka-Mundeke, Steve; Muyembe-Tamfum, Jean-Jacques"
PP_004B1FB,Ia,None,Democratic Republic of the Congo,Kinshasa,2025-02-09,187461,0.8786921489384358,2025-10-21,"Wawina-Bokalanga, Tony; Amuri-Aziza, Adrienne; Mbala-Kingebeni, Placide; Kinganda-Lusamaki, Eddy; Pukuta-Simbu, Elisabeth; Hasivirwe-Vakaniaki, Emmanuel; Ola-Mpumbe, Rilia; Kwete-Mbokama, Papy; Akil-Bandali, Prince; Kacita, Cris; Ponga-Museme, Ange; Mapenzi-Kashali, Nelson; Vakaniaki, Gloria; Kenye, Kelly-Michel; Muyamuna, Elisabeth; Kavira-Bapitani, Sifa; Mukadi, Patrick; OToole, Aine; Tshiani-Mbaya, Olivier; Paku-Tshambu, Princesse; Lokilo-Lofiko, Emmanuel; Muswamba-Kayembe, Chloe; Makangara-Cigolo, Jean-Claude; Cikaya-Kankolongo, Fiston; Luakanda-Ndelemo, Gradi; Lawanga, Leader; Mabika-Bope, Elzedek; Lumembe-Numbi, Raphael; Kabamba-Lungenyi, Gabriel; Citenga, Andre; Kelvin, D. J.; Pratt, Catherine; Ayouba, Ahidjo; Tessema, Sofonias; Mukadi-Bamuleka, Daniel; Jansen, Daan; Halbrook, Megan; Merrit, Sydney; Hensley, Lisa; Delaporte, Eric; Mwamba, Dieudonne; Liesenborghs, Laurens; Hoff, Nicole; Peeters, Martine; Low, Nicola; Rimoin, Anne; Kindrachuk, Jason; Vercauteren, Koen; Rambaut, Andrew; Ahuka-Mundeke, Steve; Muyembe-Tamfum, Jean-Jacques"
PP_004B1G9,Ia,None,Democratic Republic of the Congo,Kinshasa,2025-02-09,187460,0.8783828324265119,2025-10-21,"Wawina-Bokalanga, Tony; Amuri-Aziza, Adrienne; Mbala-Kingebeni, Placide; Kinganda-Lusamaki, Eddy; Pukuta-Simbu, Elisabeth; Hasivirwe-Vakaniaki, Emmanuel; Ola-Mpumbe, Rilia; Kwete-Mbokama, Papy; Akil-Bandali, Prince; Kacita, Cris; Ponga-Museme, Ange; Mapenzi-Kashali, Nelson; Vakaniaki, Gloria; Kenye, Kelly-Michel; Muyamuna, Elisabeth; Kavira-Bapitani, Sifa; Mukadi, Patrick; OToole, Aine; Tshiani-Mbaya, Olivier; Paku-Tshambu, Princesse; Lokilo-Lofiko, Emmanuel; Muswamba-Kayembe, Chloe; Makangara-Cigolo, Jean-Claude; Cikaya-Kankolongo, Fiston; Luakanda-Ndelemo, Gradi; Lawanga, Leader; Mabika-Bope, Elzedek; Lumembe-Numbi, Raphael; Kabamba-Lungenyi, Gabriel; Citenga, Andre; Kelvin, D. J.; Pratt, Catherine; Ayouba, Ahidjo; Tessema, Sofonias; Mukadi-Bamuleka, Daniel; Jansen, Daan; Halbrook, Megan; Merrit, Sydney; Hensley, Lisa; Delaporte, Eric; Mwamba, Dieudonne; Liesenborghs, Laurens; Hoff, Nicole; Peeters, Martine; Low, Nicola; Rimoin, Anne; Kindrachuk, Jason; Vercauteren, Koen; Rambaut, Andrew; Ahuka-Mundeke, Steve; Muyembe-Tamfum, Jean-Jacques"
PP_004B1H6,Ia,None,Democratic Republic of the Congo,Kinshasa,2025-02-11,187429,0.9200188632364648,2025-10-21,"Wawina-Bokalanga, Tony; Amuri-Aziza, Adrienne; Mbala-Kingebeni, Placide; Kinganda-Lusamaki, Eddy; Pukuta-Simbu, Elisabeth; Hasivirwe-Vakaniaki, Emmanuel; Ola-Mpumbe, Rilia; Kwete-Mbokama, Papy; Akil-Bandali, Prince; Kacita, Cris; Ponga-Museme, Ange; Mapenzi-Kashali, Nelson; Vakaniaki, Gloria; Kenye, Kelly-Michel; Muyamuna, Elisabeth; Kavira-Bapitani, Sifa; Mukadi, Patrick; OToole, Aine; Tshiani-Mbaya, Olivier; Paku-Tshambu, Princesse; Lokilo-Lofiko, Emmanuel; Muswamba-Kayembe, Chloe; Makangara-Cigolo, Jean-Claude; Cikaya-Kankolongo, Fiston; Luakanda-Ndelemo, Gradi; Lawanga, Leader; Mabika-Bope, Elzedek; Lumembe-Numbi, Raphael; Kabamba-Lungenyi, Gabriel; Citenga, Andre; Kelvin, D. J.; Pratt, Catherine; Ayouba, Ahidjo; Tessema, Sofonias; Mukadi-Bamuleka, Daniel; Jansen, Daan; Halbrook, Megan; Merrit, Sydney; Hensley, Lisa; Delaporte, Eric; Mwamba, Dieudonne; Liesenborghs, Laurens; Hoff, Nicole; Peeters, Martine; Low, Nicola; Rimoin, Anne; Kindrachuk, Jason; Vercauteren, Koen; Rambaut, Andrew; Ahuka-Mundeke, Steve; Muyembe-Tamfum, Jean-Jacques"
PP_004B1J4,Ia,None,Democratic Republic of the Congo,Kinshasa,2025-02-11,187459,0.8484247676323089,2025-10-21,"Wawina-Bokalanga, Tony; Amuri-Aziza, Adrienne; Mbala-Kingebeni, Placide; Kinganda-Lusamaki, Eddy; Pukuta-Simbu, Elisabeth; Hasivirwe-Vakaniaki, Emmanuel; Ola-Mpumbe, Rilia; Kwete-Mbokama, Papy; Akil-Bandali, Prince; Kacita, Cris; Ponga-Museme, Ange; Mapenzi-Kashali, Nelson; Vakaniaki, Gloria; Kenye, Kelly-Michel; Muyamuna, Elisabeth; Kavira-Bapitani, Sifa; Mukadi, Patrick; OToole, Aine; Tshiani-Mbaya, Olivier; Paku-Tshambu, Princesse; Lokilo-Lofiko, Emmanuel; Muswamba-Kayembe, Chloe; Makangara-Cigolo, Jean-Claude; Cikaya-Kankolongo, Fiston; Luakanda-Ndelemo, Gradi; Lawanga, Leader; Mabika-Bope, Elzedek; Lumembe-Numbi, Raphael; Kabamba-Lungenyi, Gabriel; Citenga, Andre; Kelvin, D. J.; Pratt, Catherine; Ayouba, Ahidjo; Tessema, Sofonias; Mukadi-Bamuleka, Daniel; Jansen, Daan; Halbrook, Megan; Merrit, Sydney; Hensley, Lisa; Delaporte, Eric; Mwamba, Dieudonne; Liesenborghs, Laurens; Hoff, Nicole; Peeters, Martine; Low, Nicola; Rimoin, Anne; Kindrachuk, Jason; Vercauteren, Koen; Rambaut, Andrew; Ahuka-Mundeke, Steve; Muyembe-Tamfum, Jean-Jacques"
PP_004B1K2,Ia,None,Democratic Republic of the Congo,Kinshasa,2025-02-11,187459,0.8944470079965925,2025-10-21,"Wawina-Bokalanga, Tony; Amuri-Aziza, Adrienne; Mbala-Kingebeni, Placide; Kinganda-Lusamaki, Eddy; Pukuta-Simbu, Elisabeth; Hasivirwe-Vakaniaki, Emmanuel; Ola-Mpumbe, Rilia; Kwete-Mbokama, Papy; Akil-Bandali, Prince; Kacita, Cris; Ponga-Museme, Ange; Mapenzi-Kashali, Nelson; Vakaniaki, Gloria; Kenye, Kelly-Michel; Muyamuna, Elisabeth; Kavira-Bapitani, Sifa; Mukadi, Patrick; OToole, Aine; Tshiani-Mbaya, Olivier; Paku-Tshambu, Princesse; Lokilo-Lofiko, Emmanuel; Muswamba-Kayembe, Chloe; Makangara-Cigolo, Jean-Claude; Cikaya-Kankolongo, Fiston; Luakanda-Ndelemo, Gradi; Lawanga, Leader; Mabika-Bope, Elzedek; Lumembe-Numbi, Raphael; Kabamba-Lungenyi, Gabriel; Citenga, Andre; Kelvin, D. J.; Pratt, Catherine; Ayouba, Ahidjo; Tessema, Sofonias; Mukadi-Bamuleka, Daniel; Jansen, Daan; Halbrook, Megan; Merrit, Sydney; Hensley, Lisa; Delaporte, Eric; Mwamba, Dieudonne; Liesenborghs, Laurens; Hoff, Nicole; Peeters, Martine; Low, Nicola; Rimoin, Anne; Kindrachuk, Jason; Vercauteren, Koen; Rambaut, Andrew; Ahuka-Mundeke, Steve; Muyembe-Tamfum, Jean-Jacques"
PP_004B1L0,Ia,None,Democratic Republic of the Congo,Kinshasa,2025-02-11,187448,0.5831782525138305,2025-10-21,"Wawina-Bokalanga, Tony; Amuri-Aziza, Adrienne; Mbala-Kingebeni, Placide; Kinganda-Lusamaki, Eddy; Pukuta-Simbu, Elisabeth; Hasivirwe-Vakaniaki, Emmanuel; Ola-Mpumbe, Rilia; Kwete-Mbokama, Papy; Akil-Bandali, Prince; Kacita, Cris; Ponga-Museme, Ange; Mapenzi-Kashali, Nelson; Vakaniaki, Gloria; Kenye, Kelly-Michel; Muyamuna, Elisabeth; Kavira-Bapitani, Sifa; Mukadi, Patrick; OToole, Aine; Tshiani-Mbaya, Olivier; Paku-Tshambu, Princesse; Lokilo-Lofiko, Emmanuel; Muswamba-Kayembe, Chloe; Makangara-Cigolo, Jean-Claude; Cikaya-Kankolongo, Fiston; Luakanda-Ndelemo, Gradi; Lawanga, Leader; Mabika-Bope, Elzedek; Lumembe-Numbi, Raphael; Kabamba-Lungenyi, Gabriel; Citenga, Andre; Kelvin, D. J.; Pratt, Catherine; Ayouba, Ahidjo; Tessema, Sofonias; Mukadi-Bamuleka, Daniel; Jansen, Daan; Halbrook, Megan; Merrit, Sydney; Hensley, Lisa; Delaporte, Eric; Mwamba, Dieudonne; Liesenborghs, Laurens; Hoff, Nicole; Peeters, Martine; Low, Nicola; Rimoin, Anne; Kindrachuk, Jason; Vercauteren, Koen; Rambaut, Andrew; Ahuka-Mundeke, Steve; Muyembe-Tamfum, Jean-Jacques"
PP_004B1MY,Ia,None,Democratic Republic of the Congo,Kinshasa,2025-02-06,185125,0.4747805627532212,2025-10-21,"Wawina-Bokalanga, Tony; Amuri-Aziza, Adrienne; Mbala-Kingebeni, Placide; Kinganda-Lusamaki, Eddy; Pukuta-Simbu, Elisabeth; Hasivirwe-Vakaniaki, Emmanuel; Ola-Mpumbe, Rilia; Kwete-Mbokama, Papy; Akil-Bandali, Prince; Kacita, Cris; Ponga-Museme, Ange; Mapenzi-Kashali, Nelson; Vakaniaki, Gloria; Kenye, Kelly-Michel; Muyamuna, Elisabeth; Kavira-Bapitani, Sifa; Mukadi, Patrick; OToole, Aine; Tshiani-Mbaya, Olivier; Paku-Tshambu, Princesse; Lokilo-Lofiko, Emmanuel; Muswamba-Kayembe, Chloe; Makangara-Cigolo, Jean-Claude; Cikaya-Kankolongo, Fiston; Luakanda-Ndelemo, Gradi; Lawanga, Leader; Mabika-Bope, Elzedek; Lumembe-Numbi, Raphael; Kabamba-Lungenyi, Gabriel; Citenga, Andre; Kelvin, D. J.; Pratt, Catherine; Ayouba, Ahidjo; Tessema, Sofonias; Mukadi-Bamuleka, Daniel; Jansen, Daan; Halbrook, Megan; Merrit, Sydney; Hensley, Lisa; Delaporte, Eric; Mwamba, Dieudonne; Liesenborghs, Laurens; Hoff, Nicole; Peeters, Martine; Low, Nicola; Rimoin, Anne; Kindrachuk, Jason; Vercauteren, Koen; Rambaut, Andrew; Ahuka-Mundeke, Steve; Muyembe-Tamfum, Jean-Jacques"
PP_004B1NW,Ia,None,Democratic Republic of the Congo,Kinshasa,2025-02-11,187454,0.906231460024644,2025-10-21,"Wawina-Bokalanga, Tony; Amuri-Aziza, Adrienne; Mbala-Kingebeni, Placide; Kinganda-Lusamaki, Eddy; Pukuta-Simbu, Elisabeth; Hasivirwe-Vakaniaki, Emmanuel; Ola-Mpumbe, Rilia; Kwete-Mbokama, Papy; Akil-Bandali, Prince; Kacita, Cris; Ponga-Museme, Ange; Mapenzi-Kashali, Nelson; Vakaniaki, Gloria; Kenye, Kelly-Michel; Muyamuna, Elisabeth; Kavira-Bapitani, Sifa; Mukadi, Patrick; OToole, Aine; Tshiani-Mbaya, Olivier; Paku-Tshambu, Princesse; Lokilo-Lofiko, Emmanuel; Muswamba-Kayembe, Chloe; Makangara-Cigolo, Jean-Claude; Cikaya-Kankolongo, Fiston; Luakanda-Ndelemo, Gradi; Lawanga, Leader; Mabika-Bope, Elzedek; Lumembe-Numbi, Raphael; Kabamba-Lungenyi, Gabriel; Citenga, Andre; Kelvin, D. J.; Pratt, Catherine; Ayouba, Ahidjo; Tessema, Sofonias; Mukadi-Bamuleka, Daniel; Jansen, Daan; Halbrook, Megan; Merrit, Sydney; Hensley, Lisa; Delaporte, Eric; Mwamba, Dieudonne; Liesenborghs, Laurens; Hoff, Nicole; Peeters, Martine; Low, Nicola; Rimoin, Anne; Kindrachuk, Jason; Vercauteren, Koen; Rambaut, Andrew; Ahuka-Mundeke, Steve; Muyembe-Tamfum, Jean-Jacques"
PP_004B1PU,Ib,A.1,Democratic Republic of the Congo,Kinshasa,2025-02-12,187430,0.8061903868484704,2025-10-21,"Wawina-Bokalanga, Tony; Amuri-Aziza, Adrienne; Mbala-Kingebeni, Placide; Kinganda-Lusamaki, Eddy; Pukuta-Simbu, Elisabeth; Hasivirwe-Vakaniaki, Emmanuel; Ola-Mpumbe, Rilia; Kwete-Mbokama, Papy; Akil-Bandali, Prince; Kacita, Cris; Ponga-Museme, Ange; Mapenzi-Kashali, Nelson; Vakaniaki, Gloria; Kenye, Kelly-Michel; Muyamuna, Elisabeth; Kavira-Bapitani, Sifa; Mukadi, Patrick; OToole, Aine; Tshiani-Mbaya, Olivier; Paku-Tshambu, Princesse; Lokilo-Lofiko, Emmanuel; Muswamba-Kayembe, Chloe; Makangara-Cigolo, Jean-Claude; Cikaya-Kankolongo, Fiston; Luakanda-Ndelemo, Gradi; Lawanga, Leader; Mabika-Bope, Elzedek; Lumembe-Numbi, Raphael; Kabamba-Lungenyi, Gabriel; Citenga, Andre; Kelvin, D. J.; Pratt, Catherine; Ayouba, Ahidjo; Tessema, Sofonias; Mukadi-Bamuleka, Daniel; Jansen, Daan; Halbrook, Megan; Merrit, Sydney; Hensley, Lisa; Delaporte, Eric; Mwamba, Dieudonne; Liesenborghs, Laurens; Hoff, Nicole; Peeters, Martine; Low, Nicola; Rimoin, Anne; Kindrachuk, Jason; Vercauteren, Koen; Rambaut, Andrew; Ahuka-Mundeke, Steve; Muyembe-Tamfum, Jean-Jacques"
PP_004B1QS,Ib,A.1,Democratic Republic of the Congo,Kinshasa,2025-02-12,187436,0.8567154643043674,2025-10-21,"Wawina-Bokalanga, Tony; Amuri-Aziza, Adrienne; Mbala-Kingebeni, Placide; Kinganda-Lusamaki, Eddy; Pukuta-Simbu, Elisabeth; Hasivirwe-Vakaniaki, Emmanuel; Ola-Mpumbe, Rilia; Kwete-Mbokama, Papy; Akil-Bandali, Prince; Kacita, Cris; Ponga-Museme, Ange; Mapenzi-Kashali, Nelson; Vakaniaki, Gloria; Kenye, Kelly-Michel; Muyamuna, Elisabeth; Kavira-Bapitani, Sifa; Mukadi, Patrick; OToole, Aine; Tshiani-Mbaya, Olivier; Paku-Tshambu, Princesse; Lokilo-Lofiko, Emmanuel; Muswamba-Kayembe, Chloe; Makangara-Cigolo, Jean-Claude; Cikaya-Kankolongo, Fiston; Luakanda-Ndelemo, Gradi; Lawanga, Leader; Mabika-Bope, Elzedek; Lumembe-Numbi, Raphael; Kabamba-Lungenyi, Gabriel; Citenga, Andre; Kelvin, D. J.; Pratt, Catherine; Ayouba, Ahidjo; Tessema, Sofonias; Mukadi-Bamuleka, Daniel; Jansen, Daan; Halbrook, Megan; Merrit, Sydney; Hensley, Lisa; Delaporte, Eric; Mwamba, Dieudonne; Liesenborghs, Laurens; Hoff, Nicole; Peeters, Martine; Low, Nicola; Rimoin, Anne; Kindrachuk, Jason; Vercauteren, Koen; Rambaut, Andrew; Ahuka-Mundeke, Steve; Muyembe-Tamfum, Jean-Jacques"
PP_004B1RQ,Ia,None,Democratic Republic of the Congo,Kinshasa,2025-02-13,187454,0.9141469202724014,2025-10-21,"Wawina-Bokalanga, Tony; Amuri-Aziza, Adrienne; Mbala-Kingebeni, Placide; Kinganda-Lusamaki, Eddy; Pukuta-Simbu, Elisabeth; Hasivirwe-Vakaniaki, Emmanuel; Ola-Mpumbe, Rilia; Kwete-Mbokama, Papy; Akil-Bandali, Prince; Kacita, Cris; Ponga-Museme, Ange; Mapenzi-Kashali, Nelson; Vakaniaki, Gloria; Kenye, Kelly-Michel; Muyamuna, Elisabeth; Kavira-Bapitani, Sifa; Mukadi, Patrick; OToole, Aine; Tshiani-Mbaya, Olivier; Paku-Tshambu, Princesse; Lokilo-Lofiko, Emmanuel; Muswamba-Kayembe, Chloe; Makangara-Cigolo, Jean-Claude; Cikaya-Kankolongo, Fiston; Luakanda-Ndelemo, Gradi; Lawanga, Leader; Mabika-Bope, Elzedek; Lumembe-Numbi, Raphael; Kabamba-Lungenyi, Gabriel; Citenga, Andre; Kelvin, D. J.; Pratt, Catherine; Ayouba, Ahidjo; Tessema, Sofonias; Mukadi-Bamuleka, Daniel; Jansen, Daan; Halbrook, Megan; Merrit, Sydney; Hensley, Lisa; Delaporte, Eric; Mwamba, Dieudonne; Liesenborghs, Laurens; Hoff, Nicole; Peeters, Martine; Low, Nicola; Rimoin, Anne; Kindrachuk, Jason; Vercauteren, Koen; Rambaut, Andrew; Ahuka-Mundeke, Steve; Muyembe-Tamfum, Jean-Jacques"
PP_004B1SN,Ib,A.1,Democratic Republic of the Congo,Kinshasa,2025-02-10,187427,0.7374815551014406,2025-10-21,"Wawina-Bokalanga, Tony; Amuri-Aziza, Adrienne; Mbala-Kingebeni, Placide; Kinganda-Lusamaki, Eddy; Pukuta-Simbu, Elisabeth; Hasivirwe-Vakaniaki, Emmanuel; Ola-Mpumbe, Rilia; Kwete-Mbokama, Papy; Akil-Bandali, Prince; Kacita, Cris; Ponga-Museme, Ange; Mapenzi-Kashali, Nelson; Vakaniaki, Gloria; Kenye, Kelly-Michel; Muyamuna, Elisabeth; Kavira-Bapitani, Sifa; Mukadi, Patrick; OToole, Aine; Tshiani-Mbaya, Olivier; Paku-Tshambu, Princesse; Lokilo-Lofiko, Emmanuel; Muswamba-Kayembe, Chloe; Makangara-Cigolo, Jean-Claude; Cikaya-Kankolongo, Fiston; Luakanda-Ndelemo, Gradi; Lawanga, Leader; Mabika-Bope, Elzedek; Lumembe-Numbi, Raphael; Kabamba-Lungenyi, Gabriel; Citenga, Andre; Kelvin, D. J.; Pratt, Catherine; Ayouba, Ahidjo; Tessema, Sofonias; Mukadi-Bamuleka, Daniel; Jansen, Daan; Halbrook, Megan; Merrit, Sydney; Hensley, Lisa; Delaporte, Eric; Mwamba, Dieudonne; Liesenborghs, Laurens; Hoff, Nicole; Peeters, Martine; Low, Nicola; Rimoin, Anne; Kindrachuk, Jason; Vercauteren, Koen; Rambaut, Andrew; Ahuka-Mundeke, Steve; Muyembe-Tamfum, Jean-Jacques"
PP_004B1TL,Ia,None,Democratic Republic of the Congo,Kinshasa,2025-02-12,187454,0.8816484034704298,2025-10-21,"Wawina-Bokalanga, Tony; Amuri-Aziza, Adrienne; Mbala-Kingebeni, Placide; Kinganda-Lusamaki, Eddy; Pukuta-Simbu, Elisabeth; Hasivirwe-Vakaniaki, Emmanuel; Ola-Mpumbe, Rilia; Kwete-Mbokama, Papy; Akil-Bandali, Prince; Kacita, Cris; Ponga-Museme, Ange; Mapenzi-Kashali, Nelson; Vakaniaki, Gloria; Kenye, Kelly-Michel; Muyamuna, Elisabeth; Kavira-Bapitani, Sifa; Mukadi, Patrick; OToole, Aine; Tshiani-Mbaya, Olivier; Paku-Tshambu, Princesse; Lokilo-Lofiko, Emmanuel; Muswamba-Kayembe, Chloe; Makangara-Cigolo, Jean-Claude; Cikaya-Kankolongo, Fiston; Luakanda-Ndelemo, Gradi; Lawanga, Leader; Mabika-Bope, Elzedek; Lumembe-Numbi, Raphael; Kabamba-Lungenyi, Gabriel; Citenga, Andre; Kelvin, D. J.; Pratt, Catherine; Ayouba, Ahidjo; Tessema, Sofonias; Mukadi-Bamuleka, Daniel; Jansen, Daan; Halbrook, Megan; Merrit, Sydney; Hensley, Lisa; Delaporte, Eric; Mwamba, Dieudonne; Liesenborghs, Laurens; Hoff, Nicole; Peeters, Martine; Low, Nicola; Rimoin, Anne; Kindrachuk, Jason; Vercauteren, Koen; Rambaut, Andrew; Ahuka-Mundeke, Steve; Muyembe-Tamfum, Jean-Jacques"
PP_004B1UJ,Ia,None,Democratic Republic of the Congo,Kinshasa,2025-02-12,187442,0.7459243746482158,2025-10-21,"Wawina-Bokalanga, Tony; Amuri-Aziza, Adrienne; Mbala-Kingebeni, Placide; Kinganda-Lusamaki, Eddy; Pukuta-Simbu, Elisabeth; Hasivirwe-Vakaniaki, Emmanuel; Ola-Mpumbe, Rilia; Kwete-Mbokama, Papy; Akil-Bandali, Prince; Kacita, Cris; Ponga-Museme, Ange; Mapenzi-Kashali, Nelson; Vakaniaki, Gloria; Kenye, Kelly-Michel; Muyamuna, Elisabeth; Kavira-Bapitani, Sifa; Mukadi, Patrick; OToole, Aine; Tshiani-Mbaya, Olivier; Paku-Tshambu, Princesse; Lokilo-Lofiko, Emmanuel; Muswamba-Kayembe, Chloe; Makangara-Cigolo, Jean-Claude; Cikaya-Kankolongo, Fiston; Luakanda-Ndelemo, Gradi; Lawanga, Leader; Mabika-Bope, Elzedek; Lumembe-Numbi, Raphael; Kabamba-Lungenyi, Gabriel; Citenga, Andre; Kelvin, D. J.; Pratt, Catherine; Ayouba, Ahidjo; Tessema, Sofonias; Mukadi-Bamuleka, Daniel; Jansen, Daan; Halbrook, Megan; Merrit, Sydney; Hensley, Lisa; Delaporte, Eric; Mwamba, Dieudonne; Liesenborghs, Laurens; Hoff, Nicole; Peeters, Martine; Low, Nicola; Rimoin, Anne; Kindrachuk, Jason; Vercauteren, Koen; Rambaut, Andrew; Ahuka-Mundeke, Steve; Muyembe-Tamfum, Jean-Jacques"
PP_004B1VG,Ia,None,Democratic Republic of the Congo,Kinshasa,2025-02-12,187469,0.4598725210309874,2025-10-21,"Wawina-Bokalanga, Tony; Amuri-Aziza, Adrienne; Mbala-Kingebeni, Placide; Kinganda-Lusamaki, Eddy; Pukuta-Simbu, Elisabeth; Hasivirwe-Vakaniaki, Emmanuel; Ola-Mpumbe, Rilia; Kwete-Mbokama, Papy; Akil-Bandali, Prince; Kacita, Cris; Ponga-Museme, Ange; Mapenzi-Kashali, Nelson; Vakaniaki, Gloria; Kenye, Kelly-Michel; Muyamuna, Elisabeth; Kavira-Bapitani, Sifa; Mukadi, Patrick; OToole, Aine; Tshiani-Mbaya, Olivier; Paku-Tshambu, Princesse; Lokilo-Lofiko, Emmanuel; Muswamba-Kayembe, Chloe; Makangara-Cigolo, Jean-Claude; Cikaya-Kankolongo, Fiston; Luakanda-Ndelemo, Gradi; Lawanga, Leader; Mabika-Bope, Elzedek; Lumembe-Numbi, Raphael; Kabamba-Lungenyi, Gabriel; Citenga, Andre; Kelvin, D. J.; Pratt, Catherine; Ayouba, Ahidjo; Tessema, Sofonias; Mukadi-Bamuleka, Daniel; Jansen, Daan; Halbrook, Megan; Merrit, Sydney; Hensley, Lisa; Delaporte, Eric; Mwamba, Dieudonne; Liesenborghs, Laurens; Hoff, Nicole; Peeters, Martine; Low, Nicola; Rimoin, Anne; Kindrachuk, Jason; Vercauteren, Koen; Rambaut, Andrew; Ahuka-Mundeke, Steve; Muyembe-Tamfum, Jean-Jacques"
PP_004B1WE,Ib,A.1,Democratic Republic of the Congo,Kinshasa,2025-02-11,187433,0.8816179788954865,2025-10-21,"Wawina-Bokalanga, Tony; Amuri-Aziza, Adrienne; Mbala-Kingebeni, Placide; Kinganda-Lusamaki, Eddy; Pukuta-Simbu, Elisabeth; Hasivirwe-Vakaniaki, Emmanuel; Ola-Mpumbe, Rilia; Kwete-Mbokama, Papy; Akil-Bandali, Prince; Kacita, Cris; Ponga-Museme, Ange; Mapenzi-Kashali, Nelson; Vakaniaki, Gloria; Kenye, Kelly-Michel; Muyamuna, Elisabeth; Kavira-Bapitani, Sifa; Mukadi, Patrick; OToole, Aine; Tshiani-Mbaya, Olivier; Paku-Tshambu, Princesse; Lokilo-Lofiko, Emmanuel; Muswamba-Kayembe, Chloe; Makangara-Cigolo, Jean-Claude; Cikaya-Kankolongo, Fiston; Luakanda-Ndelemo, Gradi; Lawanga, Leader; Mabika-Bope, Elzedek; Lumembe-Numbi, Raphael; Kabamba-Lungenyi, Gabriel; Citenga, Andre; Kelvin, D. J.; Pratt, Catherine; Ayouba, Ahidjo; Tessema, Sofonias; Mukadi-Bamuleka, Daniel; Jansen, Daan; Halbrook, Megan; Merrit, Sydney; Hensley, Lisa; Delaporte, Eric; Mwamba, Dieudonne; Liesenborghs, Laurens; Hoff, Nicole; Peeters, Martine; Low, Nicola; Rimoin, Anne; Kindrachuk, Jason; Vercauteren, Koen; Rambaut, Andrew; Ahuka-Mundeke, Steve; Muyembe-Tamfum, Jean-Jacques"
PP_004B1XC,Ia,None,Democratic Republic of the Congo,Kinshasa,2025-02-05,187459,0.7924131251616305,2025-10-21,"Wawina-Bokalanga, Tony; Amuri-Aziza, Adrienne; Mbala-Kingebeni, Placide; Kinganda-Lusamaki, Eddy; Pukuta-Simbu, Elisabeth; Hasivirwe-Vakaniaki, Emmanuel; Ola-Mpumbe, Rilia; Kwete-Mbokama, Papy; Akil-Bandali, Prince; Kacita, Cris; Ponga-Museme, Ange; Mapenzi-Kashali, Nelson; Vakaniaki, Gloria; Kenye, Kelly-Michel; Muyamuna, Elisabeth; Kavira-Bapitani, Sifa; Mukadi, Patrick; OToole, Aine; Tshiani-Mbaya, Olivier; Paku-Tshambu, Princesse; Lokilo-Lofiko, Emmanuel; Muswamba-Kayembe, Chloe; Makangara-Cigolo, Jean-Claude; Cikaya-Kankolongo, Fiston; Luakanda-Ndelemo, Gradi; Lawanga, Leader; Mabika-Bope, Elzedek; Lumembe-Numbi, Raphael; Kabamba-Lungenyi, Gabriel; Citenga, Andre; Kelvin, D. J.; Pratt, Catherine; Ayouba, Ahidjo; Tessema, Sofonias; Mukadi-Bamuleka, Daniel; Jansen, Daan; Halbrook, Megan; Merrit, Sydney; Hensley, Lisa; Delaporte, Eric; Mwamba, Dieudonne; Liesenborghs, Laurens; Hoff, Nicole; Peeters, Martine; Low, Nicola; Rimoin, Anne; Kindrachuk, Jason; Vercauteren, Koen; Rambaut, Andrew; Ahuka-Mundeke, Steve; Muyembe-Tamfum, Jean-Jacques"
PP_004B1YA,Ia,None,Democratic Republic of the Congo,Kinshasa,2025-02-13,187460,0.6957593213291483,2025-10-21,"Wawina-Bokalanga, Tony; Amuri-Aziza, Adrienne; Mbala-Kingebeni, Placide; Kinganda-Lusamaki, Eddy; Pukuta-Simbu, Elisabeth; Hasivirwe-Vakaniaki, Emmanuel; Ola-Mpumbe, Rilia; Kwete-Mbokama, Papy; Akil-Bandali, Prince; Kacita, Cris; Ponga-Museme, Ange; Mapenzi-Kashali, Nelson; Vakaniaki, Gloria; Kenye, Kelly-Michel; Muyamuna, Elisabeth; Kavira-Bapitani, Sifa; Mukadi, Patrick; OToole, Aine; Tshiani-Mbaya, Olivier; Paku-Tshambu, Princesse; Lokilo-Lofiko, Emmanuel; Muswamba-Kayembe, Chloe; Makangara-Cigolo, Jean-Claude; Cikaya-Kankolongo, Fiston; Luakanda-Ndelemo, Gradi; Lawanga, Leader; Mabika-Bope, Elzedek; Lumembe-Numbi, Raphael; Kabamba-Lungenyi, Gabriel; Citenga, Andre; Kelvin, D. J.; Pratt, Catherine; Ayouba, Ahidjo; Tessema, Sofonias; Mukadi-Bamuleka, Daniel; Jansen, Daan; Halbrook, Megan; Merrit, Sydney; Hensley, Lisa; Delaporte, Eric; Mwamba, Dieudonne; Liesenborghs, Laurens; Hoff, Nicole; Peeters, Martine; Low, Nicola; Rimoin, Anne; Kindrachuk, Jason; Vercauteren, Koen; Rambaut, Andrew; Ahuka-Mundeke, Steve; Muyembe-Tamfum, Jean-Jacques"
PP_004B1Z8,Ib,A.1,Democratic Republic of the Congo,Kinshasa,2025-02-13,187442,0.8214128158451186,2025-10-21,"Wawina-Bokalanga, Tony; Amuri-Aziza, Adrienne; Mbala-Kingebeni, Placide; Kinganda-Lusamaki, Eddy; Pukuta-Simbu, Elisabeth; Hasivirwe-Vakaniaki, Emmanuel; Ola-Mpumbe, Rilia; Kwete-Mbokama, Papy; Akil-Bandali, Prince; Kacita, Cris; Ponga-Museme, Ange; Mapenzi-Kashali, Nelson; Vakaniaki, Gloria; Kenye, Kelly-Michel; Muyamuna, Elisabeth; Kavira-Bapitani, Sifa; Mukadi, Patrick; OToole, Aine; Tshiani-Mbaya, Olivier; Paku-Tshambu, Princesse; Lokilo-Lofiko, Emmanuel; Muswamba-Kayembe, Chloe; Makangara-Cigolo, Jean-Claude; Cikaya-Kankolongo, Fiston; Luakanda-Ndelemo, Gradi; Lawanga, Leader; Mabika-Bope, Elzedek; Lumembe-Numbi, Raphael; Kabamba-Lungenyi, Gabriel; Citenga, Andre; Kelvin, D. J.; Pratt, Catherine; Ayouba, Ahidjo; Tessema, Sofonias; Mukadi-Bamuleka, Daniel; Jansen, Daan; Halbrook, Megan; Merrit, Sydney; Hensley, Lisa; Delaporte, Eric; Mwamba, Dieudonne; Liesenborghs, Laurens; Hoff, Nicole; Peeters, Martine; Low, Nicola; Rimoin, Anne; Kindrachuk, Jason; Vercauteren, Koen; Rambaut, Andrew; Ahuka-Mundeke, Steve; Muyembe-Tamfum, Jean-Jacques"
PP_004B206,Ia,None,Democratic Republic of the Congo,Kinshasa,2025-02-13,187441,0.7168689055773316,2025-10-21,"Wawina-Bokalanga, Tony; Amuri-Aziza, Adrienne; Mbala-Kingebeni, Placide; Kinganda-Lusamaki, Eddy; Pukuta-Simbu, Elisabeth; Hasivirwe-Vakaniaki, Emmanuel; Ola-Mpumbe, Rilia; Kwete-Mbokama, Papy; Akil-Bandali, Prince; Kacita, Cris; Ponga-Museme, Ange; Mapenzi-Kashali, Nelson; Vakaniaki, Gloria; Kenye, Kelly-Michel; Muyamuna, Elisabeth; Kavira-Bapitani, Sifa; Mukadi, Patrick; OToole, Aine; Tshiani-Mbaya, Olivier; Paku-Tshambu, Princesse; Lokilo-Lofiko, Emmanuel; Muswamba-Kayembe, Chloe; Makangara-Cigolo, Jean-Claude; Cikaya-Kankolongo, Fiston; Luakanda-Ndelemo, Gradi; Lawanga, Leader; Mabika-Bope, Elzedek; Lumembe-Numbi, Raphael; Kabamba-Lungenyi, Gabriel; Citenga, Andre; Kelvin, D. J.; Pratt, Catherine; Ayouba, Ahidjo; Tessema, Sofonias; Mukadi-Bamuleka, Daniel; Jansen, Daan; Halbrook, Megan; Merrit, Sydney; Hensley, Lisa; Delaporte, Eric; Mwamba, Dieudonne; Liesenborghs, Laurens; Hoff, Nicole; Peeters, Martine; Low, Nicola; Rimoin, Anne; Kindrachuk, Jason; Vercauteren, Koen; Rambaut, Andrew; Ahuka-Mundeke, Steve; Muyembe-Tamfum, Jean-Jacques"
PP_004B214,Ia,None,Democratic Republic of the Congo,Kinshasa,2025-02-13,187460,0.8958009015815708,2025-10-21,"Wawina-Bokalanga, Tony; Amuri-Aziza, Adrienne; Mbala-Kingebeni, Placide; Kinganda-Lusamaki, Eddy; Pukuta-Simbu, Elisabeth; Hasivirwe-Vakaniaki, Emmanuel; Ola-Mpumbe, Rilia; Kwete-Mbokama, Papy; Akil-Bandali, Prince; Kacita, Cris; Ponga-Museme, Ange; Mapenzi-Kashali, Nelson; Vakaniaki, Gloria; Kenye, Kelly-Michel; Muyamuna, Elisabeth; Kavira-Bapitani, Sifa; Mukadi, Patrick; OToole, Aine; Tshiani-Mbaya, Olivier; Paku-Tshambu, Princesse; Lokilo-Lofiko, Emmanuel; Muswamba-Kayembe, Chloe; Makangara-Cigolo, Jean-Claude; Cikaya-Kankolongo, Fiston; Luakanda-Ndelemo, Gradi; Lawanga, Leader; Mabika-Bope, Elzedek; Lumembe-Numbi, Raphael; Kabamba-Lungenyi, Gabriel; Citenga, Andre; Kelvin, D. J.; Pratt, Catherine; Ayouba, Ahidjo; Tessema, Sofonias; Mukadi-Bamuleka, Daniel; Jansen, Daan; Halbrook, Megan; Merrit, Sydney; Hensley, Lisa; Delaporte, Eric; Mwamba, Dieudonne; Liesenborghs, Laurens; Hoff, Nicole; Peeters, Martine; Low, Nicola; Rimoin, Anne; Kindrachuk, Jason; Vercauteren, Koen; Rambaut, Andrew; Ahuka-Mundeke, Steve; Muyembe-Tamfum, Jean-Jacques"
PP_004B222,Ib,A.1,Democratic Republic of the Congo,Kinshasa,2025-02-13,187411,0.647130709044719,2025-10-21,"Wawina-Bokalanga, Tony; Amuri-Aziza, Adrienne; Mbala-Kingebeni, Placide; Kinganda-Lusamaki, Eddy; Pukuta-Simbu, Elisabeth; Hasivirwe-Vakaniaki, Emmanuel; Ola-Mpumbe, Rilia; Kwete-Mbokama, Papy; Akil-Bandali, Prince; Kacita, Cris; Ponga-Museme, Ange; Mapenzi-Kashali, Nelson; Vakaniaki, Gloria; Kenye, Kelly-Michel; Muyamuna, Elisabeth; Kavira-Bapitani, Sifa; Mukadi, Patrick; OToole, Aine; Tshiani-Mbaya, Olivier; Paku-Tshambu, Princesse; Lokilo-Lofiko, Emmanuel; Muswamba-Kayembe, Chloe; Makangara-Cigolo, Jean-Claude; Cikaya-Kankolongo, Fiston; Luakanda-Ndelemo, Gradi; Lawanga, Leader; Mabika-Bope, Elzedek; Lumembe-Numbi, Raphael; Kabamba-Lungenyi, Gabriel; Citenga, Andre; Kelvin, D. J.; Pratt, Catherine; Ayouba, Ahidjo; Tessema, Sofonias; Mukadi-Bamuleka, Daniel; Jansen, Daan; Halbrook, Megan; Merrit, Sydney; Hensley, Lisa; Delaporte, Eric; Mwamba, Dieudonne; Liesenborghs, Laurens; Hoff, Nicole; Peeters, Martine; Low, Nicola; Rimoin, Anne; Kindrachuk, Jason; Vercauteren, Koen; Rambaut, Andrew; Ahuka-Mundeke, Steve; Muyembe-Tamfum, Jean-Jacques"
PP_004B230,Ia,None,Democratic Republic of the Congo,Kinshasa,2025-02-09,184069,0.48893306086436217,2025-10-21,"Wawina-Bokalanga, Tony; Amuri-Aziza, Adrienne; Mbala-Kingebeni, Placide; Kinganda-Lusamaki, Eddy; Pukuta-Simbu, Elisabeth; Hasivirwe-Vakaniaki, Emmanuel; Ola-Mpumbe, Rilia; Kwete-Mbokama, Papy; Akil-Bandali, Prince; Kacita, Cris; Ponga-Museme, Ange; Mapenzi-Kashali, Nelson; Vakaniaki, Gloria; Kenye, Kelly-Michel; Muyamuna, Elisabeth; Kavira-Bapitani, Sifa; Mukadi, Patrick; OToole, Aine; Tshiani-Mbaya, Olivier; Paku-Tshambu, Princesse; Lokilo-Lofiko, Emmanuel; Muswamba-Kayembe, Chloe; Makangara-Cigolo, Jean-Claude; Cikaya-Kankolongo, Fiston; Luakanda-Ndelemo, Gradi; Lawanga, Leader; Mabika-Bope, Elzedek; Lumembe-Numbi, Raphael; Kabamba-Lungenyi, Gabriel; Citenga, Andre; Kelvin, D. J.; Pratt, Catherine; Ayouba, Ahidjo; Tessema, Sofonias; Mukadi-Bamuleka, Daniel; Jansen, Daan; Halbrook, Megan; Merrit, Sydney; Hensley, Lisa; Delaporte, Eric; Mwamba, Dieudonne; Liesenborghs, Laurens; Hoff, Nicole; Peeters, Martine; Low, Nicola; Rimoin, Anne; Kindrachuk, Jason; Vercauteren, Koen; Rambaut, Andrew; Ahuka-Mundeke, Steve; Muyembe-Tamfum, Jean-Jacques"
PP_004B24Y,Ia,None,Democratic Republic of the Congo,Kinshasa,2025-02-04,187439,0.8646461368395966,2025-10-21,"Wawina-Bokalanga, Tony; Amuri-Aziza, Adrienne; Mbala-Kingebeni, Placide; Kinganda-Lusamaki, Eddy; Pukuta-Simbu, Elisabeth; Hasivirwe-Vakaniaki, Emmanuel; Ola-Mpumbe, Rilia; Kwete-Mbokama, Papy; Akil-Bandali, Prince; Kacita, Cris; Ponga-Museme, Ange; Mapenzi-Kashali, Nelson; Vakaniaki, Gloria; Kenye, Kelly-Michel; Muyamuna, Elisabeth; Kavira-Bapitani, Sifa; Mukadi, Patrick; OToole, Aine; Tshiani-Mbaya, Olivier; Paku-Tshambu, Princesse; Lokilo-Lofiko, Emmanuel; Muswamba-Kayembe, Chloe; Makangara-Cigolo, Jean-Claude; Cikaya-Kankolongo, Fiston; Luakanda-Ndelemo, Gradi; Lawanga, Leader; Mabika-Bope, Elzedek; Lumembe-Numbi, Raphael; Kabamba-Lungenyi, Gabriel; Citenga, Andre; Kelvin, D. J.; Pratt, Catherine; Ayouba, Ahidjo; Tessema, Sofonias; Mukadi-Bamuleka, Daniel; Jansen, Daan; Halbrook, Megan; Merrit, Sydney; Hensley, Lisa; Delaporte, Eric; Mwamba, Dieudonne; Liesenborghs, Laurens; Hoff, Nicole; Peeters, Martine; Low, Nicola; Rimoin, Anne; Kindrachuk, Jason; Vercauteren, Koen; Rambaut, Andrew; Ahuka-Mundeke, Steve; Muyembe-Tamfum, Jean-Jacques"
PP_004B25W,Ib,A.1,Democratic Republic of the Congo,Kinshasa,2025-02-14,187452,0.8728151352118818,2025-10-21,"Wawina-Bokalanga, Tony; Amuri-Aziza, Adrienne; Mbala-Kingebeni, Placide; Kinganda-Lusamaki, Eddy; Pukuta-Simbu, Elisabeth; Hasivirwe-Vakaniaki, Emmanuel; Ola-Mpumbe, Rilia; Kwete-Mbokama, Papy; Akil-Bandali, Prince; Kacita, Cris; Ponga-Museme, Ange; Mapenzi-Kashali, Nelson; Vakaniaki, Gloria; Kenye, Kelly-Michel; Muyamuna, Elisabeth; Kavira-Bapitani, Sifa; Mukadi, Patrick; OToole, Aine; Tshiani-Mbaya, Olivier; Paku-Tshambu, Princesse; Lokilo-Lofiko, Emmanuel; Muswamba-Kayembe, Chloe; Makangara-Cigolo, Jean-Claude; Cikaya-Kankolongo, Fiston; Luakanda-Ndelemo, Gradi; Lawanga, Leader; Mabika-Bope, Elzedek; Lumembe-Numbi, Raphael; Kabamba-Lungenyi, Gabriel; Citenga, Andre; Kelvin, D. J.; Pratt, Catherine; Ayouba, Ahidjo; Tessema, Sofonias; Mukadi-Bamuleka, Daniel; Jansen, Daan; Halbrook, Megan; Merrit, Sydney; Hensley, Lisa; Delaporte, Eric; Mwamba, Dieudonne; Liesenborghs, Laurens; Hoff, Nicole; Peeters, Martine; Low, Nicola; Rimoin, Anne; Kindrachuk, Jason; Vercauteren, Koen; Rambaut, Andrew; Ahuka-Mundeke, Steve; Muyembe-Tamfum, Jean-Jacques"
PP_004B26U,Ib,A.1,Democratic Republic of the Congo,Kinshasa,2025-02-14,187300,0.8705332920911317,2025-10-21,"Wawina-Bokalanga, Tony; Amuri-Aziza, Adrienne; Mbala-Kingebeni, Placide; Kinganda-Lusamaki, Eddy; Pukuta-Simbu, Elisabeth; Hasivirwe-Vakaniaki, Emmanuel; Ola-Mpumbe, Rilia; Kwete-Mbokama, Papy; Akil-Bandali, Prince; Kacita, Cris; Ponga-Museme, Ange; Mapenzi-Kashali, Nelson; Vakaniaki, Gloria; Kenye, Kelly-Michel; Muyamuna, Elisabeth; Kavira-Bapitani, Sifa; Mukadi, Patrick; OToole, Aine; Tshiani-Mbaya, Olivier; Paku-Tshambu, Princesse; Lokilo-Lofiko, Emmanuel; Muswamba-Kayembe, Chloe; Makangara-Cigolo, Jean-Claude; Cikaya-Kankolongo, Fiston; Luakanda-Ndelemo, Gradi; Lawanga, Leader; Mabika-Bope, Elzedek; Lumembe-Numbi, Raphael; Kabamba-Lungenyi, Gabriel; Citenga, Andre; Kelvin, D. J.; Pratt, Catherine; Ayouba, Ahidjo; Tessema, Sofonias; Mukadi-Bamuleka, Daniel; Jansen, Daan; Halbrook, Megan; Merrit, Sydney; Hensley, Lisa; Delaporte, Eric; Mwamba, Dieudonne; Liesenborghs, Laurens; Hoff, Nicole; Peeters, Martine; Low, Nicola; Rimoin, Anne; Kindrachuk, Jason; Vercauteren, Koen; Rambaut, Andrew; Ahuka-Mundeke, Steve; Muyembe-Tamfum, Jean-Jacques"
PP_004B27S,Ib,A.1,Democratic Republic of the Congo,Kinshasa,2025-02-14,187419,0.8575267863028564,2025-10-21,"Wawina-Bokalanga, Tony; Amuri-Aziza, Adrienne; Mbala-Kingebeni, Placide; Kinganda-Lusamaki, Eddy; Pukuta-Simbu, Elisabeth; Hasivirwe-Vakaniaki, Emmanuel; Ola-Mpumbe, Rilia; Kwete-Mbokama, Papy; Akil-Bandali, Prince; Kacita, Cris; Ponga-Museme, Ange; Mapenzi-Kashali, Nelson; Vakaniaki, Gloria; Kenye, Kelly-Michel; Muyamuna, Elisabeth; Kavira-Bapitani, Sifa; Mukadi, Patrick; OToole, Aine; Tshiani-Mbaya, Olivier; Paku-Tshambu, Princesse; Lokilo-Lofiko, Emmanuel; Muswamba-Kayembe, Chloe; Makangara-Cigolo, Jean-Claude; Cikaya-Kankolongo, Fiston; Luakanda-Ndelemo, Gradi; Lawanga, Leader; Mabika-Bope, Elzedek; Lumembe-Numbi, Raphael; Kabamba-Lungenyi, Gabriel; Citenga, Andre; Kelvin, D. J.; Pratt, Catherine; Ayouba, Ahidjo; Tessema, Sofonias; Mukadi-Bamuleka, Daniel; Jansen, Daan; Halbrook, Megan; Merrit, Sydney; Hensley, Lisa; Delaporte, Eric; Mwamba, Dieudonne; Liesenborghs, Laurens; Hoff, Nicole; Peeters, Martine; Low, Nicola; Rimoin, Anne; Kindrachuk, Jason; Vercauteren, Koen; Rambaut, Andrew; Ahuka-Mundeke, Steve; Muyembe-Tamfum, Jean-Jacques"
PP_004B28Q,Ib,A.1,Democratic Republic of the Congo,Kinshasa,2025-02-14,187312,0.8342519864712057,2025-10-21,"Wawina-Bokalanga, Tony; Amuri-Aziza, Adrienne; Mbala-Kingebeni, Placide; Kinganda-Lusamaki, Eddy; Pukuta-Simbu, Elisabeth; Hasivirwe-Vakaniaki, Emmanuel; Ola-Mpumbe, Rilia; Kwete-Mbokama, Papy; Akil-Bandali, Prince; Kacita, Cris; Ponga-Museme, Ange; Mapenzi-Kashali, Nelson; Vakaniaki, Gloria; Kenye, Kelly-Michel; Muyamuna, Elisabeth; Kavira-Bapitani, Sifa; Mukadi, Patrick; OToole, Aine; Tshiani-Mbaya, Olivier; Paku-Tshambu, Princesse; Lokilo-Lofiko, Emmanuel; Muswamba-Kayembe, Chloe; Makangara-Cigolo, Jean-Claude; Cikaya-Kankolongo, Fiston; Luakanda-Ndelemo, Gradi; Lawanga, Leader; Mabika-Bope, Elzedek; Lumembe-Numbi, Raphael; Kabamba-Lungenyi, Gabriel; Citenga, Andre; Kelvin, D. J.; Pratt, Catherine; Ayouba, Ahidjo; Tessema, Sofonias; Mukadi-Bamuleka, Daniel; Jansen, Daan; Halbrook, Megan; Merrit, Sydney; Hensley, Lisa; Delaporte, Eric; Mwamba, Dieudonne; Liesenborghs, Laurens; Hoff, Nicole; Peeters, Martine; Low, Nicola; Rimoin, Anne; Kindrachuk, Jason; Vercauteren, Koen; Rambaut, Andrew; Ahuka-Mundeke, Steve; Muyembe-Tamfum, Jean-Jacques"
PP_004B29N,Ib,A.1,Democratic Republic of the Congo,Kinshasa,2025-02-14,187348,0.8656197232377832,2025-10-21,"Wawina-Bokalanga, Tony; Amuri-Aziza, Adrienne; Mbala-Kingebeni, Placide; Kinganda-Lusamaki, Eddy; Pukuta-Simbu, Elisabeth; Hasivirwe-Vakaniaki, Emmanuel; Ola-Mpumbe, Rilia; Kwete-Mbokama, Papy; Akil-Bandali, Prince; Kacita, Cris; Ponga-Museme, Ange; Mapenzi-Kashali, Nelson; Vakaniaki, Gloria; Kenye, Kelly-Michel; Muyamuna, Elisabeth; Kavira-Bapitani, Sifa; Mukadi, Patrick; OToole, Aine; Tshiani-Mbaya, Olivier; Paku-Tshambu, Princesse; Lokilo-Lofiko, Emmanuel; Muswamba-Kayembe, Chloe; Makangara-Cigolo, Jean-Claude; Cikaya-Kankolongo, Fiston; Luakanda-Ndelemo, Gradi; Lawanga, Leader; Mabika-Bope, Elzedek; Lumembe-Numbi, Raphael; Kabamba-Lungenyi, Gabriel; Citenga, Andre; Kelvin, D. J.; Pratt, Catherine; Ayouba, Ahidjo; Tessema, Sofonias; Mukadi-Bamuleka, Daniel; Jansen, Daan; Halbrook, Megan; Merrit, Sydney; Hensley, Lisa; Delaporte, Eric; Mwamba, Dieudonne; Liesenborghs, Laurens; Hoff, Nicole; Peeters, Martine; Low, Nicola; Rimoin, Anne; Kindrachuk, Jason; Vercauteren, Koen; Rambaut, Andrew; Ahuka-Mundeke, Steve; Muyembe-Tamfum, Jean-Jacques"
PP_004B2AL,Ia,None,Democratic Republic of the Congo,Tshopo,2025-01-15,187513,0.813613983134644,2025-10-21,"Luakanda-Ndelemo, Gradi; Mbala-Kingebeni, Placide; Wawina-Bokalanga, Tony; Kinganda-Lusamaki, Eddy; Pukuta-Simbu, Elisabeth; Hasivirwe-Vakaniaki, Emmanuel; Ola-Mpumbe, Rilia; Kwete-Mbokama, Papy; Akil-Bandali, Prince; Kacita, Cris; Ponga-Museme, Ange; Mapenzi-Kashali, Nelson; Vakaniaki, Gloria; Amuri-Aziza, Adrienne; Kenye, Kelly-Michel; Muyamuna, Elisabeth; Kavira-Bapitani, Sifa; Mukadi, Patrick; OToole, Aine; Tshiani-Mbaya, Olivier; Paku-Tshambu, Princesse; Lokilo-Lofiko, Emmanuel; Muswamba-Kayembe, Chloe; Makangara-Cigolo, Jean-Claude; Cikaya-Kankolongo, Fiston; Lawanga, Leader; Mabika-Bope, Elzedek; Lumembe-Numbi, Raphael; Kabamba-Lungenyi, Gabriel; Citenga, Andre; Kelvin, D. J.; Pratt, Catherine; Ayouba, Ahidjo; Tessema, Sofonias; Mukadi-Bamuleka, Daniel; Jansen, Daan; Halbrook, Megan; Merrit, Sydney; Hensley, Lisa; Delaporte, Eric; Mwamba, Dieudonne; Liesenborghs, Laurens; Hoff, Nicole; Peeters, Martine; Low, Nicola; Rimoin, Anne; Kindrachuk, Jason; Vercauteren, Koen; Rambaut, Andrew; Ahuka-Mundeke, Steve; Muyembe-Tamfum, Jean-Jacques"
PP_004B2BJ,Ia,None,Democratic Republic of the Congo,Tshopo,2025-01-15,187454,0.8751781105324807,2025-10-21,"Luakanda-Ndelemo, Gradi; Mbala-Kingebeni, Placide; Wawina-Bokalanga, Tony; Kinganda-Lusamaki, Eddy; Pukuta-Simbu, Elisabeth; Hasivirwe-Vakaniaki, Emmanuel; Ola-Mpumbe, Rilia; Kwete-Mbokama, Papy; Akil-Bandali, Prince; Kacita, Cris; Ponga-Museme, Ange; Mapenzi-Kashali, Nelson; Vakaniaki, Gloria; Amuri-Aziza, Adrienne; Kenye, Kelly-Michel; Muyamuna, Elisabeth; Kavira-Bapitani, Sifa; Mukadi, Patrick; OToole, Aine; Tshiani-Mbaya, Olivier; Paku-Tshambu, Princesse; Lokilo-Lofiko, Emmanuel; Muswamba-Kayembe, Chloe; Makangara-Cigolo, Jean-Claude; Cikaya-Kankolongo, Fiston; Lawanga, Leader; Mabika-Bope, Elzedek; Lumembe-Numbi, Raphael; Kabamba-Lungenyi, Gabriel; Citenga, Andre; Kelvin, D. J.; Pratt, Catherine; Ayouba, Ahidjo; Tessema, Sofonias; Mukadi-Bamuleka, Daniel; Jansen, Daan; Halbrook, Megan; Merrit, Sydney; Hensley, Lisa; Delaporte, Eric; Mwamba, Dieudonne; Liesenborghs, Laurens; Hoff, Nicole; Peeters, Martine; Low, Nicola; Rimoin, Anne; Kindrachuk, Jason; Vercauteren, Koen; Rambaut, Andrew; Ahuka-Mundeke, Steve; Muyembe-Tamfum, Jean-Jacques"
PP_004B2CG,Ia,None,Democratic Republic of the Congo,Kinshasa,2025-02-15,187439,0.8481915125577433,2025-10-21,"Wawina-Bokalanga, Tony; Amuri-Aziza, Adrienne; Mbala-Kingebeni, Placide; Kinganda-Lusamaki, Eddy; Pukuta-Simbu, Elisabeth; Hasivirwe-Vakaniaki, Emmanuel; Ola-Mpumbe, Rilia; Kwete-Mbokama, Papy; Akil-Bandali, Prince; Kacita, Cris; Ponga-Museme, Ange; Mapenzi-Kashali, Nelson; Vakaniaki, Gloria; Kenye, Kelly-Michel; Muyamuna, Elisabeth; Kavira-Bapitani, Sifa; Mukadi, Patrick; OToole, Aine; Tshiani-Mbaya, Olivier; Paku-Tshambu, Princesse; Lokilo-Lofiko, Emmanuel; Muswamba-Kayembe, Chloe; Makangara-Cigolo, Jean-Claude; Cikaya-Kankolongo, Fiston; Luakanda-Ndelemo, Gradi; Lawanga, Leader; Mabika-Bope, Elzedek; Lumembe-Numbi, Raphael; Kabamba-Lungenyi, Gabriel; Citenga, Andre; Kelvin, D. J.; Pratt, Catherine; Ayouba, Ahidjo; Tessema, Sofonias; Mukadi-Bamuleka, Daniel; Jansen, Daan; Halbrook, Megan; Merrit, Sydney; Hensley, Lisa; Delaporte, Eric; Mwamba, Dieudonne; Liesenborghs, Laurens; Hoff, Nicole; Peeters, Martine; Low, Nicola; Rimoin, Anne; Kindrachuk, Jason; Vercauteren, Koen; Rambaut, Andrew; Ahuka-Mundeke, Steve; Muyembe-Tamfum, Jean-Jacques"
PP_004B2DE,Ib,A.1,Democratic Republic of the Congo,Kinshasa,2025-02-11,187368,0.7767191152533607,2025-10-21,"Wawina-Bokalanga, Tony; Amuri-Aziza, Adrienne; Mbala-Kingebeni, Placide; Kinganda-Lusamaki, Eddy; Pukuta-Simbu, Elisabeth; Hasivirwe-Vakaniaki, Emmanuel; Ola-Mpumbe, Rilia; Kwete-Mbokama, Papy; Akil-Bandali, Prince; Kacita, Cris; Ponga-Museme, Ange; Mapenzi-Kashali, Nelson; Vakaniaki, Gloria; Kenye, Kelly-Michel; Muyamuna, Elisabeth; Kavira-Bapitani, Sifa; Mukadi, Patrick; OToole, Aine; Tshiani-Mbaya, Olivier; Paku-Tshambu, Princesse; Lokilo-Lofiko, Emmanuel; Muswamba-Kayembe, Chloe; Makangara-Cigolo, Jean-Claude; Cikaya-Kankolongo, Fiston; Luakanda-Ndelemo, Gradi; Lawanga, Leader; Mabika-Bope, Elzedek; Lumembe-Numbi, Raphael; Kabamba-Lungenyi, Gabriel; Citenga, Andre; Kelvin, D. J.; Pratt, Catherine; Ayouba, Ahidjo; Tessema, Sofonias; Mukadi-Bamuleka, Daniel; Jansen, Daan; Halbrook, Megan; Merrit, Sydney; Hensley, Lisa; Delaporte, Eric; Mwamba, Dieudonne; Liesenborghs, Laurens; Hoff, Nicole; Peeters, Martine; Low, Nicola; Rimoin, Anne; Kindrachuk, Jason; Vercauteren, Koen; Rambaut, Andrew; Ahuka-Mundeke, Steve; Muyembe-Tamfum, Jean-Jacques"
PP_004B2EC,Ia,None,Democratic Republic of the Congo,Kinshasa,2025-02-15,187476,0.8303779239284211,2025-10-21,"Wawina-Bokalanga, Tony; Amuri-Aziza, Adrienne; Mbala-Kingebeni, Placide; Kinganda-Lusamaki, Eddy; Pukuta-Simbu, Elisabeth; Hasivirwe-Vakaniaki, Emmanuel; Ola-Mpumbe, Rilia; Kwete-Mbokama, Papy; Akil-Bandali, Prince; Kacita, Cris; Ponga-Museme, Ange; Mapenzi-Kashali, Nelson; Vakaniaki, Gloria; Kenye, Kelly-Michel; Muyamuna, Elisabeth; Kavira-Bapitani, Sifa; Mukadi, Patrick; OToole, Aine; Tshiani-Mbaya, Olivier; Paku-Tshambu, Princesse; Lokilo-Lofiko, Emmanuel; Muswamba-Kayembe, Chloe; Makangara-Cigolo, Jean-Claude; Cikaya-Kankolongo, Fiston; Luakanda-Ndelemo, Gradi; Lawanga, Leader; Mabika-Bope, Elzedek; Lumembe-Numbi, Raphael; Kabamba-Lungenyi, Gabriel; Citenga, Andre; Kelvin, D. J.; Pratt, Catherine; Ayouba, Ahidjo; Tessema, Sofonias; Mukadi-Bamuleka, Daniel; Jansen, Daan; Halbrook, Megan; Merrit, Sydney; Hensley, Lisa; Delaporte, Eric; Mwamba, Dieudonne; Liesenborghs, Laurens; Hoff, Nicole; Peeters, Martine; Low, Nicola; Rimoin, Anne; Kindrachuk, Jason; Vercauteren, Koen; Rambaut, Andrew; Ahuka-Mundeke, Steve; Muyembe-Tamfum, Jean-Jacques"
PP_004B2FA,Ib,A.1,Democratic Republic of the Congo,Kinshasa,2025-02-14,187358,0.7143943734819405,2025-10-21,"Wawina-Bokalanga, Tony; Amuri-Aziza, Adrienne; Mbala-Kingebeni, Placide; Kinganda-Lusamaki, Eddy; Pukuta-Simbu, Elisabeth; Hasivirwe-Vakaniaki, Emmanuel; Ola-Mpumbe, Rilia; Kwete-Mbokama, Papy; Akil-Bandali, Prince; Kacita, Cris; Ponga-Museme, Ange; Mapenzi-Kashali, Nelson; Vakaniaki, Gloria; Kenye, Kelly-Michel; Muyamuna, Elisabeth; Kavira-Bapitani, Sifa; Mukadi, Patrick; OToole, Aine; Tshiani-Mbaya, Olivier; Paku-Tshambu, Princesse; Lokilo-Lofiko, Emmanuel; Muswamba-Kayembe, Chloe; Makangara-Cigolo, Jean-Claude; Cikaya-Kankolongo, Fiston; Luakanda-Ndelemo, Gradi; Lawanga, Leader; Mabika-Bope, Elzedek; Lumembe-Numbi, Raphael; Kabamba-Lungenyi, Gabriel; Citenga, Andre; Kelvin, D. J.; Pratt, Catherine; Ayouba, Ahidjo; Tessema, Sofonias; Mukadi-Bamuleka, Daniel; Jansen, Daan; Halbrook, Megan; Merrit, Sydney; Hensley, Lisa; Delaporte, Eric; Mwamba, Dieudonne; Liesenborghs, Laurens; Hoff, Nicole; Peeters, Martine; Low, Nicola; Rimoin, Anne; Kindrachuk, Jason; Vercauteren, Koen; Rambaut, Andrew; Ahuka-Mundeke, Steve; Muyembe-Tamfum, Jean-Jacques"
PP_004B2G8,Ia,None,Democratic Republic of the Congo,Kinshasa,2025-02-15,187418,0.9520812944642486,2025-10-21,"Wawina-Bokalanga, Tony; Amuri-Aziza, Adrienne; Mbala-Kingebeni, Placide; Kinganda-Lusamaki, Eddy; Pukuta-Simbu, Elisabeth; Hasivirwe-Vakaniaki, Emmanuel; Ola-Mpumbe, Rilia; Kwete-Mbokama, Papy; Akil-Bandali, Prince; Kacita, Cris; Ponga-Museme, Ange; Mapenzi-Kashali, Nelson; Vakaniaki, Gloria; Kenye, Kelly-Michel; Muyamuna, Elisabeth; Kavira-Bapitani, Sifa; Mukadi, Patrick; OToole, Aine; Tshiani-Mbaya, Olivier; Paku-Tshambu, Princesse; Lokilo-Lofiko, Emmanuel; Muswamba-Kayembe, Chloe; Makangara-Cigolo, Jean-Claude; Cikaya-Kankolongo, Fiston; Luakanda-Ndelemo, Gradi; Lawanga, Leader; Mabika-Bope, Elzedek; Lumembe-Numbi, Raphael; Kabamba-Lungenyi, Gabriel; Citenga, Andre; Kelvin, D. J.; Pratt, Catherine; Ayouba, Ahidjo; Tessema, Sofonias; Mukadi-Bamuleka, Daniel; Jansen, Daan; Halbrook, Megan; Merrit, Sydney; Hensley, Lisa; Delaporte, Eric; Mwamba, Dieudonne; Liesenborghs, Laurens; Hoff, Nicole; Peeters, Martine; Low, Nicola; Rimoin, Anne; Kindrachuk, Jason; Vercauteren, Koen; Rambaut, Andrew; Ahuka-Mundeke, Steve; Muyembe-Tamfum, Jean-Jacques"
PP_004B2H5,Ia,None,Democratic Republic of the Congo,Kinshasa,2025-02-13,187423,0.9363365769310732,2025-10-21,"Wawina-Bokalanga, Tony; Amuri-Aziza, Adrienne; Mbala-Kingebeni, Placide; Kinganda-Lusamaki, Eddy; Pukuta-Simbu, Elisabeth; Hasivirwe-Vakaniaki, Emmanuel; Ola-Mpumbe, Rilia; Kwete-Mbokama, Papy; Akil-Bandali, Prince; Kacita, Cris; Ponga-Museme, Ange; Mapenzi-Kashali, Nelson; Vakaniaki, Gloria; Kenye, Kelly-Michel; Muyamuna, Elisabeth; Kavira-Bapitani, Sifa; Mukadi, Patrick; OToole, Aine; Tshiani-Mbaya, Olivier; Paku-Tshambu, Princesse; Lokilo-Lofiko, Emmanuel; Muswamba-Kayembe, Chloe; Makangara-Cigolo, Jean-Claude; Cikaya-Kankolongo, Fiston; Luakanda-Ndelemo, Gradi; Lawanga, Leader; Mabika-Bope, Elzedek; Lumembe-Numbi, Raphael; Kabamba-Lungenyi, Gabriel; Citenga, Andre; Kelvin, D. J.; Pratt, Catherine; Ayouba, Ahidjo; Tessema, Sofonias; Mukadi-Bamuleka, Daniel; Jansen, Daan; Halbrook, Megan; Merrit, Sydney; Hensley, Lisa; Delaporte, Eric; Mwamba, Dieudonne; Liesenborghs, Laurens; Hoff, Nicole; Peeters, Martine; Low, Nicola; Rimoin, Anne; Kindrachuk, Jason; Vercauteren, Koen; Rambaut, Andrew; Ahuka-Mundeke, Steve; Muyembe-Tamfum, Jean-Jacques"
PP_004B2J3,Ia,None,Democratic Republic of the Congo,Kinshasa,2025-02-14,187458,0.9314838572276112,2025-10-21,"Wawina-Bokalanga, Tony; Amuri-Aziza, Adrienne; Mbala-Kingebeni, Placide; Kinganda-Lusamaki, Eddy; Pukuta-Simbu, Elisabeth; Hasivirwe-Vakaniaki, Emmanuel; Ola-Mpumbe, Rilia; Kwete-Mbokama, Papy; Akil-Bandali, Prince; Kacita, Cris; Ponga-Museme, Ange; Mapenzi-Kashali, Nelson; Vakaniaki, Gloria; Kenye, Kelly-Michel; Muyamuna, Elisabeth; Kavira-Bapitani, Sifa; Mukadi, Patrick; OToole, Aine; Tshiani-Mbaya, Olivier; Paku-Tshambu, Princesse; Lokilo-Lofiko, Emmanuel; Muswamba-Kayembe, Chloe; Makangara-Cigolo, Jean-Claude; Cikaya-Kankolongo, Fiston; Luakanda-Ndelemo, Gradi; Lawanga, Leader; Mabika-Bope, Elzedek; Lumembe-Numbi, Raphael; Kabamba-Lungenyi, Gabriel; Citenga, Andre; Kelvin, D. J.; Pratt, Catherine; Ayouba, Ahidjo; Tessema, Sofonias; Mukadi-Bamuleka, Daniel; Jansen, Daan; Halbrook, Megan; Merrit, Sydney; Hensley, Lisa; Delaporte, Eric; Mwamba, Dieudonne; Liesenborghs, Laurens; Hoff, Nicole; Peeters, Martine; Low, Nicola; Rimoin, Anne; Kindrachuk, Jason; Vercauteren, Koen; Rambaut, Andrew; Ahuka-Mundeke, Steve; Muyembe-Tamfum, Jean-Jacques"
PP_004B2K1,Ib,A.1,Democratic Republic of the Congo,Kinshasa,2025-02-14,187407,0.9281625077962972,2025-10-21,"Wawina-Bokalanga, Tony; Amuri-Aziza, Adrienne; Mbala-Kingebeni, Placide; Kinganda-Lusamaki, Eddy; Pukuta-Simbu, Elisabeth; Hasivirwe-Vakaniaki, Emmanuel; Ola-Mpumbe, Rilia; Kwete-Mbokama, Papy; Akil-Bandali, Prince; Kacita, Cris; Ponga-Museme, Ange; Mapenzi-Kashali, Nelson; Vakaniaki, Gloria; Kenye, Kelly-Michel; Muyamuna, Elisabeth; Kavira-Bapitani, Sifa; Mukadi, Patrick; OToole, Aine; Tshiani-Mbaya, Olivier; Paku-Tshambu, Princesse; Lokilo-Lofiko, Emmanuel; Muswamba-Kayembe, Chloe; Makangara-Cigolo, Jean-Claude; Cikaya-Kankolongo, Fiston; Luakanda-Ndelemo, Gradi; Lawanga, Leader; Mabika-Bope, Elzedek; Lumembe-Numbi, Raphael; Kabamba-Lungenyi, Gabriel; Citenga, Andre; Kelvin, D. J.; Pratt, Catherine; Ayouba, Ahidjo; Tessema, Sofonias; Mukadi-Bamuleka, Daniel; Jansen, Daan; Halbrook, Megan; Merrit, Sydney; Hensley, Lisa; Delaporte, Eric; Mwamba, Dieudonne; Liesenborghs, Laurens; Hoff, Nicole; Peeters, Martine; Low, Nicola; Rimoin, Anne; Kindrachuk, Jason; Vercauteren, Koen; Rambaut, Andrew; Ahuka-Mundeke, Steve; Muyembe-Tamfum, Jean-Jacques"
PP_004B2LZ,Ib,A.1,Democratic Republic of the Congo,Kinshasa,2025-02-13,187355,0.9293338539316156,2025-10-21,"Wawina-Bokalanga, Tony; Amuri-Aziza, Adrienne; Mbala-Kingebeni, Placide; Kinganda-Lusamaki, Eddy; Pukuta-Simbu, Elisabeth; Hasivirwe-Vakaniaki, Emmanuel; Ola-Mpumbe, Rilia; Kwete-Mbokama, Papy; Akil-Bandali, Prince; Kacita, Cris; Ponga-Museme, Ange; Mapenzi-Kashali, Nelson; Vakaniaki, Gloria; Kenye, Kelly-Michel; Muyamuna, Elisabeth; Kavira-Bapitani, Sifa; Mukadi, Patrick; OToole, Aine; Tshiani-Mbaya, Olivier; Paku-Tshambu, Princesse; Lokilo-Lofiko, Emmanuel; Muswamba-Kayembe, Chloe; Makangara-Cigolo, Jean-Claude; Cikaya-Kankolongo, Fiston; Luakanda-Ndelemo, Gradi; Lawanga, Leader; Mabika-Bope, Elzedek; Lumembe-Numbi, Raphael; Kabamba-Lungenyi, Gabriel; Citenga, Andre; Kelvin, D. J.; Pratt, Catherine; Ayouba, Ahidjo; Tessema, Sofonias; Mukadi-Bamuleka, Daniel; Jansen, Daan; Halbrook, Megan; Merrit, Sydney; Hensley, Lisa; Delaporte, Eric; Mwamba, Dieudonne; Liesenborghs, Laurens; Hoff, Nicole; Peeters, Martine; Low, Nicola; Rimoin, Anne; Kindrachuk, Jason; Vercauteren, Koen; Rambaut, Andrew; Ahuka-Mundeke, Steve; Muyembe-Tamfum, Jean-Jacques"
PP_004B2MX,Ib,A.1,Democratic Republic of the Congo,Kinshasa,2025-02-14,187352,0.9204093119482376,2025-10-21,"Wawina-Bokalanga, Tony; Amuri-Aziza, Adrienne; Mbala-Kingebeni, Placide; Kinganda-Lusamaki, Eddy; Pukuta-Simbu, Elisabeth; Hasivirwe-Vakaniaki, Emmanuel; Ola-Mpumbe, Rilia; Kwete-Mbokama, Papy; Akil-Bandali, Prince; Kacita, Cris; Ponga-Museme, Ange; Mapenzi-Kashali, Nelson; Vakaniaki, Gloria; Kenye, Kelly-Michel; Muyamuna, Elisabeth; Kavira-Bapitani, Sifa; Mukadi, Patrick; OToole, Aine; Tshiani-Mbaya, Olivier; Paku-Tshambu, Princesse; Lokilo-Lofiko, Emmanuel; Muswamba-Kayembe, Chloe; Makangara-Cigolo, Jean-Claude; Cikaya-Kankolongo, Fiston; Luakanda-Ndelemo, Gradi; Lawanga, Leader; Mabika-Bope, Elzedek; Lumembe-Numbi, Raphael; Kabamba-Lungenyi, Gabriel; Citenga, Andre; Kelvin, D. J.; Pratt, Catherine; Ayouba, Ahidjo; Tessema, Sofonias; Mukadi-Bamuleka, Daniel; Jansen, Daan; Halbrook, Megan; Merrit, Sydney; Hensley, Lisa; Delaporte, Eric; Mwamba, Dieudonne; Liesenborghs, Laurens; Hoff, Nicole; Peeters, Martine; Low, Nicola; Rimoin, Anne; Kindrachuk, Jason; Vercauteren, Koen; Rambaut, Andrew; Ahuka-Mundeke, Steve; Muyembe-Tamfum, Jean-Jacques"
PP_004B2NV,Ia,None,Democratic Republic of the Congo,Kinshasa,2025-02-14,187515,0.9410878813847238,2025-10-21,"Wawina-Bokalanga, Tony; Amuri-Aziza, Adrienne; Mbala-Kingebeni, Placide; Kinganda-Lusamaki, Eddy; Pukuta-Simbu, Elisabeth; Hasivirwe-Vakaniaki, Emmanuel; Ola-Mpumbe, Rilia; Kwete-Mbokama, Papy; Akil-Bandali, Prince; Kacita, Cris; Ponga-Museme, Ange; Mapenzi-Kashali, Nelson; Vakaniaki, Gloria; Kenye, Kelly-Michel; Muyamuna, Elisabeth; Kavira-Bapitani, Sifa; Mukadi, Patrick; OToole, Aine; Tshiani-Mbaya, Olivier; Paku-Tshambu, Princesse; Lokilo-Lofiko, Emmanuel; Muswamba-Kayembe, Chloe; Makangara-Cigolo, Jean-Claude; Cikaya-Kankolongo, Fiston; Luakanda-Ndelemo, Gradi; Lawanga, Leader; Mabika-Bope, Elzedek; Lumembe-Numbi, Raphael; Kabamba-Lungenyi, Gabriel; Citenga, Andre; Kelvin, D. J.; Pratt, Catherine; Ayouba, Ahidjo; Tessema, Sofonias; Mukadi-Bamuleka, Daniel; Jansen, Daan; Halbrook, Megan; Merrit, Sydney; Hensley, Lisa; Delaporte, Eric; Mwamba, Dieudonne; Liesenborghs, Laurens; Hoff, Nicole; Peeters, Martine; Low, Nicola; Rimoin, Anne; Kindrachuk, Jason; Vercauteren, Koen; Rambaut, Andrew; Ahuka-Mundeke, Steve; Muyembe-Tamfum, Jean-Jacques"
PP_004B2PT,Ib,A.1,Democratic Republic of the Congo,Kinshasa,2025-02-15,187327,0.8498344396046834,2025-10-21,"Wawina-Bokalanga, Tony; Amuri-Aziza, Adrienne; Mbala-Kingebeni, Placide; Kinganda-Lusamaki, Eddy; Pukuta-Simbu, Elisabeth; Hasivirwe-Vakaniaki, Emmanuel; Ola-Mpumbe, Rilia; Kwete-Mbokama, Papy; Akil-Bandali, Prince; Kacita, Cris; Ponga-Museme, Ange; Mapenzi-Kashali, Nelson; Vakaniaki, Gloria; Kenye, Kelly-Michel; Muyamuna, Elisabeth; Kavira-Bapitani, Sifa; Mukadi, Patrick; OToole, Aine; Tshiani-Mbaya, Olivier; Paku-Tshambu, Princesse; Lokilo-Lofiko, Emmanuel; Muswamba-Kayembe, Chloe; Makangara-Cigolo, Jean-Claude; Cikaya-Kankolongo, Fiston; Luakanda-Ndelemo, Gradi; Lawanga, Leader; Mabika-Bope, Elzedek; Lumembe-Numbi, Raphael; Kabamba-Lungenyi, Gabriel; Citenga, Andre; Kelvin, D. J.; Pratt, Catherine; Ayouba, Ahidjo; Tessema, Sofonias; Mukadi-Bamuleka, Daniel; Jansen, Daan; Halbrook, Megan; Merrit, Sydney; Hensley, Lisa; Delaporte, Eric; Mwamba, Dieudonne; Liesenborghs, Laurens; Hoff, Nicole; Peeters, Martine; Low, Nicola; Rimoin, Anne; Kindrachuk, Jason; Vercauteren, Koen; Rambaut, Andrew; Ahuka-Mundeke, Steve; Muyembe-Tamfum, Jean-Jacques"
PP_004B2QR,Ib,A.1,Democratic Republic of the Congo,Kinshasa,2025-02-15,187370,0.9252975269891334,2025-10-21,"Wawina-Bokalanga, Tony; Amuri-Aziza, Adrienne; Mbala-Kingebeni, Placide; Kinganda-Lusamaki, Eddy; Pukuta-Simbu, Elisabeth; Hasivirwe-Vakaniaki, Emmanuel; Ola-Mpumbe, Rilia; Kwete-Mbokama, Papy; Akil-Bandali, Prince; Kacita, Cris; Ponga-Museme, Ange; Mapenzi-Kashali, Nelson; Vakaniaki, Gloria; Kenye, Kelly-Michel; Muyamuna, Elisabeth; Kavira-Bapitani, Sifa; Mukadi, Patrick; OToole, Aine; Tshiani-Mbaya, Olivier; Paku-Tshambu, Princesse; Lokilo-Lofiko, Emmanuel; Muswamba-Kayembe, Chloe; Makangara-Cigolo, Jean-Claude; Cikaya-Kankolongo, Fiston; Luakanda-Ndelemo, Gradi; Lawanga, Leader; Mabika-Bope, Elzedek; Lumembe-Numbi, Raphael; Kabamba-Lungenyi, Gabriel; Citenga, Andre; Kelvin, D. J.; Pratt, Catherine; Ayouba, Ahidjo; Tessema, Sofonias; Mukadi-Bamuleka, Daniel; Jansen, Daan; Halbrook, Megan; Merrit, Sydney; Hensley, Lisa; Delaporte, Eric; Mwamba, Dieudonne; Liesenborghs, Laurens; Hoff, Nicole; Peeters, Martine; Low, Nicola; Rimoin, Anne; Kindrachuk, Jason; Vercauteren, Koen; Rambaut, Andrew; Ahuka-Mundeke, Steve; Muyembe-Tamfum, Jean-Jacques"
PP_004B2RP,Ib,A.1,Democratic Republic of the Congo,Kinshasa,2025-02-15,187399,0.9242123838161544,2025-10-21,"Wawina-Bokalanga, Tony; Amuri-Aziza, Adrienne; Mbala-Kingebeni, Placide; Kinganda-Lusamaki, Eddy; Pukuta-Simbu, Elisabeth; Hasivirwe-Vakaniaki, Emmanuel; Ola-Mpumbe, Rilia; Kwete-Mbokama, Papy; Akil-Bandali, Prince; Kacita, Cris; Ponga-Museme, Ange; Mapenzi-Kashali, Nelson; Vakaniaki, Gloria; Kenye, Kelly-Michel; Muyamuna, Elisabeth; Kavira-Bapitani, Sifa; Mukadi, Patrick; OToole, Aine; Tshiani-Mbaya, Olivier; Paku-Tshambu, Princesse; Lokilo-Lofiko, Emmanuel; Muswamba-Kayembe, Chloe; Makangara-Cigolo, Jean-Claude; Cikaya-Kankolongo, Fiston; Luakanda-Ndelemo, Gradi; Lawanga, Leader; Mabika-Bope, Elzedek; Lumembe-Numbi, Raphael; Kabamba-Lungenyi, Gabriel; Citenga, Andre; Kelvin, D. J.; Pratt, Catherine; Ayouba, Ahidjo; Tessema, Sofonias; Mukadi-Bamuleka, Daniel; Jansen, Daan; Halbrook, Megan; Merrit, Sydney; Hensley, Lisa; Delaporte, Eric; Mwamba, Dieudonne; Liesenborghs, Laurens; Hoff, Nicole; Peeters, Martine; Low, Nicola; Rimoin, Anne; Kindrachuk, Jason; Vercauteren, Koen; Rambaut, Andrew; Ahuka-Mundeke, Steve; Muyembe-Tamfum, Jean-Jacques"
PP_004B2SM,Ia,None,Democratic Republic of the Congo,Kinshasa,2025-02-15,187417,0.9372695972293352,2025-10-21,"Wawina-Bokalanga, Tony; Amuri-Aziza, Adrienne; Mbala-Kingebeni, Placide; Kinganda-Lusamaki, Eddy; Pukuta-Simbu, Elisabeth; Hasivirwe-Vakaniaki, Emmanuel; Ola-Mpumbe, Rilia; Kwete-Mbokama, Papy; Akil-Bandali, Prince; Kacita, Cris; Ponga-Museme, Ange; Mapenzi-Kashali, Nelson; Vakaniaki, Gloria; Kenye, Kelly-Michel; Muyamuna, Elisabeth; Kavira-Bapitani, Sifa; Mukadi, Patrick; OToole, Aine; Tshiani-Mbaya, Olivier; Paku-Tshambu, Princesse; Lokilo-Lofiko, Emmanuel; Muswamba-Kayembe, Chloe; Makangara-Cigolo, Jean-Claude; Cikaya-Kankolongo, Fiston; Luakanda-Ndelemo, Gradi; Lawanga, Leader; Mabika-Bope, Elzedek; Lumembe-Numbi, Raphael; Kabamba-Lungenyi, Gabriel; Citenga, Andre; Kelvin, D. J.; Pratt, Catherine; Ayouba, Ahidjo; Tessema, Sofonias; Mukadi-Bamuleka, Daniel; Jansen, Daan; Halbrook, Megan; Merrit, Sydney; Hensley, Lisa; Delaporte, Eric; Mwamba, Dieudonne; Liesenborghs, Laurens; Hoff, Nicole; Peeters, Martine; Low, Nicola; Rimoin, Anne; Kindrachuk, Jason; Vercauteren, Koen; Rambaut, Andrew; Ahuka-Mundeke, Steve; Muyembe-Tamfum, Jean-Jacques"
PP_004B2TK,Ib,A.1,Democratic Republic of the Congo,Kinshasa,2025-02-15,187406,0.9281827908462597,2025-10-21,"Wawina-Bokalanga, Tony; Amuri-Aziza, Adrienne; Mbala-Kingebeni, Placide; Kinganda-Lusamaki, Eddy; Pukuta-Simbu, Elisabeth; Hasivirwe-Vakaniaki, Emmanuel; Ola-Mpumbe, Rilia; Kwete-Mbokama, Papy; Akil-Bandali, Prince; Kacita, Cris; Ponga-Museme, Ange; Mapenzi-Kashali, Nelson; Vakaniaki, Gloria; Kenye, Kelly-Michel; Muyamuna, Elisabeth; Kavira-Bapitani, Sifa; Mukadi, Patrick; OToole, Aine; Tshiani-Mbaya, Olivier; Paku-Tshambu, Princesse; Lokilo-Lofiko, Emmanuel; Muswamba-Kayembe, Chloe; Makangara-Cigolo, Jean-Claude; Cikaya-Kankolongo, Fiston; Luakanda-Ndelemo, Gradi; Lawanga, Leader; Mabika-Bope, Elzedek; Lumembe-Numbi, Raphael; Kabamba-Lungenyi, Gabriel; Citenga, Andre; Kelvin, D. J.; Pratt, Catherine; Ayouba, Ahidjo; Tessema, Sofonias; Mukadi-Bamuleka, Daniel; Jansen, Daan; Halbrook, Megan; Merrit, Sydney; Hensley, Lisa; Delaporte, Eric; Mwamba, Dieudonne; Liesenborghs, Laurens; Hoff, Nicole; Peeters, Martine; Low, Nicola; Rimoin, Anne; Kindrachuk, Jason; Vercauteren, Koen; Rambaut, Andrew; Ahuka-Mundeke, Steve; Muyembe-Tamfum, Jean-Jacques"
PP_004B2UH,Ib,A.1,Democratic Republic of the Congo,Kinshasa,2025-02-15,187381,0.9164744002555664,2025-10-21,"Wawina-Bokalanga, Tony; Amuri-Aziza, Adrienne; Mbala-Kingebeni, Placide; Kinganda-Lusamaki, Eddy; Pukuta-Simbu, Elisabeth; Hasivirwe-Vakaniaki, Emmanuel; Ola-Mpumbe, Rilia; Kwete-Mbokama, Papy; Akil-Bandali, Prince; Kacita, Cris; Ponga-Museme, Ange; Mapenzi-Kashali, Nelson; Vakaniaki, Gloria; Kenye, Kelly-Michel; Muyamuna, Elisabeth; Kavira-Bapitani, Sifa; Mukadi, Patrick; OToole, Aine; Tshiani-Mbaya, Olivier; Paku-Tshambu, Princesse; Lokilo-Lofiko, Emmanuel; Muswamba-Kayembe, Chloe; Makangara-Cigolo, Jean-Claude; Cikaya-Kankolongo, Fiston; Luakanda-Ndelemo, Gradi; Lawanga, Leader; Mabika-Bope, Elzedek; Lumembe-Numbi, Raphael; Kabamba-Lungenyi, Gabriel; Citenga, Andre; Kelvin, D. J.; Pratt, Catherine; Ayouba, Ahidjo; Tessema, Sofonias; Mukadi-Bamuleka, Daniel; Jansen, Daan; Halbrook, Megan; Merrit, Sydney; Hensley, Lisa; Delaporte, Eric; Mwamba, Dieudonne; Liesenborghs, Laurens; Hoff, Nicole; Peeters, Martine; Low, Nicola; Rimoin, Anne; Kindrachuk, Jason; Vercauteren, Koen; Rambaut, Andrew; Ahuka-Mundeke, Steve; Muyembe-Tamfum, Jean-Jacques"
PP_004B2VF,Ia,None,Democratic Republic of the Congo,Kinshasa,2025-02-15,187448,0.940332337773631,2025-10-21,"Wawina-Bokalanga, Tony; Amuri-Aziza, Adrienne; Mbala-Kingebeni, Placide; Kinganda-Lusamaki, Eddy; Pukuta-Simbu, Elisabeth; Hasivirwe-Vakaniaki, Emmanuel; Ola-Mpumbe, Rilia; Kwete-Mbokama, Papy; Akil-Bandali, Prince; Kacita, Cris; Ponga-Museme, Ange; Mapenzi-Kashali, Nelson; Vakaniaki, Gloria; Kenye, Kelly-Michel; Muyamuna, Elisabeth; Kavira-Bapitani, Sifa; Mukadi, Patrick; OToole, Aine; Tshiani-Mbaya, Olivier; Paku-Tshambu, Princesse; Lokilo-Lofiko, Emmanuel; Muswamba-Kayembe, Chloe; Makangara-Cigolo, Jean-Claude; Cikaya-Kankolongo, Fiston; Luakanda-Ndelemo, Gradi; Lawanga, Leader; Mabika-Bope, Elzedek; Lumembe-Numbi, Raphael; Kabamba-Lungenyi, Gabriel; Citenga, Andre; Kelvin, D. J.; Pratt, Catherine; Ayouba, Ahidjo; Tessema, Sofonias; Mukadi-Bamuleka, Daniel; Jansen, Daan; Halbrook, Megan; Merrit, Sydney; Hensley, Lisa; Delaporte, Eric; Mwamba, Dieudonne; Liesenborghs, Laurens; Hoff, Nicole; Peeters, Martine; Low, Nicola; Rimoin, Anne; Kindrachuk, Jason; Vercauteren, Koen; Rambaut, Andrew; Ahuka-Mundeke, Steve; Muyembe-Tamfum, Jean-Jacques"
PP_004B2WD,Ib,A.1,Democratic Republic of the Congo,Kinshasa,2025-02-11,187368,0.9180716904400916,2025-10-21,"Wawina-Bokalanga, Tony; Amuri-Aziza, Adrienne; Mbala-Kingebeni, Placide; Kinganda-Lusamaki, Eddy; Pukuta-Simbu, Elisabeth; Hasivirwe-Vakaniaki, Emmanuel; Ola-Mpumbe, Rilia; Kwete-Mbokama, Papy; Akil-Bandali, Prince; Kacita, Cris; Ponga-Museme, Ange; Mapenzi-Kashali, Nelson; Vakaniaki, Gloria; Kenye, Kelly-Michel; Muyamuna, Elisabeth; Kavira-Bapitani, Sifa; Mukadi, Patrick; OToole, Aine; Tshiani-Mbaya, Olivier; Paku-Tshambu, Princesse; Lokilo-Lofiko, Emmanuel; Muswamba-Kayembe, Chloe; Makangara-Cigolo, Jean-Claude; Cikaya-Kankolongo, Fiston; Luakanda-Ndelemo, Gradi; Lawanga, Leader; Mabika-Bope, Elzedek; Lumembe-Numbi, Raphael; Kabamba-Lungenyi, Gabriel; Citenga, Andre; Kelvin, D. J.; Pratt, Catherine; Ayouba, Ahidjo; Tessema, Sofonias; Mukadi-Bamuleka, Daniel; Jansen, Daan; Halbrook, Megan; Merrit, Sydney; Hensley, Lisa; Delaporte, Eric; Mwamba, Dieudonne; Liesenborghs, Laurens; Hoff, Nicole; Peeters, Martine; Low, Nicola; Rimoin, Anne; Kindrachuk, Jason; Vercauteren, Koen; Rambaut, Andrew; Ahuka-Mundeke, Steve; Muyembe-Tamfum, Jean-Jacques"
PP_004B2XB,Ib,A.1,Democratic Republic of the Congo,Kinshasa,2025-02-15,187392,0.9318083860270068,2025-10-21,"Wawina-Bokalanga, Tony; Amuri-Aziza, Adrienne; Mbala-Kingebeni, Placide; Kinganda-Lusamaki, Eddy; Pukuta-Simbu, Elisabeth; Hasivirwe-Vakaniaki, Emmanuel; Ola-Mpumbe, Rilia; Kwete-Mbokama, Papy; Akil-Bandali, Prince; Kacita, Cris; Ponga-Museme, Ange; Mapenzi-Kashali, Nelson; Vakaniaki, Gloria; Kenye, Kelly-Michel; Muyamuna, Elisabeth; Kavira-Bapitani, Sifa; Mukadi, Patrick; OToole, Aine; Tshiani-Mbaya, Olivier; Paku-Tshambu, Princesse; Lokilo-Lofiko, Emmanuel; Muswamba-Kayembe, Chloe; Makangara-Cigolo, Jean-Claude; Cikaya-Kankolongo, Fiston; Luakanda-Ndelemo, Gradi; Lawanga, Leader; Mabika-Bope, Elzedek; Lumembe-Numbi, Raphael; Kabamba-Lungenyi, Gabriel; Citenga, Andre; Kelvin, D. J.; Pratt, Catherine; Ayouba, Ahidjo; Tessema, Sofonias; Mukadi-Bamuleka, Daniel; Jansen, Daan; Halbrook, Megan; Merrit, Sydney; Hensley, Lisa; Delaporte, Eric; Mwamba, Dieudonne; Liesenborghs, Laurens; Hoff, Nicole; Peeters, Martine; Low, Nicola; Rimoin, Anne; Kindrachuk, Jason; Vercauteren, Koen; Rambaut, Andrew; Ahuka-Mundeke, Steve; Muyembe-Tamfum, Jean-Jacques"
PP_004B2Y9,Ib,A.1,Democratic Republic of the Congo,Kinshasa,2025-02-18,187273,0.9328732461500236,2025-10-21,"Wawina-Bokalanga, Tony; Amuri-Aziza, Adrienne; Mbala-Kingebeni, Placide; Kinganda-Lusamaki, Eddy; Pukuta-Simbu, Elisabeth; Hasivirwe-Vakaniaki, Emmanuel; Ola-Mpumbe, Rilia; Kwete-Mbokama, Papy; Akil-Bandali, Prince; Kacita, Cris; Ponga-Museme, Ange; Mapenzi-Kashali, Nelson; Vakaniaki, Gloria; Kenye, Kelly-Michel; Muyamuna, Elisabeth; Kavira-Bapitani, Sifa; Mukadi, Patrick; OToole, Aine; Tshiani-Mbaya, Olivier; Paku-Tshambu, Princesse; Lokilo-Lofiko, Emmanuel; Muswamba-Kayembe, Chloe; Makangara-Cigolo, Jean-Claude; Cikaya-Kankolongo, Fiston; Luakanda-Ndelemo, Gradi; Lawanga, Leader; Mabika-Bope, Elzedek; Lumembe-Numbi, Raphael; Kabamba-Lungenyi, Gabriel; Citenga, Andre; Kelvin, D. J.; Pratt, Catherine; Ayouba, Ahidjo; Tessema, Sofonias; Mukadi-Bamuleka, Daniel; Jansen, Daan; Halbrook, Megan; Merrit, Sydney; Hensley, Lisa; Delaporte, Eric; Mwamba, Dieudonne; Liesenborghs, Laurens; Hoff, Nicole; Peeters, Martine; Low, Nicola; Rimoin, Anne; Kindrachuk, Jason; Vercauteren, Koen; Rambaut, Andrew; Ahuka-Mundeke, Steve; Muyembe-Tamfum, Jean-Jacques"
PP_004B2Z7,Ib,A.1,Democratic Republic of the Congo,Kinshasa,2025-02-14,187419,0.9226708720190256,2025-10-21,"Wawina-Bokalanga, Tony; Amuri-Aziza, Adrienne; Mbala-Kingebeni, Placide; Kinganda-Lusamaki, Eddy; Pukuta-Simbu, Elisabeth; Hasivirwe-Vakaniaki, Emmanuel; Ola-Mpumbe, Rilia; Kwete-Mbokama, Papy; Akil-Bandali, Prince; Kacita, Cris; Ponga-Museme, Ange; Mapenzi-Kashali, Nelson; Vakaniaki, Gloria; Kenye, Kelly-Michel; Muyamuna, Elisabeth; Kavira-Bapitani, Sifa; Mukadi, Patrick; OToole, Aine; Tshiani-Mbaya, Olivier; Paku-Tshambu, Princesse; Lokilo-Lofiko, Emmanuel; Muswamba-Kayembe, Chloe; Makangara-Cigolo, Jean-Claude; Cikaya-Kankolongo, Fiston; Luakanda-Ndelemo, Gradi; Lawanga, Leader; Mabika-Bope, Elzedek; Lumembe-Numbi, Raphael; Kabamba-Lungenyi, Gabriel; Citenga, Andre; Kelvin, D. J.; Pratt, Catherine; Ayouba, Ahidjo; Tessema, Sofonias; Mukadi-Bamuleka, Daniel; Jansen, Daan; Halbrook, Megan; Merrit, Sydney; Hensley, Lisa; Delaporte, Eric; Mwamba, Dieudonne; Liesenborghs, Laurens; Hoff, Nicole; Peeters, Martine; Low, Nicola; Rimoin, Anne; Kindrachuk, Jason; Vercauteren, Koen; Rambaut, Andrew; Ahuka-Mundeke, Steve; Muyembe-Tamfum, Jean-Jacques"
PP_004B305,Ib,A.1,Democratic Republic of the Congo,Kinshasa,2025-02-14,187349,0.9171741654792632,2025-10-21,"Wawina-Bokalanga, Tony; Amuri-Aziza, Adrienne; Mbala-Kingebeni, Placide; Kinganda-Lusamaki, Eddy; Pukuta-Simbu, Elisabeth; Hasivirwe-Vakaniaki, Emmanuel; Ola-Mpumbe, Rilia; Kwete-Mbokama, Papy; Akil-Bandali, Prince; Kacita, Cris; Ponga-Museme, Ange; Mapenzi-Kashali, Nelson; Vakaniaki, Gloria; Kenye, Kelly-Michel; Muyamuna, Elisabeth; Kavira-Bapitani, Sifa; Mukadi, Patrick; OToole, Aine; Tshiani-Mbaya, Olivier; Paku-Tshambu, Princesse; Lokilo-Lofiko, Emmanuel; Muswamba-Kayembe, Chloe; Makangara-Cigolo, Jean-Claude; Cikaya-Kankolongo, Fiston; Luakanda-Ndelemo, Gradi; Lawanga, Leader; Mabika-Bope, Elzedek; Lumembe-Numbi, Raphael; Kabamba-Lungenyi, Gabriel; Citenga, Andre; Kelvin, D. J.; Pratt, Catherine; Ayouba, Ahidjo; Tessema, Sofonias; Mukadi-Bamuleka, Daniel; Jansen, Daan; Halbrook, Megan; Merrit, Sydney; Hensley, Lisa; Delaporte, Eric; Mwamba, Dieudonne; Liesenborghs, Laurens; Hoff, Nicole; Peeters, Martine; Low, Nicola; Rimoin, Anne; Kindrachuk, Jason; Vercauteren, Koen; Rambaut, Andrew; Ahuka-Mundeke, Steve; Muyembe-Tamfum, Jean-Jacques"
PP_004B313,Ib,A.1,Democratic Republic of the Congo,Kinshasa,2025-02-14,187304,0.8944520787590831,2025-10-21,"Wawina-Bokalanga, Tony; Amuri-Aziza, Adrienne; Mbala-Kingebeni, Placide; Kinganda-Lusamaki, Eddy; Pukuta-Simbu, Elisabeth; Hasivirwe-Vakaniaki, Emmanuel; Ola-Mpumbe, Rilia; Kwete-Mbokama, Papy; Akil-Bandali, Prince; Kacita, Cris; Ponga-Museme, Ange; Mapenzi-Kashali, Nelson; Vakaniaki, Gloria; Kenye, Kelly-Michel; Muyamuna, Elisabeth; Kavira-Bapitani, Sifa; Mukadi, Patrick; OToole, Aine; Tshiani-Mbaya, Olivier; Paku-Tshambu, Princesse; Lokilo-Lofiko, Emmanuel; Muswamba-Kayembe, Chloe; Makangara-Cigolo, Jean-Claude; Cikaya-Kankolongo, Fiston; Luakanda-Ndelemo, Gradi; Lawanga, Leader; Mabika-Bope, Elzedek; Lumembe-Numbi, Raphael; Kabamba-Lungenyi, Gabriel; Citenga, Andre; Kelvin, D. J.; Pratt, Catherine; Ayouba, Ahidjo; Tessema, Sofonias; Mukadi-Bamuleka, Daniel; Jansen, Daan; Halbrook, Megan; Merrit, Sydney; Hensley, Lisa; Delaporte, Eric; Mwamba, Dieudonne; Liesenborghs, Laurens; Hoff, Nicole; Peeters, Martine; Low, Nicola; Rimoin, Anne; Kindrachuk, Jason; Vercauteren, Koen; Rambaut, Andrew; Ahuka-Mundeke, Steve; Muyembe-Tamfum, Jean-Jacques"
PP_004B321,Ia,None,Democratic Republic of the Congo,Tshopo,2025-01-14,187342,0.912291021200858,2025-10-21,"Luakanda-Ndelemo, Gradi; Mbala-Kingebeni, Placide; Wawina-Bokalanga, Tony; Kinganda-Lusamaki, Eddy; Pukuta-Simbu, Elisabeth; Hasivirwe-Vakaniaki, Emmanuel; Ola-Mpumbe, Rilia; Kwete-Mbokama, Papy; Akil-Bandali, Prince; Kacita, Cris; Ponga-Museme, Ange; Mapenzi-Kashali, Nelson; Vakaniaki, Gloria; Amuri-Aziza, Adrienne; Kenye, Kelly-Michel; Muyamuna, Elisabeth; Kavira-Bapitani, Sifa; Mukadi, Patrick; OToole, Aine; Tshiani-Mbaya, Olivier; Paku-Tshambu, Princesse; Lokilo-Lofiko, Emmanuel; Muswamba-Kayembe, Chloe; Makangara-Cigolo, Jean-Claude; Cikaya-Kankolongo, Fiston; Lawanga, Leader; Mabika-Bope, Elzedek; Lumembe-Numbi, Raphael; Kabamba-Lungenyi, Gabriel; Citenga, Andre; Kelvin, D. J.; Pratt, Catherine; Ayouba, Ahidjo; Tessema, Sofonias; Mukadi-Bamuleka, Daniel; Jansen, Daan; Halbrook, Megan; Merrit, Sydney; Hensley, Lisa; Delaporte, Eric; Mwamba, Dieudonne; Liesenborghs, Laurens; Hoff, Nicole; Peeters, Martine; Low, Nicola; Rimoin, Anne; Kindrachuk, Jason; Vercauteren, Koen; Rambaut, Andrew; Ahuka-Mundeke, Steve; Muyembe-Tamfum, Jean-Jacques"
PP_004B33Z,Ia,None,Democratic Republic of the Congo,Tshopo,2025-01-15,187489,0.9430908325684934,2025-10-21,"Luakanda-Ndelemo, Gradi; Mbala-Kingebeni, Placide; Wawina-Bokalanga, Tony; Kinganda-Lusamaki, Eddy; Pukuta-Simbu, Elisabeth; Hasivirwe-Vakaniaki, Emmanuel; Ola-Mpumbe, Rilia; Kwete-Mbokama, Papy; Akil-Bandali, Prince; Kacita, Cris; Ponga-Museme, Ange; Mapenzi-Kashali, Nelson; Vakaniaki, Gloria; Amuri-Aziza, Adrienne; Kenye, Kelly-Michel; Muyamuna, Elisabeth; Kavira-Bapitani, Sifa; Mukadi, Patrick; OToole, Aine; Tshiani-Mbaya, Olivier; Paku-Tshambu, Princesse; Lokilo-Lofiko, Emmanuel; Muswamba-Kayembe, Chloe; Makangara-Cigolo, Jean-Claude; Cikaya-Kankolongo, Fiston; Lawanga, Leader; Mabika-Bope, Elzedek; Lumembe-Numbi, Raphael; Kabamba-Lungenyi, Gabriel; Citenga, Andre; Kelvin, D. J.; Pratt, Catherine; Ayouba, Ahidjo; Tessema, Sofonias; Mukadi-Bamuleka, Daniel; Jansen, Daan; Halbrook, Megan; Merrit, Sydney; Hensley, Lisa; Delaporte, Eric; Mwamba, Dieudonne; Liesenborghs, Laurens; Hoff, Nicole; Peeters, Martine; Low, Nicola; Rimoin, Anne; Kindrachuk, Jason; Vercauteren, Koen; Rambaut, Andrew; Ahuka-Mundeke, Steve; Muyembe-Tamfum, Jean-Jacques"
PP_004B34X,Ia,None,Democratic Republic of the Congo,Tshopo,2025-01-16,187488,0.9400179504992164,2025-10-21,"Luakanda-Ndelemo, Gradi; Mbala-Kingebeni, Placide; Wawina-Bokalanga, Tony; Kinganda-Lusamaki, Eddy; Pukuta-Simbu, Elisabeth; Hasivirwe-Vakaniaki, Emmanuel; Ola-Mpumbe, Rilia; Kwete-Mbokama, Papy; Akil-Bandali, Prince; Kacita, Cris; Ponga-Museme, Ange; Mapenzi-Kashali, Nelson; Vakaniaki, Gloria; Amuri-Aziza, Adrienne; Kenye, Kelly-Michel; Muyamuna, Elisabeth; Kavira-Bapitani, Sifa; Mukadi, Patrick; OToole, Aine; Tshiani-Mbaya, Olivier; Paku-Tshambu, Princesse; Lokilo-Lofiko, Emmanuel; Muswamba-Kayembe, Chloe; Makangara-Cigolo, Jean-Claude; Cikaya-Kankolongo, Fiston; Lawanga, Leader; Mabika-Bope, Elzedek; Lumembe-Numbi, Raphael; Kabamba-Lungenyi, Gabriel; Citenga, Andre; Kelvin, D. J.; Pratt, Catherine; Ayouba, Ahidjo; Tessema, Sofonias; Mukadi-Bamuleka, Daniel; Jansen, Daan; Halbrook, Megan; Merrit, Sydney; Hensley, Lisa; Delaporte, Eric; Mwamba, Dieudonne; Liesenborghs, Laurens; Hoff, Nicole; Peeters, Martine; Low, Nicola; Rimoin, Anne; Kindrachuk, Jason; Vercauteren, Koen; Rambaut, Andrew; Ahuka-Mundeke, Steve; Muyembe-Tamfum, Jean-Jacques"
PP_004B35V,Ia,None,Democratic Republic of the Congo,Tshopo,2025-01-13,187559,0.9433494414555116,2025-10-21,"Luakanda-Ndelemo, Gradi; Mbala-Kingebeni, Placide; Wawina-Bokalanga, Tony; Kinganda-Lusamaki, Eddy; Pukuta-Simbu, Elisabeth; Hasivirwe-Vakaniaki, Emmanuel; Ola-Mpumbe, Rilia; Kwete-Mbokama, Papy; Akil-Bandali, Prince; Kacita, Cris; Ponga-Museme, Ange; Mapenzi-Kashali, Nelson; Vakaniaki, Gloria; Amuri-Aziza, Adrienne; Kenye, Kelly-Michel; Muyamuna, Elisabeth; Kavira-Bapitani, Sifa; Mukadi, Patrick; OToole, Aine; Tshiani-Mbaya, Olivier; Paku-Tshambu, Princesse; Lokilo-Lofiko, Emmanuel; Muswamba-Kayembe, Chloe; Makangara-Cigolo, Jean-Claude; Cikaya-Kankolongo, Fiston; Lawanga, Leader; Mabika-Bope, Elzedek; Lumembe-Numbi, Raphael; Kabamba-Lungenyi, Gabriel; Citenga, Andre; Kelvin, D. J.; Pratt, Catherine; Ayouba, Ahidjo; Tessema, Sofonias; Mukadi-Bamuleka, Daniel; Jansen, Daan; Halbrook, Megan; Merrit, Sydney; Hensley, Lisa; Delaporte, Eric; Mwamba, Dieudonne; Liesenborghs, Laurens; Hoff, Nicole; Peeters, Martine; Low, Nicola; Rimoin, Anne; Kindrachuk, Jason; Vercauteren, Koen; Rambaut, Andrew; Ahuka-Mundeke, Steve; Muyembe-Tamfum, Jean-Jacques"
PP_004B36T,Ia,None,Democratic Republic of the Congo,Tshopo,2025-01-13,189523,0.9457631244010162,2025-10-21,"Luakanda-Ndelemo, Gradi; Mbala-Kingebeni, Placide; Wawina-Bokalanga, Tony; Kinganda-Lusamaki, Eddy; Pukuta-Simbu, Elisabeth; Hasivirwe-Vakaniaki, Emmanuel; Ola-Mpumbe, Rilia; Kwete-Mbokama, Papy; Akil-Bandali, Prince; Kacita, Cris; Ponga-Museme, Ange; Mapenzi-Kashali, Nelson; Vakaniaki, Gloria; Amuri-Aziza, Adrienne; Kenye, Kelly-Michel; Muyamuna, Elisabeth; Kavira-Bapitani, Sifa; Mukadi, Patrick; OToole, Aine; Tshiani-Mbaya, Olivier; Paku-Tshambu, Princesse; Lokilo-Lofiko, Emmanuel; Muswamba-Kayembe, Chloe; Makangara-Cigolo, Jean-Claude; Cikaya-Kankolongo, Fiston; Lawanga, Leader; Mabika-Bope, Elzedek; Lumembe-Numbi, Raphael; Kabamba-Lungenyi, Gabriel; Citenga, Andre; Kelvin, D. J.; Pratt, Catherine; Ayouba, Ahidjo; Tessema, Sofonias; Mukadi-Bamuleka, Daniel; Jansen, Daan; Halbrook, Megan; Merrit, Sydney; Hensley, Lisa; Delaporte, Eric; Mwamba, Dieudonne; Liesenborghs, Laurens; Hoff, Nicole; Peeters, Martine; Low, Nicola; Rimoin, Anne; Kindrachuk, Jason; Vercauteren, Koen; Rambaut, Andrew; Ahuka-Mundeke, Steve; Muyembe-Tamfum, Jean-Jacques"
PP_004B37R,Ia,None,Democratic Republic of the Congo,Tshopo,2025-02-15,187540,0.9424975533570984,2025-10-21,"Luakanda-Ndelemo, Gradi; Mbala-Kingebeni, Placide; Wawina-Bokalanga, Tony; Kinganda-Lusamaki, Eddy; Pukuta-Simbu, Elisabeth; Hasivirwe-Vakaniaki, Emmanuel; Ola-Mpumbe, Rilia; Kwete-Mbokama, Papy; Akil-Bandali, Prince; Kacita, Cris; Ponga-Museme, Ange; Mapenzi-Kashali, Nelson; Vakaniaki, Gloria; Amuri-Aziza, Adrienne; Kenye, Kelly-Michel; Muyamuna, Elisabeth; Kavira-Bapitani, Sifa; Mukadi, Patrick; OToole, Aine; Tshiani-Mbaya, Olivier; Paku-Tshambu, Princesse; Lokilo-Lofiko, Emmanuel; Muswamba-Kayembe, Chloe; Makangara-Cigolo, Jean-Claude; Cikaya-Kankolongo, Fiston; Lawanga, Leader; Mabika-Bope, Elzedek; Lumembe-Numbi, Raphael; Kabamba-Lungenyi, Gabriel; Citenga, Andre; Kelvin, D. J.; Pratt, Catherine; Ayouba, Ahidjo; Tessema, Sofonias; Mukadi-Bamuleka, Daniel; Jansen, Daan; Halbrook, Megan; Merrit, Sydney; Hensley, Lisa; Delaporte, Eric; Mwamba, Dieudonne; Liesenborghs, Laurens; Hoff, Nicole; Peeters, Martine; Low, Nicola; Rimoin, Anne; Kindrachuk, Jason; Vercauteren, Koen; Rambaut, Andrew; Ahuka-Mundeke, Steve; Muyembe-Tamfum, Jean-Jacques"
PP_004B38P,Ia,None,Democratic Republic of the Congo,Tshopo,2025-01-15,187470,0.939830332287066,2025-10-21,"Luakanda-Ndelemo, Gradi; Mbala-Kingebeni, Placide; Wawina-Bokalanga, Tony; Kinganda-Lusamaki, Eddy; Pukuta-Simbu, Elisabeth; Hasivirwe-Vakaniaki, Emmanuel; Ola-Mpumbe, Rilia; Kwete-Mbokama, Papy; Akil-Bandali, Prince; Kacita, Cris; Ponga-Museme, Ange; Mapenzi-Kashali, Nelson; Vakaniaki, Gloria; Amuri-Aziza, Adrienne; Kenye, Kelly-Michel; Muyamuna, Elisabeth; Kavira-Bapitani, Sifa; Mukadi, Patrick; OToole, Aine; Tshiani-Mbaya, Olivier; Paku-Tshambu, Princesse; Lokilo-Lofiko, Emmanuel; Muswamba-Kayembe, Chloe; Makangara-Cigolo, Jean-Claude; Cikaya-Kankolongo, Fiston; Lawanga, Leader; Mabika-Bope, Elzedek; Lumembe-Numbi, Raphael; Kabamba-Lungenyi, Gabriel; Citenga, Andre; Kelvin, D. J.; Pratt, Catherine; Ayouba, Ahidjo; Tessema, Sofonias; Mukadi-Bamuleka, Daniel; Jansen, Daan; Halbrook, Megan; Merrit, Sydney; Hensley, Lisa; Delaporte, Eric; Mwamba, Dieudonne; Liesenborghs, Laurens; Hoff, Nicole; Peeters, Martine; Low, Nicola; Rimoin, Anne; Kindrachuk, Jason; Vercauteren, Koen; Rambaut, Andrew; Ahuka-Mundeke, Steve; Muyembe-Tamfum, Jean-Jacques"
PP_004B39M,Ia,None,Democratic Republic of the Congo,Tshopo,2025-01-14,187562,0.9387198353016344,2025-10-21,"Luakanda-Ndelemo, Gradi; Mbala-Kingebeni, Placide; Wawina-Bokalanga, Tony; Kinganda-Lusamaki, Eddy; Pukuta-Simbu, Elisabeth; Hasivirwe-Vakaniaki, Emmanuel; Ola-Mpumbe, Rilia; Kwete-Mbokama, Papy; Akil-Bandali, Prince; Kacita, Cris; Ponga-Museme, Ange; Mapenzi-Kashali, Nelson; Vakaniaki, Gloria; Amuri-Aziza, Adrienne; Kenye, Kelly-Michel; Muyamuna, Elisabeth; Kavira-Bapitani, Sifa; Mukadi, Patrick; OToole, Aine; Tshiani-Mbaya, Olivier; Paku-Tshambu, Princesse; Lokilo-Lofiko, Emmanuel; Muswamba-Kayembe, Chloe; Makangara-Cigolo, Jean-Claude; Cikaya-Kankolongo, Fiston; Lawanga, Leader; Mabika-Bope, Elzedek; Lumembe-Numbi, Raphael; Kabamba-Lungenyi, Gabriel; Citenga, Andre; Kelvin, D. J.; Pratt, Catherine; Ayouba, Ahidjo; Tessema, Sofonias; Mukadi-Bamuleka, Daniel; Jansen, Daan; Halbrook, Megan; Merrit, Sydney; Hensley, Lisa; Delaporte, Eric; Mwamba, Dieudonne; Liesenborghs, Laurens; Hoff, Nicole; Peeters, Martine; Low, Nicola; Rimoin, Anne; Kindrachuk, Jason; Vercauteren, Koen; Rambaut, Andrew; Ahuka-Mundeke, Steve; Muyembe-Tamfum, Jean-Jacques"
PP_004B3AK,Ia,None,Democratic Republic of the Congo,Tshopo,2025-01-21,187539,0.938598137001861,2025-10-21,"Luakanda-Ndelemo, Gradi; Mbala-Kingebeni, Placide; Wawina-Bokalanga, Tony; Kinganda-Lusamaki, Eddy; Pukuta-Simbu, Elisabeth; Hasivirwe-Vakaniaki, Emmanuel; Ola-Mpumbe, Rilia; Kwete-Mbokama, Papy; Akil-Bandali, Prince; Kacita, Cris; Ponga-Museme, Ange; Mapenzi-Kashali, Nelson; Vakaniaki, Gloria; Amuri-Aziza, Adrienne; Kenye, Kelly-Michel; Muyamuna, Elisabeth; Kavira-Bapitani, Sifa; Mukadi, Patrick; OToole, Aine; Tshiani-Mbaya, Olivier; Paku-Tshambu, Princesse; Lokilo-Lofiko, Emmanuel; Muswamba-Kayembe, Chloe; Makangara-Cigolo, Jean-Claude; Cikaya-Kankolongo, Fiston; Lawanga, Leader; Mabika-Bope, Elzedek; Lumembe-Numbi, Raphael; Kabamba-Lungenyi, Gabriel; Citenga, Andre; Kelvin, D. J.; Pratt, Catherine; Ayouba, Ahidjo; Tessema, Sofonias; Mukadi-Bamuleka, Daniel; Jansen, Daan; Halbrook, Megan; Merrit, Sydney; Hensley, Lisa; Delaporte, Eric; Mwamba, Dieudonne; Liesenborghs, Laurens; Hoff, Nicole; Peeters, Martine; Low, Nicola; Rimoin, Anne; Kindrachuk, Jason; Vercauteren, Koen; Rambaut, Andrew; Ahuka-Mundeke, Steve; Muyembe-Tamfum, Jean-Jacques"
PP_004B3BH,Ia,None,Democratic Republic of the Congo,Tshopo,2025-01-30,187600,0.9454183125516584,2025-10-21,"Luakanda-Ndelemo, Gradi; Mbala-Kingebeni, Placide; Wawina-Bokalanga, Tony; Kinganda-Lusamaki, Eddy; Pukuta-Simbu, Elisabeth; Hasivirwe-Vakaniaki, Emmanuel; Ola-Mpumbe, Rilia; Kwete-Mbokama, Papy; Akil-Bandali, Prince; Kacita, Cris; Ponga-Museme, Ange; Mapenzi-Kashali, Nelson; Vakaniaki, Gloria; Amuri-Aziza, Adrienne; Kenye, Kelly-Michel; Muyamuna, Elisabeth; Kavira-Bapitani, Sifa; Mukadi, Patrick; OToole, Aine; Tshiani-Mbaya, Olivier; Paku-Tshambu, Princesse; Lokilo-Lofiko, Emmanuel; Muswamba-Kayembe, Chloe; Makangara-Cigolo, Jean-Claude; Cikaya-Kankolongo, Fiston; Lawanga, Leader; Mabika-Bope, Elzedek; Lumembe-Numbi, Raphael; Kabamba-Lungenyi, Gabriel; Citenga, Andre; Kelvin, D. J.; Pratt, Catherine; Ayouba, Ahidjo; Tessema, Sofonias; Mukadi-Bamuleka, Daniel; Jansen, Daan; Halbrook, Megan; Merrit, Sydney; Hensley, Lisa; Delaporte, Eric; Mwamba, Dieudonne; Liesenborghs, Laurens; Hoff, Nicole; Peeters, Martine; Low, Nicola; Rimoin, Anne; Kindrachuk, Jason; Vercauteren, Koen; Rambaut, Andrew; Ahuka-Mundeke, Steve; Muyembe-Tamfum, Jean-Jacques"
PP_004B3CF,Ia,None,Democratic Republic of the Congo,Tshopo,2025-01-13,187567,0.9290600327571256,2025-10-21,"Luakanda-Ndelemo, Gradi; Mbala-Kingebeni, Placide; Wawina-Bokalanga, Tony; Kinganda-Lusamaki, Eddy; Pukuta-Simbu, Elisabeth; Hasivirwe-Vakaniaki, Emmanuel; Ola-Mpumbe, Rilia; Kwete-Mbokama, Papy; Akil-Bandali, Prince; Kacita, Cris; Ponga-Museme, Ange; Mapenzi-Kashali, Nelson; Vakaniaki, Gloria; Amuri-Aziza, Adrienne; Kenye, Kelly-Michel; Muyamuna, Elisabeth; Kavira-Bapitani, Sifa; Mukadi, Patrick; OToole, Aine; Tshiani-Mbaya, Olivier; Paku-Tshambu, Princesse; Lokilo-Lofiko, Emmanuel; Muswamba-Kayembe, Chloe; Makangara-Cigolo, Jean-Claude; Cikaya-Kankolongo, Fiston; Lawanga, Leader; Mabika-Bope, Elzedek; Lumembe-Numbi, Raphael; Kabamba-Lungenyi, Gabriel; Citenga, Andre; Kelvin, D. J.; Pratt, Catherine; Ayouba, Ahidjo; Tessema, Sofonias; Mukadi-Bamuleka, Daniel; Jansen, Daan; Halbrook, Megan; Merrit, Sydney; Hensley, Lisa; Delaporte, Eric; Mwamba, Dieudonne; Liesenborghs, Laurens; Hoff, Nicole; Peeters, Martine; Low, Nicola; Rimoin, Anne; Kindrachuk, Jason; Vercauteren, Koen; Rambaut, Andrew; Ahuka-Mundeke, Steve; Muyembe-Tamfum, Jean-Jacques"
PP_004B3DD,Ia,None,Democratic Republic of the Congo,Kinshasa,2025-02-17,187444,0.9433038045930968,2025-10-21,"Wawina-Bokalanga, Tony; Amuri-Aziza, Adrienne; Mbala-Kingebeni, Placide; Kinganda-Lusamaki, Eddy; Pukuta-Simbu, Elisabeth; Hasivirwe-Vakaniaki, Emmanuel; Ola-Mpumbe, Rilia; Kwete-Mbokama, Papy; Akil-Bandali, Prince; Kacita, Cris; Ponga-Museme, Ange; Mapenzi-Kashali, Nelson; Vakaniaki, Gloria; Kenye, Kelly-Michel; Muyamuna, Elisabeth; Kavira-Bapitani, Sifa; Mukadi, Patrick; OToole, Aine; Tshiani-Mbaya, Olivier; Paku-Tshambu, Princesse; Lokilo-Lofiko, Emmanuel; Muswamba-Kayembe, Chloe; Makangara-Cigolo, Jean-Claude; Cikaya-Kankolongo, Fiston; Luakanda-Ndelemo, Gradi; Lawanga, Leader; Mabika-Bope, Elzedek; Lumembe-Numbi, Raphael; Kabamba-Lungenyi, Gabriel; Citenga, Andre; Kelvin, D. J.; Pratt, Catherine; Ayouba, Ahidjo; Tessema, Sofonias; Mukadi-Bamuleka, Daniel; Jansen, Daan; Halbrook, Megan; Merrit, Sydney; Hensley, Lisa; Delaporte, Eric; Mwamba, Dieudonne; Liesenborghs, Laurens; Hoff, Nicole; Peeters, Martine; Low, Nicola; Rimoin, Anne; Kindrachuk, Jason; Vercauteren, Koen; Rambaut, Andrew; Ahuka-Mundeke, Steve; Muyembe-Tamfum, Jean-Jacques"
PP_004B3EB,Ia,None,Democratic Republic of the Congo,Kinshasa,2025-02-17,187482,0.8541445877216557,2025-10-21,"Wawina-Bokalanga, Tony; Amuri-Aziza, Adrienne; Mbala-Kingebeni, Placide; Kinganda-Lusamaki, Eddy; Pukuta-Simbu, Elisabeth; Hasivirwe-Vakaniaki, Emmanuel; Ola-Mpumbe, Rilia; Kwete-Mbokama, Papy; Akil-Bandali, Prince; Kacita, Cris; Ponga-Museme, Ange; Mapenzi-Kashali, Nelson; Vakaniaki, Gloria; Kenye, Kelly-Michel; Muyamuna, Elisabeth; Kavira-Bapitani, Sifa; Mukadi, Patrick; OToole, Aine; Tshiani-Mbaya, Olivier; Paku-Tshambu, Princesse; Lokilo-Lofiko, Emmanuel; Muswamba-Kayembe, Chloe; Makangara-Cigolo, Jean-Claude; Cikaya-Kankolongo, Fiston; Luakanda-Ndelemo, Gradi; Lawanga, Leader; Mabika-Bope, Elzedek; Lumembe-Numbi, Raphael; Kabamba-Lungenyi, Gabriel; Citenga, Andre; Kelvin, D. J.; Pratt, Catherine; Ayouba, Ahidjo; Tessema, Sofonias; Mukadi-Bamuleka, Daniel; Jansen, Daan; Halbrook, Megan; Merrit, Sydney; Hensley, Lisa; Delaporte, Eric; Mwamba, Dieudonne; Liesenborghs, Laurens; Hoff, Nicole; Peeters, Martine; Low, Nicola; Rimoin, Anne; Kindrachuk, Jason; Vercauteren, Koen; Rambaut, Andrew; Ahuka-Mundeke, Steve; Muyembe-Tamfum, Jean-Jacques"
PP_004B3F9,Ib,A.1,Democratic Republic of the Congo,Kinshasa,2025-02-17,187406,0.9210025911596328,2025-10-21,"Wawina-Bokalanga, Tony; Amuri-Aziza, Adrienne; Mbala-Kingebeni, Placide; Kinganda-Lusamaki, Eddy; Pukuta-Simbu, Elisabeth; Hasivirwe-Vakaniaki, Emmanuel; Ola-Mpumbe, Rilia; Kwete-Mbokama, Papy; Akil-Bandali, Prince; Kacita, Cris; Ponga-Museme, Ange; Mapenzi-Kashali, Nelson; Vakaniaki, Gloria; Kenye, Kelly-Michel; Muyamuna, Elisabeth; Kavira-Bapitani, Sifa; Mukadi, Patrick; OToole, Aine; Tshiani-Mbaya, Olivier; Paku-Tshambu, Princesse; Lokilo-Lofiko, Emmanuel; Muswamba-Kayembe, Chloe; Makangara-Cigolo, Jean-Claude; Cikaya-Kankolongo, Fiston; Luakanda-Ndelemo, Gradi; Lawanga, Leader; Mabika-Bope, Elzedek; Lumembe-Numbi, Raphael; Kabamba-Lungenyi, Gabriel; Citenga, Andre; Kelvin, D. J.; Pratt, Catherine; Ayouba, Ahidjo; Tessema, Sofonias; Mukadi-Bamuleka, Daniel; Jansen, Daan; Halbrook, Megan; Merrit, Sydney; Hensley, Lisa; Delaporte, Eric; Mwamba, Dieudonne; Liesenborghs, Laurens; Hoff, Nicole; Peeters, Martine; Low, Nicola; Rimoin, Anne; Kindrachuk, Jason; Vercauteren, Koen; Rambaut, Andrew; Ahuka-Mundeke, Steve; Muyembe-Tamfum, Jean-Jacques"
PP_004B3G7,Ia,None,Democratic Republic of the Congo,Kinshasa,2025-02-16,187459,0.5321663818588401,2025-10-21,"Wawina-Bokalanga, Tony; Amuri-Aziza, Adrienne; Mbala-Kingebeni, Placide; Kinganda-Lusamaki, Eddy; Pukuta-Simbu, Elisabeth; Hasivirwe-Vakaniaki, Emmanuel; Ola-Mpumbe, Rilia; Kwete-Mbokama, Papy; Akil-Bandali, Prince; Kacita, Cris; Ponga-Museme, Ange; Mapenzi-Kashali, Nelson; Vakaniaki, Gloria; Kenye, Kelly-Michel; Muyamuna, Elisabeth; Kavira-Bapitani, Sifa; Mukadi, Patrick; OToole, Aine; Tshiani-Mbaya, Olivier; Paku-Tshambu, Princesse; Lokilo-Lofiko, Emmanuel; Muswamba-Kayembe, Chloe; Makangara-Cigolo, Jean-Claude; Cikaya-Kankolongo, Fiston; Luakanda-Ndelemo, Gradi; Lawanga, Leader; Mabika-Bope, Elzedek; Lumembe-Numbi, Raphael; Kabamba-Lungenyi, Gabriel; Citenga, Andre; Kelvin, D. J.; Pratt, Catherine; Ayouba, Ahidjo; Tessema, Sofonias; Mukadi-Bamuleka, Daniel; Jansen, Daan; Halbrook, Megan; Merrit, Sydney; Hensley, Lisa; Delaporte, Eric; Mwamba, Dieudonne; Liesenborghs, Laurens; Hoff, Nicole; Peeters, Martine; Low, Nicola; Rimoin, Anne; Kindrachuk, Jason; Vercauteren, Koen; Rambaut, Andrew; Ahuka-Mundeke, Steve; Muyembe-Tamfum, Jean-Jacques"
PP_004B3H4,Ia,None,Democratic Republic of the Congo,Kinshasa,2025-02-17,187457,0.9205715763479354,2025-10-21,"Wawina-Bokalanga, Tony; Amuri-Aziza, Adrienne; Mbala-Kingebeni, Placide; Kinganda-Lusamaki, Eddy; Pukuta-Simbu, Elisabeth; Hasivirwe-Vakaniaki, Emmanuel; Ola-Mpumbe, Rilia; Kwete-Mbokama, Papy; Akil-Bandali, Prince; Kacita, Cris; Ponga-Museme, Ange; Mapenzi-Kashali, Nelson; Vakaniaki, Gloria; Kenye, Kelly-Michel; Muyamuna, Elisabeth; Kavira-Bapitani, Sifa; Mukadi, Patrick; OToole, Aine; Tshiani-Mbaya, Olivier; Paku-Tshambu, Princesse; Lokilo-Lofiko, Emmanuel; Muswamba-Kayembe, Chloe; Makangara-Cigolo, Jean-Claude; Cikaya-Kankolongo, Fiston; Luakanda-Ndelemo, Gradi; Lawanga, Leader; Mabika-Bope, Elzedek; Lumembe-Numbi, Raphael; Kabamba-Lungenyi, Gabriel; Citenga, Andre; Kelvin, D. J.; Pratt, Catherine; Ayouba, Ahidjo; Tessema, Sofonias; Mukadi-Bamuleka, Daniel; Jansen, Daan; Halbrook, Megan; Merrit, Sydney; Hensley, Lisa; Delaporte, Eric; Mwamba, Dieudonne; Liesenborghs, Laurens; Hoff, Nicole; Peeters, Martine; Low, Nicola; Rimoin, Anne; Kindrachuk, Jason; Vercauteren, Koen; Rambaut, Andrew; Ahuka-Mundeke, Steve; Muyembe-Tamfum, Jean-Jacques"
PP_004B3J2,Ia,None,Democratic Republic of the Congo,Kinshasa,2025-02-16,187416,0.9255307820636988,2025-10-21,"Wawina-Bokalanga, Tony; Amuri-Aziza, Adrienne; Mbala-Kingebeni, Placide; Kinganda-Lusamaki, Eddy; Pukuta-Simbu, Elisabeth; Hasivirwe-Vakaniaki, Emmanuel; Ola-Mpumbe, Rilia; Kwete-Mbokama, Papy; Akil-Bandali, Prince; Kacita, Cris; Ponga-Museme, Ange; Mapenzi-Kashali, Nelson; Vakaniaki, Gloria; Kenye, Kelly-Michel; Muyamuna, Elisabeth; Kavira-Bapitani, Sifa; Mukadi, Patrick; OToole, Aine; Tshiani-Mbaya, Olivier; Paku-Tshambu, Princesse; Lokilo-Lofiko, Emmanuel; Muswamba-Kayembe, Chloe; Makangara-Cigolo, Jean-Claude; Cikaya-Kankolongo, Fiston; Luakanda-Ndelemo, Gradi; Lawanga, Leader; Mabika-Bope, Elzedek; Lumembe-Numbi, Raphael; Kabamba-Lungenyi, Gabriel; Citenga, Andre; Kelvin, D. J.; Pratt, Catherine; Ayouba, Ahidjo; Tessema, Sofonias; Mukadi-Bamuleka, Daniel; Jansen, Daan; Halbrook, Megan; Merrit, Sydney; Hensley, Lisa; Delaporte, Eric; Mwamba, Dieudonne; Liesenborghs, Laurens; Hoff, Nicole; Peeters, Martine; Low, Nicola; Rimoin, Anne; Kindrachuk, Jason; Vercauteren, Koen; Rambaut, Andrew; Ahuka-Mundeke, Steve; Muyembe-Tamfum, Jean-Jacques"
PP_004B3K0,Ib,A.1,Democratic Republic of the Congo,Kinshasa,2025-02-17,187439,0.927995172634109,2025-10-21,"Wawina-Bokalanga, Tony; Amuri-Aziza, Adrienne; Mbala-Kingebeni, Placide; Kinganda-Lusamaki, Eddy; Pukuta-Simbu, Elisabeth; Hasivirwe-Vakaniaki, Emmanuel; Ola-Mpumbe, Rilia; Kwete-Mbokama, Papy; Akil-Bandali, Prince; Kacita, Cris; Ponga-Museme, Ange; Mapenzi-Kashali, Nelson; Vakaniaki, Gloria; Kenye, Kelly-Michel; Muyamuna, Elisabeth; Kavira-Bapitani, Sifa; Mukadi, Patrick; OToole, Aine; Tshiani-Mbaya, Olivier; Paku-Tshambu, Princesse; Lokilo-Lofiko, Emmanuel; Muswamba-Kayembe, Chloe; Makangara-Cigolo, Jean-Claude; Cikaya-Kankolongo, Fiston; Luakanda-Ndelemo, Gradi; Lawanga, Leader; Mabika-Bope, Elzedek; Lumembe-Numbi, Raphael; Kabamba-Lungenyi, Gabriel; Citenga, Andre; Kelvin, D. J.; Pratt, Catherine; Ayouba, Ahidjo; Tessema, Sofonias; Mukadi-Bamuleka, Daniel; Jansen, Daan; Halbrook, Megan; Merrit, Sydney; Hensley, Lisa; Delaporte, Eric; Mwamba, Dieudonne; Liesenborghs, Laurens; Hoff, Nicole; Peeters, Martine; Low, Nicola; Rimoin, Anne; Kindrachuk, Jason; Vercauteren, Koen; Rambaut, Andrew; Ahuka-Mundeke, Steve; Muyembe-Tamfum, Jean-Jacques"
PP_004B3LY,Ia,None,Democratic Republic of the Congo,Kinshasa,2025-02-17,187460,0.9049079910146088,2025-10-21,"Wawina-Bokalanga, Tony; Amuri-Aziza, Adrienne; Mbala-Kingebeni, Placide; Kinganda-Lusamaki, Eddy; Pukuta-Simbu, Elisabeth; Hasivirwe-Vakaniaki, Emmanuel; Ola-Mpumbe, Rilia; Kwete-Mbokama, Papy; Akil-Bandali, Prince; Kacita, Cris; Ponga-Museme, Ange; Mapenzi-Kashali, Nelson; Vakaniaki, Gloria; Kenye, Kelly-Michel; Muyamuna, Elisabeth; Kavira-Bapitani, Sifa; Mukadi, Patrick; OToole, Aine; Tshiani-Mbaya, Olivier; Paku-Tshambu, Princesse; Lokilo-Lofiko, Emmanuel; Muswamba-Kayembe, Chloe; Makangara-Cigolo, Jean-Claude; Cikaya-Kankolongo, Fiston; Luakanda-Ndelemo, Gradi; Lawanga, Leader; Mabika-Bope, Elzedek; Lumembe-Numbi, Raphael; Kabamba-Lungenyi, Gabriel; Citenga, Andre; Kelvin, D. J.; Pratt, Catherine; Ayouba, Ahidjo; Tessema, Sofonias; Mukadi-Bamuleka, Daniel; Jansen, Daan; Halbrook, Megan; Merrit, Sydney; Hensley, Lisa; Delaporte, Eric; Mwamba, Dieudonne; Liesenborghs, Laurens; Hoff, Nicole; Peeters, Martine; Low, Nicola; Rimoin, Anne; Kindrachuk, Jason; Vercauteren, Koen; Rambaut, Andrew; Ahuka-Mundeke, Steve; Muyembe-Tamfum, Jean-Jacques"
PP_004B3MW,Ib,A.1,Democratic Republic of the Congo,Kinshasa,2025-02-17,187435,0.8999639975863171,2025-10-21,"Wawina-Bokalanga, Tony; Amuri-Aziza, Adrienne; Mbala-Kingebeni, Placide; Kinganda-Lusamaki, Eddy; Pukuta-Simbu, Elisabeth; Hasivirwe-Vakaniaki, Emmanuel; Ola-Mpumbe, Rilia; Kwete-Mbokama, Papy; Akil-Bandali, Prince; Kacita, Cris; Ponga-Museme, Ange; Mapenzi-Kashali, Nelson; Vakaniaki, Gloria; Kenye, Kelly-Michel; Muyamuna, Elisabeth; Kavira-Bapitani, Sifa; Mukadi, Patrick; OToole, Aine; Tshiani-Mbaya, Olivier; Paku-Tshambu, Princesse; Lokilo-Lofiko, Emmanuel; Muswamba-Kayembe, Chloe; Makangara-Cigolo, Jean-Claude; Cikaya-Kankolongo, Fiston; Luakanda-Ndelemo, Gradi; Lawanga, Leader; Mabika-Bope, Elzedek; Lumembe-Numbi, Raphael; Kabamba-Lungenyi, Gabriel; Citenga, Andre; Kelvin, D. J.; Pratt, Catherine; Ayouba, Ahidjo; Tessema, Sofonias; Mukadi-Bamuleka, Daniel; Jansen, Daan; Halbrook, Megan; Merrit, Sydney; Hensley, Lisa; Delaporte, Eric; Mwamba, Dieudonne; Liesenborghs, Laurens; Hoff, Nicole; Peeters, Martine; Low, Nicola; Rimoin, Anne; Kindrachuk, Jason; Vercauteren, Koen; Rambaut, Andrew; Ahuka-Mundeke, Steve; Muyembe-Tamfum, Jean-Jacques"
PP_004B3NU,Ib,A.1,Democratic Republic of the Congo,Kinshasa,2025-02-17,187420,0.9234162741051372,2025-10-21,"Wawina-Bokalanga, Tony; Amuri-Aziza, Adrienne; Mbala-Kingebeni, Placide; Kinganda-Lusamaki, Eddy; Pukuta-Simbu, Elisabeth; Hasivirwe-Vakaniaki, Emmanuel; Ola-Mpumbe, Rilia; Kwete-Mbokama, Papy; Akil-Bandali, Prince; Kacita, Cris; Ponga-Museme, Ange; Mapenzi-Kashali, Nelson; Vakaniaki, Gloria; Kenye, Kelly-Michel; Muyamuna, Elisabeth; Kavira-Bapitani, Sifa; Mukadi, Patrick; OToole, Aine; Tshiani-Mbaya, Olivier; Paku-Tshambu, Princesse; Lokilo-Lofiko, Emmanuel; Muswamba-Kayembe, Chloe; Makangara-Cigolo, Jean-Claude; Cikaya-Kankolongo, Fiston; Luakanda-Ndelemo, Gradi; Lawanga, Leader; Mabika-Bope, Elzedek; Lumembe-Numbi, Raphael; Kabamba-Lungenyi, Gabriel; Citenga, Andre; Kelvin, D. J.; Pratt, Catherine; Ayouba, Ahidjo; Tessema, Sofonias; Mukadi-Bamuleka, Daniel; Jansen, Daan; Halbrook, Megan; Merrit, Sydney; Hensley, Lisa; Delaporte, Eric; Mwamba, Dieudonne; Liesenborghs, Laurens; Hoff, Nicole; Peeters, Martine; Low, Nicola; Rimoin, Anne; Kindrachuk, Jason; Vercauteren, Koen; Rambaut, Andrew; Ahuka-Mundeke, Steve; Muyembe-Tamfum, Jean-Jacques"
PP_004B3PS,Ib,A.1,Democratic Republic of the Congo,Kinshasa,2025-02-17,187424,0.8198814455729708,2025-10-21,"Wawina-Bokalanga, Tony; Amuri-Aziza, Adrienne; Mbala-Kingebeni, Placide; Kinganda-Lusamaki, Eddy; Pukuta-Simbu, Elisabeth; Hasivirwe-Vakaniaki, Emmanuel; Ola-Mpumbe, Rilia; Kwete-Mbokama, Papy; Akil-Bandali, Prince; Kacita, Cris; Ponga-Museme, Ange; Mapenzi-Kashali, Nelson; Vakaniaki, Gloria; Kenye, Kelly-Michel; Muyamuna, Elisabeth; Kavira-Bapitani, Sifa; Mukadi, Patrick; OToole, Aine; Tshiani-Mbaya, Olivier; Paku-Tshambu, Princesse; Lokilo-Lofiko, Emmanuel; Muswamba-Kayembe, Chloe; Makangara-Cigolo, Jean-Claude; Cikaya-Kankolongo, Fiston; Luakanda-Ndelemo, Gradi; Lawanga, Leader; Mabika-Bope, Elzedek; Lumembe-Numbi, Raphael; Kabamba-Lungenyi, Gabriel; Citenga, Andre; Kelvin, D. J.; Pratt, Catherine; Ayouba, Ahidjo; Tessema, Sofonias; Mukadi-Bamuleka, Daniel; Jansen, Daan; Halbrook, Megan; Merrit, Sydney; Hensley, Lisa; Delaporte, Eric; Mwamba, Dieudonne; Liesenborghs, Laurens; Hoff, Nicole; Peeters, Martine; Low, Nicola; Rimoin, Anne; Kindrachuk, Jason; Vercauteren, Koen; Rambaut, Andrew; Ahuka-Mundeke, Steve; Muyembe-Tamfum, Jean-Jacques"
PP_004B3QQ,Ib,A.1,Democratic Republic of the Congo,Mai-Ndombe,2025-02-19,187432,0.7785902266123758,2025-10-21,"Kenye, Kelly-Michel; Mbala-Kingebeni, Placide; Wawina-Bokalanga, Tony; Kinganda-Lusamaki, Eddy; Pukuta-Simbu, Elisabeth; Hasivirwe-Vakaniaki, Emmanuel; Ola-Mpumbe, Rilia; Kwete-Mbokama, Papy; Akil-Bandali, Prince; Kacita, Cris; Ponga-Museme, Ange; Mapenzi-Kashali, Nelson; Vakaniaki, Gloria; Amuri-Aziza, Adrienne; Muyamuna, Elisabeth; Kavira-Bapitani, Sifa; Mukadi, Patrick; OToole, Aine; Tshiani-Mbaya, Olivier; Paku-Tshambu, Princesse; Lokilo-Lofiko, Emmanuel; Muswamba-Kayembe, Chloe; Makangara-Cigolo, Jean-Claude; Cikaya-Kankolongo, Fiston; Luakanda-Ndelemo, Gradi; Lawanga, Leader; Mabika-Bope, Elzedek; Lumembe-Numbi, Raphael; Kabamba-Lungenyi, Gabriel; Citenga, Andre; Kelvin, D. J.; Pratt, Catherine; Ayouba, Ahidjo; Tessema, Sofonias; Mukadi-Bamuleka, Daniel; Jansen, Daan; Halbrook, Megan; Merrit, Sydney; Hensley, Lisa; Delaporte, Eric; Mwamba, Dieudonne; Liesenborghs, Laurens; Hoff, Nicole; Peeters, Martine; Low, Nicola; Rimoin, Anne; Kindrachuk, Jason; Vercauteren, Koen; Rambaut, Andrew; Ahuka-Mundeke, Steve; Muyembe-Tamfum, Jean-Jacques"
PP_004B3RN,Ia,None,Democratic Republic of the Congo,Kinshasa,2025-02-19,187428,0.9380758484653338,2025-10-21,"Wawina-Bokalanga, Tony; Amuri-Aziza, Adrienne; Mbala-Kingebeni, Placide; Kinganda-Lusamaki, Eddy; Pukuta-Simbu, Elisabeth; Hasivirwe-Vakaniaki, Emmanuel; Ola-Mpumbe, Rilia; Kwete-Mbokama, Papy; Akil-Bandali, Prince; Kacita, Cris; Ponga-Museme, Ange; Mapenzi-Kashali, Nelson; Vakaniaki, Gloria; Kenye, Kelly-Michel; Muyamuna, Elisabeth; Kavira-Bapitani, Sifa; Mukadi, Patrick; OToole, Aine; Tshiani-Mbaya, Olivier; Paku-Tshambu, Princesse; Lokilo-Lofiko, Emmanuel; Muswamba-Kayembe, Chloe; Makangara-Cigolo, Jean-Claude; Cikaya-Kankolongo, Fiston; Luakanda-Ndelemo, Gradi; Lawanga, Leader; Mabika-Bope, Elzedek; Lumembe-Numbi, Raphael; Kabamba-Lungenyi, Gabriel; Citenga, Andre; Kelvin, D. J.; Pratt, Catherine; Ayouba, Ahidjo; Tessema, Sofonias; Mukadi-Bamuleka, Daniel; Jansen, Daan; Halbrook, Megan; Merrit, Sydney; Hensley, Lisa; Delaporte, Eric; Mwamba, Dieudonne; Liesenborghs, Laurens; Hoff, Nicole; Peeters, Martine; Low, Nicola; Rimoin, Anne; Kindrachuk, Jason; Vercauteren, Koen; Rambaut, Andrew; Ahuka-Mundeke, Steve; Muyembe-Tamfum, Jean-Jacques"
PP_004B3SL,Ia,None,Democratic Republic of the Congo,Mai-Ndombe,2025-02-19,182405,0.5322424432961984,2025-10-21,"Kenye, Kelly-Michel; Mbala-Kingebeni, Placide; Wawina-Bokalanga, Tony; Kinganda-Lusamaki, Eddy; Pukuta-Simbu, Elisabeth; Hasivirwe-Vakaniaki, Emmanuel; Ola-Mpumbe, Rilia; Kwete-Mbokama, Papy; Akil-Bandali, Prince; Kacita, Cris; Ponga-Museme, Ange; Mapenzi-Kashali, Nelson; Vakaniaki, Gloria; Amuri-Aziza, Adrienne; Muyamuna, Elisabeth; Kavira-Bapitani, Sifa; Mukadi, Patrick; OToole, Aine; Tshiani-Mbaya, Olivier; Paku-Tshambu, Princesse; Lokilo-Lofiko, Emmanuel; Muswamba-Kayembe, Chloe; Makangara-Cigolo, Jean-Claude; Cikaya-Kankolongo, Fiston; Luakanda-Ndelemo, Gradi; Lawanga, Leader; Mabika-Bope, Elzedek; Lumembe-Numbi, Raphael; Kabamba-Lungenyi, Gabriel; Citenga, Andre; Kelvin, D. J.; Pratt, Catherine; Ayouba, Ahidjo; Tessema, Sofonias; Mukadi-Bamuleka, Daniel; Jansen, Daan; Halbrook, Megan; Merrit, Sydney; Hensley, Lisa; Delaporte, Eric; Mwamba, Dieudonne; Liesenborghs, Laurens; Hoff, Nicole; Peeters, Martine; Low, Nicola; Rimoin, Anne; Kindrachuk, Jason; Vercauteren, Koen; Rambaut, Andrew; Ahuka-Mundeke, Steve; Muyembe-Tamfum, Jean-Jacques"
PP_004B3TJ,Ia,None,Democratic Republic of the Congo,Mai-Ndombe,2025-02-19,184097,0.4729703005440928,2025-10-21,"Kenye, Kelly-Michel; Mbala-Kingebeni, Placide; Wawina-Bokalanga, Tony; Kinganda-Lusamaki, Eddy; Pukuta-Simbu, Elisabeth; Hasivirwe-Vakaniaki, Emmanuel; Ola-Mpumbe, Rilia; Kwete-Mbokama, Papy; Akil-Bandali, Prince; Kacita, Cris; Ponga-Museme, Ange; Mapenzi-Kashali, Nelson; Vakaniaki, Gloria; Amuri-Aziza, Adrienne; Muyamuna, Elisabeth; Kavira-Bapitani, Sifa; Mukadi, Patrick; OToole, Aine; Tshiani-Mbaya, Olivier; Paku-Tshambu, Princesse; Lokilo-Lofiko, Emmanuel; Muswamba-Kayembe, Chloe; Makangara-Cigolo, Jean-Claude; Cikaya-Kankolongo, Fiston; Luakanda-Ndelemo, Gradi; Lawanga, Leader; Mabika-Bope, Elzedek; Lumembe-Numbi, Raphael; Kabamba-Lungenyi, Gabriel; Citenga, Andre; Kelvin, D. J.; Pratt, Catherine; Ayouba, Ahidjo; Tessema, Sofonias; Mukadi-Bamuleka, Daniel; Jansen, Daan; Halbrook, Megan; Merrit, Sydney; Hensley, Lisa; Delaporte, Eric; Mwamba, Dieudonne; Liesenborghs, Laurens; Hoff, Nicole; Peeters, Martine; Low, Nicola; Rimoin, Anne; Kindrachuk, Jason; Vercauteren, Koen; Rambaut, Andrew; Ahuka-Mundeke, Steve; Muyembe-Tamfum, Jean-Jacques"
PP_004B3UG,Ia,None,Democratic Republic of the Congo,Mai-Ndombe,2025-02-19,187942,0.9535568863490004,2025-10-21,"Kenye, Kelly-Michel; Mbala-Kingebeni, Placide; Wawina-Bokalanga, Tony; Kinganda-Lusamaki, Eddy; Pukuta-Simbu, Elisabeth; Hasivirwe-Vakaniaki, Emmanuel; Ola-Mpumbe, Rilia; Kwete-Mbokama, Papy; Akil-Bandali, Prince; Kacita, Cris; Ponga-Museme, Ange; Mapenzi-Kashali, Nelson; Vakaniaki, Gloria; Amuri-Aziza, Adrienne; Muyamuna, Elisabeth; Kavira-Bapitani, Sifa; Mukadi, Patrick; OToole, Aine; Tshiani-Mbaya, Olivier; Paku-Tshambu, Princesse; Lokilo-Lofiko, Emmanuel; Muswamba-Kayembe, Chloe; Makangara-Cigolo, Jean-Claude; Cikaya-Kankolongo, Fiston; Luakanda-Ndelemo, Gradi; Lawanga, Leader; Mabika-Bope, Elzedek; Lumembe-Numbi, Raphael; Kabamba-Lungenyi, Gabriel; Citenga, Andre; Kelvin, D. J.; Pratt, Catherine; Ayouba, Ahidjo; Tessema, Sofonias; Mukadi-Bamuleka, Daniel; Jansen, Daan; Halbrook, Megan; Merrit, Sydney; Hensley, Lisa; Delaporte, Eric; Mwamba, Dieudonne; Liesenborghs, Laurens; Hoff, Nicole; Peeters, Martine; Low, Nicola; Rimoin, Anne; Kindrachuk, Jason; Vercauteren, Koen; Rambaut, Andrew; Ahuka-Mundeke, Steve; Muyembe-Tamfum, Jean-Jacques"
PP_004B3VE,Ia,None,Democratic Republic of the Congo,Mai-Ndombe,2025-02-19,187431,0.9100700272299944,2025-10-21,"Kenye, Kelly-Michel; Mbala-Kingebeni, Placide; Wawina-Bokalanga, Tony; Kinganda-Lusamaki, Eddy; Pukuta-Simbu, Elisabeth; Hasivirwe-Vakaniaki, Emmanuel; Ola-Mpumbe, Rilia; Kwete-Mbokama, Papy; Akil-Bandali, Prince; Kacita, Cris; Ponga-Museme, Ange; Mapenzi-Kashali, Nelson; Vakaniaki, Gloria; Amuri-Aziza, Adrienne; Muyamuna, Elisabeth; Kavira-Bapitani, Sifa; Mukadi, Patrick; OToole, Aine; Tshiani-Mbaya, Olivier; Paku-Tshambu, Princesse; Lokilo-Lofiko, Emmanuel; Muswamba-Kayembe, Chloe; Makangara-Cigolo, Jean-Claude; Cikaya-Kankolongo, Fiston; Luakanda-Ndelemo, Gradi; Lawanga, Leader; Mabika-Bope, Elzedek; Lumembe-Numbi, Raphael; Kabamba-Lungenyi, Gabriel; Citenga, Andre; Kelvin, D. J.; Pratt, Catherine; Ayouba, Ahidjo; Tessema, Sofonias; Mukadi-Bamuleka, Daniel; Jansen, Daan; Halbrook, Megan; Merrit, Sydney; Hensley, Lisa; Delaporte, Eric; Mwamba, Dieudonne; Liesenborghs, Laurens; Hoff, Nicole; Peeters, Martine; Low, Nicola; Rimoin, Anne; Kindrachuk, Jason; Vercauteren, Koen; Rambaut, Andrew; Ahuka-Mundeke, Steve; Muyembe-Tamfum, Jean-Jacques"
PP_004B3WC,Ib,A.1,Democratic Republic of the Congo,Kinshasa,2025-02-19,187408,0.9279596772966752,2025-10-21,"Wawina-Bokalanga, Tony; Amuri-Aziza, Adrienne; Mbala-Kingebeni, Placide; Kinganda-Lusamaki, Eddy; Pukuta-Simbu, Elisabeth; Hasivirwe-Vakaniaki, Emmanuel; Ola-Mpumbe, Rilia; Kwete-Mbokama, Papy; Akil-Bandali, Prince; Kacita, Cris; Ponga-Museme, Ange; Mapenzi-Kashali, Nelson; Vakaniaki, Gloria; Kenye, Kelly-Michel; Muyamuna, Elisabeth; Kavira-Bapitani, Sifa; Mukadi, Patrick; OToole, Aine; Tshiani-Mbaya, Olivier; Paku-Tshambu, Princesse; Lokilo-Lofiko, Emmanuel; Muswamba-Kayembe, Chloe; Makangara-Cigolo, Jean-Claude; Cikaya-Kankolongo, Fiston; Luakanda-Ndelemo, Gradi; Lawanga, Leader; Mabika-Bope, Elzedek; Lumembe-Numbi, Raphael; Kabamba-Lungenyi, Gabriel; Citenga, Andre; Kelvin, D. J.; Pratt, Catherine; Ayouba, Ahidjo; Tessema, Sofonias; Mukadi-Bamuleka, Daniel; Jansen, Daan; Halbrook, Megan; Merrit, Sydney; Hensley, Lisa; Delaporte, Eric; Mwamba, Dieudonne; Liesenborghs, Laurens; Hoff, Nicole; Peeters, Martine; Low, Nicola; Rimoin, Anne; Kindrachuk, Jason; Vercauteren, Koen; Rambaut, Andrew; Ahuka-Mundeke, Steve; Muyembe-Tamfum, Jean-Jacques"
PP_004B3XA,Ib,A.1,Democratic Republic of the Congo,Kinshasa,2025-02-19,187419,0.9202419767860494,2025-10-21,"Wawina-Bokalanga, Tony; Amuri-Aziza, Adrienne; Mbala-Kingebeni, Placide; Kinganda-Lusamaki, Eddy; Pukuta-Simbu, Elisabeth; Hasivirwe-Vakaniaki, Emmanuel; Ola-Mpumbe, Rilia; Kwete-Mbokama, Papy; Akil-Bandali, Prince; Kacita, Cris; Ponga-Museme, Ange; Mapenzi-Kashali, Nelson; Vakaniaki, Gloria; Kenye, Kelly-Michel; Muyamuna, Elisabeth; Kavira-Bapitani, Sifa; Mukadi, Patrick; OToole, Aine; Tshiani-Mbaya, Olivier; Paku-Tshambu, Princesse; Lokilo-Lofiko, Emmanuel; Muswamba-Kayembe, Chloe; Makangara-Cigolo, Jean-Claude; Cikaya-Kankolongo, Fiston; Luakanda-Ndelemo, Gradi; Lawanga, Leader; Mabika-Bope, Elzedek; Lumembe-Numbi, Raphael; Kabamba-Lungenyi, Gabriel; Citenga, Andre; Kelvin, D. J.; Pratt, Catherine; Ayouba, Ahidjo; Tessema, Sofonias; Mukadi-Bamuleka, Daniel; Jansen, Daan; Halbrook, Megan; Merrit, Sydney; Hensley, Lisa; Delaporte, Eric; Mwamba, Dieudonne; Liesenborghs, Laurens; Hoff, Nicole; Peeters, Martine; Low, Nicola; Rimoin, Anne; Kindrachuk, Jason; Vercauteren, Koen; Rambaut, Andrew; Ahuka-Mundeke, Steve; Muyembe-Tamfum, Jean-Jacques"
PP_004B3Y8,Ib,A.1,Democratic Republic of the Congo,Kinshasa,2025-02-19,187432,0.8752795257822918,2025-10-21,"Wawina-Bokalanga, Tony; Amuri-Aziza, Adrienne; Mbala-Kingebeni, Placide; Kinganda-Lusamaki, Eddy; Pukuta-Simbu, Elisabeth; Hasivirwe-Vakaniaki, Emmanuel; Ola-Mpumbe, Rilia; Kwete-Mbokama, Papy; Akil-Bandali, Prince; Kacita, Cris; Ponga-Museme, Ange; Mapenzi-Kashali, Nelson; Vakaniaki, Gloria; Kenye, Kelly-Michel; Muyamuna, Elisabeth; Kavira-Bapitani, Sifa; Mukadi, Patrick; OToole, Aine; Tshiani-Mbaya, Olivier; Paku-Tshambu, Princesse; Lokilo-Lofiko, Emmanuel; Muswamba-Kayembe, Chloe; Makangara-Cigolo, Jean-Claude; Cikaya-Kankolongo, Fiston; Luakanda-Ndelemo, Gradi; Lawanga, Leader; Mabika-Bope, Elzedek; Lumembe-Numbi, Raphael; Kabamba-Lungenyi, Gabriel; Citenga, Andre; Kelvin, D. J.; Pratt, Catherine; Ayouba, Ahidjo; Tessema, Sofonias; Mukadi-Bamuleka, Daniel; Jansen, Daan; Halbrook, Megan; Merrit, Sydney; Hensley, Lisa; Delaporte, Eric; Mwamba, Dieudonne; Liesenborghs, Laurens; Hoff, Nicole; Peeters, Martine; Low, Nicola; Rimoin, Anne; Kindrachuk, Jason; Vercauteren, Koen; Rambaut, Andrew; Ahuka-Mundeke, Steve; Muyembe-Tamfum, Jean-Jacques"
PP_004B3Z6,Ia,None,Democratic Republic of the Congo,Kinshasa,2025-02-17,187417,0.9358497837319798,2025-10-21,"Wawina-Bokalanga, Tony; Amuri-Aziza, Adrienne; Mbala-Kingebeni, Placide; Kinganda-Lusamaki, Eddy; Pukuta-Simbu, Elisabeth; Hasivirwe-Vakaniaki, Emmanuel; Ola-Mpumbe, Rilia; Kwete-Mbokama, Papy; Akil-Bandali, Prince; Kacita, Cris; Ponga-Museme, Ange; Mapenzi-Kashali, Nelson; Vakaniaki, Gloria; Kenye, Kelly-Michel; Muyamuna, Elisabeth; Kavira-Bapitani, Sifa; Mukadi, Patrick; OToole, Aine; Tshiani-Mbaya, Olivier; Paku-Tshambu, Princesse; Lokilo-Lofiko, Emmanuel; Muswamba-Kayembe, Chloe; Makangara-Cigolo, Jean-Claude; Cikaya-Kankolongo, Fiston; Luakanda-Ndelemo, Gradi; Lawanga, Leader; Mabika-Bope, Elzedek; Lumembe-Numbi, Raphael; Kabamba-Lungenyi, Gabriel; Citenga, Andre; Kelvin, D. J.; Pratt, Catherine; Ayouba, Ahidjo; Tessema, Sofonias; Mukadi-Bamuleka, Daniel; Jansen, Daan; Halbrook, Megan; Merrit, Sydney; Hensley, Lisa; Delaporte, Eric; Mwamba, Dieudonne; Liesenborghs, Laurens; Hoff, Nicole; Peeters, Martine; Low, Nicola; Rimoin, Anne; Kindrachuk, Jason; Vercauteren, Koen; Rambaut, Andrew; Ahuka-Mundeke, Steve; Muyembe-Tamfum, Jean-Jacques"
PP_004B404,Ib,A.1,Democratic Republic of the Congo,Kinshasa,2025-02-17,187413,0.9262761841498106,2025-10-21,"Wawina-Bokalanga, Tony; Amuri-Aziza, Adrienne; Mbala-Kingebeni, Placide; Kinganda-Lusamaki, Eddy; Pukuta-Simbu, Elisabeth; Hasivirwe-Vakaniaki, Emmanuel; Ola-Mpumbe, Rilia; Kwete-Mbokama, Papy; Akil-Bandali, Prince; Kacita, Cris; Ponga-Museme, Ange; Mapenzi-Kashali, Nelson; Vakaniaki, Gloria; Kenye, Kelly-Michel; Muyamuna, Elisabeth; Kavira-Bapitani, Sifa; Mukadi, Patrick; OToole, Aine; Tshiani-Mbaya, Olivier; Paku-Tshambu, Princesse; Lokilo-Lofiko, Emmanuel; Muswamba-Kayembe, Chloe; Makangara-Cigolo, Jean-Claude; Cikaya-Kankolongo, Fiston; Luakanda-Ndelemo, Gradi; Lawanga, Leader; Mabika-Bope, Elzedek; Lumembe-Numbi, Raphael; Kabamba-Lungenyi, Gabriel; Citenga, Andre; Kelvin, D. J.; Pratt, Catherine; Ayouba, Ahidjo; Tessema, Sofonias; Mukadi-Bamuleka, Daniel; Jansen, Daan; Halbrook, Megan; Merrit, Sydney; Hensley, Lisa; Delaporte, Eric; Mwamba, Dieudonne; Liesenborghs, Laurens; Hoff, Nicole; Peeters, Martine; Low, Nicola; Rimoin, Anne; Kindrachuk, Jason; Vercauteren, Koen; Rambaut, Andrew; Ahuka-Mundeke, Steve; Muyembe-Tamfum, Jean-Jacques"
PP_004B412,Ib,A.1,Democratic Republic of the Congo,Kinshasa,2025-02-17,187418,0.9221688665324604,2025-10-21,"Wawina-Bokalanga, Tony; Amuri-Aziza, Adrienne; Mbala-Kingebeni, Placide; Kinganda-Lusamaki, Eddy; Pukuta-Simbu, Elisabeth; Hasivirwe-Vakaniaki, Emmanuel; Ola-Mpumbe, Rilia; Kwete-Mbokama, Papy; Akil-Bandali, Prince; Kacita, Cris; Ponga-Museme, Ange; Mapenzi-Kashali, Nelson; Vakaniaki, Gloria; Kenye, Kelly-Michel; Muyamuna, Elisabeth; Kavira-Bapitani, Sifa; Mukadi, Patrick; OToole, Aine; Tshiani-Mbaya, Olivier; Paku-Tshambu, Princesse; Lokilo-Lofiko, Emmanuel; Muswamba-Kayembe, Chloe; Makangara-Cigolo, Jean-Claude; Cikaya-Kankolongo, Fiston; Luakanda-Ndelemo, Gradi; Lawanga, Leader; Mabika-Bope, Elzedek; Lumembe-Numbi, Raphael; Kabamba-Lungenyi, Gabriel; Citenga, Andre; Kelvin, D. J.; Pratt, Catherine; Ayouba, Ahidjo; Tessema, Sofonias; Mukadi-Bamuleka, Daniel; Jansen, Daan; Halbrook, Megan; Merrit, Sydney; Hensley, Lisa; Delaporte, Eric; Mwamba, Dieudonne; Liesenborghs, Laurens; Hoff, Nicole; Peeters, Martine; Low, Nicola; Rimoin, Anne; Kindrachuk, Jason; Vercauteren, Koen; Rambaut, Andrew; Ahuka-Mundeke, Steve; Muyembe-Tamfum, Jean-Jacques"
PP_004B420,Ia,None,Democratic Republic of the Congo,Kinshasa,2025-02-17,187439,0.8542257199215046,2025-10-21,"Amuri-Aziza, Adrienne; Mbala-Kingebeni, Placide; Wawina-Bokalanga, Tony; Kinganda-Lusamaki, Eddy; Pukuta-Simbu, Elisabeth; Hasivirwe-Vakaniaki, Emmanuel; Ola-Mpumbe, Rilia; Kwete-Mbokama, Papy; Akil-Bandali, Prince; Kacita, Cris; Ponga-Museme, Ange; Mapenzi-Kashali, Nelson; Vakaniaki, Gloria; Kenye, Kelly-Michel; Muyamuna, Elisabeth; Kavira-Bapitani, Sifa; Mukadi, Patrick; OToole, Aine; Tshiani-Mbaya, Olivier; Paku-Tshambu, Princesse; Lokilo-Lofiko, Emmanuel; Muswamba-Kayembe, Chloe; Makangara-Cigolo, Jean-Claude; Cikaya-Kankolongo, Fiston; Luakanda-Ndelemo, Gradi; Lawanga, Leader; Mabika-Bope, Elzedek; Lumembe-Numbi, Raphael; Kabamba-Lungenyi, Gabriel; Citenga, Andre; Kelvin, D. J.; Pratt, Catherine; Ayouba, Ahidjo; Tessema, Sofonias; Mukadi-Bamuleka, Daniel; Jansen, Daan; Halbrook, Megan; Merrit, Sydney; Hensley, Lisa; Delaporte, Eric; Mwamba, Dieudonne; Liesenborghs, Laurens; Hoff, Nicole; Peeters, Martine; Low, Nicola; Rimoin, Anne; Kindrachuk, Jason; Vercauteren, Koen; Rambaut, Andrew; Ahuka-Mundeke, Steve; Muyembe-Tamfum, Jean-Jacques"
PP_004B43Y,Ib,A.1,Democratic Republic of the Congo,Kinshasa,2025-02-17,187433,0.8023315365931575,2025-10-21,"Amuri-Aziza, Adrienne; Mbala-Kingebeni, Placide; Wawina-Bokalanga, Tony; Kinganda-Lusamaki, Eddy; Pukuta-Simbu, Elisabeth; Hasivirwe-Vakaniaki, Emmanuel; Ola-Mpumbe, Rilia; Kwete-Mbokama, Papy; Akil-Bandali, Prince; Kacita, Cris; Ponga-Museme, Ange; Mapenzi-Kashali, Nelson; Vakaniaki, Gloria; Kenye, Kelly-Michel; Muyamuna, Elisabeth; Kavira-Bapitani, Sifa; Mukadi, Patrick; OToole, Aine; Tshiani-Mbaya, Olivier; Paku-Tshambu, Princesse; Lokilo-Lofiko, Emmanuel; Muswamba-Kayembe, Chloe; Makangara-Cigolo, Jean-Claude; Cikaya-Kankolongo, Fiston; Luakanda-Ndelemo, Gradi; Lawanga, Leader; Mabika-Bope, Elzedek; Lumembe-Numbi, Raphael; Kabamba-Lungenyi, Gabriel; Citenga, Andre; Kelvin, D. J.; Pratt, Catherine; Ayouba, Ahidjo; Tessema, Sofonias; Mukadi-Bamuleka, Daniel; Jansen, Daan; Halbrook, Megan; Merrit, Sydney; Hensley, Lisa; Delaporte, Eric; Mwamba, Dieudonne; Liesenborghs, Laurens; Hoff, Nicole; Peeters, Martine; Low, Nicola; Rimoin, Anne; Kindrachuk, Jason; Vercauteren, Koen; Rambaut, Andrew; Ahuka-Mundeke, Steve; Muyembe-Tamfum, Jean-Jacques"
PP_004B44W,Ia,None,Democratic Republic of the Congo,Kinshasa,2025-02-17,187425,0.9329797321623252,2025-10-21,"Amuri-Aziza, Adrienne; Mbala-Kingebeni, Placide; Wawina-Bokalanga, Tony; Kinganda-Lusamaki, Eddy; Pukuta-Simbu, Elisabeth; Hasivirwe-Vakaniaki, Emmanuel; Ola-Mpumbe, Rilia; Kwete-Mbokama, Papy; Akil-Bandali, Prince; Kacita, Cris; Ponga-Museme, Ange; Mapenzi-Kashali, Nelson; Vakaniaki, Gloria; Kenye, Kelly-Michel; Muyamuna, Elisabeth; Kavira-Bapitani, Sifa; Mukadi, Patrick; OToole, Aine; Tshiani-Mbaya, Olivier; Paku-Tshambu, Princesse; Lokilo-Lofiko, Emmanuel; Muswamba-Kayembe, Chloe; Makangara-Cigolo, Jean-Claude; Cikaya-Kankolongo, Fiston; Luakanda-Ndelemo, Gradi; Lawanga, Leader; Mabika-Bope, Elzedek; Lumembe-Numbi, Raphael; Kabamba-Lungenyi, Gabriel; Citenga, Andre; Kelvin, D. J.; Pratt, Catherine; Ayouba, Ahidjo; Tessema, Sofonias; Mukadi-Bamuleka, Daniel; Jansen, Daan; Halbrook, Megan; Merrit, Sydney; Hensley, Lisa; Delaporte, Eric; Mwamba, Dieudonne; Liesenborghs, Laurens; Hoff, Nicole; Peeters, Martine; Low, Nicola; Rimoin, Anne; Kindrachuk, Jason; Vercauteren, Koen; Rambaut, Andrew; Ahuka-Mundeke, Steve; Muyembe-Tamfum, Jean-Jacques"
PP_004B45U,Ia,None,Democratic Republic of the Congo,Kinshasa,2025-02-17,187459,0.7889751481930338,2025-10-21,"Amuri-Aziza, Adrienne; Mbala-Kingebeni, Placide; Wawina-Bokalanga, Tony; Kinganda-Lusamaki, Eddy; Pukuta-Simbu, Elisabeth; Hasivirwe-Vakaniaki, Emmanuel; Ola-Mpumbe, Rilia; Kwete-Mbokama, Papy; Akil-Bandali, Prince; Kacita, Cris; Ponga-Museme, Ange; Mapenzi-Kashali, Nelson; Vakaniaki, Gloria; Kenye, Kelly-Michel; Muyamuna, Elisabeth; Kavira-Bapitani, Sifa; Mukadi, Patrick; OToole, Aine; Tshiani-Mbaya, Olivier; Paku-Tshambu, Princesse; Lokilo-Lofiko, Emmanuel; Muswamba-Kayembe, Chloe; Makangara-Cigolo, Jean-Claude; Cikaya-Kankolongo, Fiston; Luakanda-Ndelemo, Gradi; Lawanga, Leader; Mabika-Bope, Elzedek; Lumembe-Numbi, Raphael; Kabamba-Lungenyi, Gabriel; Citenga, Andre; Kelvin, D. J.; Pratt, Catherine; Ayouba, Ahidjo; Tessema, Sofonias; Mukadi-Bamuleka, Daniel; Jansen, Daan; Halbrook, Megan; Merrit, Sydney; Hensley, Lisa; Delaporte, Eric; Mwamba, Dieudonne; Liesenborghs, Laurens; Hoff, Nicole; Peeters, Martine; Low, Nicola; Rimoin, Anne; Kindrachuk, Jason; Vercauteren, Koen; Rambaut, Andrew; Ahuka-Mundeke, Steve; Muyembe-Tamfum, Jean-Jacques"
PP_004B46S,Ia,None,Democratic Republic of the Congo,Kinshasa,2025-02-19,187460,0.9004102246854859,2025-10-21,"Amuri-Aziza, Adrienne; Mbala-Kingebeni, Placide; Wawina-Bokalanga, Tony; Kinganda-Lusamaki, Eddy; Pukuta-Simbu, Elisabeth; Hasivirwe-Vakaniaki, Emmanuel; Ola-Mpumbe, Rilia; Kwete-Mbokama, Papy; Akil-Bandali, Prince; Kacita, Cris; Ponga-Museme, Ange; Mapenzi-Kashali, Nelson; Vakaniaki, Gloria; Kenye, Kelly-Michel; Muyamuna, Elisabeth; Kavira-Bapitani, Sifa; Mukadi, Patrick; OToole, Aine; Tshiani-Mbaya, Olivier; Paku-Tshambu, Princesse; Lokilo-Lofiko, Emmanuel; Muswamba-Kayembe, Chloe; Makangara-Cigolo, Jean-Claude; Cikaya-Kankolongo, Fiston; Luakanda-Ndelemo, Gradi; Lawanga, Leader; Mabika-Bope, Elzedek; Lumembe-Numbi, Raphael; Kabamba-Lungenyi, Gabriel; Citenga, Andre; Kelvin, D. J.; Pratt, Catherine; Ayouba, Ahidjo; Tessema, Sofonias; Mukadi-Bamuleka, Daniel; Jansen, Daan; Halbrook, Megan; Merrit, Sydney; Hensley, Lisa; Delaporte, Eric; Mwamba, Dieudonne; Liesenborghs, Laurens; Hoff, Nicole; Peeters, Martine; Low, Nicola; Rimoin, Anne; Kindrachuk, Jason; Vercauteren, Koen; Rambaut, Andrew; Ahuka-Mundeke, Steve; Muyembe-Tamfum, Jean-Jacques"
PP_004B47Q,Ib,A.1,Democratic Republic of the Congo,Kinshasa,2025-02-19,187411,0.9184012900019776,2025-10-21,"Amuri-Aziza, Adrienne; Mbala-Kingebeni, Placide; Wawina-Bokalanga, Tony; Kinganda-Lusamaki, Eddy; Pukuta-Simbu, Elisabeth; Hasivirwe-Vakaniaki, Emmanuel; Ola-Mpumbe, Rilia; Kwete-Mbokama, Papy; Akil-Bandali, Prince; Kacita, Cris; Ponga-Museme, Ange; Mapenzi-Kashali, Nelson; Vakaniaki, Gloria; Kenye, Kelly-Michel; Muyamuna, Elisabeth; Kavira-Bapitani, Sifa; Mukadi, Patrick; OToole, Aine; Tshiani-Mbaya, Olivier; Paku-Tshambu, Princesse; Lokilo-Lofiko, Emmanuel; Muswamba-Kayembe, Chloe; Makangara-Cigolo, Jean-Claude; Cikaya-Kankolongo, Fiston; Luakanda-Ndelemo, Gradi; Lawanga, Leader; Mabika-Bope, Elzedek; Lumembe-Numbi, Raphael; Kabamba-Lungenyi, Gabriel; Citenga, Andre; Kelvin, D. J.; Pratt, Catherine; Ayouba, Ahidjo; Tessema, Sofonias; Mukadi-Bamuleka, Daniel; Jansen, Daan; Halbrook, Megan; Merrit, Sydney; Hensley, Lisa; Delaporte, Eric; Mwamba, Dieudonne; Liesenborghs, Laurens; Hoff, Nicole; Peeters, Martine; Low, Nicola; Rimoin, Anne; Kindrachuk, Jason; Vercauteren, Koen; Rambaut, Andrew; Ahuka-Mundeke, Steve; Muyembe-Tamfum, Jean-Jacques"
PP_004B48N,Ib,A.1,Democratic Republic of the Congo,Kinshasa,2025-02-17,187416,0.8620904725443564,2025-10-21,"Amuri-Aziza, Adrienne; Mbala-Kingebeni, Placide; Wawina-Bokalanga, Tony; Kinganda-Lusamaki, Eddy; Pukuta-Simbu, Elisabeth; Hasivirwe-Vakaniaki, Emmanuel; Ola-Mpumbe, Rilia; Kwete-Mbokama, Papy; Akil-Bandali, Prince; Kacita, Cris; Ponga-Museme, Ange; Mapenzi-Kashali, Nelson; Vakaniaki, Gloria; Kenye, Kelly-Michel; Muyamuna, Elisabeth; Kavira-Bapitani, Sifa; Mukadi, Patrick; OToole, Aine; Tshiani-Mbaya, Olivier; Paku-Tshambu, Princesse; Lokilo-Lofiko, Emmanuel; Muswamba-Kayembe, Chloe; Makangara-Cigolo, Jean-Claude; Cikaya-Kankolongo, Fiston; Luakanda-Ndelemo, Gradi; Lawanga, Leader; Mabika-Bope, Elzedek; Lumembe-Numbi, Raphael; Kabamba-Lungenyi, Gabriel; Citenga, Andre; Kelvin, D. J.; Pratt, Catherine; Ayouba, Ahidjo; Tessema, Sofonias; Mukadi-Bamuleka, Daniel; Jansen, Daan; Halbrook, Megan; Merrit, Sydney; Hensley, Lisa; Delaporte, Eric; Mwamba, Dieudonne; Liesenborghs, Laurens; Hoff, Nicole; Peeters, Martine; Low, Nicola; Rimoin, Anne; Kindrachuk, Jason; Vercauteren, Koen; Rambaut, Andrew; Ahuka-Mundeke, Steve; Muyembe-Tamfum, Jean-Jacques"
PP_004B49L,Ib,A.1,Democratic Republic of the Congo,Kinshasa,2025-02-18,187430,0.913076989386894,2025-10-21,"Amuri-Aziza, Adrienne; Mbala-Kingebeni, Placide; Wawina-Bokalanga, Tony; Kinganda-Lusamaki, Eddy; Pukuta-Simbu, Elisabeth; Hasivirwe-Vakaniaki, Emmanuel; Ola-Mpumbe, Rilia; Kwete-Mbokama, Papy; Akil-Bandali, Prince; Kacita, Cris; Ponga-Museme, Ange; Mapenzi-Kashali, Nelson; Vakaniaki, Gloria; Kenye, Kelly-Michel; Muyamuna, Elisabeth; Kavira-Bapitani, Sifa; Mukadi, Patrick; OToole, Aine; Tshiani-Mbaya, Olivier; Paku-Tshambu, Princesse; Lokilo-Lofiko, Emmanuel; Muswamba-Kayembe, Chloe; Makangara-Cigolo, Jean-Claude; Cikaya-Kankolongo, Fiston; Luakanda-Ndelemo, Gradi; Lawanga, Leader; Mabika-Bope, Elzedek; Lumembe-Numbi, Raphael; Kabamba-Lungenyi, Gabriel; Citenga, Andre; Kelvin, D. J.; Pratt, Catherine; Ayouba, Ahidjo; Tessema, Sofonias; Mukadi-Bamuleka, Daniel; Jansen, Daan; Halbrook, Megan; Merrit, Sydney; Hensley, Lisa; Delaporte, Eric; Mwamba, Dieudonne; Liesenborghs, Laurens; Hoff, Nicole; Peeters, Martine; Low, Nicola; Rimoin, Anne; Kindrachuk, Jason; Vercauteren, Koen; Rambaut, Andrew; Ahuka-Mundeke, Steve; Muyembe-Tamfum, Jean-Jacques"
PP_004B4AJ,Ia,None,Democratic Republic of the Congo,Kinshasa,2025-02-17,187477,0.9314483618901774,2025-10-21,"Amuri-Aziza, Adrienne; Mbala-Kingebeni, Placide; Wawina-Bokalanga, Tony; Kinganda-Lusamaki, Eddy; Pukuta-Simbu, Elisabeth; Hasivirwe-Vakaniaki, Emmanuel; Ola-Mpumbe, Rilia; Kwete-Mbokama, Papy; Akil-Bandali, Prince; Kacita, Cris; Ponga-Museme, Ange; Mapenzi-Kashali, Nelson; Vakaniaki, Gloria; Kenye, Kelly-Michel; Muyamuna, Elisabeth; Kavira-Bapitani, Sifa; Mukadi, Patrick; OToole, Aine; Tshiani-Mbaya, Olivier; Paku-Tshambu, Princesse; Lokilo-Lofiko, Emmanuel; Muswamba-Kayembe, Chloe; Makangara-Cigolo, Jean-Claude; Cikaya-Kankolongo, Fiston; Luakanda-Ndelemo, Gradi; Lawanga, Leader; Mabika-Bope, Elzedek; Lumembe-Numbi, Raphael; Kabamba-Lungenyi, Gabriel; Citenga, Andre; Kelvin, D. J.; Pratt, Catherine; Ayouba, Ahidjo; Tessema, Sofonias; Mukadi-Bamuleka, Daniel; Jansen, Daan; Halbrook, Megan; Merrit, Sydney; Hensley, Lisa; Delaporte, Eric; Mwamba, Dieudonne; Liesenborghs, Laurens; Hoff, Nicole; Peeters, Martine; Low, Nicola; Rimoin, Anne; Kindrachuk, Jason; Vercauteren, Koen; Rambaut, Andrew; Ahuka-Mundeke, Steve; Muyembe-Tamfum, Jean-Jacques"
PP_004B4BG,Ia,None,Democratic Republic of the Congo,Mai-Ndombe,2025-02-06,187490,0.9238168643418913,2025-10-21,"Kenye, Kelly-Michel; Mbala-Kingebeni, Placide; Wawina-Bokalanga, Tony; Kinganda-Lusamaki, Eddy; Pukuta-Simbu, Elisabeth; Hasivirwe-Vakaniaki, Emmanuel; Ola-Mpumbe, Rilia; Kwete-Mbokama, Papy; Akil-Bandali, Prince; Kacita, Cris; Ponga-Museme, Ange; Mapenzi-Kashali, Nelson; Vakaniaki, Gloria; Amuri-Aziza, Adrienne; Muyamuna, Elisabeth; Kavira-Bapitani, Sifa; Mukadi, Patrick; OToole, Aine; Tshiani-Mbaya, Olivier; Paku-Tshambu, Princesse; Lokilo-Lofiko, Emmanuel; Muswamba-Kayembe, Chloe; Makangara-Cigolo, Jean-Claude; Cikaya-Kankolongo, Fiston; Luakanda-Ndelemo, Gradi; Lawanga, Leader; Mabika-Bope, Elzedek; Lumembe-Numbi, Raphael; Kabamba-Lungenyi, Gabriel; Citenga, Andre; Kelvin, D. J.; Pratt, Catherine; Ayouba, Ahidjo; Tessema, Sofonias; Mukadi-Bamuleka, Daniel; Jansen, Daan; Halbrook, Megan; Merrit, Sydney; Hensley, Lisa; Delaporte, Eric; Mwamba, Dieudonne; Liesenborghs, Laurens; Hoff, Nicole; Peeters, Martine; Low, Nicola; Rimoin, Anne; Kindrachuk, Jason; Vercauteren, Koen; Rambaut, Andrew; Ahuka-Mundeke, Steve; Muyembe-Tamfum, Jean-Jacques"
PP_004B4CE,Ia,None,Democratic Republic of the Congo,Mai-Ndombe,2025-01-29,187481,0.9223564847446112,2025-10-21,"Kenye, Kelly-Michel; Mbala-Kingebeni, Placide; Wawina-Bokalanga, Tony; Kinganda-Lusamaki, Eddy; Pukuta-Simbu, Elisabeth; Hasivirwe-Vakaniaki, Emmanuel; Ola-Mpumbe, Rilia; Kwete-Mbokama, Papy; Akil-Bandali, Prince; Kacita, Cris; Ponga-Museme, Ange; Mapenzi-Kashali, Nelson; Vakaniaki, Gloria; Amuri-Aziza, Adrienne; Muyamuna, Elisabeth; Kavira-Bapitani, Sifa; Mukadi, Patrick; OToole, Aine; Tshiani-Mbaya, Olivier; Paku-Tshambu, Princesse; Lokilo-Lofiko, Emmanuel; Muswamba-Kayembe, Chloe; Makangara-Cigolo, Jean-Claude; Cikaya-Kankolongo, Fiston; Luakanda-Ndelemo, Gradi; Lawanga, Leader; Mabika-Bope, Elzedek; Lumembe-Numbi, Raphael; Kabamba-Lungenyi, Gabriel; Citenga, Andre; Kelvin, D. J.; Pratt, Catherine; Ayouba, Ahidjo; Tessema, Sofonias; Mukadi-Bamuleka, Daniel; Jansen, Daan; Halbrook, Megan; Merrit, Sydney; Hensley, Lisa; Delaporte, Eric; Mwamba, Dieudonne; Liesenborghs, Laurens; Hoff, Nicole; Peeters, Martine; Low, Nicola; Rimoin, Anne; Kindrachuk, Jason; Vercauteren, Koen; Rambaut, Andrew; Ahuka-Mundeke, Steve; Muyembe-Tamfum, Jean-Jacques"
PP_004B4DC,Ia,None,Democratic Republic of the Congo,Tshopo,2025-01-23,187435,0.8833369673797848,2025-10-21,"Luakanda-Ndelemo, Gradi; Mbala-Kingebeni, Placide; Wawina-Bokalanga, Tony; Kinganda-Lusamaki, Eddy; Pukuta-Simbu, Elisabeth; Hasivirwe-Vakaniaki, Emmanuel; Ola-Mpumbe, Rilia; Kwete-Mbokama, Papy; Akil-Bandali, Prince; Kacita, Cris; Ponga-Museme, Ange; Mapenzi-Kashali, Nelson; Vakaniaki, Gloria; Amuri-Aziza, Adrienne; Kenye, Kelly-Michel; Muyamuna, Elisabeth; Kavira-Bapitani, Sifa; Mukadi, Patrick; OToole, Aine; Tshiani-Mbaya, Olivier; Paku-Tshambu, Princesse; Lokilo-Lofiko, Emmanuel; Muswamba-Kayembe, Chloe; Makangara-Cigolo, Jean-Claude; Cikaya-Kankolongo, Fiston; Lawanga, Leader; Mabika-Bope, Elzedek; Lumembe-Numbi, Raphael; Kabamba-Lungenyi, Gabriel; Citenga, Andre; Kelvin, D. J.; Pratt, Catherine; Ayouba, Ahidjo; Tessema, Sofonias; Mukadi-Bamuleka, Daniel; Jansen, Daan; Halbrook, Megan; Merrit, Sydney; Hensley, Lisa; Delaporte, Eric; Mwamba, Dieudonne; Liesenborghs, Laurens; Hoff, Nicole; Peeters, Martine; Low, Nicola; Rimoin, Anne; Kindrachuk, Jason; Vercauteren, Koen; Rambaut, Andrew; Ahuka-Mundeke, Steve; Muyembe-Tamfum, Jean-Jacques"
PP_004B4EA,Ib,A.1,Democratic Republic of the Congo,Tshopo,2025-01-20,187428,0.8753048795947447,2025-10-21,"Luakanda-Ndelemo, Gradi; Mbala-Kingebeni, Placide; Wawina-Bokalanga, Tony; Kinganda-Lusamaki, Eddy; Pukuta-Simbu, Elisabeth; Hasivirwe-Vakaniaki, Emmanuel; Ola-Mpumbe, Rilia; Kwete-Mbokama, Papy; Akil-Bandali, Prince; Kacita, Cris; Ponga-Museme, Ange; Mapenzi-Kashali, Nelson; Vakaniaki, Gloria; Amuri-Aziza, Adrienne; Kenye, Kelly-Michel; Muyamuna, Elisabeth; Kavira-Bapitani, Sifa; Mukadi, Patrick; OToole, Aine; Tshiani-Mbaya, Olivier; Paku-Tshambu, Princesse; Lokilo-Lofiko, Emmanuel; Muswamba-Kayembe, Chloe; Makangara-Cigolo, Jean-Claude; Cikaya-Kankolongo, Fiston; Lawanga, Leader; Mabika-Bope, Elzedek; Lumembe-Numbi, Raphael; Kabamba-Lungenyi, Gabriel; Citenga, Andre; Kelvin, D. J.; Pratt, Catherine; Ayouba, Ahidjo; Tessema, Sofonias; Mukadi-Bamuleka, Daniel; Jansen, Daan; Halbrook, Megan; Merrit, Sydney; Hensley, Lisa; Delaporte, Eric; Mwamba, Dieudonne; Liesenborghs, Laurens; Hoff, Nicole; Peeters, Martine; Low, Nicola; Rimoin, Anne; Kindrachuk, Jason; Vercauteren, Koen; Rambaut, Andrew; Ahuka-Mundeke, Steve; Muyembe-Tamfum, Jean-Jacques"
PP_004B4F8,Ia,None,Democratic Republic of the Congo,Tshopo,2025-01-14,187466,0.8942999558843663,2025-10-21,"Luakanda-Ndelemo, Gradi; Mbala-Kingebeni, Placide; Wawina-Bokalanga, Tony; Kinganda-Lusamaki, Eddy; Pukuta-Simbu, Elisabeth; Hasivirwe-Vakaniaki, Emmanuel; Ola-Mpumbe, Rilia; Kwete-Mbokama, Papy; Akil-Bandali, Prince; Kacita, Cris; Ponga-Museme, Ange; Mapenzi-Kashali, Nelson; Vakaniaki, Gloria; Amuri-Aziza, Adrienne; Kenye, Kelly-Michel; Muyamuna, Elisabeth; Kavira-Bapitani, Sifa; Mukadi, Patrick; OToole, Aine; Tshiani-Mbaya, Olivier; Paku-Tshambu, Princesse; Lokilo-Lofiko, Emmanuel; Muswamba-Kayembe, Chloe; Makangara-Cigolo, Jean-Claude; Cikaya-Kankolongo, Fiston; Lawanga, Leader; Mabika-Bope, Elzedek; Lumembe-Numbi, Raphael; Kabamba-Lungenyi, Gabriel; Citenga, Andre; Kelvin, D. J.; Pratt, Catherine; Ayouba, Ahidjo; Tessema, Sofonias; Mukadi-Bamuleka, Daniel; Jansen, Daan; Halbrook, Megan; Merrit, Sydney; Hensley, Lisa; Delaporte, Eric; Mwamba, Dieudonne; Liesenborghs, Laurens; Hoff, Nicole; Peeters, Martine; Low, Nicola; Rimoin, Anne; Kindrachuk, Jason; Vercauteren, Koen; Rambaut, Andrew; Ahuka-Mundeke, Steve; Muyembe-Tamfum, Jean-Jacques"
PP_004B4G6,Ia,None,Democratic Republic of the Congo,Kinshasa,2025-02-18,187463,0.9311745407156874,2025-10-21,"Amuri-Aziza, Adrienne; Mbala-Kingebeni, Placide; Wawina-Bokalanga, Tony; Kinganda-Lusamaki, Eddy; Pukuta-Simbu, Elisabeth; Hasivirwe-Vakaniaki, Emmanuel; Ola-Mpumbe, Rilia; Kwete-Mbokama, Papy; Akil-Bandali, Prince; Kacita, Cris; Ponga-Museme, Ange; Mapenzi-Kashali, Nelson; Vakaniaki, Gloria; Kenye, Kelly-Michel; Muyamuna, Elisabeth; Kavira-Bapitani, Sifa; Mukadi, Patrick; OToole, Aine; Tshiani-Mbaya, Olivier; Paku-Tshambu, Princesse; Lokilo-Lofiko, Emmanuel; Muswamba-Kayembe, Chloe; Makangara-Cigolo, Jean-Claude; Cikaya-Kankolongo, Fiston; Luakanda-Ndelemo, Gradi; Lawanga, Leader; Mabika-Bope, Elzedek; Lumembe-Numbi, Raphael; Kabamba-Lungenyi, Gabriel; Citenga, Andre; Kelvin, D. J.; Pratt, Catherine; Ayouba, Ahidjo; Tessema, Sofonias; Mukadi-Bamuleka, Daniel; Jansen, Daan; Halbrook, Megan; Merrit, Sydney; Hensley, Lisa; Delaporte, Eric; Mwamba, Dieudonne; Liesenborghs, Laurens; Hoff, Nicole; Peeters, Martine; Low, Nicola; Rimoin, Anne; Kindrachuk, Jason; Vercauteren, Koen; Rambaut, Andrew; Ahuka-Mundeke, Steve; Muyembe-Tamfum, Jean-Jacques"
PP_004B4H3,Ib,A.1,Democratic Republic of the Congo,Kinshasa,2025-02-19,187432,0.9229548347184966,2025-10-21,"Amuri-Aziza, Adrienne; Mbala-Kingebeni, Placide; Wawina-Bokalanga, Tony; Kinganda-Lusamaki, Eddy; Pukuta-Simbu, Elisabeth; Hasivirwe-Vakaniaki, Emmanuel; Ola-Mpumbe, Rilia; Kwete-Mbokama, Papy; Akil-Bandali, Prince; Kacita, Cris; Ponga-Museme, Ange; Mapenzi-Kashali, Nelson; Vakaniaki, Gloria; Kenye, Kelly-Michel; Muyamuna, Elisabeth; Kavira-Bapitani, Sifa; Mukadi, Patrick; OToole, Aine; Tshiani-Mbaya, Olivier; Paku-Tshambu, Princesse; Lokilo-Lofiko, Emmanuel; Muswamba-Kayembe, Chloe; Makangara-Cigolo, Jean-Claude; Cikaya-Kankolongo, Fiston; Luakanda-Ndelemo, Gradi; Lawanga, Leader; Mabika-Bope, Elzedek; Lumembe-Numbi, Raphael; Kabamba-Lungenyi, Gabriel; Citenga, Andre; Kelvin, D. J.; Pratt, Catherine; Ayouba, Ahidjo; Tessema, Sofonias; Mukadi-Bamuleka, Daniel; Jansen, Daan; Halbrook, Megan; Merrit, Sydney; Hensley, Lisa; Delaporte, Eric; Mwamba, Dieudonne; Liesenborghs, Laurens; Hoff, Nicole; Peeters, Martine; Low, Nicola; Rimoin, Anne; Kindrachuk, Jason; Vercauteren, Koen; Rambaut, Andrew; Ahuka-Mundeke, Steve; Muyembe-Tamfum, Jean-Jacques"
PP_004B4J1,Ia,None,Democratic Republic of the Congo,Kinshasa,2025-02-19,187460,0.9278886866218072,2025-10-21,"Amuri-Aziza, Adrienne; Mbala-Kingebeni, Placide; Wawina-Bokalanga, Tony; Kinganda-Lusamaki, Eddy; Pukuta-Simbu, Elisabeth; Hasivirwe-Vakaniaki, Emmanuel; Ola-Mpumbe, Rilia; Kwete-Mbokama, Papy; Akil-Bandali, Prince; Kacita, Cris; Ponga-Museme, Ange; Mapenzi-Kashali, Nelson; Vakaniaki, Gloria; Kenye, Kelly-Michel; Muyamuna, Elisabeth; Kavira-Bapitani, Sifa; Mukadi, Patrick; OToole, Aine; Tshiani-Mbaya, Olivier; Paku-Tshambu, Princesse; Lokilo-Lofiko, Emmanuel; Muswamba-Kayembe, Chloe; Makangara-Cigolo, Jean-Claude; Cikaya-Kankolongo, Fiston; Luakanda-Ndelemo, Gradi; Lawanga, Leader; Mabika-Bope, Elzedek; Lumembe-Numbi, Raphael; Kabamba-Lungenyi, Gabriel; Citenga, Andre; Kelvin, D. J.; Pratt, Catherine; Ayouba, Ahidjo; Tessema, Sofonias; Mukadi-Bamuleka, Daniel; Jansen, Daan; Halbrook, Megan; Merrit, Sydney; Hensley, Lisa; Delaporte, Eric; Mwamba, Dieudonne; Liesenborghs, Laurens; Hoff, Nicole; Peeters, Martine; Low, Nicola; Rimoin, Anne; Kindrachuk, Jason; Vercauteren, Koen; Rambaut, Andrew; Ahuka-Mundeke, Steve; Muyembe-Tamfum, Jean-Jacques"
PP_004B4KZ,Ia,None,Democratic Republic of the Congo,Kinshasa,2025-02-19,187448,0.9304392801545568,2025-10-21,"Amuri-Aziza, Adrienne; Mbala-Kingebeni, Placide; Wawina-Bokalanga, Tony; Kinganda-Lusamaki, Eddy; Pukuta-Simbu, Elisabeth; Hasivirwe-Vakaniaki, Emmanuel; Ola-Mpumbe, Rilia; Kwete-Mbokama, Papy; Akil-Bandali, Prince; Kacita, Cris; Ponga-Museme, Ange; Mapenzi-Kashali, Nelson; Vakaniaki, Gloria; Kenye, Kelly-Michel; Muyamuna, Elisabeth; Kavira-Bapitani, Sifa; Mukadi, Patrick; OToole, Aine; Tshiani-Mbaya, Olivier; Paku-Tshambu, Princesse; Lokilo-Lofiko, Emmanuel; Muswamba-Kayembe, Chloe; Makangara-Cigolo, Jean-Claude; Cikaya-Kankolongo, Fiston; Luakanda-Ndelemo, Gradi; Lawanga, Leader; Mabika-Bope, Elzedek; Lumembe-Numbi, Raphael; Kabamba-Lungenyi, Gabriel; Citenga, Andre; Kelvin, D. J.; Pratt, Catherine; Ayouba, Ahidjo; Tessema, Sofonias; Mukadi-Bamuleka, Daniel; Jansen, Daan; Halbrook, Megan; Merrit, Sydney; Hensley, Lisa; Delaporte, Eric; Mwamba, Dieudonne; Liesenborghs, Laurens; Hoff, Nicole; Peeters, Martine; Low, Nicola; Rimoin, Anne; Kindrachuk, Jason; Vercauteren, Koen; Rambaut, Andrew; Ahuka-Mundeke, Steve; Muyembe-Tamfum, Jean-Jacques"
PP_004B4LX,Ib,A.1,Democratic Republic of the Congo,Kinshasa,2025-02-19,187420,0.9155616630072664,2025-10-21,"Amuri-Aziza, Adrienne; Mbala-Kingebeni, Placide; Wawina-Bokalanga, Tony; Kinganda-Lusamaki, Eddy; Pukuta-Simbu, Elisabeth; Hasivirwe-Vakaniaki, Emmanuel; Ola-Mpumbe, Rilia; Kwete-Mbokama, Papy; Akil-Bandali, Prince; Kacita, Cris; Ponga-Museme, Ange; Mapenzi-Kashali, Nelson; Vakaniaki, Gloria; Kenye, Kelly-Michel; Muyamuna, Elisabeth; Kavira-Bapitani, Sifa; Mukadi, Patrick; OToole, Aine; Tshiani-Mbaya, Olivier; Paku-Tshambu, Princesse; Lokilo-Lofiko, Emmanuel; Muswamba-Kayembe, Chloe; Makangara-Cigolo, Jean-Claude; Cikaya-Kankolongo, Fiston; Luakanda-Ndelemo, Gradi; Lawanga, Leader; Mabika-Bope, Elzedek; Lumembe-Numbi, Raphael; Kabamba-Lungenyi, Gabriel; Citenga, Andre; Kelvin, D. J.; Pratt, Catherine; Ayouba, Ahidjo; Tessema, Sofonias; Mukadi-Bamuleka, Daniel; Jansen, Daan; Halbrook, Megan; Merrit, Sydney; Hensley, Lisa; Delaporte, Eric; Mwamba, Dieudonne; Liesenborghs, Laurens; Hoff, Nicole; Peeters, Martine; Low, Nicola; Rimoin, Anne; Kindrachuk, Jason; Vercauteren, Koen; Rambaut, Andrew; Ahuka-Mundeke, Steve; Muyembe-Tamfum, Jean-Jacques"
PP_004B4MV,Ib,A.1,Democratic Republic of the Congo,Kinshasa,2025-02-20,187431,0.8669989706352145,2025-10-21,"Amuri-Aziza, Adrienne; Mbala-Kingebeni, Placide; Wawina-Bokalanga, Tony; Kinganda-Lusamaki, Eddy; Pukuta-Simbu, Elisabeth; Hasivirwe-Vakaniaki, Emmanuel; Ola-Mpumbe, Rilia; Kwete-Mbokama, Papy; Akil-Bandali, Prince; Kacita, Cris; Ponga-Museme, Ange; Mapenzi-Kashali, Nelson; Vakaniaki, Gloria; Kenye, Kelly-Michel; Muyamuna, Elisabeth; Kavira-Bapitani, Sifa; Mukadi, Patrick; OToole, Aine; Tshiani-Mbaya, Olivier; Paku-Tshambu, Princesse; Lokilo-Lofiko, Emmanuel; Muswamba-Kayembe, Chloe; Makangara-Cigolo, Jean-Claude; Cikaya-Kankolongo, Fiston; Luakanda-Ndelemo, Gradi; Lawanga, Leader; Mabika-Bope, Elzedek; Lumembe-Numbi, Raphael; Kabamba-Lungenyi, Gabriel; Citenga, Andre; Kelvin, D. J.; Pratt, Catherine; Ayouba, Ahidjo; Tessema, Sofonias; Mukadi-Bamuleka, Daniel; Jansen, Daan; Halbrook, Megan; Merrit, Sydney; Hensley, Lisa; Delaporte, Eric; Mwamba, Dieudonne; Liesenborghs, Laurens; Hoff, Nicole; Peeters, Martine; Low, Nicola; Rimoin, Anne; Kindrachuk, Jason; Vercauteren, Koen; Rambaut, Andrew; Ahuka-Mundeke, Steve; Muyembe-Tamfum, Jean-Jacques"
PP_004B4NT,Ib,A.1,Democratic Republic of the Congo,Kinshasa,2025-02-20,187419,0.9197501128244654,2025-10-21,"Amuri-Aziza, Adrienne; Mbala-Kingebeni, Placide; Wawina-Bokalanga, Tony; Kinganda-Lusamaki, Eddy; Pukuta-Simbu, Elisabeth; Hasivirwe-Vakaniaki, Emmanuel; Ola-Mpumbe, Rilia; Kwete-Mbokama, Papy; Akil-Bandali, Prince; Kacita, Cris; Ponga-Museme, Ange; Mapenzi-Kashali, Nelson; Vakaniaki, Gloria; Kenye, Kelly-Michel; Muyamuna, Elisabeth; Kavira-Bapitani, Sifa; Mukadi, Patrick; OToole, Aine; Tshiani-Mbaya, Olivier; Paku-Tshambu, Princesse; Lokilo-Lofiko, Emmanuel; Muswamba-Kayembe, Chloe; Makangara-Cigolo, Jean-Claude; Cikaya-Kankolongo, Fiston; Luakanda-Ndelemo, Gradi; Lawanga, Leader; Mabika-Bope, Elzedek; Lumembe-Numbi, Raphael; Kabamba-Lungenyi, Gabriel; Citenga, Andre; Kelvin, D. J.; Pratt, Catherine; Ayouba, Ahidjo; Tessema, Sofonias; Mukadi-Bamuleka, Daniel; Jansen, Daan; Halbrook, Megan; Merrit, Sydney; Hensley, Lisa; Delaporte, Eric; Mwamba, Dieudonne; Liesenborghs, Laurens; Hoff, Nicole; Peeters, Martine; Low, Nicola; Rimoin, Anne; Kindrachuk, Jason; Vercauteren, Koen; Rambaut, Andrew; Ahuka-Mundeke, Steve; Muyembe-Tamfum, Jean-Jacques"
PP_004B4PR,Ia,None,Democratic Republic of the Congo,Kinshasa,2025-02-20,187444,0.9275590870599212,2025-10-21,"Amuri-Aziza, Adrienne; Mbala-Kingebeni, Placide; Wawina-Bokalanga, Tony; Kinganda-Lusamaki, Eddy; Pukuta-Simbu, Elisabeth; Hasivirwe-Vakaniaki, Emmanuel; Ola-Mpumbe, Rilia; Kwete-Mbokama, Papy; Akil-Bandali, Prince; Kacita, Cris; Ponga-Museme, Ange; Mapenzi-Kashali, Nelson; Vakaniaki, Gloria; Kenye, Kelly-Michel; Muyamuna, Elisabeth; Kavira-Bapitani, Sifa; Mukadi, Patrick; OToole, Aine; Tshiani-Mbaya, Olivier; Paku-Tshambu, Princesse; Lokilo-Lofiko, Emmanuel; Muswamba-Kayembe, Chloe; Makangara-Cigolo, Jean-Claude; Cikaya-Kankolongo, Fiston; Luakanda-Ndelemo, Gradi; Lawanga, Leader; Mabika-Bope, Elzedek; Lumembe-Numbi, Raphael; Kabamba-Lungenyi, Gabriel; Citenga, Andre; Kelvin, D. J.; Pratt, Catherine; Ayouba, Ahidjo; Tessema, Sofonias; Mukadi-Bamuleka, Daniel; Jansen, Daan; Halbrook, Megan; Merrit, Sydney; Hensley, Lisa; Delaporte, Eric; Mwamba, Dieudonne; Liesenborghs, Laurens; Hoff, Nicole; Peeters, Martine; Low, Nicola; Rimoin, Anne; Kindrachuk, Jason; Vercauteren, Koen; Rambaut, Andrew; Ahuka-Mundeke, Steve; Muyembe-Tamfum, Jean-Jacques"
PP_004B4QP,Ia,None,Democratic Republic of the Congo,Kinshasa,2025-02-20,187479,0.8682920150703061,2025-10-21,"Wawina-Bokalanga, Tony; Amuri-Aziza, Adrienne; Mbala-Kingebeni, Placide; Kinganda-Lusamaki, Eddy; Pukuta-Simbu, Elisabeth; Hasivirwe-Vakaniaki, Emmanuel; Ola-Mpumbe, Rilia; Kwete-Mbokama, Papy; Akil-Bandali, Prince; Kacita, Cris; Ponga-Museme, Ange; Mapenzi-Kashali, Nelson; Vakaniaki, Gloria; Kenye, Kelly-Michel; Muyamuna, Elisabeth; Kavira-Bapitani, Sifa; Mukadi, Patrick; OToole, Aine; Tshiani-Mbaya, Olivier; Paku-Tshambu, Princesse; Lokilo-Lofiko, Emmanuel; Muswamba-Kayembe, Chloe; Makangara-Cigolo, Jean-Claude; Cikaya-Kankolongo, Fiston; Luakanda-Ndelemo, Gradi; Lawanga, Leader; Mabika-Bope, Elzedek; Lumembe-Numbi, Raphael; Kabamba-Lungenyi, Gabriel; Citenga, Andre; Kelvin, D. J.; Pratt, Catherine; Ayouba, Ahidjo; Tessema, Sofonias; Mukadi-Bamuleka, Daniel; Jansen, Daan; Halbrook, Megan; Merrit, Sydney; Hensley, Lisa; Delaporte, Eric; Mwamba, Dieudonne; Liesenborghs, Laurens; Hoff, Nicole; Peeters, Martine; Low, Nicola; Rimoin, Anne; Kindrachuk, Jason; Vercauteren, Koen; Rambaut, Andrew; Ahuka-Mundeke, Steve; Muyembe-Tamfum, Jean-Jacques"
PP_004B4RM,Ia,None,Democratic Republic of the Congo,Tshopo,2025-01-12,187444,0.8955270804070808,2025-10-21,"Luakanda-Ndelemo, Gradi; Mbala-Kingebeni, Placide; Wawina-Bokalanga, Tony; Kinganda-Lusamaki, Eddy; Pukuta-Simbu, Elisabeth; Hasivirwe-Vakaniaki, Emmanuel; Ola-Mpumbe, Rilia; Kwete-Mbokama, Papy; Akil-Bandali, Prince; Kacita, Cris; Ponga-Museme, Ange; Mapenzi-Kashali, Nelson; Vakaniaki, Gloria; Amuri-Aziza, Adrienne; Kenye, Kelly-Michel; Muyamuna, Elisabeth; Kavira-Bapitani, Sifa; Mukadi, Patrick; OToole, Aine; Tshiani-Mbaya, Olivier; Paku-Tshambu, Princesse; Lokilo-Lofiko, Emmanuel; Muswamba-Kayembe, Chloe; Makangara-Cigolo, Jean-Claude; Cikaya-Kankolongo, Fiston; Lawanga, Leader; Mabika-Bope, Elzedek; Lumembe-Numbi, Raphael; Kabamba-Lungenyi, Gabriel; Citenga, Andre; Kelvin, D. J.; Pratt, Catherine; Ayouba, Ahidjo; Tessema, Sofonias; Mukadi-Bamuleka, Daniel; Jansen, Daan; Halbrook, Megan; Merrit, Sydney; Hensley, Lisa; Delaporte, Eric; Mwamba, Dieudonne; Liesenborghs, Laurens; Hoff, Nicole; Peeters, Martine; Low, Nicola; Rimoin, Anne; Kindrachuk, Jason; Vercauteren, Koen; Rambaut, Andrew; Ahuka-Mundeke, Steve; Muyembe-Tamfum, Jean-Jacques"
PP_004B4SK,Ia,None,Democratic Republic of the Congo,Tshopo,2025-01-12,187359,0.88675973206091,2025-10-21,"Luakanda-Ndelemo, Gradi; Mbala-Kingebeni, Placide; Wawina-Bokalanga, Tony; Kinganda-Lusamaki, Eddy; Pukuta-Simbu, Elisabeth; Hasivirwe-Vakaniaki, Emmanuel; Ola-Mpumbe, Rilia; Kwete-Mbokama, Papy; Akil-Bandali, Prince; Kacita, Cris; Ponga-Museme, Ange; Mapenzi-Kashali, Nelson; Vakaniaki, Gloria; Amuri-Aziza, Adrienne; Kenye, Kelly-Michel; Muyamuna, Elisabeth; Kavira-Bapitani, Sifa; Mukadi, Patrick; OToole, Aine; Tshiani-Mbaya, Olivier; Paku-Tshambu, Princesse; Lokilo-Lofiko, Emmanuel; Muswamba-Kayembe, Chloe; Makangara-Cigolo, Jean-Claude; Cikaya-Kankolongo, Fiston; Lawanga, Leader; Mabika-Bope, Elzedek; Lumembe-Numbi, Raphael; Kabamba-Lungenyi, Gabriel; Citenga, Andre; Kelvin, D. J.; Pratt, Catherine; Ayouba, Ahidjo; Tessema, Sofonias; Mukadi-Bamuleka, Daniel; Jansen, Daan; Halbrook, Megan; Merrit, Sydney; Hensley, Lisa; Delaporte, Eric; Mwamba, Dieudonne; Liesenborghs, Laurens; Hoff, Nicole; Peeters, Martine; Low, Nicola; Rimoin, Anne; Kindrachuk, Jason; Vercauteren, Koen; Rambaut, Andrew; Ahuka-Mundeke, Steve; Muyembe-Tamfum, Jean-Jacques"
PP_004B4TH,Ia,None,Democratic Republic of the Congo,Tshopo,2025-01-15,187486,0.8076507664457504,2025-10-21,"Luakanda-Ndelemo, Gradi; Mbala-Kingebeni, Placide; Wawina-Bokalanga, Tony; Kinganda-Lusamaki, Eddy; Pukuta-Simbu, Elisabeth; Hasivirwe-Vakaniaki, Emmanuel; Ola-Mpumbe, Rilia; Kwete-Mbokama, Papy; Akil-Bandali, Prince; Kacita, Cris; Ponga-Museme, Ange; Mapenzi-Kashali, Nelson; Vakaniaki, Gloria; Amuri-Aziza, Adrienne; Kenye, Kelly-Michel; Muyamuna, Elisabeth; Kavira-Bapitani, Sifa; Mukadi, Patrick; OToole, Aine; Tshiani-Mbaya, Olivier; Paku-Tshambu, Princesse; Lokilo-Lofiko, Emmanuel; Muswamba-Kayembe, Chloe; Makangara-Cigolo, Jean-Claude; Cikaya-Kankolongo, Fiston; Lawanga, Leader; Mabika-Bope, Elzedek; Lumembe-Numbi, Raphael; Kabamba-Lungenyi, Gabriel; Citenga, Andre; Kelvin, D. J.; Pratt, Catherine; Ayouba, Ahidjo; Tessema, Sofonias; Mukadi-Bamuleka, Daniel; Jansen, Daan; Halbrook, Megan; Merrit, Sydney; Hensley, Lisa; Delaporte, Eric; Mwamba, Dieudonne; Liesenborghs, Laurens; Hoff, Nicole; Peeters, Martine; Low, Nicola; Rimoin, Anne; Kindrachuk, Jason; Vercauteren, Koen; Rambaut, Andrew; Ahuka-Mundeke, Steve; Muyembe-Tamfum, Jean-Jacques"
PP_004B4UF,Ib,A.1,Democratic Republic of the Congo,Tshopo,2025-01-10,187289,0.669295011890938,2025-10-21,"Luakanda-Ndelemo, Gradi; Mbala-Kingebeni, Placide; Wawina-Bokalanga, Tony; Kinganda-Lusamaki, Eddy; Pukuta-Simbu, Elisabeth; Hasivirwe-Vakaniaki, Emmanuel; Ola-Mpumbe, Rilia; Kwete-Mbokama, Papy; Akil-Bandali, Prince; Kacita, Cris; Ponga-Museme, Ange; Mapenzi-Kashali, Nelson; Vakaniaki, Gloria; Amuri-Aziza, Adrienne; Kenye, Kelly-Michel; Muyamuna, Elisabeth; Kavira-Bapitani, Sifa; Mukadi, Patrick; OToole, Aine; Tshiani-Mbaya, Olivier; Paku-Tshambu, Princesse; Lokilo-Lofiko, Emmanuel; Muswamba-Kayembe, Chloe; Makangara-Cigolo, Jean-Claude; Cikaya-Kankolongo, Fiston; Lawanga, Leader; Mabika-Bope, Elzedek; Lumembe-Numbi, Raphael; Kabamba-Lungenyi, Gabriel; Citenga, Andre; Kelvin, D. J.; Pratt, Catherine; Ayouba, Ahidjo; Tessema, Sofonias; Mukadi-Bamuleka, Daniel; Jansen, Daan; Halbrook, Megan; Merrit, Sydney; Hensley, Lisa; Delaporte, Eric; Mwamba, Dieudonne; Liesenborghs, Laurens; Hoff, Nicole; Peeters, Martine; Low, Nicola; Rimoin, Anne; Kindrachuk, Jason; Vercauteren, Koen; Rambaut, Andrew; Ahuka-Mundeke, Steve; Muyembe-Tamfum, Jean-Jacques"
PP_004B4VD,Ib,A,Democratic Republic of the Congo,Kinshasa,2025-02-20,187316,0.9022458407070671,2025-10-21,"Wawina-Bokalanga, Tony; Amuri-Aziza, Adrienne; Mbala-Kingebeni, Placide; Kinganda-Lusamaki, Eddy; Pukuta-Simbu, Elisabeth; Hasivirwe-Vakaniaki, Emmanuel; Ola-Mpumbe, Rilia; Kwete-Mbokama, Papy; Akil-Bandali, Prince; Kacita, Cris; Ponga-Museme, Ange; Mapenzi-Kashali, Nelson; Vakaniaki, Gloria; Kenye, Kelly-Michel; Muyamuna, Elisabeth; Kavira-Bapitani, Sifa; Mukadi, Patrick; OToole, Aine; Tshiani-Mbaya, Olivier; Paku-Tshambu, Princesse; Lokilo-Lofiko, Emmanuel; Muswamba-Kayembe, Chloe; Makangara-Cigolo, Jean-Claude; Cikaya-Kankolongo, Fiston; Luakanda-Ndelemo, Gradi; Lawanga, Leader; Mabika-Bope, Elzedek; Lumembe-Numbi, Raphael; Kabamba-Lungenyi, Gabriel; Citenga, Andre; Kelvin, D. J.; Pratt, Catherine; Ayouba, Ahidjo; Tessema, Sofonias; Mukadi-Bamuleka, Daniel; Jansen, Daan; Halbrook, Megan; Merrit, Sydney; Hensley, Lisa; Delaporte, Eric; Mwamba, Dieudonne; Liesenborghs, Laurens; Hoff, Nicole; Peeters, Martine; Low, Nicola; Rimoin, Anne; Kindrachuk, Jason; Vercauteren, Koen; Rambaut, Andrew; Ahuka-Mundeke, Steve; Muyembe-Tamfum, Jean-Jacques"
PP_004B4WB,Ia,None,Democratic Republic of the Congo,Kinshasa,2025-02-21,187455,0.6337641791196142,2025-10-21,"Amuri-Aziza, Adrienne; Mbala-Kingebeni, Placide; Wawina-Bokalanga, Tony; Kinganda-Lusamaki, Eddy; Pukuta-Simbu, Elisabeth; Hasivirwe-Vakaniaki, Emmanuel; Ola-Mpumbe, Rilia; Kwete-Mbokama, Papy; Akil-Bandali, Prince; Kacita, Cris; Ponga-Museme, Ange; Mapenzi-Kashali, Nelson; Vakaniaki, Gloria; Kenye, Kelly-Michel; Muyamuna, Elisabeth; Kavira-Bapitani, Sifa; Mukadi, Patrick; OToole, Aine; Tshiani-Mbaya, Olivier; Paku-Tshambu, Princesse; Lokilo-Lofiko, Emmanuel; Muswamba-Kayembe, Chloe; Makangara-Cigolo, Jean-Claude; Cikaya-Kankolongo, Fiston; Luakanda-Ndelemo, Gradi; Lawanga, Leader; Mabika-Bope, Elzedek; Lumembe-Numbi, Raphael; Kabamba-Lungenyi, Gabriel; Citenga, Andre; Kelvin, D. J.; Pratt, Catherine; Ayouba, Ahidjo; Tessema, Sofonias; Mukadi-Bamuleka, Daniel; Jansen, Daan; Halbrook, Megan; Merrit, Sydney; Hensley, Lisa; Delaporte, Eric; Mwamba, Dieudonne; Liesenborghs, Laurens; Hoff, Nicole; Peeters, Martine; Low, Nicola; Rimoin, Anne; Kindrachuk, Jason; Vercauteren, Koen; Rambaut, Andrew; Ahuka-Mundeke, Steve; Muyembe-Tamfum, Jean-Jacques"
PP_004B4X9,Ia,None,Democratic Republic of the Congo,Kinshasa,2025-02-19,187450,0.7337545446708822,2025-10-21,"Amuri-Aziza, Adrienne; Mbala-Kingebeni, Placide; Wawina-Bokalanga, Tony; Kinganda-Lusamaki, Eddy; Pukuta-Simbu, Elisabeth; Hasivirwe-Vakaniaki, Emmanuel; Ola-Mpumbe, Rilia; Kwete-Mbokama, Papy; Akil-Bandali, Prince; Kacita, Cris; Ponga-Museme, Ange; Mapenzi-Kashali, Nelson; Vakaniaki, Gloria; Kenye, Kelly-Michel; Muyamuna, Elisabeth; Kavira-Bapitani, Sifa; Mukadi, Patrick; OToole, Aine; Tshiani-Mbaya, Olivier; Paku-Tshambu, Princesse; Lokilo-Lofiko, Emmanuel; Muswamba-Kayembe, Chloe; Makangara-Cigolo, Jean-Claude; Cikaya-Kankolongo, Fiston; Luakanda-Ndelemo, Gradi; Lawanga, Leader; Mabika-Bope, Elzedek; Lumembe-Numbi, Raphael; Kabamba-Lungenyi, Gabriel; Citenga, Andre; Kelvin, D. J.; Pratt, Catherine; Ayouba, Ahidjo; Tessema, Sofonias; Mukadi-Bamuleka, Daniel; Jansen, Daan; Halbrook, Megan; Merrit, Sydney; Hensley, Lisa; Delaporte, Eric; Mwamba, Dieudonne; Liesenborghs, Laurens; Hoff, Nicole; Peeters, Martine; Low, Nicola; Rimoin, Anne; Kindrachuk, Jason; Vercauteren, Koen; Rambaut, Andrew; Ahuka-Mundeke, Steve; Muyembe-Tamfum, Jean-Jacques"
PP_004B4Y7,Ib,A.1,Democratic Republic of the Congo,Kinshasa,2025-02-22,187435,0.876557357929912,2025-10-21,"Amuri-Aziza, Adrienne; Mbala-Kingebeni, Placide; Wawina-Bokalanga, Tony; Kinganda-Lusamaki, Eddy; Pukuta-Simbu, Elisabeth; Hasivirwe-Vakaniaki, Emmanuel; Ola-Mpumbe, Rilia; Kwete-Mbokama, Papy; Akil-Bandali, Prince; Kacita, Cris; Ponga-Museme, Ange; Mapenzi-Kashali, Nelson; Vakaniaki, Gloria; Kenye, Kelly-Michel; Muyamuna, Elisabeth; Kavira-Bapitani, Sifa; Mukadi, Patrick; OToole, Aine; Tshiani-Mbaya, Olivier; Paku-Tshambu, Princesse; Lokilo-Lofiko, Emmanuel; Muswamba-Kayembe, Chloe; Makangara-Cigolo, Jean-Claude; Cikaya-Kankolongo, Fiston; Luakanda-Ndelemo, Gradi; Lawanga, Leader; Mabika-Bope, Elzedek; Lumembe-Numbi, Raphael; Kabamba-Lungenyi, Gabriel; Citenga, Andre; Kelvin, D. J.; Pratt, Catherine; Ayouba, Ahidjo; Tessema, Sofonias; Mukadi-Bamuleka, Daniel; Jansen, Daan; Halbrook, Megan; Merrit, Sydney; Hensley, Lisa; Delaporte, Eric; Mwamba, Dieudonne; Liesenborghs, Laurens; Hoff, Nicole; Peeters, Martine; Low, Nicola; Rimoin, Anne; Kindrachuk, Jason; Vercauteren, Koen; Rambaut, Andrew; Ahuka-Mundeke, Steve; Muyembe-Tamfum, Jean-Jacques"
PP_004B4Z5,Ia,None,Democratic Republic of the Congo,Kinshasa,2025-02-22,187460,0.7365789593781217,2025-10-21,"Amuri-Aziza, Adrienne; Mbala-Kingebeni, Placide; Wawina-Bokalanga, Tony; Kinganda-Lusamaki, Eddy; Pukuta-Simbu, Elisabeth; Hasivirwe-Vakaniaki, Emmanuel; Ola-Mpumbe, Rilia; Kwete-Mbokama, Papy; Akil-Bandali, Prince; Kacita, Cris; Ponga-Museme, Ange; Mapenzi-Kashali, Nelson; Vakaniaki, Gloria; Kenye, Kelly-Michel; Muyamuna, Elisabeth; Kavira-Bapitani, Sifa; Mukadi, Patrick; OToole, Aine; Tshiani-Mbaya, Olivier; Paku-Tshambu, Princesse; Lokilo-Lofiko, Emmanuel; Muswamba-Kayembe, Chloe; Makangara-Cigolo, Jean-Claude; Cikaya-Kankolongo, Fiston; Luakanda-Ndelemo, Gradi; Lawanga, Leader; Mabika-Bope, Elzedek; Lumembe-Numbi, Raphael; Kabamba-Lungenyi, Gabriel; Citenga, Andre; Kelvin, D. J.; Pratt, Catherine; Ayouba, Ahidjo; Tessema, Sofonias; Mukadi-Bamuleka, Daniel; Jansen, Daan; Halbrook, Megan; Merrit, Sydney; Hensley, Lisa; Delaporte, Eric; Mwamba, Dieudonne; Liesenborghs, Laurens; Hoff, Nicole; Peeters, Martine; Low, Nicola; Rimoin, Anne; Kindrachuk, Jason; Vercauteren, Koen; Rambaut, Andrew; Ahuka-Mundeke, Steve; Muyembe-Tamfum, Jean-Jacques"
PP_004B503,Ib,A.1,Democratic Republic of the Congo,Kinshasa,2025-02-20,187395,0.7730377416852172,2025-10-21,"Amuri-Aziza, Adrienne; Mbala-Kingebeni, Placide; Wawina-Bokalanga, Tony; Kinganda-Lusamaki, Eddy; Pukuta-Simbu, Elisabeth; Hasivirwe-Vakaniaki, Emmanuel; Ola-Mpumbe, Rilia; Kwete-Mbokama, Papy; Akil-Bandali, Prince; Kacita, Cris; Ponga-Museme, Ange; Mapenzi-Kashali, Nelson; Vakaniaki, Gloria; Kenye, Kelly-Michel; Muyamuna, Elisabeth; Kavira-Bapitani, Sifa; Mukadi, Patrick; OToole, Aine; Tshiani-Mbaya, Olivier; Paku-Tshambu, Princesse; Lokilo-Lofiko, Emmanuel; Muswamba-Kayembe, Chloe; Makangara-Cigolo, Jean-Claude; Cikaya-Kankolongo, Fiston; Luakanda-Ndelemo, Gradi; Lawanga, Leader; Mabika-Bope, Elzedek; Lumembe-Numbi, Raphael; Kabamba-Lungenyi, Gabriel; Citenga, Andre; Kelvin, D. J.; Pratt, Catherine; Ayouba, Ahidjo; Tessema, Sofonias; Mukadi-Bamuleka, Daniel; Jansen, Daan; Halbrook, Megan; Merrit, Sydney; Hensley, Lisa; Delaporte, Eric; Mwamba, Dieudonne; Liesenborghs, Laurens; Hoff, Nicole; Peeters, Martine; Low, Nicola; Rimoin, Anne; Kindrachuk, Jason; Vercauteren, Koen; Rambaut, Andrew; Ahuka-Mundeke, Steve; Muyembe-Tamfum, Jean-Jacques"
PP_004B511,Ib,A.1,Democratic Republic of the Congo,Kinshasa,2025-02-20,187370,0.6465374298333241,2025-10-21,"Amuri-Aziza, Adrienne; Mbala-Kingebeni, Placide; Wawina-Bokalanga, Tony; Kinganda-Lusamaki, Eddy; Pukuta-Simbu, Elisabeth; Hasivirwe-Vakaniaki, Emmanuel; Ola-Mpumbe, Rilia; Kwete-Mbokama, Papy; Akil-Bandali, Prince; Kacita, Cris; Ponga-Museme, Ange; Mapenzi-Kashali, Nelson; Vakaniaki, Gloria; Kenye, Kelly-Michel; Muyamuna, Elisabeth; Kavira-Bapitani, Sifa; Mukadi, Patrick; OToole, Aine; Tshiani-Mbaya, Olivier; Paku-Tshambu, Princesse; Lokilo-Lofiko, Emmanuel; Muswamba-Kayembe, Chloe; Makangara-Cigolo, Jean-Claude; Cikaya-Kankolongo, Fiston; Luakanda-Ndelemo, Gradi; Lawanga, Leader; Mabika-Bope, Elzedek; Lumembe-Numbi, Raphael; Kabamba-Lungenyi, Gabriel; Citenga, Andre; Kelvin, D. J.; Pratt, Catherine; Ayouba, Ahidjo; Tessema, Sofonias; Mukadi-Bamuleka, Daniel; Jansen, Daan; Halbrook, Megan; Merrit, Sydney; Hensley, Lisa; Delaporte, Eric; Mwamba, Dieudonne; Liesenborghs, Laurens; Hoff, Nicole; Peeters, Martine; Low, Nicola; Rimoin, Anne; Kindrachuk, Jason; Vercauteren, Koen; Rambaut, Andrew; Ahuka-Mundeke, Steve; Muyembe-Tamfum, Jean-Jacques"
PP_004B52Z,Ib,A.1,Democratic Republic of the Congo,Kinshasa,2025-02-20,187381,0.8231165920419453,2025-10-21,"Amuri-Aziza, Adrienne; Mbala-Kingebeni, Placide; Wawina-Bokalanga, Tony; Kinganda-Lusamaki, Eddy; Pukuta-Simbu, Elisabeth; Hasivirwe-Vakaniaki, Emmanuel; Ola-Mpumbe, Rilia; Kwete-Mbokama, Papy; Akil-Bandali, Prince; Kacita, Cris; Ponga-Museme, Ange; Mapenzi-Kashali, Nelson; Vakaniaki, Gloria; Kenye, Kelly-Michel; Muyamuna, Elisabeth; Kavira-Bapitani, Sifa; Mukadi, Patrick; OToole, Aine; Tshiani-Mbaya, Olivier; Paku-Tshambu, Princesse; Lokilo-Lofiko, Emmanuel; Muswamba-Kayembe, Chloe; Makangara-Cigolo, Jean-Claude; Cikaya-Kankolongo, Fiston; Luakanda-Ndelemo, Gradi; Lawanga, Leader; Mabika-Bope, Elzedek; Lumembe-Numbi, Raphael; Kabamba-Lungenyi, Gabriel; Citenga, Andre; Kelvin, D. J.; Pratt, Catherine; Ayouba, Ahidjo; Tessema, Sofonias; Mukadi-Bamuleka, Daniel; Jansen, Daan; Halbrook, Megan; Merrit, Sydney; Hensley, Lisa; Delaporte, Eric; Mwamba, Dieudonne; Liesenborghs, Laurens; Hoff, Nicole; Peeters, Martine; Low, Nicola; Rimoin, Anne; Kindrachuk, Jason; Vercauteren, Koen; Rambaut, Andrew; Ahuka-Mundeke, Steve; Muyembe-Tamfum, Jean-Jacques"
PP_004B53X,Ia,None,Democratic Republic of the Congo,Kinshasa,2025-02-20,187415,0.7708826676267311,2025-10-21,"Amuri-Aziza, Adrienne; Mbala-Kingebeni, Placide; Wawina-Bokalanga, Tony; Kinganda-Lusamaki, Eddy; Pukuta-Simbu, Elisabeth; Hasivirwe-Vakaniaki, Emmanuel; Ola-Mpumbe, Rilia; Kwete-Mbokama, Papy; Akil-Bandali, Prince; Kacita, Cris; Ponga-Museme, Ange; Mapenzi-Kashali, Nelson; Vakaniaki, Gloria; Kenye, Kelly-Michel; Muyamuna, Elisabeth; Kavira-Bapitani, Sifa; Mukadi, Patrick; OToole, Aine; Tshiani-Mbaya, Olivier; Paku-Tshambu, Princesse; Lokilo-Lofiko, Emmanuel; Muswamba-Kayembe, Chloe; Makangara-Cigolo, Jean-Claude; Cikaya-Kankolongo, Fiston; Luakanda-Ndelemo, Gradi; Lawanga, Leader; Mabika-Bope, Elzedek; Lumembe-Numbi, Raphael; Kabamba-Lungenyi, Gabriel; Citenga, Andre; Kelvin, D. J.; Pratt, Catherine; Ayouba, Ahidjo; Tessema, Sofonias; Mukadi-Bamuleka, Daniel; Jansen, Daan; Halbrook, Megan; Merrit, Sydney; Hensley, Lisa; Delaporte, Eric; Mwamba, Dieudonne; Liesenborghs, Laurens; Hoff, Nicole; Peeters, Martine; Low, Nicola; Rimoin, Anne; Kindrachuk, Jason; Vercauteren, Koen; Rambaut, Andrew; Ahuka-Mundeke, Steve; Muyembe-Tamfum, Jean-Jacques"
PP_004B54V,Ia,None,Democratic Republic of the Congo,Kinshasa,2025-02-21,187501,0.7564614191035907,2025-10-21,"Amuri-Aziza, Adrienne; Mbala-Kingebeni, Placide; Wawina-Bokalanga, Tony; Kinganda-Lusamaki, Eddy; Pukuta-Simbu, Elisabeth; Hasivirwe-Vakaniaki, Emmanuel; Ola-Mpumbe, Rilia; Kwete-Mbokama, Papy; Akil-Bandali, Prince; Kacita, Cris; Ponga-Museme, Ange; Mapenzi-Kashali, Nelson; Vakaniaki, Gloria; Kenye, Kelly-Michel; Muyamuna, Elisabeth; Kavira-Bapitani, Sifa; Mukadi, Patrick; OToole, Aine; Tshiani-Mbaya, Olivier; Paku-Tshambu, Princesse; Lokilo-Lofiko, Emmanuel; Muswamba-Kayembe, Chloe; Makangara-Cigolo, Jean-Claude; Cikaya-Kankolongo, Fiston; Luakanda-Ndelemo, Gradi; Lawanga, Leader; Mabika-Bope, Elzedek; Lumembe-Numbi, Raphael; Kabamba-Lungenyi, Gabriel; Citenga, Andre; Kelvin, D. J.; Pratt, Catherine; Ayouba, Ahidjo; Tessema, Sofonias; Mukadi-Bamuleka, Daniel; Jansen, Daan; Halbrook, Megan; Merrit, Sydney; Hensley, Lisa; Delaporte, Eric; Mwamba, Dieudonne; Liesenborghs, Laurens; Hoff, Nicole; Peeters, Martine; Low, Nicola; Rimoin, Anne; Kindrachuk, Jason; Vercauteren, Koen; Rambaut, Andrew; Ahuka-Mundeke, Steve; Muyembe-Tamfum, Jean-Jacques"
PP_004B55T,Ia,None,Democratic Republic of the Congo,Kinshasa,2025-02-21,187442,0.8157386326181868,2025-10-21,"Amuri-Aziza, Adrienne; Mbala-Kingebeni, Placide; Wawina-Bokalanga, Tony; Kinganda-Lusamaki, Eddy; Pukuta-Simbu, Elisabeth; Hasivirwe-Vakaniaki, Emmanuel; Ola-Mpumbe, Rilia; Kwete-Mbokama, Papy; Akil-Bandali, Prince; Kacita, Cris; Ponga-Museme, Ange; Mapenzi-Kashali, Nelson; Vakaniaki, Gloria; Kenye, Kelly-Michel; Muyamuna, Elisabeth; Kavira-Bapitani, Sifa; Mukadi, Patrick; OToole, Aine; Tshiani-Mbaya, Olivier; Paku-Tshambu, Princesse; Lokilo-Lofiko, Emmanuel; Muswamba-Kayembe, Chloe; Makangara-Cigolo, Jean-Claude; Cikaya-Kankolongo, Fiston; Luakanda-Ndelemo, Gradi; Lawanga, Leader; Mabika-Bope, Elzedek; Lumembe-Numbi, Raphael; Kabamba-Lungenyi, Gabriel; Citenga, Andre; Kelvin, D. J.; Pratt, Catherine; Ayouba, Ahidjo; Tessema, Sofonias; Mukadi-Bamuleka, Daniel; Jansen, Daan; Halbrook, Megan; Merrit, Sydney; Hensley, Lisa; Delaporte, Eric; Mwamba, Dieudonne; Liesenborghs, Laurens; Hoff, Nicole; Peeters, Martine; Low, Nicola; Rimoin, Anne; Kindrachuk, Jason; Vercauteren, Koen; Rambaut, Andrew; Ahuka-Mundeke, Steve; Muyembe-Tamfum, Jean-Jacques"
PP_004B56R,Ia,None,Democratic Republic of the Congo,Kinshasa,2025-02-21,187485,0.6592346191096755,2025-10-21,"Amuri-Aziza, Adrienne; Mbala-Kingebeni, Placide; Wawina-Bokalanga, Tony; Kinganda-Lusamaki, Eddy; Pukuta-Simbu, Elisabeth; Hasivirwe-Vakaniaki, Emmanuel; Ola-Mpumbe, Rilia; Kwete-Mbokama, Papy; Akil-Bandali, Prince; Kacita, Cris; Ponga-Museme, Ange; Mapenzi-Kashali, Nelson; Vakaniaki, Gloria; Kenye, Kelly-Michel; Muyamuna, Elisabeth; Kavira-Bapitani, Sifa; Mukadi, Patrick; OToole, Aine; Tshiani-Mbaya, Olivier; Paku-Tshambu, Princesse; Lokilo-Lofiko, Emmanuel; Muswamba-Kayembe, Chloe; Makangara-Cigolo, Jean-Claude; Cikaya-Kankolongo, Fiston; Luakanda-Ndelemo, Gradi; Lawanga, Leader; Mabika-Bope, Elzedek; Lumembe-Numbi, Raphael; Kabamba-Lungenyi, Gabriel; Citenga, Andre; Kelvin, D. J.; Pratt, Catherine; Ayouba, Ahidjo; Tessema, Sofonias; Mukadi-Bamuleka, Daniel; Jansen, Daan; Halbrook, Megan; Merrit, Sydney; Hensley, Lisa; Delaporte, Eric; Mwamba, Dieudonne; Liesenborghs, Laurens; Hoff, Nicole; Peeters, Martine; Low, Nicola; Rimoin, Anne; Kindrachuk, Jason; Vercauteren, Koen; Rambaut, Andrew; Ahuka-Mundeke, Steve; Muyembe-Tamfum, Jean-Jacques"
PP_004B57P,Ia,None,Democratic Republic of the Congo,Kinshasa,2025-02-21,187441,0.7404327388709441,2025-10-21,"Amuri-Aziza, Adrienne; Mbala-Kingebeni, Placide; Wawina-Bokalanga, Tony; Kinganda-Lusamaki, Eddy; Pukuta-Simbu, Elisabeth; Hasivirwe-Vakaniaki, Emmanuel; Ola-Mpumbe, Rilia; Kwete-Mbokama, Papy; Akil-Bandali, Prince; Kacita, Cris; Ponga-Museme, Ange; Mapenzi-Kashali, Nelson; Vakaniaki, Gloria; Kenye, Kelly-Michel; Muyamuna, Elisabeth; Kavira-Bapitani, Sifa; Mukadi, Patrick; OToole, Aine; Tshiani-Mbaya, Olivier; Paku-Tshambu, Princesse; Lokilo-Lofiko, Emmanuel; Muswamba-Kayembe, Chloe; Makangara-Cigolo, Jean-Claude; Cikaya-Kankolongo, Fiston; Luakanda-Ndelemo, Gradi; Lawanga, Leader; Mabika-Bope, Elzedek; Lumembe-Numbi, Raphael; Kabamba-Lungenyi, Gabriel; Citenga, Andre; Kelvin, D. J.; Pratt, Catherine; Ayouba, Ahidjo; Tessema, Sofonias; Mukadi-Bamuleka, Daniel; Jansen, Daan; Halbrook, Megan; Merrit, Sydney; Hensley, Lisa; Delaporte, Eric; Mwamba, Dieudonne; Liesenborghs, Laurens; Hoff, Nicole; Peeters, Martine; Low, Nicola; Rimoin, Anne; Kindrachuk, Jason; Vercauteren, Koen; Rambaut, Andrew; Ahuka-Mundeke, Steve; Muyembe-Tamfum, Jean-Jacques"
PP_004B58M,Ib,A.1,Democratic Republic of the Congo,Kinshasa,2025-02-21,187393,0.7955975640056996,2025-10-21,"Amuri-Aziza, Adrienne; Mbala-Kingebeni, Placide; Wawina-Bokalanga, Tony; Kinganda-Lusamaki, Eddy; Pukuta-Simbu, Elisabeth; Hasivirwe-Vakaniaki, Emmanuel; Ola-Mpumbe, Rilia; Kwete-Mbokama, Papy; Akil-Bandali, Prince; Kacita, Cris; Ponga-Museme, Ange; Mapenzi-Kashali, Nelson; Vakaniaki, Gloria; Kenye, Kelly-Michel; Muyamuna, Elisabeth; Kavira-Bapitani, Sifa; Mukadi, Patrick; OToole, Aine; Tshiani-Mbaya, Olivier; Paku-Tshambu, Princesse; Lokilo-Lofiko, Emmanuel; Muswamba-Kayembe, Chloe; Makangara-Cigolo, Jean-Claude; Cikaya-Kankolongo, Fiston; Luakanda-Ndelemo, Gradi; Lawanga, Leader; Mabika-Bope, Elzedek; Lumembe-Numbi, Raphael; Kabamba-Lungenyi, Gabriel; Citenga, Andre; Kelvin, D. J.; Pratt, Catherine; Ayouba, Ahidjo; Tessema, Sofonias; Mukadi-Bamuleka, Daniel; Jansen, Daan; Halbrook, Megan; Merrit, Sydney; Hensley, Lisa; Delaporte, Eric; Mwamba, Dieudonne; Liesenborghs, Laurens; Hoff, Nicole; Peeters, Martine; Low, Nicola; Rimoin, Anne; Kindrachuk, Jason; Vercauteren, Koen; Rambaut, Andrew; Ahuka-Mundeke, Steve; Muyembe-Tamfum, Jean-Jacques"
PP_004B59K,Ib,A.1,Democratic Republic of the Congo,Kinshasa,2025-02-19,187421,0.4790552155327597,2025-10-21,"Amuri-Aziza, Adrienne; Mbala-Kingebeni, Placide; Wawina-Bokalanga, Tony; Kinganda-Lusamaki, Eddy; Pukuta-Simbu, Elisabeth; Hasivirwe-Vakaniaki, Emmanuel; Ola-Mpumbe, Rilia; Kwete-Mbokama, Papy; Akil-Bandali, Prince; Kacita, Cris; Ponga-Museme, Ange; Mapenzi-Kashali, Nelson; Vakaniaki, Gloria; Kenye, Kelly-Michel; Muyamuna, Elisabeth; Kavira-Bapitani, Sifa; Mukadi, Patrick; OToole, Aine; Tshiani-Mbaya, Olivier; Paku-Tshambu, Princesse; Lokilo-Lofiko, Emmanuel; Muswamba-Kayembe, Chloe; Makangara-Cigolo, Jean-Claude; Cikaya-Kankolongo, Fiston; Luakanda-Ndelemo, Gradi; Lawanga, Leader; Mabika-Bope, Elzedek; Lumembe-Numbi, Raphael; Kabamba-Lungenyi, Gabriel; Citenga, Andre; Kelvin, D. J.; Pratt, Catherine; Ayouba, Ahidjo; Tessema, Sofonias; Mukadi-Bamuleka, Daniel; Jansen, Daan; Halbrook, Megan; Merrit, Sydney; Hensley, Lisa; Delaporte, Eric; Mwamba, Dieudonne; Liesenborghs, Laurens; Hoff, Nicole; Peeters, Martine; Low, Nicola; Rimoin, Anne; Kindrachuk, Jason; Vercauteren, Koen; Rambaut, Andrew; Ahuka-Mundeke, Steve; Muyembe-Tamfum, Jean-Jacques"
PP_004B5AH,Ib,A,Democratic Republic of the Congo,Haut-Katanga,2025-02-12,187451,0.6513850787742953,2025-10-21,"Ola-Mpumbe, Rilia; Mbala-Kingebeni, Placide; Wawina-Bokalanga, Tony; Kinganda-Lusamaki, Eddy; Pukuta-Simbu, Elisabeth; Hasivirwe-Vakaniaki, Emmanuel; Kwete-Mbokama, Papy; Akil-Bandali, Prince; Kacita, Cris; Ponga-Museme, Ange; Mapenzi-Kashali, Nelson; Vakaniaki, Gloria; Amuri-Aziza, Adrienne; Kenye, Kelly-Michel; Muyamuna, Elisabeth; Kavira-Bapitani, Sifa; Mukadi, Patrick; OToole, Aine; Tshiani-Mbaya, Olivier; Paku-Tshambu, Princesse; Lokilo-Lofiko, Emmanuel; Muswamba-Kayembe, Chloe; Makangara-Cigolo, Jean-Claude; Cikaya-Kankolongo, Fiston; Luakanda-Ndelemo, Gradi; Lawanga, Leader; Mabika-Bope, Elzedek; Lumembe-Numbi, Raphael; Kabamba-Lungenyi, Gabriel; Citenga, Andre; Kelvin, D. J.; Pratt, Catherine; Ayouba, Ahidjo; Tessema, Sofonias; Mukadi-Bamuleka, Daniel; Jansen, Daan; Halbrook, Megan; Merrit, Sydney; Hensley, Lisa; Delaporte, Eric; Mwamba, Dieudonne; Liesenborghs, Laurens; Hoff, Nicole; Peeters, Martine; Low, Nicola; Rimoin, Anne; Kindrachuk, Jason; Vercauteren, Koen; Rambaut, Andrew; Ahuka-Mundeke, Steve; Muyembe-Tamfum, Jean-Jacques"
PP_004B5BF,Ib,A,Democratic Republic of the Congo,Haut-Katanga,2025-02-05,187399,0.6028933770771111,2025-10-21,"Ola-Mpumbe, Rilia; Mbala-Kingebeni, Placide; Wawina-Bokalanga, Tony; Kinganda-Lusamaki, Eddy; Pukuta-Simbu, Elisabeth; Hasivirwe-Vakaniaki, Emmanuel; Kwete-Mbokama, Papy; Akil-Bandali, Prince; Kacita, Cris; Ponga-Museme, Ange; Mapenzi-Kashali, Nelson; Vakaniaki, Gloria; Amuri-Aziza, Adrienne; Kenye, Kelly-Michel; Muyamuna, Elisabeth; Kavira-Bapitani, Sifa; Mukadi, Patrick; OToole, Aine; Tshiani-Mbaya, Olivier; Paku-Tshambu, Princesse; Lokilo-Lofiko, Emmanuel; Muswamba-Kayembe, Chloe; Makangara-Cigolo, Jean-Claude; Cikaya-Kankolongo, Fiston; Luakanda-Ndelemo, Gradi; Lawanga, Leader; Mabika-Bope, Elzedek; Lumembe-Numbi, Raphael; Kabamba-Lungenyi, Gabriel; Citenga, Andre; Kelvin, D. J.; Pratt, Catherine; Ayouba, Ahidjo; Tessema, Sofonias; Mukadi-Bamuleka, Daniel; Jansen, Daan; Halbrook, Megan; Merrit, Sydney; Hensley, Lisa; Delaporte, Eric; Mwamba, Dieudonne; Liesenborghs, Laurens; Hoff, Nicole; Peeters, Martine; Low, Nicola; Rimoin, Anne; Kindrachuk, Jason; Vercauteren, Koen; Rambaut, Andrew; Ahuka-Mundeke, Steve; Muyembe-Tamfum, Jean-Jacques"
PP_004B5CD,Ia,None,Democratic Republic of the Congo,Lualaba,2025-01-28,183473,0.790957816326841,2025-10-21,"Kinganda-Lusamaki, Eddy; Mbala-Kingebeni, Placide; Wawina-Bokalanga, Tony; Pukuta-Simbu, Elisabeth; Hasivirwe-Vakaniaki, Emmanuel; Ola-Mpumbe, Rilia; Kwete-Mbokama, Papy; Akil-Bandali, Prince; Kacita, Cris; Ponga-Museme, Ange; Mapenzi-Kashali, Nelson; Vakaniaki, Gloria; Amuri-Aziza, Adrienne; Kenye, Kelly-Michel; Muyamuna, Elisabeth; Kavira-Bapitani, Sifa; Mukadi, Patrick; OToole, Aine; Tshiani-Mbaya, Olivier; Paku-Tshambu, Princesse; Lokilo-Lofiko, Emmanuel; Muswamba-Kayembe, Chloe; Makangara-Cigolo, Jean-Claude; Cikaya-Kankolongo, Fiston; Luakanda-Ndelemo, Gradi; Lawanga, Leader; Mabika-Bope, Elzedek; Lumembe-Numbi, Raphael; Kabamba-Lungenyi, Gabriel; Citenga, Andre; Kelvin, D. J.; Pratt, Catherine; Ayouba, Ahidjo; Tessema, Sofonias; Mukadi-Bamuleka, Daniel; Jansen, Daan; Halbrook, Megan; Merrit, Sydney; Hensley, Lisa; Delaporte, Eric; Mwamba, Dieudonne; Liesenborghs, Laurens; Hoff, Nicole; Peeters, Martine; Low, Nicola; Rimoin, Anne; Kindrachuk, Jason; Vercauteren, Koen; Rambaut, Andrew; Ahuka-Mundeke, Steve; Muyembe-Tamfum, Jean-Jacques"
PP_004B5DB,Ia,None,Democratic Republic of the Congo,Mai-Ndombe,2025-01-16,187450,0.8714764539143751,2025-10-21,"Kenye, Kelly-Michel; Mbala-Kingebeni, Placide; Wawina-Bokalanga, Tony; Kinganda-Lusamaki, Eddy; Pukuta-Simbu, Elisabeth; Hasivirwe-Vakaniaki, Emmanuel; Ola-Mpumbe, Rilia; Kwete-Mbokama, Papy; Akil-Bandali, Prince; Kacita, Cris; Ponga-Museme, Ange; Mapenzi-Kashali, Nelson; Vakaniaki, Gloria; Amuri-Aziza, Adrienne; Muyamuna, Elisabeth; Kavira-Bapitani, Sifa; Mukadi, Patrick; OToole, Aine; Tshiani-Mbaya, Olivier; Paku-Tshambu, Princesse; Lokilo-Lofiko, Emmanuel; Muswamba-Kayembe, Chloe; Makangara-Cigolo, Jean-Claude; Cikaya-Kankolongo, Fiston; Luakanda-Ndelemo, Gradi; Lawanga, Leader; Mabika-Bope, Elzedek; Lumembe-Numbi, Raphael; Kabamba-Lungenyi, Gabriel; Citenga, Andre; Kelvin, D. J.; Pratt, Catherine; Ayouba, Ahidjo; Tessema, Sofonias; Mukadi-Bamuleka, Daniel; Jansen, Daan; Halbrook, Megan; Merrit, Sydney; Hensley, Lisa; Delaporte, Eric; Mwamba, Dieudonne; Liesenborghs, Laurens; Hoff, Nicole; Peeters, Martine; Low, Nicola; Rimoin, Anne; Kindrachuk, Jason; Vercauteren, Koen; Rambaut, Andrew; Ahuka-Mundeke, Steve; Muyembe-Tamfum, Jean-Jacques"
PP_004B5E9,Ia,None,Democratic Republic of the Congo,Kinshasa,2025-02-24,187443,0.8337550517471313,2025-10-21,"Amuri-Aziza, Adrienne; Mbala-Kingebeni, Placide; Wawina-Bokalanga, Tony; Kinganda-Lusamaki, Eddy; Pukuta-Simbu, Elisabeth; Hasivirwe-Vakaniaki, Emmanuel; Ola-Mpumbe, Rilia; Kwete-Mbokama, Papy; Akil-Bandali, Prince; Kacita, Cris; Ponga-Museme, Ange; Mapenzi-Kashali, Nelson; Vakaniaki, Gloria; Kenye, Kelly-Michel; Muyamuna, Elisabeth; Kavira-Bapitani, Sifa; Mukadi, Patrick; OToole, Aine; Tshiani-Mbaya, Olivier; Paku-Tshambu, Princesse; Lokilo-Lofiko, Emmanuel; Muswamba-Kayembe, Chloe; Makangara-Cigolo, Jean-Claude; Cikaya-Kankolongo, Fiston; Luakanda-Ndelemo, Gradi; Lawanga, Leader; Mabika-Bope, Elzedek; Lumembe-Numbi, Raphael; Kabamba-Lungenyi, Gabriel; Citenga, Andre; Kelvin, D. J.; Pratt, Catherine; Ayouba, Ahidjo; Tessema, Sofonias; Mukadi-Bamuleka, Daniel; Jansen, Daan; Halbrook, Megan; Merrit, Sydney; Hensley, Lisa; Delaporte, Eric; Mwamba, Dieudonne; Liesenborghs, Laurens; Hoff, Nicole; Peeters, Martine; Low, Nicola; Rimoin, Anne; Kindrachuk, Jason; Vercauteren, Koen; Rambaut, Andrew; Ahuka-Mundeke, Steve; Muyembe-Tamfum, Jean-Jacques"
PP_004B5F7,Ia,None,Democratic Republic of the Congo,Kinshasa,2025-02-23,187506,0.7839703056148553,2025-10-21,"Amuri-Aziza, Adrienne; Mbala-Kingebeni, Placide; Wawina-Bokalanga, Tony; Kinganda-Lusamaki, Eddy; Pukuta-Simbu, Elisabeth; Hasivirwe-Vakaniaki, Emmanuel; Ola-Mpumbe, Rilia; Kwete-Mbokama, Papy; Akil-Bandali, Prince; Kacita, Cris; Ponga-Museme, Ange; Mapenzi-Kashali, Nelson; Vakaniaki, Gloria; Kenye, Kelly-Michel; Muyamuna, Elisabeth; Kavira-Bapitani, Sifa; Mukadi, Patrick; OToole, Aine; Tshiani-Mbaya, Olivier; Paku-Tshambu, Princesse; Lokilo-Lofiko, Emmanuel; Muswamba-Kayembe, Chloe; Makangara-Cigolo, Jean-Claude; Cikaya-Kankolongo, Fiston; Luakanda-Ndelemo, Gradi; Lawanga, Leader; Mabika-Bope, Elzedek; Lumembe-Numbi, Raphael; Kabamba-Lungenyi, Gabriel; Citenga, Andre; Kelvin, D. J.; Pratt, Catherine; Ayouba, Ahidjo; Tessema, Sofonias; Mukadi-Bamuleka, Daniel; Jansen, Daan; Halbrook, Megan; Merrit, Sydney; Hensley, Lisa; Delaporte, Eric; Mwamba, Dieudonne; Liesenborghs, Laurens; Hoff, Nicole; Peeters, Martine; Low, Nicola; Rimoin, Anne; Kindrachuk, Jason; Vercauteren, Koen; Rambaut, Andrew; Ahuka-Mundeke, Steve; Muyembe-Tamfum, Jean-Jacques"
PP_004B5G5,Ia,None,Democratic Republic of the Congo,Kinshasa,2025-02-24,187480,0.7383080893874012,2025-10-21,"Amuri-Aziza, Adrienne; Mbala-Kingebeni, Placide; Wawina-Bokalanga, Tony; Kinganda-Lusamaki, Eddy; Pukuta-Simbu, Elisabeth; Hasivirwe-Vakaniaki, Emmanuel; Ola-Mpumbe, Rilia; Kwete-Mbokama, Papy; Akil-Bandali, Prince; Kacita, Cris; Ponga-Museme, Ange; Mapenzi-Kashali, Nelson; Vakaniaki, Gloria; Kenye, Kelly-Michel; Muyamuna, Elisabeth; Kavira-Bapitani, Sifa; Mukadi, Patrick; OToole, Aine; Tshiani-Mbaya, Olivier; Paku-Tshambu, Princesse; Lokilo-Lofiko, Emmanuel; Muswamba-Kayembe, Chloe; Makangara-Cigolo, Jean-Claude; Cikaya-Kankolongo, Fiston; Luakanda-Ndelemo, Gradi; Lawanga, Leader; Mabika-Bope, Elzedek; Lumembe-Numbi, Raphael; Kabamba-Lungenyi, Gabriel; Citenga, Andre; Kelvin, D. J.; Pratt, Catherine; Ayouba, Ahidjo; Tessema, Sofonias; Mukadi-Bamuleka, Daniel; Jansen, Daan; Halbrook, Megan; Merrit, Sydney; Hensley, Lisa; Delaporte, Eric; Mwamba, Dieudonne; Liesenborghs, Laurens; Hoff, Nicole; Peeters, Martine; Low, Nicola; Rimoin, Anne; Kindrachuk, Jason; Vercauteren, Koen; Rambaut, Andrew; Ahuka-Mundeke, Steve; Muyembe-Tamfum, Jean-Jacques"
PP_004B5H2,Ib,A.1,Democratic Republic of the Congo,Kinshasa,2025-02-23,187330,0.8584344527886658,2025-10-21,"Amuri-Aziza, Adrienne; Mbala-Kingebeni, Placide; Wawina-Bokalanga, Tony; Kinganda-Lusamaki, Eddy; Pukuta-Simbu, Elisabeth; Hasivirwe-Vakaniaki, Emmanuel; Ola-Mpumbe, Rilia; Kwete-Mbokama, Papy; Akil-Bandali, Prince; Kacita, Cris; Ponga-Museme, Ange; Mapenzi-Kashali, Nelson; Vakaniaki, Gloria; Kenye, Kelly-Michel; Muyamuna, Elisabeth; Kavira-Bapitani, Sifa; Mukadi, Patrick; OToole, Aine; Tshiani-Mbaya, Olivier; Paku-Tshambu, Princesse; Lokilo-Lofiko, Emmanuel; Muswamba-Kayembe, Chloe; Makangara-Cigolo, Jean-Claude; Cikaya-Kankolongo, Fiston; Luakanda-Ndelemo, Gradi; Lawanga, Leader; Mabika-Bope, Elzedek; Lumembe-Numbi, Raphael; Kabamba-Lungenyi, Gabriel; Citenga, Andre; Kelvin, D. J.; Pratt, Catherine; Ayouba, Ahidjo; Tessema, Sofonias; Mukadi-Bamuleka, Daniel; Jansen, Daan; Halbrook, Megan; Merrit, Sydney; Hensley, Lisa; Delaporte, Eric; Mwamba, Dieudonne; Liesenborghs, Laurens; Hoff, Nicole; Peeters, Martine; Low, Nicola; Rimoin, Anne; Kindrachuk, Jason; Vercauteren, Koen; Rambaut, Andrew; Ahuka-Mundeke, Steve; Muyembe-Tamfum, Jean-Jacques"
PP_004B5J0,Ib,A.1,Democratic Republic of the Congo,Kinshasa,2025-02-24,187368,0.7840920039146286,2025-10-21,"Amuri-Aziza, Adrienne; Mbala-Kingebeni, Placide; Wawina-Bokalanga, Tony; Kinganda-Lusamaki, Eddy; Pukuta-Simbu, Elisabeth; Hasivirwe-Vakaniaki, Emmanuel; Ola-Mpumbe, Rilia; Kwete-Mbokama, Papy; Akil-Bandali, Prince; Kacita, Cris; Ponga-Museme, Ange; Mapenzi-Kashali, Nelson; Vakaniaki, Gloria; Kenye, Kelly-Michel; Muyamuna, Elisabeth; Kavira-Bapitani, Sifa; Mukadi, Patrick; OToole, Aine; Tshiani-Mbaya, Olivier; Paku-Tshambu, Princesse; Lokilo-Lofiko, Emmanuel; Muswamba-Kayembe, Chloe; Makangara-Cigolo, Jean-Claude; Cikaya-Kankolongo, Fiston; Luakanda-Ndelemo, Gradi; Lawanga, Leader; Mabika-Bope, Elzedek; Lumembe-Numbi, Raphael; Kabamba-Lungenyi, Gabriel; Citenga, Andre; Kelvin, D. J.; Pratt, Catherine; Ayouba, Ahidjo; Tessema, Sofonias; Mukadi-Bamuleka, Daniel; Jansen, Daan; Halbrook, Megan; Merrit, Sydney; Hensley, Lisa; Delaporte, Eric; Mwamba, Dieudonne; Liesenborghs, Laurens; Hoff, Nicole; Peeters, Martine; Low, Nicola; Rimoin, Anne; Kindrachuk, Jason; Vercauteren, Koen; Rambaut, Andrew; Ahuka-Mundeke, Steve; Muyembe-Tamfum, Jean-Jacques"
PP_004B5KY,Ia,None,Democratic Republic of the Congo,Kinshasa,2025-02-24,187440,0.8344243923958846,2025-10-21,"Amuri-Aziza, Adrienne; Mbala-Kingebeni, Placide; Wawina-Bokalanga, Tony; Kinganda-Lusamaki, Eddy; Pukuta-Simbu, Elisabeth; Hasivirwe-Vakaniaki, Emmanuel; Ola-Mpumbe, Rilia; Kwete-Mbokama, Papy; Akil-Bandali, Prince; Kacita, Cris; Ponga-Museme, Ange; Mapenzi-Kashali, Nelson; Vakaniaki, Gloria; Kenye, Kelly-Michel; Muyamuna, Elisabeth; Kavira-Bapitani, Sifa; Mukadi, Patrick; OToole, Aine; Tshiani-Mbaya, Olivier; Paku-Tshambu, Princesse; Lokilo-Lofiko, Emmanuel; Muswamba-Kayembe, Chloe; Makangara-Cigolo, Jean-Claude; Cikaya-Kankolongo, Fiston; Luakanda-Ndelemo, Gradi; Lawanga, Leader; Mabika-Bope, Elzedek; Lumembe-Numbi, Raphael; Kabamba-Lungenyi, Gabriel; Citenga, Andre; Kelvin, D. J.; Pratt, Catherine; Ayouba, Ahidjo; Tessema, Sofonias; Mukadi-Bamuleka, Daniel; Jansen, Daan; Halbrook, Megan; Merrit, Sydney; Hensley, Lisa; Delaporte, Eric; Mwamba, Dieudonne; Liesenborghs, Laurens; Hoff, Nicole; Peeters, Martine; Low, Nicola; Rimoin, Anne; Kindrachuk, Jason; Vercauteren, Koen; Rambaut, Andrew; Ahuka-Mundeke, Steve; Muyembe-Tamfum, Jean-Jacques"
PP_004B5LW,Ia,None,Democratic Republic of the Congo,Kinshasa,2025-02-24,187460,0.8661521532992916,2025-10-21,"Amuri-Aziza, Adrienne; Mbala-Kingebeni, Placide; Wawina-Bokalanga, Tony; Kinganda-Lusamaki, Eddy; Pukuta-Simbu, Elisabeth; Hasivirwe-Vakaniaki, Emmanuel; Ola-Mpumbe, Rilia; Kwete-Mbokama, Papy; Akil-Bandali, Prince; Kacita, Cris; Ponga-Museme, Ange; Mapenzi-Kashali, Nelson; Vakaniaki, Gloria; Kenye, Kelly-Michel; Muyamuna, Elisabeth; Kavira-Bapitani, Sifa; Mukadi, Patrick; OToole, Aine; Tshiani-Mbaya, Olivier; Paku-Tshambu, Princesse; Lokilo-Lofiko, Emmanuel; Muswamba-Kayembe, Chloe; Makangara-Cigolo, Jean-Claude; Cikaya-Kankolongo, Fiston; Luakanda-Ndelemo, Gradi; Lawanga, Leader; Mabika-Bope, Elzedek; Lumembe-Numbi, Raphael; Kabamba-Lungenyi, Gabriel; Citenga, Andre; Kelvin, D. J.; Pratt, Catherine; Ayouba, Ahidjo; Tessema, Sofonias; Mukadi-Bamuleka, Daniel; Jansen, Daan; Halbrook, Megan; Merrit, Sydney; Hensley, Lisa; Delaporte, Eric; Mwamba, Dieudonne; Liesenborghs, Laurens; Hoff, Nicole; Peeters, Martine; Low, Nicola; Rimoin, Anne; Kindrachuk, Jason; Vercauteren, Koen; Rambaut, Andrew; Ahuka-Mundeke, Steve; Muyembe-Tamfum, Jean-Jacques"
PP_004B5MU,Ib,A.1,Democratic Republic of the Congo,Kinshasa,2025-02-24,187466,0.8504125065286067,2025-10-21,"Amuri-Aziza, Adrienne; Mbala-Kingebeni, Placide; Wawina-Bokalanga, Tony; Kinganda-Lusamaki, Eddy; Pukuta-Simbu, Elisabeth; Hasivirwe-Vakaniaki, Emmanuel; Ola-Mpumbe, Rilia; Kwete-Mbokama, Papy; Akil-Bandali, Prince; Kacita, Cris; Ponga-Museme, Ange; Mapenzi-Kashali, Nelson; Vakaniaki, Gloria; Kenye, Kelly-Michel; Muyamuna, Elisabeth; Kavira-Bapitani, Sifa; Mukadi, Patrick; OToole, Aine; Tshiani-Mbaya, Olivier; Paku-Tshambu, Princesse; Lokilo-Lofiko, Emmanuel; Muswamba-Kayembe, Chloe; Makangara-Cigolo, Jean-Claude; Cikaya-Kankolongo, Fiston; Luakanda-Ndelemo, Gradi; Lawanga, Leader; Mabika-Bope, Elzedek; Lumembe-Numbi, Raphael; Kabamba-Lungenyi, Gabriel; Citenga, Andre; Kelvin, D. J.; Pratt, Catherine; Ayouba, Ahidjo; Tessema, Sofonias; Mukadi-Bamuleka, Daniel; Jansen, Daan; Halbrook, Megan; Merrit, Sydney; Hensley, Lisa; Delaporte, Eric; Mwamba, Dieudonne; Liesenborghs, Laurens; Hoff, Nicole; Peeters, Martine; Low, Nicola; Rimoin, Anne; Kindrachuk, Jason; Vercauteren, Koen; Rambaut, Andrew; Ahuka-Mundeke, Steve; Muyembe-Tamfum, Jean-Jacques"
PP_004B5NS,Ib,A.1,Democratic Republic of the Congo,Kinshasa,2025-02-25,187422,0.6894005851659915,2025-10-21,"Amuri-Aziza, Adrienne; Mbala-Kingebeni, Placide; Wawina-Bokalanga, Tony; Kinganda-Lusamaki, Eddy; Pukuta-Simbu, Elisabeth; Hasivirwe-Vakaniaki, Emmanuel; Ola-Mpumbe, Rilia; Kwete-Mbokama, Papy; Akil-Bandali, Prince; Kacita, Cris; Ponga-Museme, Ange; Mapenzi-Kashali, Nelson; Vakaniaki, Gloria; Kenye, Kelly-Michel; Muyamuna, Elisabeth; Kavira-Bapitani, Sifa; Mukadi, Patrick; OToole, Aine; Tshiani-Mbaya, Olivier; Paku-Tshambu, Princesse; Lokilo-Lofiko, Emmanuel; Muswamba-Kayembe, Chloe; Makangara-Cigolo, Jean-Claude; Cikaya-Kankolongo, Fiston; Luakanda-Ndelemo, Gradi; Lawanga, Leader; Mabika-Bope, Elzedek; Lumembe-Numbi, Raphael; Kabamba-Lungenyi, Gabriel; Citenga, Andre; Kelvin, D. J.; Pratt, Catherine; Ayouba, Ahidjo; Tessema, Sofonias; Mukadi-Bamuleka, Daniel; Jansen, Daan; Halbrook, Megan; Merrit, Sydney; Hensley, Lisa; Delaporte, Eric; Mwamba, Dieudonne; Liesenborghs, Laurens; Hoff, Nicole; Peeters, Martine; Low, Nicola; Rimoin, Anne; Kindrachuk, Jason; Vercauteren, Koen; Rambaut, Andrew; Ahuka-Mundeke, Steve; Muyembe-Tamfum, Jean-Jacques"
PP_004B5PQ,Ia,None,Democratic Republic of the Congo,Kinshasa,2025-02-25,187467,0.8259156529367321,2025-10-21,"Amuri-Aziza, Adrienne; Mbala-Kingebeni, Placide; Wawina-Bokalanga, Tony; Kinganda-Lusamaki, Eddy; Pukuta-Simbu, Elisabeth; Hasivirwe-Vakaniaki, Emmanuel; Ola-Mpumbe, Rilia; Kwete-Mbokama, Papy; Akil-Bandali, Prince; Kacita, Cris; Ponga-Museme, Ange; Mapenzi-Kashali, Nelson; Vakaniaki, Gloria; Kenye, Kelly-Michel; Muyamuna, Elisabeth; Kavira-Bapitani, Sifa; Mukadi, Patrick; OToole, Aine; Tshiani-Mbaya, Olivier; Paku-Tshambu, Princesse; Lokilo-Lofiko, Emmanuel; Muswamba-Kayembe, Chloe; Makangara-Cigolo, Jean-Claude; Cikaya-Kankolongo, Fiston; Luakanda-Ndelemo, Gradi; Lawanga, Leader; Mabika-Bope, Elzedek; Lumembe-Numbi, Raphael; Kabamba-Lungenyi, Gabriel; Citenga, Andre; Kelvin, D. J.; Pratt, Catherine; Ayouba, Ahidjo; Tessema, Sofonias; Mukadi-Bamuleka, Daniel; Jansen, Daan; Halbrook, Megan; Merrit, Sydney; Hensley, Lisa; Delaporte, Eric; Mwamba, Dieudonne; Liesenborghs, Laurens; Hoff, Nicole; Peeters, Martine; Low, Nicola; Rimoin, Anne; Kindrachuk, Jason; Vercauteren, Koen; Rambaut, Andrew; Ahuka-Mundeke, Steve; Muyembe-Tamfum, Jean-Jacques"
PP_004B5QN,Ia,None,Democratic Republic of the Congo,Kinshasa,2025-02-20,187505,0.7477650614322876,2025-10-21,"Amuri-Aziza, Adrienne; Mbala-Kingebeni, Placide; Wawina-Bokalanga, Tony; Kinganda-Lusamaki, Eddy; Pukuta-Simbu, Elisabeth; Hasivirwe-Vakaniaki, Emmanuel; Ola-Mpumbe, Rilia; Kwete-Mbokama, Papy; Akil-Bandali, Prince; Kacita, Cris; Ponga-Museme, Ange; Mapenzi-Kashali, Nelson; Vakaniaki, Gloria; Kenye, Kelly-Michel; Muyamuna, Elisabeth; Kavira-Bapitani, Sifa; Mukadi, Patrick; OToole, Aine; Tshiani-Mbaya, Olivier; Paku-Tshambu, Princesse; Lokilo-Lofiko, Emmanuel; Muswamba-Kayembe, Chloe; Makangara-Cigolo, Jean-Claude; Cikaya-Kankolongo, Fiston; Luakanda-Ndelemo, Gradi; Lawanga, Leader; Mabika-Bope, Elzedek; Lumembe-Numbi, Raphael; Kabamba-Lungenyi, Gabriel; Citenga, Andre; Kelvin, D. J.; Pratt, Catherine; Ayouba, Ahidjo; Tessema, Sofonias; Mukadi-Bamuleka, Daniel; Jansen, Daan; Halbrook, Megan; Merrit, Sydney; Hensley, Lisa; Delaporte, Eric; Mwamba, Dieudonne; Liesenborghs, Laurens; Hoff, Nicole; Peeters, Martine; Low, Nicola; Rimoin, Anne; Kindrachuk, Jason; Vercauteren, Koen; Rambaut, Andrew; Ahuka-Mundeke, Steve; Muyembe-Tamfum, Jean-Jacques"
PP_004B5RL,Ib,A.1,Democratic Republic of the Congo,Kinshasa,2025-02-28,187365,0.8731700885862207,2025-10-21,"Amuri-Aziza, Adrienne; Mbala-Kingebeni, Placide; Wawina-Bokalanga, Tony; Kinganda-Lusamaki, Eddy; Pukuta-Simbu, Elisabeth; Hasivirwe-Vakaniaki, Emmanuel; Ola-Mpumbe, Rilia; Kwete-Mbokama, Papy; Akil-Bandali, Prince; Kacita, Cris; Ponga-Museme, Ange; Mapenzi-Kashali, Nelson; Vakaniaki, Gloria; Kenye, Kelly-Michel; Muyamuna, Elisabeth; Kavira-Bapitani, Sifa; Mukadi, Patrick; OToole, Aine; Tshiani-Mbaya, Olivier; Paku-Tshambu, Princesse; Lokilo-Lofiko, Emmanuel; Muswamba-Kayembe, Chloe; Makangara-Cigolo, Jean-Claude; Cikaya-Kankolongo, Fiston; Luakanda-Ndelemo, Gradi; Lawanga, Leader; Mabika-Bope, Elzedek; Lumembe-Numbi, Raphael; Kabamba-Lungenyi, Gabriel; Citenga, Andre; Kelvin, D. J.; Pratt, Catherine; Ayouba, Ahidjo; Tessema, Sofonias; Mukadi-Bamuleka, Daniel; Jansen, Daan; Halbrook, Megan; Merrit, Sydney; Hensley, Lisa; Delaporte, Eric; Mwamba, Dieudonne; Liesenborghs, Laurens; Hoff, Nicole; Peeters, Martine; Low, Nicola; Rimoin, Anne; Kindrachuk, Jason; Vercauteren, Koen; Rambaut, Andrew; Ahuka-Mundeke, Steve; Muyembe-Tamfum, Jean-Jacques"
PP_004B5SJ,Ib,A.1,Democratic Republic of the Congo,Kinshasa,2025-02-21,187413,0.7518926620995999,2025-10-21,"Amuri-Aziza, Adrienne; Mbala-Kingebeni, Placide; Wawina-Bokalanga, Tony; Kinganda-Lusamaki, Eddy; Pukuta-Simbu, Elisabeth; Hasivirwe-Vakaniaki, Emmanuel; Ola-Mpumbe, Rilia; Kwete-Mbokama, Papy; Akil-Bandali, Prince; Kacita, Cris; Ponga-Museme, Ange; Mapenzi-Kashali, Nelson; Vakaniaki, Gloria; Kenye, Kelly-Michel; Muyamuna, Elisabeth; Kavira-Bapitani, Sifa; Mukadi, Patrick; OToole, Aine; Tshiani-Mbaya, Olivier; Paku-Tshambu, Princesse; Lokilo-Lofiko, Emmanuel; Muswamba-Kayembe, Chloe; Makangara-Cigolo, Jean-Claude; Cikaya-Kankolongo, Fiston; Luakanda-Ndelemo, Gradi; Lawanga, Leader; Mabika-Bope, Elzedek; Lumembe-Numbi, Raphael; Kabamba-Lungenyi, Gabriel; Citenga, Andre; Kelvin, D. J.; Pratt, Catherine; Ayouba, Ahidjo; Tessema, Sofonias; Mukadi-Bamuleka, Daniel; Jansen, Daan; Halbrook, Megan; Merrit, Sydney; Hensley, Lisa; Delaporte, Eric; Mwamba, Dieudonne; Liesenborghs, Laurens; Hoff, Nicole; Peeters, Martine; Low, Nicola; Rimoin, Anne; Kindrachuk, Jason; Vercauteren, Koen; Rambaut, Andrew; Ahuka-Mundeke, Steve; Muyembe-Tamfum, Jean-Jacques"
PP_004B5TG,Ia,None,Democratic Republic of the Congo,Kinshasa,2025-02-28,187479,0.820221186659838,2025-10-21,"Amuri-Aziza, Adrienne; Mbala-Kingebeni, Placide; Wawina-Bokalanga, Tony; Kinganda-Lusamaki, Eddy; Pukuta-Simbu, Elisabeth; Hasivirwe-Vakaniaki, Emmanuel; Ola-Mpumbe, Rilia; Kwete-Mbokama, Papy; Akil-Bandali, Prince; Kacita, Cris; Ponga-Museme, Ange; Mapenzi-Kashali, Nelson; Vakaniaki, Gloria; Kenye, Kelly-Michel; Muyamuna, Elisabeth; Kavira-Bapitani, Sifa; Mukadi, Patrick; OToole, Aine; Tshiani-Mbaya, Olivier; Paku-Tshambu, Princesse; Lokilo-Lofiko, Emmanuel; Muswamba-Kayembe, Chloe; Makangara-Cigolo, Jean-Claude; Cikaya-Kankolongo, Fiston; Luakanda-Ndelemo, Gradi; Lawanga, Leader; Mabika-Bope, Elzedek; Lumembe-Numbi, Raphael; Kabamba-Lungenyi, Gabriel; Citenga, Andre; Kelvin, D. J.; Pratt, Catherine; Ayouba, Ahidjo; Tessema, Sofonias; Mukadi-Bamuleka, Daniel; Jansen, Daan; Halbrook, Megan; Merrit, Sydney; Hensley, Lisa; Delaporte, Eric; Mwamba, Dieudonne; Liesenborghs, Laurens; Hoff, Nicole; Peeters, Martine; Low, Nicola; Rimoin, Anne; Kindrachuk, Jason; Vercauteren, Koen; Rambaut, Andrew; Ahuka-Mundeke, Steve; Muyembe-Tamfum, Jean-Jacques"
PP_004B5UE,Ib,A.1,Democratic Republic of the Congo,Kinshasa,2025-03-03,187395,0.8137762475343417,2025-10-21,"Amuri-Aziza, Adrienne; Mbala-Kingebeni, Placide; Wawina-Bokalanga, Tony; Kinganda-Lusamaki, Eddy; Pukuta-Simbu, Elisabeth; Hasivirwe-Vakaniaki, Emmanuel; Ola-Mpumbe, Rilia; Kwete-Mbokama, Papy; Akil-Bandali, Prince; Kacita, Cris; Ponga-Museme, Ange; Mapenzi-Kashali, Nelson; Vakaniaki, Gloria; Kenye, Kelly-Michel; Muyamuna, Elisabeth; Kavira-Bapitani, Sifa; Mukadi, Patrick; OToole, Aine; Tshiani-Mbaya, Olivier; Paku-Tshambu, Princesse; Lokilo-Lofiko, Emmanuel; Muswamba-Kayembe, Chloe; Makangara-Cigolo, Jean-Claude; Cikaya-Kankolongo, Fiston; Luakanda-Ndelemo, Gradi; Lawanga, Leader; Mabika-Bope, Elzedek; Lumembe-Numbi, Raphael; Kabamba-Lungenyi, Gabriel; Citenga, Andre; Kelvin, D. J.; Pratt, Catherine; Ayouba, Ahidjo; Tessema, Sofonias; Mukadi-Bamuleka, Daniel; Jansen, Daan; Halbrook, Megan; Merrit, Sydney; Hensley, Lisa; Delaporte, Eric; Mwamba, Dieudonne; Liesenborghs, Laurens; Hoff, Nicole; Peeters, Martine; Low, Nicola; Rimoin, Anne; Kindrachuk, Jason; Vercauteren, Koen; Rambaut, Andrew; Ahuka-Mundeke, Steve; Muyembe-Tamfum, Jean-Jacques"
PP_004B5VC,Ia,None,Democratic Republic of the Congo,Kinshasa,2025-03-03,187473,0.8334913720976224,2025-10-21,"Amuri-Aziza, Adrienne; Mbala-Kingebeni, Placide; Wawina-Bokalanga, Tony; Kinganda-Lusamaki, Eddy; Pukuta-Simbu, Elisabeth; Hasivirwe-Vakaniaki, Emmanuel; Ola-Mpumbe, Rilia; Kwete-Mbokama, Papy; Akil-Bandali, Prince; Kacita, Cris; Ponga-Museme, Ange; Mapenzi-Kashali, Nelson; Vakaniaki, Gloria; Kenye, Kelly-Michel; Muyamuna, Elisabeth; Kavira-Bapitani, Sifa; Mukadi, Patrick; OToole, Aine; Tshiani-Mbaya, Olivier; Paku-Tshambu, Princesse; Lokilo-Lofiko, Emmanuel; Muswamba-Kayembe, Chloe; Makangara-Cigolo, Jean-Claude; Cikaya-Kankolongo, Fiston; Luakanda-Ndelemo, Gradi; Lawanga, Leader; Mabika-Bope, Elzedek; Lumembe-Numbi, Raphael; Kabamba-Lungenyi, Gabriel; Citenga, Andre; Kelvin, D. J.; Pratt, Catherine; Ayouba, Ahidjo; Tessema, Sofonias; Mukadi-Bamuleka, Daniel; Jansen, Daan; Halbrook, Megan; Merrit, Sydney; Hensley, Lisa; Delaporte, Eric; Mwamba, Dieudonne; Liesenborghs, Laurens; Hoff, Nicole; Peeters, Martine; Low, Nicola; Rimoin, Anne; Kindrachuk, Jason; Vercauteren, Koen; Rambaut, Andrew; Ahuka-Mundeke, Steve; Muyembe-Tamfum, Jean-Jacques"
PP_004B5WA,Ia,None,Democratic Republic of the Congo,Kinshasa,2025-03-03,187502,0.7639915014020658,2025-10-21,"Amuri-Aziza, Adrienne; Mbala-Kingebeni, Placide; Wawina-Bokalanga, Tony; Kinganda-Lusamaki, Eddy; Pukuta-Simbu, Elisabeth; Hasivirwe-Vakaniaki, Emmanuel; Ola-Mpumbe, Rilia; Kwete-Mbokama, Papy; Akil-Bandali, Prince; Kacita, Cris; Ponga-Museme, Ange; Mapenzi-Kashali, Nelson; Vakaniaki, Gloria; Kenye, Kelly-Michel; Muyamuna, Elisabeth; Kavira-Bapitani, Sifa; Mukadi, Patrick; OToole, Aine; Tshiani-Mbaya, Olivier; Paku-Tshambu, Princesse; Lokilo-Lofiko, Emmanuel; Muswamba-Kayembe, Chloe; Makangara-Cigolo, Jean-Claude; Cikaya-Kankolongo, Fiston; Luakanda-Ndelemo, Gradi; Lawanga, Leader; Mabika-Bope, Elzedek; Lumembe-Numbi, Raphael; Kabamba-Lungenyi, Gabriel; Citenga, Andre; Kelvin, D. J.; Pratt, Catherine; Ayouba, Ahidjo; Tessema, Sofonias; Mukadi-Bamuleka, Daniel; Jansen, Daan; Halbrook, Megan; Merrit, Sydney; Hensley, Lisa; Delaporte, Eric; Mwamba, Dieudonne; Liesenborghs, Laurens; Hoff, Nicole; Peeters, Martine; Low, Nicola; Rimoin, Anne; Kindrachuk, Jason; Vercauteren, Koen; Rambaut, Andrew; Ahuka-Mundeke, Steve; Muyembe-Tamfum, Jean-Jacques"
PP_004B5X8,Ib,A.1,Democratic Republic of the Congo,Kinshasa,2025-02-27,187468,0.7169094716772562,2025-10-21,"Amuri-Aziza, Adrienne; Mbala-Kingebeni, Placide; Wawina-Bokalanga, Tony; Kinganda-Lusamaki, Eddy; Pukuta-Simbu, Elisabeth; Hasivirwe-Vakaniaki, Emmanuel; Ola-Mpumbe, Rilia; Kwete-Mbokama, Papy; Akil-Bandali, Prince; Kacita, Cris; Ponga-Museme, Ange; Mapenzi-Kashali, Nelson; Vakaniaki, Gloria; Kenye, Kelly-Michel; Muyamuna, Elisabeth; Kavira-Bapitani, Sifa; Mukadi, Patrick; OToole, Aine; Tshiani-Mbaya, Olivier; Paku-Tshambu, Princesse; Lokilo-Lofiko, Emmanuel; Muswamba-Kayembe, Chloe; Makangara-Cigolo, Jean-Claude; Cikaya-Kankolongo, Fiston; Luakanda-Ndelemo, Gradi; Lawanga, Leader; Mabika-Bope, Elzedek; Lumembe-Numbi, Raphael; Kabamba-Lungenyi, Gabriel; Citenga, Andre; Kelvin, D. J.; Pratt, Catherine; Ayouba, Ahidjo; Tessema, Sofonias; Mukadi-Bamuleka, Daniel; Jansen, Daan; Halbrook, Megan; Merrit, Sydney; Hensley, Lisa; Delaporte, Eric; Mwamba, Dieudonne; Liesenborghs, Laurens; Hoff, Nicole; Peeters, Martine; Low, Nicola; Rimoin, Anne; Kindrachuk, Jason; Vercauteren, Koen; Rambaut, Andrew; Ahuka-Mundeke, Steve; Muyembe-Tamfum, Jean-Jacques"
PP_004B5Y6,Ia,None,Democratic Republic of the Congo,Tshopo,2025-02-03,187496,0.7901160697534089,2025-10-21,"Luakanda-Ndelemo, Gradi; Mbala-Kingebeni, Placide; Wawina-Bokalanga, Tony; Kinganda-Lusamaki, Eddy; Pukuta-Simbu, Elisabeth; Hasivirwe-Vakaniaki, Emmanuel; Ola-Mpumbe, Rilia; Kwete-Mbokama, Papy; Akil-Bandali, Prince; Kacita, Cris; Ponga-Museme, Ange; Mapenzi-Kashali, Nelson; Vakaniaki, Gloria; Amuri-Aziza, Adrienne; Kenye, Kelly-Michel; Muyamuna, Elisabeth; Kavira-Bapitani, Sifa; Mukadi, Patrick; OToole, Aine; Tshiani-Mbaya, Olivier; Paku-Tshambu, Princesse; Lokilo-Lofiko, Emmanuel; Muswamba-Kayembe, Chloe; Makangara-Cigolo, Jean-Claude; Cikaya-Kankolongo, Fiston; Lawanga, Leader; Mabika-Bope, Elzedek; Lumembe-Numbi, Raphael; Kabamba-Lungenyi, Gabriel; Citenga, Andre; Kelvin, D. J.; Pratt, Catherine; Ayouba, Ahidjo; Tessema, Sofonias; Mukadi-Bamuleka, Daniel; Jansen, Daan; Halbrook, Megan; Merrit, Sydney; Hensley, Lisa; Delaporte, Eric; Mwamba, Dieudonne; Liesenborghs, Laurens; Hoff, Nicole; Peeters, Martine; Low, Nicola; Rimoin, Anne; Kindrachuk, Jason; Vercauteren, Koen; Rambaut, Andrew; Ahuka-Mundeke, Steve; Muyembe-Tamfum, Jean-Jacques"
PP_004B5Z4,Ia,None,Democratic Republic of the Congo,Tshopo,2025-02-06,187592,0.8930525483116897,2025-10-21,"Luakanda-Ndelemo, Gradi; Mbala-Kingebeni, Placide; Wawina-Bokalanga, Tony; Kinganda-Lusamaki, Eddy; Pukuta-Simbu, Elisabeth; Hasivirwe-Vakaniaki, Emmanuel; Ola-Mpumbe, Rilia; Kwete-Mbokama, Papy; Akil-Bandali, Prince; Kacita, Cris; Ponga-Museme, Ange; Mapenzi-Kashali, Nelson; Vakaniaki, Gloria; Amuri-Aziza, Adrienne; Kenye, Kelly-Michel; Muyamuna, Elisabeth; Kavira-Bapitani, Sifa; Mukadi, Patrick; OToole, Aine; Tshiani-Mbaya, Olivier; Paku-Tshambu, Princesse; Lokilo-Lofiko, Emmanuel; Muswamba-Kayembe, Chloe; Makangara-Cigolo, Jean-Claude; Cikaya-Kankolongo, Fiston; Lawanga, Leader; Mabika-Bope, Elzedek; Lumembe-Numbi, Raphael; Kabamba-Lungenyi, Gabriel; Citenga, Andre; Kelvin, D. J.; Pratt, Catherine; Ayouba, Ahidjo; Tessema, Sofonias; Mukadi-Bamuleka, Daniel; Jansen, Daan; Halbrook, Megan; Merrit, Sydney; Hensley, Lisa; Delaporte, Eric; Mwamba, Dieudonne; Liesenborghs, Laurens; Hoff, Nicole; Peeters, Martine; Low, Nicola; Rimoin, Anne; Kindrachuk, Jason; Vercauteren, Koen; Rambaut, Andrew; Ahuka-Mundeke, Steve; Muyembe-Tamfum, Jean-Jacques"
PP_004B602,Ia,None,Democratic Republic of the Congo,Tshopo,2025-02-07,187544,0.7802635782342591,2025-10-21,"Luakanda-Ndelemo, Gradi; Mbala-Kingebeni, Placide; Wawina-Bokalanga, Tony; Kinganda-Lusamaki, Eddy; Pukuta-Simbu, Elisabeth; Hasivirwe-Vakaniaki, Emmanuel; Ola-Mpumbe, Rilia; Kwete-Mbokama, Papy; Akil-Bandali, Prince; Kacita, Cris; Ponga-Museme, Ange; Mapenzi-Kashali, Nelson; Vakaniaki, Gloria; Amuri-Aziza, Adrienne; Kenye, Kelly-Michel; Muyamuna, Elisabeth; Kavira-Bapitani, Sifa; Mukadi, Patrick; OToole, Aine; Tshiani-Mbaya, Olivier; Paku-Tshambu, Princesse; Lokilo-Lofiko, Emmanuel; Muswamba-Kayembe, Chloe; Makangara-Cigolo, Jean-Claude; Cikaya-Kankolongo, Fiston; Lawanga, Leader; Mabika-Bope, Elzedek; Lumembe-Numbi, Raphael; Kabamba-Lungenyi, Gabriel; Citenga, Andre; Kelvin, D. J.; Pratt, Catherine; Ayouba, Ahidjo; Tessema, Sofonias; Mukadi-Bamuleka, Daniel; Jansen, Daan; Halbrook, Megan; Merrit, Sydney; Hensley, Lisa; Delaporte, Eric; Mwamba, Dieudonne; Liesenborghs, Laurens; Hoff, Nicole; Peeters, Martine; Low, Nicola; Rimoin, Anne; Kindrachuk, Jason; Vercauteren, Koen; Rambaut, Andrew; Ahuka-Mundeke, Steve; Muyembe-Tamfum, Jean-Jacques"
PP_004B610,Ia,None,Democratic Republic of the Congo,Kinshasa,2025-03-01,187831,0.8696154840803412,2025-10-21,"Amuri-Aziza, Adrienne; Mbala-Kingebeni, Placide; Wawina-Bokalanga, Tony; Kinganda-Lusamaki, Eddy; Pukuta-Simbu, Elisabeth; Hasivirwe-Vakaniaki, Emmanuel; Ola-Mpumbe, Rilia; Kwete-Mbokama, Papy; Akil-Bandali, Prince; Kacita, Cris; Ponga-Museme, Ange; Mapenzi-Kashali, Nelson; Vakaniaki, Gloria; Kenye, Kelly-Michel; Muyamuna, Elisabeth; Kavira-Bapitani, Sifa; Mukadi, Patrick; OToole, Aine; Tshiani-Mbaya, Olivier; Paku-Tshambu, Princesse; Lokilo-Lofiko, Emmanuel; Muswamba-Kayembe, Chloe; Makangara-Cigolo, Jean-Claude; Cikaya-Kankolongo, Fiston; Luakanda-Ndelemo, Gradi; Lawanga, Leader; Mabika-Bope, Elzedek; Lumembe-Numbi, Raphael; Kabamba-Lungenyi, Gabriel; Citenga, Andre; Kelvin, D. J.; Pratt, Catherine; Ayouba, Ahidjo; Tessema, Sofonias; Mukadi-Bamuleka, Daniel; Jansen, Daan; Halbrook, Megan; Merrit, Sydney; Hensley, Lisa; Delaporte, Eric; Mwamba, Dieudonne; Liesenborghs, Laurens; Hoff, Nicole; Peeters, Martine; Low, Nicola; Rimoin, Anne; Kindrachuk, Jason; Vercauteren, Koen; Rambaut, Andrew; Ahuka-Mundeke, Steve; Muyembe-Tamfum, Jean-Jacques"
PP_004B62Y,Ib,A.1,Democratic Republic of the Congo,Kinshasa,2025-03-03,187462,0.7701474070656005,2025-10-21,"Amuri-Aziza, Adrienne; Mbala-Kingebeni, Placide; Wawina-Bokalanga, Tony; Kinganda-Lusamaki, Eddy; Pukuta-Simbu, Elisabeth; Hasivirwe-Vakaniaki, Emmanuel; Ola-Mpumbe, Rilia; Kwete-Mbokama, Papy; Akil-Bandali, Prince; Kacita, Cris; Ponga-Museme, Ange; Mapenzi-Kashali, Nelson; Vakaniaki, Gloria; Kenye, Kelly-Michel; Muyamuna, Elisabeth; Kavira-Bapitani, Sifa; Mukadi, Patrick; OToole, Aine; Tshiani-Mbaya, Olivier; Paku-Tshambu, Princesse; Lokilo-Lofiko, Emmanuel; Muswamba-Kayembe, Chloe; Makangara-Cigolo, Jean-Claude; Cikaya-Kankolongo, Fiston; Luakanda-Ndelemo, Gradi; Lawanga, Leader; Mabika-Bope, Elzedek; Lumembe-Numbi, Raphael; Kabamba-Lungenyi, Gabriel; Citenga, Andre; Kelvin, D. J.; Pratt, Catherine; Ayouba, Ahidjo; Tessema, Sofonias; Mukadi-Bamuleka, Daniel; Jansen, Daan; Halbrook, Megan; Merrit, Sydney; Hensley, Lisa; Delaporte, Eric; Mwamba, Dieudonne; Liesenborghs, Laurens; Hoff, Nicole; Peeters, Martine; Low, Nicola; Rimoin, Anne; Kindrachuk, Jason; Vercauteren, Koen; Rambaut, Andrew; Ahuka-Mundeke, Steve; Muyembe-Tamfum, Jean-Jacques"
PP_004B63W,Ia,None,Democratic Republic of the Congo,Mongala,2025-03-03,187467,0.6381858840113788,2025-10-21,"Mapenzi-Kashali, Nelson; Citenga, Andre; Mbala-Kingebeni, Placide; Wawina-Bokalanga, Tony; Kinganda-Lusamaki, Eddy; Pukuta-Simbu, Elisabeth; Hasivirwe-Vakaniaki, Emmanuel; Ola-Mpumbe, Rilia; Kwete-Mbokama, Papy; Akil-Bandali, Prince; Kacita, Cris; Ponga-Museme, Ange; Vakaniaki, Gloria; Amuri-Aziza, Adrienne; Kenye, Kelly-Michel; Muyamuna, Elisabeth; Kavira-Bapitani, Sifa; Mukadi, Patrick; OToole, Aine; Tshiani-Mbaya, Olivier; Paku-Tshambu, Princesse; Lokilo-Lofiko, Emmanuel; Muswamba-Kayembe, Chloe; Makangara-Cigolo, Jean-Claude; Cikaya-Kankolongo, Fiston; Luakanda-Ndelemo, Gradi; Lawanga, Leader; Mabika-Bope, Elzedek; Lumembe-Numbi, Raphael; Kabamba-Lungenyi, Gabriel; Kelvin, D. J.; Pratt, Catherine; Ayouba, Ahidjo; Tessema, Sofonias; Mukadi-Bamuleka, Daniel; Jansen, Daan; Halbrook, Megan; Merrit, Sydney; Hensley, Lisa; Delaporte, Eric; Mwamba, Dieudonne; Liesenborghs, Laurens; Hoff, Nicole; Peeters, Martine; Low, Nicola; Rimoin, Anne; Kindrachuk, Jason; Vercauteren, Koen; Rambaut, Andrew; Ahuka-Mundeke, Steve; Muyembe-Tamfum, Jean-Jacques"
PP_004B64U,Ib,A.1,Democratic Republic of the Congo,Kinshasa,2025-03-03,187319,0.7899690176411827,2025-10-21,"Amuri-Aziza, Adrienne; Mbala-Kingebeni, Placide; Wawina-Bokalanga, Tony; Kinganda-Lusamaki, Eddy; Pukuta-Simbu, Elisabeth; Hasivirwe-Vakaniaki, Emmanuel; Ola-Mpumbe, Rilia; Kwete-Mbokama, Papy; Akil-Bandali, Prince; Kacita, Cris; Ponga-Museme, Ange; Mapenzi-Kashali, Nelson; Vakaniaki, Gloria; Kenye, Kelly-Michel; Muyamuna, Elisabeth; Kavira-Bapitani, Sifa; Mukadi, Patrick; OToole, Aine; Tshiani-Mbaya, Olivier; Paku-Tshambu, Princesse; Lokilo-Lofiko, Emmanuel; Muswamba-Kayembe, Chloe; Makangara-Cigolo, Jean-Claude; Cikaya-Kankolongo, Fiston; Luakanda-Ndelemo, Gradi; Lawanga, Leader; Mabika-Bope, Elzedek; Lumembe-Numbi, Raphael; Kabamba-Lungenyi, Gabriel; Citenga, Andre; Kelvin, D. J.; Pratt, Catherine; Ayouba, Ahidjo; Tessema, Sofonias; Mukadi-Bamuleka, Daniel; Jansen, Daan; Halbrook, Megan; Merrit, Sydney; Hensley, Lisa; Delaporte, Eric; Mwamba, Dieudonne; Liesenborghs, Laurens; Hoff, Nicole; Peeters, Martine; Low, Nicola; Rimoin, Anne; Kindrachuk, Jason; Vercauteren, Koen; Rambaut, Andrew; Ahuka-Mundeke, Steve; Muyembe-Tamfum, Jean-Jacques"
PP_004B65S,Ib,A.1,Democratic Republic of the Congo,Kinshasa,2025-03-03,187321,0.7647571865381397,2025-10-21,"Amuri-Aziza, Adrienne; Mbala-Kingebeni, Placide; Wawina-Bokalanga, Tony; Kinganda-Lusamaki, Eddy; Pukuta-Simbu, Elisabeth; Hasivirwe-Vakaniaki, Emmanuel; Ola-Mpumbe, Rilia; Kwete-Mbokama, Papy; Akil-Bandali, Prince; Kacita, Cris; Ponga-Museme, Ange; Mapenzi-Kashali, Nelson; Vakaniaki, Gloria; Kenye, Kelly-Michel; Muyamuna, Elisabeth; Kavira-Bapitani, Sifa; Mukadi, Patrick; OToole, Aine; Tshiani-Mbaya, Olivier; Paku-Tshambu, Princesse; Lokilo-Lofiko, Emmanuel; Muswamba-Kayembe, Chloe; Makangara-Cigolo, Jean-Claude; Cikaya-Kankolongo, Fiston; Luakanda-Ndelemo, Gradi; Lawanga, Leader; Mabika-Bope, Elzedek; Lumembe-Numbi, Raphael; Kabamba-Lungenyi, Gabriel; Citenga, Andre; Kelvin, D. J.; Pratt, Catherine; Ayouba, Ahidjo; Tessema, Sofonias; Mukadi-Bamuleka, Daniel; Jansen, Daan; Halbrook, Megan; Merrit, Sydney; Hensley, Lisa; Delaporte, Eric; Mwamba, Dieudonne; Liesenborghs, Laurens; Hoff, Nicole; Peeters, Martine; Low, Nicola; Rimoin, Anne; Kindrachuk, Jason; Vercauteren, Koen; Rambaut, Andrew; Ahuka-Mundeke, Steve; Muyembe-Tamfum, Jean-Jacques"
PP_004B66Q,Ib,A.1,Democratic Republic of the Congo,Kinshasa,2025-03-03,187433,0.4919653768337145,2025-10-21,"Amuri-Aziza, Adrienne; Mbala-Kingebeni, Placide; Wawina-Bokalanga, Tony; Kinganda-Lusamaki, Eddy; Pukuta-Simbu, Elisabeth; Hasivirwe-Vakaniaki, Emmanuel; Ola-Mpumbe, Rilia; Kwete-Mbokama, Papy; Akil-Bandali, Prince; Kacita, Cris; Ponga-Museme, Ange; Mapenzi-Kashali, Nelson; Vakaniaki, Gloria; Kenye, Kelly-Michel; Muyamuna, Elisabeth; Kavira-Bapitani, Sifa; Mukadi, Patrick; OToole, Aine; Tshiani-Mbaya, Olivier; Paku-Tshambu, Princesse; Lokilo-Lofiko, Emmanuel; Muswamba-Kayembe, Chloe; Makangara-Cigolo, Jean-Claude; Cikaya-Kankolongo, Fiston; Luakanda-Ndelemo, Gradi; Lawanga, Leader; Mabika-Bope, Elzedek; Lumembe-Numbi, Raphael; Kabamba-Lungenyi, Gabriel; Citenga, Andre; Kelvin, D. J.; Pratt, Catherine; Ayouba, Ahidjo; Tessema, Sofonias; Mukadi-Bamuleka, Daniel; Jansen, Daan; Halbrook, Megan; Merrit, Sydney; Hensley, Lisa; Delaporte, Eric; Mwamba, Dieudonne; Liesenborghs, Laurens; Hoff, Nicole; Peeters, Martine; Low, Nicola; Rimoin, Anne; Kindrachuk, Jason; Vercauteren, Koen; Rambaut, Andrew; Ahuka-Mundeke, Steve; Muyembe-Tamfum, Jean-Jacques"
PP_004B67N,Ib,A.1,Democratic Republic of the Congo,Kinshasa,2025-03-03,187437,0.4785582808086852,2025-10-21,"Amuri-Aziza, Adrienne; Mbala-Kingebeni, Placide; Wawina-Bokalanga, Tony; Kinganda-Lusamaki, Eddy; Pukuta-Simbu, Elisabeth; Hasivirwe-Vakaniaki, Emmanuel; Ola-Mpumbe, Rilia; Kwete-Mbokama, Papy; Akil-Bandali, Prince; Kacita, Cris; Ponga-Museme, Ange; Mapenzi-Kashali, Nelson; Vakaniaki, Gloria; Kenye, Kelly-Michel; Muyamuna, Elisabeth; Kavira-Bapitani, Sifa; Mukadi, Patrick; OToole, Aine; Tshiani-Mbaya, Olivier; Paku-Tshambu, Princesse; Lokilo-Lofiko, Emmanuel; Muswamba-Kayembe, Chloe; Makangara-Cigolo, Jean-Claude; Cikaya-Kankolongo, Fiston; Luakanda-Ndelemo, Gradi; Lawanga, Leader; Mabika-Bope, Elzedek; Lumembe-Numbi, Raphael; Kabamba-Lungenyi, Gabriel; Citenga, Andre; Kelvin, D. J.; Pratt, Catherine; Ayouba, Ahidjo; Tessema, Sofonias; Mukadi-Bamuleka, Daniel; Jansen, Daan; Halbrook, Megan; Merrit, Sydney; Hensley, Lisa; Delaporte, Eric; Mwamba, Dieudonne; Liesenborghs, Laurens; Hoff, Nicole; Peeters, Martine; Low, Nicola; Rimoin, Anne; Kindrachuk, Jason; Vercauteren, Koen; Rambaut, Andrew; Ahuka-Mundeke, Steve; Muyembe-Tamfum, Jean-Jacques"
PP_004B68L,Ib,A.1,Democratic Republic of the Congo,Kinshasa,2025-03-03,187354,0.7369339127524606,2025-10-21,"Amuri-Aziza, Adrienne; Mbala-Kingebeni, Placide; Wawina-Bokalanga, Tony; Kinganda-Lusamaki, Eddy; Pukuta-Simbu, Elisabeth; Hasivirwe-Vakaniaki, Emmanuel; Ola-Mpumbe, Rilia; Kwete-Mbokama, Papy; Akil-Bandali, Prince; Kacita, Cris; Ponga-Museme, Ange; Mapenzi-Kashali, Nelson; Vakaniaki, Gloria; Kenye, Kelly-Michel; Muyamuna, Elisabeth; Kavira-Bapitani, Sifa; Mukadi, Patrick; OToole, Aine; Tshiani-Mbaya, Olivier; Paku-Tshambu, Princesse; Lokilo-Lofiko, Emmanuel; Muswamba-Kayembe, Chloe; Makangara-Cigolo, Jean-Claude; Cikaya-Kankolongo, Fiston; Luakanda-Ndelemo, Gradi; Lawanga, Leader; Mabika-Bope, Elzedek; Lumembe-Numbi, Raphael; Kabamba-Lungenyi, Gabriel; Citenga, Andre; Kelvin, D. J.; Pratt, Catherine; Ayouba, Ahidjo; Tessema, Sofonias; Mukadi-Bamuleka, Daniel; Jansen, Daan; Halbrook, Megan; Merrit, Sydney; Hensley, Lisa; Delaporte, Eric; Mwamba, Dieudonne; Liesenborghs, Laurens; Hoff, Nicole; Peeters, Martine; Low, Nicola; Rimoin, Anne; Kindrachuk, Jason; Vercauteren, Koen; Rambaut, Andrew; Ahuka-Mundeke, Steve; Muyembe-Tamfum, Jean-Jacques"
PP_004B69J,Ib,A.1,Democratic Republic of the Congo,Kinshasa,2025-03-03,187341,0.8320817001252478,2025-10-21,"Amuri-Aziza, Adrienne; Mbala-Kingebeni, Placide; Wawina-Bokalanga, Tony; Kinganda-Lusamaki, Eddy; Pukuta-Simbu, Elisabeth; Hasivirwe-Vakaniaki, Emmanuel; Ola-Mpumbe, Rilia; Kwete-Mbokama, Papy; Akil-Bandali, Prince; Kacita, Cris; Ponga-Museme, Ange; Mapenzi-Kashali, Nelson; Vakaniaki, Gloria; Kenye, Kelly-Michel; Muyamuna, Elisabeth; Kavira-Bapitani, Sifa; Mukadi, Patrick; OToole, Aine; Tshiani-Mbaya, Olivier; Paku-Tshambu, Princesse; Lokilo-Lofiko, Emmanuel; Muswamba-Kayembe, Chloe; Makangara-Cigolo, Jean-Claude; Cikaya-Kankolongo, Fiston; Luakanda-Ndelemo, Gradi; Lawanga, Leader; Mabika-Bope, Elzedek; Lumembe-Numbi, Raphael; Kabamba-Lungenyi, Gabriel; Citenga, Andre; Kelvin, D. J.; Pratt, Catherine; Ayouba, Ahidjo; Tessema, Sofonias; Mukadi-Bamuleka, Daniel; Jansen, Daan; Halbrook, Megan; Merrit, Sydney; Hensley, Lisa; Delaporte, Eric; Mwamba, Dieudonne; Liesenborghs, Laurens; Hoff, Nicole; Peeters, Martine; Low, Nicola; Rimoin, Anne; Kindrachuk, Jason; Vercauteren, Koen; Rambaut, Andrew; Ahuka-Mundeke, Steve; Muyembe-Tamfum, Jean-Jacques"
PP_004B6AG,Ia,None,Democratic Republic of the Congo,Kinshasa,2025-03-03,187478,0.8171888706904857,2025-10-21,"Amuri-Aziza, Adrienne; Mbala-Kingebeni, Placide; Wawina-Bokalanga, Tony; Kinganda-Lusamaki, Eddy; Pukuta-Simbu, Elisabeth; Hasivirwe-Vakaniaki, Emmanuel; Ola-Mpumbe, Rilia; Kwete-Mbokama, Papy; Akil-Bandali, Prince; Kacita, Cris; Ponga-Museme, Ange; Mapenzi-Kashali, Nelson; Vakaniaki, Gloria; Kenye, Kelly-Michel; Muyamuna, Elisabeth; Kavira-Bapitani, Sifa; Mukadi, Patrick; OToole, Aine; Tshiani-Mbaya, Olivier; Paku-Tshambu, Princesse; Lokilo-Lofiko, Emmanuel; Muswamba-Kayembe, Chloe; Makangara-Cigolo, Jean-Claude; Cikaya-Kankolongo, Fiston; Luakanda-Ndelemo, Gradi; Lawanga, Leader; Mabika-Bope, Elzedek; Lumembe-Numbi, Raphael; Kabamba-Lungenyi, Gabriel; Citenga, Andre; Kelvin, D. J.; Pratt, Catherine; Ayouba, Ahidjo; Tessema, Sofonias; Mukadi-Bamuleka, Daniel; Jansen, Daan; Halbrook, Megan; Merrit, Sydney; Hensley, Lisa; Delaporte, Eric; Mwamba, Dieudonne; Liesenborghs, Laurens; Hoff, Nicole; Peeters, Martine; Low, Nicola; Rimoin, Anne; Kindrachuk, Jason; Vercauteren, Koen; Rambaut, Andrew; Ahuka-Mundeke, Steve; Muyembe-Tamfum, Jean-Jacques"
PP_004B6BE,Ib,A.1,Democratic Republic of the Congo,Kinshasa,2025-03-03,187400,0.4848206724845215,2025-10-21,"Amuri-Aziza, Adrienne; Mbala-Kingebeni, Placide; Wawina-Bokalanga, Tony; Kinganda-Lusamaki, Eddy; Pukuta-Simbu, Elisabeth; Hasivirwe-Vakaniaki, Emmanuel; Ola-Mpumbe, Rilia; Kwete-Mbokama, Papy; Akil-Bandali, Prince; Kacita, Cris; Ponga-Museme, Ange; Mapenzi-Kashali, Nelson; Vakaniaki, Gloria; Kenye, Kelly-Michel; Muyamuna, Elisabeth; Kavira-Bapitani, Sifa; Mukadi, Patrick; OToole, Aine; Tshiani-Mbaya, Olivier; Paku-Tshambu, Princesse; Lokilo-Lofiko, Emmanuel; Muswamba-Kayembe, Chloe; Makangara-Cigolo, Jean-Claude; Cikaya-Kankolongo, Fiston; Luakanda-Ndelemo, Gradi; Lawanga, Leader; Mabika-Bope, Elzedek; Lumembe-Numbi, Raphael; Kabamba-Lungenyi, Gabriel; Citenga, Andre; Kelvin, D. J.; Pratt, Catherine; Ayouba, Ahidjo; Tessema, Sofonias; Mukadi-Bamuleka, Daniel; Jansen, Daan; Halbrook, Megan; Merrit, Sydney; Hensley, Lisa; Delaporte, Eric; Mwamba, Dieudonne; Liesenborghs, Laurens; Hoff, Nicole; Peeters, Martine; Low, Nicola; Rimoin, Anne; Kindrachuk, Jason; Vercauteren, Koen; Rambaut, Andrew; Ahuka-Mundeke, Steve; Muyembe-Tamfum, Jean-Jacques"
PP_004B6CC,Ia,None,Democratic Republic of the Congo,Kinshasa,2025-03-03,187483,0.7139329340952999,2025-10-21,"Amuri-Aziza, Adrienne; Mbala-Kingebeni, Placide; Wawina-Bokalanga, Tony; Kinganda-Lusamaki, Eddy; Pukuta-Simbu, Elisabeth; Hasivirwe-Vakaniaki, Emmanuel; Ola-Mpumbe, Rilia; Kwete-Mbokama, Papy; Akil-Bandali, Prince; Kacita, Cris; Ponga-Museme, Ange; Mapenzi-Kashali, Nelson; Vakaniaki, Gloria; Kenye, Kelly-Michel; Muyamuna, Elisabeth; Kavira-Bapitani, Sifa; Mukadi, Patrick; OToole, Aine; Tshiani-Mbaya, Olivier; Paku-Tshambu, Princesse; Lokilo-Lofiko, Emmanuel; Muswamba-Kayembe, Chloe; Makangara-Cigolo, Jean-Claude; Cikaya-Kankolongo, Fiston; Luakanda-Ndelemo, Gradi; Lawanga, Leader; Mabika-Bope, Elzedek; Lumembe-Numbi, Raphael; Kabamba-Lungenyi, Gabriel; Citenga, Andre; Kelvin, D. J.; Pratt, Catherine; Ayouba, Ahidjo; Tessema, Sofonias; Mukadi-Bamuleka, Daniel; Jansen, Daan; Halbrook, Megan; Merrit, Sydney; Hensley, Lisa; Delaporte, Eric; Mwamba, Dieudonne; Liesenborghs, Laurens; Hoff, Nicole; Peeters, Martine; Low, Nicola; Rimoin, Anne; Kindrachuk, Jason; Vercauteren, Koen; Rambaut, Andrew; Ahuka-Mundeke, Steve; Muyembe-Tamfum, Jean-Jacques"
PP_004B6DA,Ib,A.1,Democratic Republic of the Congo,Kinshasa,2025-03-03,187409,0.5134248436937462,2025-10-21,"Amuri-Aziza, Adrienne; Mbala-Kingebeni, Placide; Wawina-Bokalanga, Tony; Kinganda-Lusamaki, Eddy; Pukuta-Simbu, Elisabeth; Hasivirwe-Vakaniaki, Emmanuel; Ola-Mpumbe, Rilia; Kwete-Mbokama, Papy; Akil-Bandali, Prince; Kacita, Cris; Ponga-Museme, Ange; Mapenzi-Kashali, Nelson; Vakaniaki, Gloria; Kenye, Kelly-Michel; Muyamuna, Elisabeth; Kavira-Bapitani, Sifa; Mukadi, Patrick; OToole, Aine; Tshiani-Mbaya, Olivier; Paku-Tshambu, Princesse; Lokilo-Lofiko, Emmanuel; Muswamba-Kayembe, Chloe; Makangara-Cigolo, Jean-Claude; Cikaya-Kankolongo, Fiston; Luakanda-Ndelemo, Gradi; Lawanga, Leader; Mabika-Bope, Elzedek; Lumembe-Numbi, Raphael; Kabamba-Lungenyi, Gabriel; Citenga, Andre; Kelvin, D. J.; Pratt, Catherine; Ayouba, Ahidjo; Tessema, Sofonias; Mukadi-Bamuleka, Daniel; Jansen, Daan; Halbrook, Megan; Merrit, Sydney; Hensley, Lisa; Delaporte, Eric; Mwamba, Dieudonne; Liesenborghs, Laurens; Hoff, Nicole; Peeters, Martine; Low, Nicola; Rimoin, Anne; Kindrachuk, Jason; Vercauteren, Koen; Rambaut, Andrew; Ahuka-Mundeke, Steve; Muyembe-Tamfum, Jean-Jacques"
PP_004B6E8,Ib,A.1,Democratic Republic of the Congo,Kinshasa,2025-03-03,187421,0.7669071898341353,2025-10-21,"Amuri-Aziza, Adrienne; Mbala-Kingebeni, Placide; Wawina-Bokalanga, Tony; Kinganda-Lusamaki, Eddy; Pukuta-Simbu, Elisabeth; Hasivirwe-Vakaniaki, Emmanuel; Ola-Mpumbe, Rilia; Kwete-Mbokama, Papy; Akil-Bandali, Prince; Kacita, Cris; Ponga-Museme, Ange; Mapenzi-Kashali, Nelson; Vakaniaki, Gloria; Kenye, Kelly-Michel; Muyamuna, Elisabeth; Kavira-Bapitani, Sifa; Mukadi, Patrick; OToole, Aine; Tshiani-Mbaya, Olivier; Paku-Tshambu, Princesse; Lokilo-Lofiko, Emmanuel; Muswamba-Kayembe, Chloe; Makangara-Cigolo, Jean-Claude; Cikaya-Kankolongo, Fiston; Luakanda-Ndelemo, Gradi; Lawanga, Leader; Mabika-Bope, Elzedek; Lumembe-Numbi, Raphael; Kabamba-Lungenyi, Gabriel; Citenga, Andre; Kelvin, D. J.; Pratt, Catherine; Ayouba, Ahidjo; Tessema, Sofonias; Mukadi-Bamuleka, Daniel; Jansen, Daan; Halbrook, Megan; Merrit, Sydney; Hensley, Lisa; Delaporte, Eric; Mwamba, Dieudonne; Liesenborghs, Laurens; Hoff, Nicole; Peeters, Martine; Low, Nicola; Rimoin, Anne; Kindrachuk, Jason; Vercauteren, Koen; Rambaut, Andrew; Ahuka-Mundeke, Steve; Muyembe-Tamfum, Jean-Jacques"
PP_004B6F6,Ia,None,Democratic Republic of the Congo,Kinshasa,2025-03-02,187483,0.7529625929851071,2025-10-21,"Amuri-Aziza, Adrienne; Mbala-Kingebeni, Placide; Wawina-Bokalanga, Tony; Kinganda-Lusamaki, Eddy; Pukuta-Simbu, Elisabeth; Hasivirwe-Vakaniaki, Emmanuel; Ola-Mpumbe, Rilia; Kwete-Mbokama, Papy; Akil-Bandali, Prince; Kacita, Cris; Ponga-Museme, Ange; Mapenzi-Kashali, Nelson; Vakaniaki, Gloria; Kenye, Kelly-Michel; Muyamuna, Elisabeth; Kavira-Bapitani, Sifa; Mukadi, Patrick; OToole, Aine; Tshiani-Mbaya, Olivier; Paku-Tshambu, Princesse; Lokilo-Lofiko, Emmanuel; Muswamba-Kayembe, Chloe; Makangara-Cigolo, Jean-Claude; Cikaya-Kankolongo, Fiston; Luakanda-Ndelemo, Gradi; Lawanga, Leader; Mabika-Bope, Elzedek; Lumembe-Numbi, Raphael; Kabamba-Lungenyi, Gabriel; Citenga, Andre; Kelvin, D. J.; Pratt, Catherine; Ayouba, Ahidjo; Tessema, Sofonias; Mukadi-Bamuleka, Daniel; Jansen, Daan; Halbrook, Megan; Merrit, Sydney; Hensley, Lisa; Delaporte, Eric; Mwamba, Dieudonne; Liesenborghs, Laurens; Hoff, Nicole; Peeters, Martine; Low, Nicola; Rimoin, Anne; Kindrachuk, Jason; Vercauteren, Koen; Rambaut, Andrew; Ahuka-Mundeke, Steve; Muyembe-Tamfum, Jean-Jacques"
PP_004B6G4,Ib,A.1,Democratic Republic of the Congo,Kinshasa,2025-03-02,187373,0.8535969453726757,2025-10-21,"Amuri-Aziza, Adrienne; Mbala-Kingebeni, Placide; Wawina-Bokalanga, Tony; Kinganda-Lusamaki, Eddy; Pukuta-Simbu, Elisabeth; Hasivirwe-Vakaniaki, Emmanuel; Ola-Mpumbe, Rilia; Kwete-Mbokama, Papy; Akil-Bandali, Prince; Kacita, Cris; Ponga-Museme, Ange; Mapenzi-Kashali, Nelson; Vakaniaki, Gloria; Kenye, Kelly-Michel; Muyamuna, Elisabeth; Kavira-Bapitani, Sifa; Mukadi, Patrick; OToole, Aine; Tshiani-Mbaya, Olivier; Paku-Tshambu, Princesse; Lokilo-Lofiko, Emmanuel; Muswamba-Kayembe, Chloe; Makangara-Cigolo, Jean-Claude; Cikaya-Kankolongo, Fiston; Luakanda-Ndelemo, Gradi; Lawanga, Leader; Mabika-Bope, Elzedek; Lumembe-Numbi, Raphael; Kabamba-Lungenyi, Gabriel; Citenga, Andre; Kelvin, D. J.; Pratt, Catherine; Ayouba, Ahidjo; Tessema, Sofonias; Mukadi-Bamuleka, Daniel; Jansen, Daan; Halbrook, Megan; Merrit, Sydney; Hensley, Lisa; Delaporte, Eric; Mwamba, Dieudonne; Liesenborghs, Laurens; Hoff, Nicole; Peeters, Martine; Low, Nicola; Rimoin, Anne; Kindrachuk, Jason; Vercauteren, Koen; Rambaut, Andrew; Ahuka-Mundeke, Steve; Muyembe-Tamfum, Jean-Jacques"
PP_004B6H1,Ib,A.1,Democratic Republic of the Congo,Kinshasa,2025-03-01,187305,0.8619738450070737,2025-10-21,"Amuri-Aziza, Adrienne; Mbala-Kingebeni, Placide; Wawina-Bokalanga, Tony; Kinganda-Lusamaki, Eddy; Pukuta-Simbu, Elisabeth; Hasivirwe-Vakaniaki, Emmanuel; Ola-Mpumbe, Rilia; Kwete-Mbokama, Papy; Akil-Bandali, Prince; Kacita, Cris; Ponga-Museme, Ange; Mapenzi-Kashali, Nelson; Vakaniaki, Gloria; Kenye, Kelly-Michel; Muyamuna, Elisabeth; Kavira-Bapitani, Sifa; Mukadi, Patrick; OToole, Aine; Tshiani-Mbaya, Olivier; Paku-Tshambu, Princesse; Lokilo-Lofiko, Emmanuel; Muswamba-Kayembe, Chloe; Makangara-Cigolo, Jean-Claude; Cikaya-Kankolongo, Fiston; Luakanda-Ndelemo, Gradi; Lawanga, Leader; Mabika-Bope, Elzedek; Lumembe-Numbi, Raphael; Kabamba-Lungenyi, Gabriel; Citenga, Andre; Kelvin, D. J.; Pratt, Catherine; Ayouba, Ahidjo; Tessema, Sofonias; Mukadi-Bamuleka, Daniel; Jansen, Daan; Halbrook, Megan; Merrit, Sydney; Hensley, Lisa; Delaporte, Eric; Mwamba, Dieudonne; Liesenborghs, Laurens; Hoff, Nicole; Peeters, Martine; Low, Nicola; Rimoin, Anne; Kindrachuk, Jason; Vercauteren, Koen; Rambaut, Andrew; Ahuka-Mundeke, Steve; Muyembe-Tamfum, Jean-Jacques"
PP_004B6JZ,Ia,None,Democratic Republic of the Congo,Mongala,2025-01-09,187481,0.7580181431881912,2025-10-21,"Mapenzi-Kashali, Nelson; Citenga, Andre; Mbala-Kingebeni, Placide; Wawina-Bokalanga, Tony; Kinganda-Lusamaki, Eddy; Pukuta-Simbu, Elisabeth; Hasivirwe-Vakaniaki, Emmanuel; Ola-Mpumbe, Rilia; Kwete-Mbokama, Papy; Akil-Bandali, Prince; Kacita, Cris; Ponga-Museme, Ange; Vakaniaki, Gloria; Amuri-Aziza, Adrienne; Kenye, Kelly-Michel; Muyamuna, Elisabeth; Kavira-Bapitani, Sifa; Mukadi, Patrick; OToole, Aine; Tshiani-Mbaya, Olivier; Paku-Tshambu, Princesse; Lokilo-Lofiko, Emmanuel; Muswamba-Kayembe, Chloe; Makangara-Cigolo, Jean-Claude; Cikaya-Kankolongo, Fiston; Luakanda-Ndelemo, Gradi; Lawanga, Leader; Mabika-Bope, Elzedek; Lumembe-Numbi, Raphael; Kabamba-Lungenyi, Gabriel; Kelvin, D. J.; Pratt, Catherine; Ayouba, Ahidjo; Tessema, Sofonias; Mukadi-Bamuleka, Daniel; Jansen, Daan; Halbrook, Megan; Merrit, Sydney; Hensley, Lisa; Delaporte, Eric; Mwamba, Dieudonne; Liesenborghs, Laurens; Hoff, Nicole; Peeters, Martine; Low, Nicola; Rimoin, Anne; Kindrachuk, Jason; Vercauteren, Koen; Rambaut, Andrew; Ahuka-Mundeke, Steve; Muyembe-Tamfum, Jean-Jacques"
PP_004B6KX,Ia,None,Democratic Republic of the Congo,Mongala,2025-01-09,185051,0.8893103255936595,2025-10-21,"Mapenzi-Kashali, Nelson; Citenga, Andre; Mbala-Kingebeni, Placide; Wawina-Bokalanga, Tony; Kinganda-Lusamaki, Eddy; Pukuta-Simbu, Elisabeth; Hasivirwe-Vakaniaki, Emmanuel; Ola-Mpumbe, Rilia; Kwete-Mbokama, Papy; Akil-Bandali, Prince; Kacita, Cris; Ponga-Museme, Ange; Vakaniaki, Gloria; Amuri-Aziza, Adrienne; Kenye, Kelly-Michel; Muyamuna, Elisabeth; Kavira-Bapitani, Sifa; Mukadi, Patrick; OToole, Aine; Tshiani-Mbaya, Olivier; Paku-Tshambu, Princesse; Lokilo-Lofiko, Emmanuel; Muswamba-Kayembe, Chloe; Makangara-Cigolo, Jean-Claude; Cikaya-Kankolongo, Fiston; Luakanda-Ndelemo, Gradi; Lawanga, Leader; Mabika-Bope, Elzedek; Lumembe-Numbi, Raphael; Kabamba-Lungenyi, Gabriel; Kelvin, D. J.; Pratt, Catherine; Ayouba, Ahidjo; Tessema, Sofonias; Mukadi-Bamuleka, Daniel; Jansen, Daan; Halbrook, Megan; Merrit, Sydney; Hensley, Lisa; Delaporte, Eric; Mwamba, Dieudonne; Liesenborghs, Laurens; Hoff, Nicole; Peeters, Martine; Low, Nicola; Rimoin, Anne; Kindrachuk, Jason; Vercauteren, Koen; Rambaut, Andrew; Ahuka-Mundeke, Steve; Muyembe-Tamfum, Jean-Jacques"
PP_004B6LV,Ib,A.1,Democratic Republic of the Congo,Kinshasa,2025-03-03,187398,0.8693923705307567,2025-10-21,"Amuri-Aziza, Adrienne; Mbala-Kingebeni, Placide; Wawina-Bokalanga, Tony; Kinganda-Lusamaki, Eddy; Pukuta-Simbu, Elisabeth; Hasivirwe-Vakaniaki, Emmanuel; Ola-Mpumbe, Rilia; Kwete-Mbokama, Papy; Akil-Bandali, Prince; Kacita, Cris; Ponga-Museme, Ange; Mapenzi-Kashali, Nelson; Vakaniaki, Gloria; Kenye, Kelly-Michel; Muyamuna, Elisabeth; Kavira-Bapitani, Sifa; Mukadi, Patrick; OToole, Aine; Tshiani-Mbaya, Olivier; Paku-Tshambu, Princesse; Lokilo-Lofiko, Emmanuel; Muswamba-Kayembe, Chloe; Makangara-Cigolo, Jean-Claude; Cikaya-Kankolongo, Fiston; Luakanda-Ndelemo, Gradi; Lawanga, Leader; Mabika-Bope, Elzedek; Lumembe-Numbi, Raphael; Kabamba-Lungenyi, Gabriel; Citenga, Andre; Kelvin, D. J.; Pratt, Catherine; Ayouba, Ahidjo; Tessema, Sofonias; Mukadi-Bamuleka, Daniel; Jansen, Daan; Halbrook, Megan; Merrit, Sydney; Hensley, Lisa; Delaporte, Eric; Mwamba, Dieudonne; Liesenborghs, Laurens; Hoff, Nicole; Peeters, Martine; Low, Nicola; Rimoin, Anne; Kindrachuk, Jason; Vercauteren, Koen; Rambaut, Andrew; Ahuka-Mundeke, Steve; Muyembe-Tamfum, Jean-Jacques"
PP_004B6MT,Ib,A.1,Democratic Republic of the Congo,Kinshasa,2025-03-01,187297,0.8499764209544189,2025-10-21,"Amuri-Aziza, Adrienne; Mbala-Kingebeni, Placide; Wawina-Bokalanga, Tony; Kinganda-Lusamaki, Eddy; Pukuta-Simbu, Elisabeth; Hasivirwe-Vakaniaki, Emmanuel; Ola-Mpumbe, Rilia; Kwete-Mbokama, Papy; Akil-Bandali, Prince; Kacita, Cris; Ponga-Museme, Ange; Mapenzi-Kashali, Nelson; Vakaniaki, Gloria; Kenye, Kelly-Michel; Muyamuna, Elisabeth; Kavira-Bapitani, Sifa; Mukadi, Patrick; OToole, Aine; Tshiani-Mbaya, Olivier; Paku-Tshambu, Princesse; Lokilo-Lofiko, Emmanuel; Muswamba-Kayembe, Chloe; Makangara-Cigolo, Jean-Claude; Cikaya-Kankolongo, Fiston; Luakanda-Ndelemo, Gradi; Lawanga, Leader; Mabika-Bope, Elzedek; Lumembe-Numbi, Raphael; Kabamba-Lungenyi, Gabriel; Citenga, Andre; Kelvin, D. J.; Pratt, Catherine; Ayouba, Ahidjo; Tessema, Sofonias; Mukadi-Bamuleka, Daniel; Jansen, Daan; Halbrook, Megan; Merrit, Sydney; Hensley, Lisa; Delaporte, Eric; Mwamba, Dieudonne; Liesenborghs, Laurens; Hoff, Nicole; Peeters, Martine; Low, Nicola; Rimoin, Anne; Kindrachuk, Jason; Vercauteren, Koen; Rambaut, Andrew; Ahuka-Mundeke, Steve; Muyembe-Tamfum, Jean-Jacques"
PP_004B6NR,Ib,A.1,Democratic Republic of the Congo,Kinshasa,2025-03-03,187384,0.7765416385661912,2025-10-21,"Amuri-Aziza, Adrienne; Mbala-Kingebeni, Placide; Wawina-Bokalanga, Tony; Kinganda-Lusamaki, Eddy; Pukuta-Simbu, Elisabeth; Hasivirwe-Vakaniaki, Emmanuel; Ola-Mpumbe, Rilia; Kwete-Mbokama, Papy; Akil-Bandali, Prince; Kacita, Cris; Ponga-Museme, Ange; Mapenzi-Kashali, Nelson; Vakaniaki, Gloria; Kenye, Kelly-Michel; Muyamuna, Elisabeth; Kavira-Bapitani, Sifa; Mukadi, Patrick; OToole, Aine; Tshiani-Mbaya, Olivier; Paku-Tshambu, Princesse; Lokilo-Lofiko, Emmanuel; Muswamba-Kayembe, Chloe; Makangara-Cigolo, Jean-Claude; Cikaya-Kankolongo, Fiston; Luakanda-Ndelemo, Gradi; Lawanga, Leader; Mabika-Bope, Elzedek; Lumembe-Numbi, Raphael; Kabamba-Lungenyi, Gabriel; Citenga, Andre; Kelvin, D. J.; Pratt, Catherine; Ayouba, Ahidjo; Tessema, Sofonias; Mukadi-Bamuleka, Daniel; Jansen, Daan; Halbrook, Megan; Merrit, Sydney; Hensley, Lisa; Delaporte, Eric; Mwamba, Dieudonne; Liesenborghs, Laurens; Hoff, Nicole; Peeters, Martine; Low, Nicola; Rimoin, Anne; Kindrachuk, Jason; Vercauteren, Koen; Rambaut, Andrew; Ahuka-Mundeke, Steve; Muyembe-Tamfum, Jean-Jacques"
PP_004B6PP,Ia,None,Democratic Republic of the Congo,Kinshasa,2025-01-01/2025-10-21,187471,0.7283186872810065,2025-10-21,"Amuri-Aziza, Adrienne; Mbala-Kingebeni, Placide; Wawina-Bokalanga, Tony; Kinganda-Lusamaki, Eddy; Pukuta-Simbu, Elisabeth; Hasivirwe-Vakaniaki, Emmanuel; Ola-Mpumbe, Rilia; Kwete-Mbokama, Papy; Akil-Bandali, Prince; Kacita, Cris; Ponga-Museme, Ange; Mapenzi-Kashali, Nelson; Vakaniaki, Gloria; Kenye, Kelly-Michel; Muyamuna, Elisabeth; Kavira-Bapitani, Sifa; Mukadi, Patrick; OToole, Aine; Tshiani-Mbaya, Olivier; Paku-Tshambu, Princesse; Lokilo-Lofiko, Emmanuel; Muswamba-Kayembe, Chloe; Makangara-Cigolo, Jean-Claude; Cikaya-Kankolongo, Fiston; Luakanda-Ndelemo, Gradi; Lawanga, Leader; Mabika-Bope, Elzedek; Lumembe-Numbi, Raphael; Kabamba-Lungenyi, Gabriel; Citenga, Andre; Kelvin, D. J.; Pratt, Catherine; Ayouba, Ahidjo; Tessema, Sofonias; Mukadi-Bamuleka, Daniel; Jansen, Daan; Halbrook, Megan; Merrit, Sydney; Hensley, Lisa; Delaporte, Eric; Mwamba, Dieudonne; Liesenborghs, Laurens; Hoff, Nicole; Peeters, Martine; Low, Nicola; Rimoin, Anne; Kindrachuk, Jason; Vercauteren, Koen; Rambaut, Andrew; Ahuka-Mundeke, Steve; Muyembe-Tamfum, Jean-Jacques"
PP_004B6QM,Ib,A.1,Democratic Republic of the Congo,Kinshasa,2025-03-05,187332,0.8642962542277483,2025-10-21,"Amuri-Aziza, Adrienne; Mbala-Kingebeni, Placide; Wawina-Bokalanga, Tony; Kinganda-Lusamaki, Eddy; Pukuta-Simbu, Elisabeth; Hasivirwe-Vakaniaki, Emmanuel; Ola-Mpumbe, Rilia; Kwete-Mbokama, Papy; Akil-Bandali, Prince; Kacita, Cris; Ponga-Museme, Ange; Mapenzi-Kashali, Nelson; Vakaniaki, Gloria; Kenye, Kelly-Michel; Muyamuna, Elisabeth; Kavira-Bapitani, Sifa; Mukadi, Patrick; OToole, Aine; Tshiani-Mbaya, Olivier; Paku-Tshambu, Princesse; Lokilo-Lofiko, Emmanuel; Muswamba-Kayembe, Chloe; Makangara-Cigolo, Jean-Claude; Cikaya-Kankolongo, Fiston; Luakanda-Ndelemo, Gradi; Lawanga, Leader; Mabika-Bope, Elzedek; Lumembe-Numbi, Raphael; Kabamba-Lungenyi, Gabriel; Citenga, Andre; Kelvin, D. J.; Pratt, Catherine; Ayouba, Ahidjo; Tessema, Sofonias; Mukadi-Bamuleka, Daniel; Jansen, Daan; Halbrook, Megan; Merrit, Sydney; Hensley, Lisa; Delaporte, Eric; Mwamba, Dieudonne; Liesenborghs, Laurens; Hoff, Nicole; Peeters, Martine; Low, Nicola; Rimoin, Anne; Kindrachuk, Jason; Vercauteren, Koen; Rambaut, Andrew; Ahuka-Mundeke, Steve; Muyembe-Tamfum, Jean-Jacques"
PP_004B6RK,Ib,A.1,Democratic Republic of the Congo,Kinshasa,2025-03-05,187314,0.8545096826209757,2025-10-21,"Amuri-Aziza, Adrienne; Mbala-Kingebeni, Placide; Wawina-Bokalanga, Tony; Kinganda-Lusamaki, Eddy; Pukuta-Simbu, Elisabeth; Hasivirwe-Vakaniaki, Emmanuel; Ola-Mpumbe, Rilia; Kwete-Mbokama, Papy; Akil-Bandali, Prince; Kacita, Cris; Ponga-Museme, Ange; Mapenzi-Kashali, Nelson; Vakaniaki, Gloria; Kenye, Kelly-Michel; Muyamuna, Elisabeth; Kavira-Bapitani, Sifa; Mukadi, Patrick; OToole, Aine; Tshiani-Mbaya, Olivier; Paku-Tshambu, Princesse; Lokilo-Lofiko, Emmanuel; Muswamba-Kayembe, Chloe; Makangara-Cigolo, Jean-Claude; Cikaya-Kankolongo, Fiston; Luakanda-Ndelemo, Gradi; Lawanga, Leader; Mabika-Bope, Elzedek; Lumembe-Numbi, Raphael; Kabamba-Lungenyi, Gabriel; Citenga, Andre; Kelvin, D. J.; Pratt, Catherine; Ayouba, Ahidjo; Tessema, Sofonias; Mukadi-Bamuleka, Daniel; Jansen, Daan; Halbrook, Megan; Merrit, Sydney; Hensley, Lisa; Delaporte, Eric; Mwamba, Dieudonne; Liesenborghs, Laurens; Hoff, Nicole; Peeters, Martine; Low, Nicola; Rimoin, Anne; Kindrachuk, Jason; Vercauteren, Koen; Rambaut, Andrew; Ahuka-Mundeke, Steve; Muyembe-Tamfum, Jean-Jacques"
PP_004B6SH,Ib,A.1,Democratic Republic of the Congo,Kinshasa,2025-03-03,187457,0.882708192830956,2025-10-21,"Amuri-Aziza, Adrienne; Mbala-Kingebeni, Placide; Wawina-Bokalanga, Tony; Kinganda-Lusamaki, Eddy; Pukuta-Simbu, Elisabeth; Hasivirwe-Vakaniaki, Emmanuel; Ola-Mpumbe, Rilia; Kwete-Mbokama, Papy; Akil-Bandali, Prince; Kacita, Cris; Ponga-Museme, Ange; Mapenzi-Kashali, Nelson; Vakaniaki, Gloria; Kenye, Kelly-Michel; Muyamuna, Elisabeth; Kavira-Bapitani, Sifa; Mukadi, Patrick; OToole, Aine; Tshiani-Mbaya, Olivier; Paku-Tshambu, Princesse; Lokilo-Lofiko, Emmanuel; Muswamba-Kayembe, Chloe; Makangara-Cigolo, Jean-Claude; Cikaya-Kankolongo, Fiston; Luakanda-Ndelemo, Gradi; Lawanga, Leader; Mabika-Bope, Elzedek; Lumembe-Numbi, Raphael; Kabamba-Lungenyi, Gabriel; Citenga, Andre; Kelvin, D. J.; Pratt, Catherine; Ayouba, Ahidjo; Tessema, Sofonias; Mukadi-Bamuleka, Daniel; Jansen, Daan; Halbrook, Megan; Merrit, Sydney; Hensley, Lisa; Delaporte, Eric; Mwamba, Dieudonne; Liesenborghs, Laurens; Hoff, Nicole; Peeters, Martine; Low, Nicola; Rimoin, Anne; Kindrachuk, Jason; Vercauteren, Koen; Rambaut, Andrew; Ahuka-Mundeke, Steve; Muyembe-Tamfum, Jean-Jacques"
PP_004B6TF,Ia,None,Democratic Republic of the Congo,Kinshasa,2025-03-04,187472,0.8427455136428865,2025-10-21,"Amuri-Aziza, Adrienne; Mbala-Kingebeni, Placide; Wawina-Bokalanga, Tony; Kinganda-Lusamaki, Eddy; Pukuta-Simbu, Elisabeth; Hasivirwe-Vakaniaki, Emmanuel; Ola-Mpumbe, Rilia; Kwete-Mbokama, Papy; Akil-Bandali, Prince; Kacita, Cris; Ponga-Museme, Ange; Mapenzi-Kashali, Nelson; Vakaniaki, Gloria; Kenye, Kelly-Michel; Muyamuna, Elisabeth; Kavira-Bapitani, Sifa; Mukadi, Patrick; OToole, Aine; Tshiani-Mbaya, Olivier; Paku-Tshambu, Princesse; Lokilo-Lofiko, Emmanuel; Muswamba-Kayembe, Chloe; Makangara-Cigolo, Jean-Claude; Cikaya-Kankolongo, Fiston; Luakanda-Ndelemo, Gradi; Lawanga, Leader; Mabika-Bope, Elzedek; Lumembe-Numbi, Raphael; Kabamba-Lungenyi, Gabriel; Citenga, Andre; Kelvin, D. J.; Pratt, Catherine; Ayouba, Ahidjo; Tessema, Sofonias; Mukadi-Bamuleka, Daniel; Jansen, Daan; Halbrook, Megan; Merrit, Sydney; Hensley, Lisa; Delaporte, Eric; Mwamba, Dieudonne; Liesenborghs, Laurens; Hoff, Nicole; Peeters, Martine; Low, Nicola; Rimoin, Anne; Kindrachuk, Jason; Vercauteren, Koen; Rambaut, Andrew; Ahuka-Mundeke, Steve; Muyembe-Tamfum, Jean-Jacques"
PP_004B6UD,Ib,A.1,Democratic Republic of the Congo,Kinshasa,2025-03-05,187399,0.8883620930079256,2025-10-21,"Amuri-Aziza, Adrienne; Mbala-Kingebeni, Placide; Wawina-Bokalanga, Tony; Kinganda-Lusamaki, Eddy; Pukuta-Simbu, Elisabeth; Hasivirwe-Vakaniaki, Emmanuel; Ola-Mpumbe, Rilia; Kwete-Mbokama, Papy; Akil-Bandali, Prince; Kacita, Cris; Ponga-Museme, Ange; Mapenzi-Kashali, Nelson; Vakaniaki, Gloria; Kenye, Kelly-Michel; Muyamuna, Elisabeth; Kavira-Bapitani, Sifa; Mukadi, Patrick; OToole, Aine; Tshiani-Mbaya, Olivier; Paku-Tshambu, Princesse; Lokilo-Lofiko, Emmanuel; Muswamba-Kayembe, Chloe; Makangara-Cigolo, Jean-Claude; Cikaya-Kankolongo, Fiston; Luakanda-Ndelemo, Gradi; Lawanga, Leader; Mabika-Bope, Elzedek; Lumembe-Numbi, Raphael; Kabamba-Lungenyi, Gabriel; Citenga, Andre; Kelvin, D. J.; Pratt, Catherine; Ayouba, Ahidjo; Tessema, Sofonias; Mukadi-Bamuleka, Daniel; Jansen, Daan; Halbrook, Megan; Merrit, Sydney; Hensley, Lisa; Delaporte, Eric; Mwamba, Dieudonne; Liesenborghs, Laurens; Hoff, Nicole; Peeters, Martine; Low, Nicola; Rimoin, Anne; Kindrachuk, Jason; Vercauteren, Koen; Rambaut, Andrew; Ahuka-Mundeke, Steve; Muyembe-Tamfum, Jean-Jacques"
PP_004B6VB,Ia,None,Democratic Republic of the Congo,Kinshasa,2025-03-07,187429,0.8922310847882196,2025-10-21,"Amuri-Aziza, Adrienne; Mbala-Kingebeni, Placide; Wawina-Bokalanga, Tony; Kinganda-Lusamaki, Eddy; Pukuta-Simbu, Elisabeth; Hasivirwe-Vakaniaki, Emmanuel; Ola-Mpumbe, Rilia; Kwete-Mbokama, Papy; Akil-Bandali, Prince; Kacita, Cris; Ponga-Museme, Ange; Mapenzi-Kashali, Nelson; Vakaniaki, Gloria; Kenye, Kelly-Michel; Muyamuna, Elisabeth; Kavira-Bapitani, Sifa; Mukadi, Patrick; OToole, Aine; Tshiani-Mbaya, Olivier; Paku-Tshambu, Princesse; Lokilo-Lofiko, Emmanuel; Muswamba-Kayembe, Chloe; Makangara-Cigolo, Jean-Claude; Cikaya-Kankolongo, Fiston; Luakanda-Ndelemo, Gradi; Lawanga, Leader; Mabika-Bope, Elzedek; Lumembe-Numbi, Raphael; Kabamba-Lungenyi, Gabriel; Citenga, Andre; Kelvin, D. J.; Pratt, Catherine; Ayouba, Ahidjo; Tessema, Sofonias; Mukadi-Bamuleka, Daniel; Jansen, Daan; Halbrook, Megan; Merrit, Sydney; Hensley, Lisa; Delaporte, Eric; Mwamba, Dieudonne; Liesenborghs, Laurens; Hoff, Nicole; Peeters, Martine; Low, Nicola; Rimoin, Anne; Kindrachuk, Jason; Vercauteren, Koen; Rambaut, Andrew; Ahuka-Mundeke, Steve; Muyembe-Tamfum, Jean-Jacques"
PP_004B6W9,Ia,None,Democratic Republic of the Congo,Kinshasa,2025-03-06,187480,0.8457575465622765,2025-10-21,"Amuri-Aziza, Adrienne; Mbala-Kingebeni, Placide; Wawina-Bokalanga, Tony; Kinganda-Lusamaki, Eddy; Pukuta-Simbu, Elisabeth; Hasivirwe-Vakaniaki, Emmanuel; Ola-Mpumbe, Rilia; Kwete-Mbokama, Papy; Akil-Bandali, Prince; Kacita, Cris; Ponga-Museme, Ange; Mapenzi-Kashali, Nelson; Vakaniaki, Gloria; Kenye, Kelly-Michel; Muyamuna, Elisabeth; Kavira-Bapitani, Sifa; Mukadi, Patrick; OToole, Aine; Tshiani-Mbaya, Olivier; Paku-Tshambu, Princesse; Lokilo-Lofiko, Emmanuel; Muswamba-Kayembe, Chloe; Makangara-Cigolo, Jean-Claude; Cikaya-Kankolongo, Fiston; Luakanda-Ndelemo, Gradi; Lawanga, Leader; Mabika-Bope, Elzedek; Lumembe-Numbi, Raphael; Kabamba-Lungenyi, Gabriel; Citenga, Andre; Kelvin, D. J.; Pratt, Catherine; Ayouba, Ahidjo; Tessema, Sofonias; Mukadi-Bamuleka, Daniel; Jansen, Daan; Halbrook, Megan; Merrit, Sydney; Hensley, Lisa; Delaporte, Eric; Mwamba, Dieudonne; Liesenborghs, Laurens; Hoff, Nicole; Peeters, Martine; Low, Nicola; Rimoin, Anne; Kindrachuk, Jason; Vercauteren, Koen; Rambaut, Andrew; Ahuka-Mundeke, Steve; Muyembe-Tamfum, Jean-Jacques"
PP_004B6X7,Ia,None,Democratic Republic of the Congo,Kinshasa,2025-03-06,187467,0.8165803791916191,2025-10-21,"Amuri-Aziza, Adrienne; Mbala-Kingebeni, Placide; Wawina-Bokalanga, Tony; Kinganda-Lusamaki, Eddy; Pukuta-Simbu, Elisabeth; Hasivirwe-Vakaniaki, Emmanuel; Ola-Mpumbe, Rilia; Kwete-Mbokama, Papy; Akil-Bandali, Prince; Kacita, Cris; Ponga-Museme, Ange; Mapenzi-Kashali, Nelson; Vakaniaki, Gloria; Kenye, Kelly-Michel; Muyamuna, Elisabeth; Kavira-Bapitani, Sifa; Mukadi, Patrick; OToole, Aine; Tshiani-Mbaya, Olivier; Paku-Tshambu, Princesse; Lokilo-Lofiko, Emmanuel; Muswamba-Kayembe, Chloe; Makangara-Cigolo, Jean-Claude; Cikaya-Kankolongo, Fiston; Luakanda-Ndelemo, Gradi; Lawanga, Leader; Mabika-Bope, Elzedek; Lumembe-Numbi, Raphael; Kabamba-Lungenyi, Gabriel; Citenga, Andre; Kelvin, D. J.; Pratt, Catherine; Ayouba, Ahidjo; Tessema, Sofonias; Mukadi-Bamuleka, Daniel; Jansen, Daan; Halbrook, Megan; Merrit, Sydney; Hensley, Lisa; Delaporte, Eric; Mwamba, Dieudonne; Liesenborghs, Laurens; Hoff, Nicole; Peeters, Martine; Low, Nicola; Rimoin, Anne; Kindrachuk, Jason; Vercauteren, Koen; Rambaut, Andrew; Ahuka-Mundeke, Steve; Muyembe-Tamfum, Jean-Jacques"
PP_004B6Y5,Ib,A.1,Democratic Republic of the Congo,Kinshasa,2025-03-07,187387,0.8504784264409839,2025-10-21,"Amuri-Aziza, Adrienne; Mbala-Kingebeni, Placide; Wawina-Bokalanga, Tony; Kinganda-Lusamaki, Eddy; Pukuta-Simbu, Elisabeth; Hasivirwe-Vakaniaki, Emmanuel; Ola-Mpumbe, Rilia; Kwete-Mbokama, Papy; Akil-Bandali, Prince; Kacita, Cris; Ponga-Museme, Ange; Mapenzi-Kashali, Nelson; Vakaniaki, Gloria; Kenye, Kelly-Michel; Muyamuna, Elisabeth; Kavira-Bapitani, Sifa; Mukadi, Patrick; OToole, Aine; Tshiani-Mbaya, Olivier; Paku-Tshambu, Princesse; Lokilo-Lofiko, Emmanuel; Muswamba-Kayembe, Chloe; Makangara-Cigolo, Jean-Claude; Cikaya-Kankolongo, Fiston; Luakanda-Ndelemo, Gradi; Lawanga, Leader; Mabika-Bope, Elzedek; Lumembe-Numbi, Raphael; Kabamba-Lungenyi, Gabriel; Citenga, Andre; Kelvin, D. J.; Pratt, Catherine; Ayouba, Ahidjo; Tessema, Sofonias; Mukadi-Bamuleka, Daniel; Jansen, Daan; Halbrook, Megan; Merrit, Sydney; Hensley, Lisa; Delaporte, Eric; Mwamba, Dieudonne; Liesenborghs, Laurens; Hoff, Nicole; Peeters, Martine; Low, Nicola; Rimoin, Anne; Kindrachuk, Jason; Vercauteren, Koen; Rambaut, Andrew; Ahuka-Mundeke, Steve; Muyembe-Tamfum, Jean-Jacques"
PP_004B6Z3,Ib,A.1,Democratic Republic of the Congo,Kinshasa,2025-03-06,187323,0.836244796129994,2025-10-21,"Amuri-Aziza, Adrienne; Mbala-Kingebeni, Placide; Wawina-Bokalanga, Tony; Kinganda-Lusamaki, Eddy; Pukuta-Simbu, Elisabeth; Hasivirwe-Vakaniaki, Emmanuel; Ola-Mpumbe, Rilia; Kwete-Mbokama, Papy; Akil-Bandali, Prince; Kacita, Cris; Ponga-Museme, Ange; Mapenzi-Kashali, Nelson; Vakaniaki, Gloria; Kenye, Kelly-Michel; Muyamuna, Elisabeth; Kavira-Bapitani, Sifa; Mukadi, Patrick; OToole, Aine; Tshiani-Mbaya, Olivier; Paku-Tshambu, Princesse; Lokilo-Lofiko, Emmanuel; Muswamba-Kayembe, Chloe; Makangara-Cigolo, Jean-Claude; Cikaya-Kankolongo, Fiston; Luakanda-Ndelemo, Gradi; Lawanga, Leader; Mabika-Bope, Elzedek; Lumembe-Numbi, Raphael; Kabamba-Lungenyi, Gabriel; Citenga, Andre; Kelvin, D. J.; Pratt, Catherine; Ayouba, Ahidjo; Tessema, Sofonias; Mukadi-Bamuleka, Daniel; Jansen, Daan; Halbrook, Megan; Merrit, Sydney; Hensley, Lisa; Delaporte, Eric; Mwamba, Dieudonne; Liesenborghs, Laurens; Hoff, Nicole; Peeters, Martine; Low, Nicola; Rimoin, Anne; Kindrachuk, Jason; Vercauteren, Koen; Rambaut, Andrew; Ahuka-Mundeke, Steve; Muyembe-Tamfum, Jean-Jacques"
PP_004B701,Ia,None,Democratic Republic of the Congo,Kinshasa,2025-03-07,187473,0.8713344725646396,2025-10-21,"Amuri-Aziza, Adrienne; Mbala-Kingebeni, Placide; Wawina-Bokalanga, Tony; Kinganda-Lusamaki, Eddy; Pukuta-Simbu, Elisabeth; Hasivirwe-Vakaniaki, Emmanuel; Ola-Mpumbe, Rilia; Kwete-Mbokama, Papy; Akil-Bandali, Prince; Kacita, Cris; Ponga-Museme, Ange; Mapenzi-Kashali, Nelson; Vakaniaki, Gloria; Kenye, Kelly-Michel; Muyamuna, Elisabeth; Kavira-Bapitani, Sifa; Mukadi, Patrick; OToole, Aine; Tshiani-Mbaya, Olivier; Paku-Tshambu, Princesse; Lokilo-Lofiko, Emmanuel; Muswamba-Kayembe, Chloe; Makangara-Cigolo, Jean-Claude; Cikaya-Kankolongo, Fiston; Luakanda-Ndelemo, Gradi; Lawanga, Leader; Mabika-Bope, Elzedek; Lumembe-Numbi, Raphael; Kabamba-Lungenyi, Gabriel; Citenga, Andre; Kelvin, D. J.; Pratt, Catherine; Ayouba, Ahidjo; Tessema, Sofonias; Mukadi-Bamuleka, Daniel; Jansen, Daan; Halbrook, Megan; Merrit, Sydney; Hensley, Lisa; Delaporte, Eric; Mwamba, Dieudonne; Liesenborghs, Laurens; Hoff, Nicole; Peeters, Martine; Low, Nicola; Rimoin, Anne; Kindrachuk, Jason; Vercauteren, Koen; Rambaut, Andrew; Ahuka-Mundeke, Steve; Muyembe-Tamfum, Jean-Jacques"
PP_004B71Z,Ia,None,Democratic Republic of the Congo,Kinshasa,2025-03-06,187468,0.8572377528408947,2025-10-21,"Amuri-Aziza, Adrienne; Mbala-Kingebeni, Placide; Wawina-Bokalanga, Tony; Kinganda-Lusamaki, Eddy; Pukuta-Simbu, Elisabeth; Hasivirwe-Vakaniaki, Emmanuel; Ola-Mpumbe, Rilia; Kwete-Mbokama, Papy; Akil-Bandali, Prince; Kacita, Cris; Ponga-Museme, Ange; Mapenzi-Kashali, Nelson; Vakaniaki, Gloria; Kenye, Kelly-Michel; Muyamuna, Elisabeth; Kavira-Bapitani, Sifa; Mukadi, Patrick; OToole, Aine; Tshiani-Mbaya, Olivier; Paku-Tshambu, Princesse; Lokilo-Lofiko, Emmanuel; Muswamba-Kayembe, Chloe; Makangara-Cigolo, Jean-Claude; Cikaya-Kankolongo, Fiston; Luakanda-Ndelemo, Gradi; Lawanga, Leader; Mabika-Bope, Elzedek; Lumembe-Numbi, Raphael; Kabamba-Lungenyi, Gabriel; Citenga, Andre; Kelvin, D. J.; Pratt, Catherine; Ayouba, Ahidjo; Tessema, Sofonias; Mukadi-Bamuleka, Daniel; Jansen, Daan; Halbrook, Megan; Merrit, Sydney; Hensley, Lisa; Delaporte, Eric; Mwamba, Dieudonne; Liesenborghs, Laurens; Hoff, Nicole; Peeters, Martine; Low, Nicola; Rimoin, Anne; Kindrachuk, Jason; Vercauteren, Koen; Rambaut, Andrew; Ahuka-Mundeke, Steve; Muyembe-Tamfum, Jean-Jacques"
PP_004B72X,Ib,A.1,Democratic Republic of the Congo,Kinshasa,2025-03-03,187424,0.9124127195006312,2025-10-21,"Amuri-Aziza, Adrienne; Mbala-Kingebeni, Placide; Wawina-Bokalanga, Tony; Kinganda-Lusamaki, Eddy; Pukuta-Simbu, Elisabeth; Hasivirwe-Vakaniaki, Emmanuel; Ola-Mpumbe, Rilia; Kwete-Mbokama, Papy; Akil-Bandali, Prince; Kacita, Cris; Ponga-Museme, Ange; Mapenzi-Kashali, Nelson; Vakaniaki, Gloria; Kenye, Kelly-Michel; Muyamuna, Elisabeth; Kavira-Bapitani, Sifa; Mukadi, Patrick; OToole, Aine; Tshiani-Mbaya, Olivier; Paku-Tshambu, Princesse; Lokilo-Lofiko, Emmanuel; Muswamba-Kayembe, Chloe; Makangara-Cigolo, Jean-Claude; Cikaya-Kankolongo, Fiston; Luakanda-Ndelemo, Gradi; Lawanga, Leader; Mabika-Bope, Elzedek; Lumembe-Numbi, Raphael; Kabamba-Lungenyi, Gabriel; Citenga, Andre; Kelvin, D. J.; Pratt, Catherine; Ayouba, Ahidjo; Tessema, Sofonias; Mukadi-Bamuleka, Daniel; Jansen, Daan; Halbrook, Megan; Merrit, Sydney; Hensley, Lisa; Delaporte, Eric; Mwamba, Dieudonne; Liesenborghs, Laurens; Hoff, Nicole; Peeters, Martine; Low, Nicola; Rimoin, Anne; Kindrachuk, Jason; Vercauteren, Koen; Rambaut, Andrew; Ahuka-Mundeke, Steve; Muyembe-Tamfum, Jean-Jacques"
PP_004B73V,Ib,A.1,Democratic Republic of the Congo,Kinshasa,2025-03-06,187429,0.9106176695789746,2025-10-21,"Amuri-Aziza, Adrienne; Mbala-Kingebeni, Placide; Wawina-Bokalanga, Tony; Kinganda-Lusamaki, Eddy; Pukuta-Simbu, Elisabeth; Hasivirwe-Vakaniaki, Emmanuel; Ola-Mpumbe, Rilia; Kwete-Mbokama, Papy; Akil-Bandali, Prince; Kacita, Cris; Ponga-Museme, Ange; Mapenzi-Kashali, Nelson; Vakaniaki, Gloria; Kenye, Kelly-Michel; Muyamuna, Elisabeth; Kavira-Bapitani, Sifa; Mukadi, Patrick; OToole, Aine; Tshiani-Mbaya, Olivier; Paku-Tshambu, Princesse; Lokilo-Lofiko, Emmanuel; Muswamba-Kayembe, Chloe; Makangara-Cigolo, Jean-Claude; Cikaya-Kankolongo, Fiston; Luakanda-Ndelemo, Gradi; Lawanga, Leader; Mabika-Bope, Elzedek; Lumembe-Numbi, Raphael; Kabamba-Lungenyi, Gabriel; Citenga, Andre; Kelvin, D. J.; Pratt, Catherine; Ayouba, Ahidjo; Tessema, Sofonias; Mukadi-Bamuleka, Daniel; Jansen, Daan; Halbrook, Megan; Merrit, Sydney; Hensley, Lisa; Delaporte, Eric; Mwamba, Dieudonne; Liesenborghs, Laurens; Hoff, Nicole; Peeters, Martine; Low, Nicola; Rimoin, Anne; Kindrachuk, Jason; Vercauteren, Koen; Rambaut, Andrew; Ahuka-Mundeke, Steve; Muyembe-Tamfum, Jean-Jacques"
PP_004B74T,Ib,A.1,Democratic Republic of the Congo,Kinshasa,2025-03-06,187414,0.8159820292177334,2025-10-21,"Amuri-Aziza, Adrienne; Mbala-Kingebeni, Placide; Wawina-Bokalanga, Tony; Kinganda-Lusamaki, Eddy; Pukuta-Simbu, Elisabeth; Hasivirwe-Vakaniaki, Emmanuel; Ola-Mpumbe, Rilia; Kwete-Mbokama, Papy; Akil-Bandali, Prince; Kacita, Cris; Ponga-Museme, Ange; Mapenzi-Kashali, Nelson; Vakaniaki, Gloria; Kenye, Kelly-Michel; Muyamuna, Elisabeth; Kavira-Bapitani, Sifa; Mukadi, Patrick; OToole, Aine; Tshiani-Mbaya, Olivier; Paku-Tshambu, Princesse; Lokilo-Lofiko, Emmanuel; Muswamba-Kayembe, Chloe; Makangara-Cigolo, Jean-Claude; Cikaya-Kankolongo, Fiston; Luakanda-Ndelemo, Gradi; Lawanga, Leader; Mabika-Bope, Elzedek; Lumembe-Numbi, Raphael; Kabamba-Lungenyi, Gabriel; Citenga, Andre; Kelvin, D. J.; Pratt, Catherine; Ayouba, Ahidjo; Tessema, Sofonias; Mukadi-Bamuleka, Daniel; Jansen, Daan; Halbrook, Megan; Merrit, Sydney; Hensley, Lisa; Delaporte, Eric; Mwamba, Dieudonne; Liesenborghs, Laurens; Hoff, Nicole; Peeters, Martine; Low, Nicola; Rimoin, Anne; Kindrachuk, Jason; Vercauteren, Koen; Rambaut, Andrew; Ahuka-Mundeke, Steve; Muyembe-Tamfum, Jean-Jacques"
PP_004B75R,Ib,A.1,Democratic Republic of the Congo,Kinshasa,2025-03-06,187422,0.8911003047528256,2025-10-21,"Amuri-Aziza, Adrienne; Mbala-Kingebeni, Placide; Wawina-Bokalanga, Tony; Kinganda-Lusamaki, Eddy; Pukuta-Simbu, Elisabeth; Hasivirwe-Vakaniaki, Emmanuel; Ola-Mpumbe, Rilia; Kwete-Mbokama, Papy; Akil-Bandali, Prince; Kacita, Cris; Ponga-Museme, Ange; Mapenzi-Kashali, Nelson; Vakaniaki, Gloria; Kenye, Kelly-Michel; Muyamuna, Elisabeth; Kavira-Bapitani, Sifa; Mukadi, Patrick; OToole, Aine; Tshiani-Mbaya, Olivier; Paku-Tshambu, Princesse; Lokilo-Lofiko, Emmanuel; Muswamba-Kayembe, Chloe; Makangara-Cigolo, Jean-Claude; Cikaya-Kankolongo, Fiston; Luakanda-Ndelemo, Gradi; Lawanga, Leader; Mabika-Bope, Elzedek; Lumembe-Numbi, Raphael; Kabamba-Lungenyi, Gabriel; Citenga, Andre; Kelvin, D. J.; Pratt, Catherine; Ayouba, Ahidjo; Tessema, Sofonias; Mukadi-Bamuleka, Daniel; Jansen, Daan; Halbrook, Megan; Merrit, Sydney; Hensley, Lisa; Delaporte, Eric; Mwamba, Dieudonne; Liesenborghs, Laurens; Hoff, Nicole; Peeters, Martine; Low, Nicola; Rimoin, Anne; Kindrachuk, Jason; Vercauteren, Koen; Rambaut, Andrew; Ahuka-Mundeke, Steve; Muyembe-Tamfum, Jean-Jacques"
PP_004B76P,Ia,None,Democratic Republic of the Congo,Kinshasa,2025-03-06,187460,0.903787352504196,2025-10-21,"Amuri-Aziza, Adrienne; Mbala-Kingebeni, Placide; Wawina-Bokalanga, Tony; Kinganda-Lusamaki, Eddy; Pukuta-Simbu, Elisabeth; Hasivirwe-Vakaniaki, Emmanuel; Ola-Mpumbe, Rilia; Kwete-Mbokama, Papy; Akil-Bandali, Prince; Kacita, Cris; Ponga-Museme, Ange; Mapenzi-Kashali, Nelson; Vakaniaki, Gloria; Kenye, Kelly-Michel; Muyamuna, Elisabeth; Kavira-Bapitani, Sifa; Mukadi, Patrick; OToole, Aine; Tshiani-Mbaya, Olivier; Paku-Tshambu, Princesse; Lokilo-Lofiko, Emmanuel; Muswamba-Kayembe, Chloe; Makangara-Cigolo, Jean-Claude; Cikaya-Kankolongo, Fiston; Luakanda-Ndelemo, Gradi; Lawanga, Leader; Mabika-Bope, Elzedek; Lumembe-Numbi, Raphael; Kabamba-Lungenyi, Gabriel; Citenga, Andre; Kelvin, D. J.; Pratt, Catherine; Ayouba, Ahidjo; Tessema, Sofonias; Mukadi-Bamuleka, Daniel; Jansen, Daan; Halbrook, Megan; Merrit, Sydney; Hensley, Lisa; Delaporte, Eric; Mwamba, Dieudonne; Liesenborghs, Laurens; Hoff, Nicole; Peeters, Martine; Low, Nicola; Rimoin, Anne; Kindrachuk, Jason; Vercauteren, Koen; Rambaut, Andrew; Ahuka-Mundeke, Steve; Muyembe-Tamfum, Jean-Jacques"
PP_004B77M,Ib,A.1,Democratic Republic of the Congo,Kinshasa,2025-03-06,187425,0.8895486514307156,2025-10-21,"Amuri-Aziza, Adrienne; Mbala-Kingebeni, Placide; Wawina-Bokalanga, Tony; Kinganda-Lusamaki, Eddy; Pukuta-Simbu, Elisabeth; Hasivirwe-Vakaniaki, Emmanuel; Ola-Mpumbe, Rilia; Kwete-Mbokama, Papy; Akil-Bandali, Prince; Kacita, Cris; Ponga-Museme, Ange; Mapenzi-Kashali, Nelson; Vakaniaki, Gloria; Kenye, Kelly-Michel; Muyamuna, Elisabeth; Kavira-Bapitani, Sifa; Mukadi, Patrick; OToole, Aine; Tshiani-Mbaya, Olivier; Paku-Tshambu, Princesse; Lokilo-Lofiko, Emmanuel; Muswamba-Kayembe, Chloe; Makangara-Cigolo, Jean-Claude; Cikaya-Kankolongo, Fiston; Luakanda-Ndelemo, Gradi; Lawanga, Leader; Mabika-Bope, Elzedek; Lumembe-Numbi, Raphael; Kabamba-Lungenyi, Gabriel; Citenga, Andre; Kelvin, D. J.; Pratt, Catherine; Ayouba, Ahidjo; Tessema, Sofonias; Mukadi-Bamuleka, Daniel; Jansen, Daan; Halbrook, Megan; Merrit, Sydney; Hensley, Lisa; Delaporte, Eric; Mwamba, Dieudonne; Liesenborghs, Laurens; Hoff, Nicole; Peeters, Martine; Low, Nicola; Rimoin, Anne; Kindrachuk, Jason; Vercauteren, Koen; Rambaut, Andrew; Ahuka-Mundeke, Steve; Muyembe-Tamfum, Jean-Jacques"
PP_004B78K,Ib,A.1,Democratic Republic of the Congo,Kinshasa,2025-03-10,187418,0.9111247458280302,2025-10-21,"Amuri-Aziza, Adrienne; Mbala-Kingebeni, Placide; Wawina-Bokalanga, Tony; Kinganda-Lusamaki, Eddy; Pukuta-Simbu, Elisabeth; Hasivirwe-Vakaniaki, Emmanuel; Ola-Mpumbe, Rilia; Kwete-Mbokama, Papy; Akil-Bandali, Prince; Kacita, Cris; Ponga-Museme, Ange; Mapenzi-Kashali, Nelson; Vakaniaki, Gloria; Kenye, Kelly-Michel; Muyamuna, Elisabeth; Kavira-Bapitani, Sifa; Mukadi, Patrick; OToole, Aine; Tshiani-Mbaya, Olivier; Paku-Tshambu, Princesse; Lokilo-Lofiko, Emmanuel; Muswamba-Kayembe, Chloe; Makangara-Cigolo, Jean-Claude; Cikaya-Kankolongo, Fiston; Luakanda-Ndelemo, Gradi; Lawanga, Leader; Mabika-Bope, Elzedek; Lumembe-Numbi, Raphael; Kabamba-Lungenyi, Gabriel; Citenga, Andre; Kelvin, D. J.; Pratt, Catherine; Ayouba, Ahidjo; Tessema, Sofonias; Mukadi-Bamuleka, Daniel; Jansen, Daan; Halbrook, Megan; Merrit, Sydney; Hensley, Lisa; Delaporte, Eric; Mwamba, Dieudonne; Liesenborghs, Laurens; Hoff, Nicole; Peeters, Martine; Low, Nicola; Rimoin, Anne; Kindrachuk, Jason; Vercauteren, Koen; Rambaut, Andrew; Ahuka-Mundeke, Steve; Muyembe-Tamfum, Jean-Jacques"
PP_004B79H,Ib,A.1,Democratic Republic of the Congo,Kinshasa,2025-03-10,187430,0.9055621193758906,2025-10-21,"Amuri-Aziza, Adrienne; Mbala-Kingebeni, Placide; Wawina-Bokalanga, Tony; Kinganda-Lusamaki, Eddy; Pukuta-Simbu, Elisabeth; Hasivirwe-Vakaniaki, Emmanuel; Ola-Mpumbe, Rilia; Kwete-Mbokama, Papy; Akil-Bandali, Prince; Kacita, Cris; Ponga-Museme, Ange; Mapenzi-Kashali, Nelson; Vakaniaki, Gloria; Kenye, Kelly-Michel; Muyamuna, Elisabeth; Kavira-Bapitani, Sifa; Mukadi, Patrick; OToole, Aine; Tshiani-Mbaya, Olivier; Paku-Tshambu, Princesse; Lokilo-Lofiko, Emmanuel; Muswamba-Kayembe, Chloe; Makangara-Cigolo, Jean-Claude; Cikaya-Kankolongo, Fiston; Luakanda-Ndelemo, Gradi; Lawanga, Leader; Mabika-Bope, Elzedek; Lumembe-Numbi, Raphael; Kabamba-Lungenyi, Gabriel; Citenga, Andre; Kelvin, D. J.; Pratt, Catherine; Ayouba, Ahidjo; Tessema, Sofonias; Mukadi-Bamuleka, Daniel; Jansen, Daan; Halbrook, Megan; Merrit, Sydney; Hensley, Lisa; Delaporte, Eric; Mwamba, Dieudonne; Liesenborghs, Laurens; Hoff, Nicole; Peeters, Martine; Low, Nicola; Rimoin, Anne; Kindrachuk, Jason; Vercauteren, Koen; Rambaut, Andrew; Ahuka-Mundeke, Steve; Muyembe-Tamfum, Jean-Jacques"
PP_004B7AF,Ia,None,Democratic Republic of the Congo,Kinshasa,2025-03-07,187459,0.9165098955930004,2025-10-21,"Amuri-Aziza, Adrienne; Mbala-Kingebeni, Placide; Wawina-Bokalanga, Tony; Kinganda-Lusamaki, Eddy; Pukuta-Simbu, Elisabeth; Hasivirwe-Vakaniaki, Emmanuel; Ola-Mpumbe, Rilia; Kwete-Mbokama, Papy; Akil-Bandali, Prince; Kacita, Cris; Ponga-Museme, Ange; Mapenzi-Kashali, Nelson; Vakaniaki, Gloria; Kenye, Kelly-Michel; Muyamuna, Elisabeth; Kavira-Bapitani, Sifa; Mukadi, Patrick; OToole, Aine; Tshiani-Mbaya, Olivier; Paku-Tshambu, Princesse; Lokilo-Lofiko, Emmanuel; Muswamba-Kayembe, Chloe; Makangara-Cigolo, Jean-Claude; Cikaya-Kankolongo, Fiston; Luakanda-Ndelemo, Gradi; Lawanga, Leader; Mabika-Bope, Elzedek; Lumembe-Numbi, Raphael; Kabamba-Lungenyi, Gabriel; Citenga, Andre; Kelvin, D. J.; Pratt, Catherine; Ayouba, Ahidjo; Tessema, Sofonias; Mukadi-Bamuleka, Daniel; Jansen, Daan; Halbrook, Megan; Merrit, Sydney; Hensley, Lisa; Delaporte, Eric; Mwamba, Dieudonne; Liesenborghs, Laurens; Hoff, Nicole; Peeters, Martine; Low, Nicola; Rimoin, Anne; Kindrachuk, Jason; Vercauteren, Koen; Rambaut, Andrew; Ahuka-Mundeke, Steve; Muyembe-Tamfum, Jean-Jacques"
PP_004B7BD,Ib,A.1,Democratic Republic of the Congo,Kinshasa,2025-03-10,187429,0.9098317013929385,2025-10-21,"Amuri-Aziza, Adrienne; Mbala-Kingebeni, Placide; Wawina-Bokalanga, Tony; Kinganda-Lusamaki, Eddy; Pukuta-Simbu, Elisabeth; Hasivirwe-Vakaniaki, Emmanuel; Ola-Mpumbe, Rilia; Kwete-Mbokama, Papy; Akil-Bandali, Prince; Kacita, Cris; Ponga-Museme, Ange; Mapenzi-Kashali, Nelson; Vakaniaki, Gloria; Kenye, Kelly-Michel; Muyamuna, Elisabeth; Kavira-Bapitani, Sifa; Mukadi, Patrick; OToole, Aine; Tshiani-Mbaya, Olivier; Paku-Tshambu, Princesse; Lokilo-Lofiko, Emmanuel; Muswamba-Kayembe, Chloe; Makangara-Cigolo, Jean-Claude; Cikaya-Kankolongo, Fiston; Luakanda-Ndelemo, Gradi; Lawanga, Leader; Mabika-Bope, Elzedek; Lumembe-Numbi, Raphael; Kabamba-Lungenyi, Gabriel; Citenga, Andre; Kelvin, D. J.; Pratt, Catherine; Ayouba, Ahidjo; Tessema, Sofonias; Mukadi-Bamuleka, Daniel; Jansen, Daan; Halbrook, Megan; Merrit, Sydney; Hensley, Lisa; Delaporte, Eric; Mwamba, Dieudonne; Liesenborghs, Laurens; Hoff, Nicole; Peeters, Martine; Low, Nicola; Rimoin, Anne; Kindrachuk, Jason; Vercauteren, Koen; Rambaut, Andrew; Ahuka-Mundeke, Steve; Muyembe-Tamfum, Jean-Jacques"
PP_004B7CB,Ia,None,Democratic Republic of the Congo,Kinshasa,2025-03-05,187456,0.9134167304737614,2025-10-21,"Amuri-Aziza, Adrienne; Mbala-Kingebeni, Placide; Wawina-Bokalanga, Tony; Kinganda-Lusamaki, Eddy; Pukuta-Simbu, Elisabeth; Hasivirwe-Vakaniaki, Emmanuel; Ola-Mpumbe, Rilia; Kwete-Mbokama, Papy; Akil-Bandali, Prince; Kacita, Cris; Ponga-Museme, Ange; Mapenzi-Kashali, Nelson; Vakaniaki, Gloria; Kenye, Kelly-Michel; Muyamuna, Elisabeth; Kavira-Bapitani, Sifa; Mukadi, Patrick; OToole, Aine; Tshiani-Mbaya, Olivier; Paku-Tshambu, Princesse; Lokilo-Lofiko, Emmanuel; Muswamba-Kayembe, Chloe; Makangara-Cigolo, Jean-Claude; Cikaya-Kankolongo, Fiston; Luakanda-Ndelemo, Gradi; Lawanga, Leader; Mabika-Bope, Elzedek; Lumembe-Numbi, Raphael; Kabamba-Lungenyi, Gabriel; Citenga, Andre; Kelvin, D. J.; Pratt, Catherine; Ayouba, Ahidjo; Tessema, Sofonias; Mukadi-Bamuleka, Daniel; Jansen, Daan; Halbrook, Megan; Merrit, Sydney; Hensley, Lisa; Delaporte, Eric; Mwamba, Dieudonne; Liesenborghs, Laurens; Hoff, Nicole; Peeters, Martine; Low, Nicola; Rimoin, Anne; Kindrachuk, Jason; Vercauteren, Koen; Rambaut, Andrew; Ahuka-Mundeke, Steve; Muyembe-Tamfum, Jean-Jacques"
PP_004B7D9,Ib,A.1,Democratic Republic of the Congo,Kinshasa,2025-03-09,187444,0.909370262006298,2025-10-21,"Amuri-Aziza, Adrienne; Mbala-Kingebeni, Placide; Wawina-Bokalanga, Tony; Kinganda-Lusamaki, Eddy; Pukuta-Simbu, Elisabeth; Hasivirwe-Vakaniaki, Emmanuel; Ola-Mpumbe, Rilia; Kwete-Mbokama, Papy; Akil-Bandali, Prince; Kacita, Cris; Ponga-Museme, Ange; Mapenzi-Kashali, Nelson; Vakaniaki, Gloria; Kenye, Kelly-Michel; Muyamuna, Elisabeth; Kavira-Bapitani, Sifa; Mukadi, Patrick; OToole, Aine; Tshiani-Mbaya, Olivier; Paku-Tshambu, Princesse; Lokilo-Lofiko, Emmanuel; Muswamba-Kayembe, Chloe; Makangara-Cigolo, Jean-Claude; Cikaya-Kankolongo, Fiston; Luakanda-Ndelemo, Gradi; Lawanga, Leader; Mabika-Bope, Elzedek; Lumembe-Numbi, Raphael; Kabamba-Lungenyi, Gabriel; Citenga, Andre; Kelvin, D. J.; Pratt, Catherine; Ayouba, Ahidjo; Tessema, Sofonias; Mukadi-Bamuleka, Daniel; Jansen, Daan; Halbrook, Megan; Merrit, Sydney; Hensley, Lisa; Delaporte, Eric; Mwamba, Dieudonne; Liesenborghs, Laurens; Hoff, Nicole; Peeters, Martine; Low, Nicola; Rimoin, Anne; Kindrachuk, Jason; Vercauteren, Koen; Rambaut, Andrew; Ahuka-Mundeke, Steve; Muyembe-Tamfum, Jean-Jacques"
PP_004B7E7,Ib,A.1,Democratic Republic of the Congo,Kinshasa,2025-03-11,187434,0.8937472427728957,2025-10-21,"Amuri-Aziza, Adrienne; Mbala-Kingebeni, Placide; Wawina-Bokalanga, Tony; Kinganda-Lusamaki, Eddy; Pukuta-Simbu, Elisabeth; Hasivirwe-Vakaniaki, Emmanuel; Ola-Mpumbe, Rilia; Kwete-Mbokama, Papy; Akil-Bandali, Prince; Kacita, Cris; Ponga-Museme, Ange; Mapenzi-Kashali, Nelson; Vakaniaki, Gloria; Kenye, Kelly-Michel; Muyamuna, Elisabeth; Kavira-Bapitani, Sifa; Mukadi, Patrick; OToole, Aine; Tshiani-Mbaya, Olivier; Paku-Tshambu, Princesse; Lokilo-Lofiko, Emmanuel; Muswamba-Kayembe, Chloe; Makangara-Cigolo, Jean-Claude; Cikaya-Kankolongo, Fiston; Luakanda-Ndelemo, Gradi; Lawanga, Leader; Mabika-Bope, Elzedek; Lumembe-Numbi, Raphael; Kabamba-Lungenyi, Gabriel; Citenga, Andre; Kelvin, D. J.; Pratt, Catherine; Ayouba, Ahidjo; Tessema, Sofonias; Mukadi-Bamuleka, Daniel; Jansen, Daan; Halbrook, Megan; Merrit, Sydney; Hensley, Lisa; Delaporte, Eric; Mwamba, Dieudonne; Liesenborghs, Laurens; Hoff, Nicole; Peeters, Martine; Low, Nicola; Rimoin, Anne; Kindrachuk, Jason; Vercauteren, Koen; Rambaut, Andrew; Ahuka-Mundeke, Steve; Muyembe-Tamfum, Jean-Jacques"
PP_004B7F5,Ib,A.1,Democratic Republic of the Congo,Kinshasa,2025-03-10,187439,0.7658372589486281,2025-10-21,"Amuri-Aziza, Adrienne; Mbala-Kingebeni, Placide; Wawina-Bokalanga, Tony; Kinganda-Lusamaki, Eddy; Pukuta-Simbu, Elisabeth; Hasivirwe-Vakaniaki, Emmanuel; Ola-Mpumbe, Rilia; Kwete-Mbokama, Papy; Akil-Bandali, Prince; Kacita, Cris; Ponga-Museme, Ange; Mapenzi-Kashali, Nelson; Vakaniaki, Gloria; Kenye, Kelly-Michel; Muyamuna, Elisabeth; Kavira-Bapitani, Sifa; Mukadi, Patrick; OToole, Aine; Tshiani-Mbaya, Olivier; Paku-Tshambu, Princesse; Lokilo-Lofiko, Emmanuel; Muswamba-Kayembe, Chloe; Makangara-Cigolo, Jean-Claude; Cikaya-Kankolongo, Fiston; Luakanda-Ndelemo, Gradi; Lawanga, Leader; Mabika-Bope, Elzedek; Lumembe-Numbi, Raphael; Kabamba-Lungenyi, Gabriel; Citenga, Andre; Kelvin, D. J.; Pratt, Catherine; Ayouba, Ahidjo; Tessema, Sofonias; Mukadi-Bamuleka, Daniel; Jansen, Daan; Halbrook, Megan; Merrit, Sydney; Hensley, Lisa; Delaporte, Eric; Mwamba, Dieudonne; Liesenborghs, Laurens; Hoff, Nicole; Peeters, Martine; Low, Nicola; Rimoin, Anne; Kindrachuk, Jason; Vercauteren, Koen; Rambaut, Andrew; Ahuka-Mundeke, Steve; Muyembe-Tamfum, Jean-Jacques"
PP_004B7G3,Ia,None,Democratic Republic of the Congo,Kinshasa,2025-03-11,187460,0.9195878484247676,2025-10-21,"Amuri-Aziza, Adrienne; Mbala-Kingebeni, Placide; Wawina-Bokalanga, Tony; Kinganda-Lusamaki, Eddy; Pukuta-Simbu, Elisabeth; Hasivirwe-Vakaniaki, Emmanuel; Ola-Mpumbe, Rilia; Kwete-Mbokama, Papy; Akil-Bandali, Prince; Kacita, Cris; Ponga-Museme, Ange; Mapenzi-Kashali, Nelson; Vakaniaki, Gloria; Kenye, Kelly-Michel; Muyamuna, Elisabeth; Kavira-Bapitani, Sifa; Mukadi, Patrick; OToole, Aine; Tshiani-Mbaya, Olivier; Paku-Tshambu, Princesse; Lokilo-Lofiko, Emmanuel; Muswamba-Kayembe, Chloe; Makangara-Cigolo, Jean-Claude; Cikaya-Kankolongo, Fiston; Luakanda-Ndelemo, Gradi; Lawanga, Leader; Mabika-Bope, Elzedek; Lumembe-Numbi, Raphael; Kabamba-Lungenyi, Gabriel; Citenga, Andre; Kelvin, D. J.; Pratt, Catherine; Ayouba, Ahidjo; Tessema, Sofonias; Mukadi-Bamuleka, Daniel; Jansen, Daan; Halbrook, Megan; Merrit, Sydney; Hensley, Lisa; Delaporte, Eric; Mwamba, Dieudonne; Liesenborghs, Laurens; Hoff, Nicole; Peeters, Martine; Low, Nicola; Rimoin, Anne; Kindrachuk, Jason; Vercauteren, Koen; Rambaut, Andrew; Ahuka-Mundeke, Steve; Muyembe-Tamfum, Jean-Jacques"
PP_004B7H0,Ia,None,Democratic Republic of the Congo,Mai-Ndombe,2025-03-07,187447,0.5093682337013017,2025-10-21,"Kenye, Kelly-Michel; Mbala-Kingebeni, Placide; Wawina-Bokalanga, Tony; Kinganda-Lusamaki, Eddy; Pukuta-Simbu, Elisabeth; Hasivirwe-Vakaniaki, Emmanuel; Ola-Mpumbe, Rilia; Kwete-Mbokama, Papy; Akil-Bandali, Prince; Kacita, Cris; Ponga-Museme, Ange; Mapenzi-Kashali, Nelson; Vakaniaki, Gloria; Amuri-Aziza, Adrienne; Muyamuna, Elisabeth; Kavira-Bapitani, Sifa; Mukadi, Patrick; OToole, Aine; Tshiani-Mbaya, Olivier; Paku-Tshambu, Princesse; Lokilo-Lofiko, Emmanuel; Muswamba-Kayembe, Chloe; Makangara-Cigolo, Jean-Claude; Cikaya-Kankolongo, Fiston; Luakanda-Ndelemo, Gradi; Lawanga, Leader; Mabika-Bope, Elzedek; Lumembe-Numbi, Raphael; Kabamba-Lungenyi, Gabriel; Citenga, Andre; Kelvin, D. J.; Pratt, Catherine; Ayouba, Ahidjo; Tessema, Sofonias; Mukadi-Bamuleka, Daniel; Jansen, Daan; Halbrook, Megan; Merrit, Sydney; Hensley, Lisa; Delaporte, Eric; Mwamba, Dieudonne; Liesenborghs, Laurens; Hoff, Nicole; Peeters, Martine; Low, Nicola; Rimoin, Anne; Kindrachuk, Jason; Vercauteren, Koen; Rambaut, Andrew; Ahuka-Mundeke, Steve; Muyembe-Tamfum, Jean-Jacques"
PP_004B7JY,Ia,None,Democratic Republic of the Congo,Mai-Ndombe,2025-03-07,187463,0.8479126206207628,2025-10-21,"Kenye, Kelly-Michel; Mbala-Kingebeni, Placide; Wawina-Bokalanga, Tony; Kinganda-Lusamaki, Eddy; Pukuta-Simbu, Elisabeth; Hasivirwe-Vakaniaki, Emmanuel; Ola-Mpumbe, Rilia; Kwete-Mbokama, Papy; Akil-Bandali, Prince; Kacita, Cris; Ponga-Museme, Ange; Mapenzi-Kashali, Nelson; Vakaniaki, Gloria; Amuri-Aziza, Adrienne; Muyamuna, Elisabeth; Kavira-Bapitani, Sifa; Mukadi, Patrick; OToole, Aine; Tshiani-Mbaya, Olivier; Paku-Tshambu, Princesse; Lokilo-Lofiko, Emmanuel; Muswamba-Kayembe, Chloe; Makangara-Cigolo, Jean-Claude; Cikaya-Kankolongo, Fiston; Luakanda-Ndelemo, Gradi; Lawanga, Leader; Mabika-Bope, Elzedek; Lumembe-Numbi, Raphael; Kabamba-Lungenyi, Gabriel; Citenga, Andre; Kelvin, D. J.; Pratt, Catherine; Ayouba, Ahidjo; Tessema, Sofonias; Mukadi-Bamuleka, Daniel; Jansen, Daan; Halbrook, Megan; Merrit, Sydney; Hensley, Lisa; Delaporte, Eric; Mwamba, Dieudonne; Liesenborghs, Laurens; Hoff, Nicole; Peeters, Martine; Low, Nicola; Rimoin, Anne; Kindrachuk, Jason; Vercauteren, Koen; Rambaut, Andrew; Ahuka-Mundeke, Steve; Muyembe-Tamfum, Jean-Jacques"
PP_004B7KW,Ib,A.1,Democratic Republic of the Congo,Kinshasa,2025-03-11,187422,0.889487802280829,2025-10-21,"Amuri-Aziza, Adrienne; Mbala-Kingebeni, Placide; Wawina-Bokalanga, Tony; Kinganda-Lusamaki, Eddy; Pukuta-Simbu, Elisabeth; Hasivirwe-Vakaniaki, Emmanuel; Ola-Mpumbe, Rilia; Kwete-Mbokama, Papy; Akil-Bandali, Prince; Kacita, Cris; Ponga-Museme, Ange; Mapenzi-Kashali, Nelson; Vakaniaki, Gloria; Kenye, Kelly-Michel; Muyamuna, Elisabeth; Kavira-Bapitani, Sifa; Mukadi, Patrick; OToole, Aine; Tshiani-Mbaya, Olivier; Paku-Tshambu, Princesse; Lokilo-Lofiko, Emmanuel; Muswamba-Kayembe, Chloe; Makangara-Cigolo, Jean-Claude; Cikaya-Kankolongo, Fiston; Luakanda-Ndelemo, Gradi; Lawanga, Leader; Mabika-Bope, Elzedek; Lumembe-Numbi, Raphael; Kabamba-Lungenyi, Gabriel; Citenga, Andre; Kelvin, D. J.; Pratt, Catherine; Ayouba, Ahidjo; Tessema, Sofonias; Mukadi-Bamuleka, Daniel; Jansen, Daan; Halbrook, Megan; Merrit, Sydney; Hensley, Lisa; Delaporte, Eric; Mwamba, Dieudonne; Liesenborghs, Laurens; Hoff, Nicole; Peeters, Martine; Low, Nicola; Rimoin, Anne; Kindrachuk, Jason; Vercauteren, Koen; Rambaut, Andrew; Ahuka-Mundeke, Steve; Muyembe-Tamfum, Jean-Jacques"
PP_004B7LU,Ib,A.1,Democratic Republic of the Congo,Kinshasa,2025-03-07,187413,0.8903244780917706,2025-10-21,"Amuri-Aziza, Adrienne; Mbala-Kingebeni, Placide; Wawina-Bokalanga, Tony; Kinganda-Lusamaki, Eddy; Pukuta-Simbu, Elisabeth; Hasivirwe-Vakaniaki, Emmanuel; Ola-Mpumbe, Rilia; Kwete-Mbokama, Papy; Akil-Bandali, Prince; Kacita, Cris; Ponga-Museme, Ange; Mapenzi-Kashali, Nelson; Vakaniaki, Gloria; Kenye, Kelly-Michel; Muyamuna, Elisabeth; Kavira-Bapitani, Sifa; Mukadi, Patrick; OToole, Aine; Tshiani-Mbaya, Olivier; Paku-Tshambu, Princesse; Lokilo-Lofiko, Emmanuel; Muswamba-Kayembe, Chloe; Makangara-Cigolo, Jean-Claude; Cikaya-Kankolongo, Fiston; Luakanda-Ndelemo, Gradi; Lawanga, Leader; Mabika-Bope, Elzedek; Lumembe-Numbi, Raphael; Kabamba-Lungenyi, Gabriel; Citenga, Andre; Kelvin, D. J.; Pratt, Catherine; Ayouba, Ahidjo; Tessema, Sofonias; Mukadi-Bamuleka, Daniel; Jansen, Daan; Halbrook, Megan; Merrit, Sydney; Hensley, Lisa; Delaporte, Eric; Mwamba, Dieudonne; Liesenborghs, Laurens; Hoff, Nicole; Peeters, Martine; Low, Nicola; Rimoin, Anne; Kindrachuk, Jason; Vercauteren, Koen; Rambaut, Andrew; Ahuka-Mundeke, Steve; Muyembe-Tamfum, Jean-Jacques"
PP_004B7MS,Ia,None,Democratic Republic of the Congo,Kinshasa,2025-03-13,187457,0.862541770406016,2025-10-21,"Amuri-Aziza, Adrienne; Mbala-Kingebeni, Placide; Wawina-Bokalanga, Tony; Kinganda-Lusamaki, Eddy; Pukuta-Simbu, Elisabeth; Hasivirwe-Vakaniaki, Emmanuel; Ola-Mpumbe, Rilia; Kwete-Mbokama, Papy; Akil-Bandali, Prince; Kacita, Cris; Ponga-Museme, Ange; Mapenzi-Kashali, Nelson; Vakaniaki, Gloria; Kenye, Kelly-Michel; Muyamuna, Elisabeth; Kavira-Bapitani, Sifa; Mukadi, Patrick; OToole, Aine; Tshiani-Mbaya, Olivier; Paku-Tshambu, Princesse; Lokilo-Lofiko, Emmanuel; Muswamba-Kayembe, Chloe; Makangara-Cigolo, Jean-Claude; Cikaya-Kankolongo, Fiston; Luakanda-Ndelemo, Gradi; Lawanga, Leader; Mabika-Bope, Elzedek; Lumembe-Numbi, Raphael; Kabamba-Lungenyi, Gabriel; Citenga, Andre; Kelvin, D. J.; Pratt, Catherine; Ayouba, Ahidjo; Tessema, Sofonias; Mukadi-Bamuleka, Daniel; Jansen, Daan; Halbrook, Megan; Merrit, Sydney; Hensley, Lisa; Delaporte, Eric; Mwamba, Dieudonne; Liesenborghs, Laurens; Hoff, Nicole; Peeters, Martine; Low, Nicola; Rimoin, Anne; Kindrachuk, Jason; Vercauteren, Koen; Rambaut, Andrew; Ahuka-Mundeke, Steve; Muyembe-Tamfum, Jean-Jacques"
PP_004B7NQ,Ia,None,Democratic Republic of the Congo,Kinshasa,2025-03-13,187426,0.8835854347418222,2025-10-21,"Amuri-Aziza, Adrienne; Mbala-Kingebeni, Placide; Wawina-Bokalanga, Tony; Kinganda-Lusamaki, Eddy; Pukuta-Simbu, Elisabeth; Hasivirwe-Vakaniaki, Emmanuel; Ola-Mpumbe, Rilia; Kwete-Mbokama, Papy; Akil-Bandali, Prince; Kacita, Cris; Ponga-Museme, Ange; Mapenzi-Kashali, Nelson; Vakaniaki, Gloria; Kenye, Kelly-Michel; Muyamuna, Elisabeth; Kavira-Bapitani, Sifa; Mukadi, Patrick; OToole, Aine; Tshiani-Mbaya, Olivier; Paku-Tshambu, Princesse; Lokilo-Lofiko, Emmanuel; Muswamba-Kayembe, Chloe; Makangara-Cigolo, Jean-Claude; Cikaya-Kankolongo, Fiston; Luakanda-Ndelemo, Gradi; Lawanga, Leader; Mabika-Bope, Elzedek; Lumembe-Numbi, Raphael; Kabamba-Lungenyi, Gabriel; Citenga, Andre; Kelvin, D. J.; Pratt, Catherine; Ayouba, Ahidjo; Tessema, Sofonias; Mukadi-Bamuleka, Daniel; Jansen, Daan; Halbrook, Megan; Merrit, Sydney; Hensley, Lisa; Delaporte, Eric; Mwamba, Dieudonne; Liesenborghs, Laurens; Hoff, Nicole; Peeters, Martine; Low, Nicola; Rimoin, Anne; Kindrachuk, Jason; Vercauteren, Koen; Rambaut, Andrew; Ahuka-Mundeke, Steve; Muyembe-Tamfum, Jean-Jacques"
PP_004B7PN,Ia,None,Democratic Republic of the Congo,Tshopo,2025-02-21,187407,0.8431308915921687,2025-10-21,"Luakanda-Ndelemo, Gradi; Mbala-Kingebeni, Placide; Wawina-Bokalanga, Tony; Kinganda-Lusamaki, Eddy; Pukuta-Simbu, Elisabeth; Hasivirwe-Vakaniaki, Emmanuel; Ola-Mpumbe, Rilia; Kwete-Mbokama, Papy; Akil-Bandali, Prince; Kacita, Cris; Ponga-Museme, Ange; Mapenzi-Kashali, Nelson; Vakaniaki, Gloria; Amuri-Aziza, Adrienne; Kenye, Kelly-Michel; Muyamuna, Elisabeth; Kavira-Bapitani, Sifa; Mukadi, Patrick; OToole, Aine; Tshiani-Mbaya, Olivier; Paku-Tshambu, Princesse; Lokilo-Lofiko, Emmanuel; Muswamba-Kayembe, Chloe; Makangara-Cigolo, Jean-Claude; Cikaya-Kankolongo, Fiston; Lawanga, Leader; Mabika-Bope, Elzedek; Lumembe-Numbi, Raphael; Kabamba-Lungenyi, Gabriel; Citenga, Andre; Kelvin, D. J.; Pratt, Catherine; Ayouba, Ahidjo; Tessema, Sofonias; Mukadi-Bamuleka, Daniel; Jansen, Daan; Halbrook, Megan; Merrit, Sydney; Hensley, Lisa; Delaporte, Eric; Mwamba, Dieudonne; Liesenborghs, Laurens; Hoff, Nicole; Peeters, Martine; Low, Nicola; Rimoin, Anne; Kindrachuk, Jason; Vercauteren, Koen; Rambaut, Andrew; Ahuka-Mundeke, Steve; Muyembe-Tamfum, Jean-Jacques"
PP_004B7QL,Ia,None,Democratic Republic of the Congo,Kinshasa,2025-03-14,187443,0.8691084078312856,2025-10-21,"Amuri-Aziza, Adrienne; Mbala-Kingebeni, Placide; Wawina-Bokalanga, Tony; Kinganda-Lusamaki, Eddy; Pukuta-Simbu, Elisabeth; Hasivirwe-Vakaniaki, Emmanuel; Ola-Mpumbe, Rilia; Kwete-Mbokama, Papy; Akil-Bandali, Prince; Kacita, Cris; Ponga-Museme, Ange; Mapenzi-Kashali, Nelson; Vakaniaki, Gloria; Kenye, Kelly-Michel; Muyamuna, Elisabeth; Kavira-Bapitani, Sifa; Mukadi, Patrick; OToole, Aine; Tshiani-Mbaya, Olivier; Paku-Tshambu, Princesse; Lokilo-Lofiko, Emmanuel; Muswamba-Kayembe, Chloe; Makangara-Cigolo, Jean-Claude; Cikaya-Kankolongo, Fiston; Luakanda-Ndelemo, Gradi; Lawanga, Leader; Mabika-Bope, Elzedek; Lumembe-Numbi, Raphael; Kabamba-Lungenyi, Gabriel; Citenga, Andre; Kelvin, D. J.; Pratt, Catherine; Ayouba, Ahidjo; Tessema, Sofonias; Mukadi-Bamuleka, Daniel; Jansen, Daan; Halbrook, Megan; Merrit, Sydney; Hensley, Lisa; Delaporte, Eric; Mwamba, Dieudonne; Liesenborghs, Laurens; Hoff, Nicole; Peeters, Martine; Low, Nicola; Rimoin, Anne; Kindrachuk, Jason; Vercauteren, Koen; Rambaut, Andrew; Ahuka-Mundeke, Steve; Muyembe-Tamfum, Jean-Jacques"
PP_004B7RJ,Ia,None,Democratic Republic of the Congo,Kinshasa,2025-03-14,187418,0.907803396396716,2025-10-21,"Amuri-Aziza, Adrienne; Mbala-Kingebeni, Placide; Wawina-Bokalanga, Tony; Kinganda-Lusamaki, Eddy; Pukuta-Simbu, Elisabeth; Hasivirwe-Vakaniaki, Emmanuel; Ola-Mpumbe, Rilia; Kwete-Mbokama, Papy; Akil-Bandali, Prince; Kacita, Cris; Ponga-Museme, Ange; Mapenzi-Kashali, Nelson; Vakaniaki, Gloria; Kenye, Kelly-Michel; Muyamuna, Elisabeth; Kavira-Bapitani, Sifa; Mukadi, Patrick; OToole, Aine; Tshiani-Mbaya, Olivier; Paku-Tshambu, Princesse; Lokilo-Lofiko, Emmanuel; Muswamba-Kayembe, Chloe; Makangara-Cigolo, Jean-Claude; Cikaya-Kankolongo, Fiston; Luakanda-Ndelemo, Gradi; Lawanga, Leader; Mabika-Bope, Elzedek; Lumembe-Numbi, Raphael; Kabamba-Lungenyi, Gabriel; Citenga, Andre; Kelvin, D. J.; Pratt, Catherine; Ayouba, Ahidjo; Tessema, Sofonias; Mukadi-Bamuleka, Daniel; Jansen, Daan; Halbrook, Megan; Merrit, Sydney; Hensley, Lisa; Delaporte, Eric; Mwamba, Dieudonne; Liesenborghs, Laurens; Hoff, Nicole; Peeters, Martine; Low, Nicola; Rimoin, Anne; Kindrachuk, Jason; Vercauteren, Koen; Rambaut, Andrew; Ahuka-Mundeke, Steve; Muyembe-Tamfum, Jean-Jacques"
PP_004B7SG,Ib,A.1,Democratic Republic of the Congo,Kinshasa,2025-03-13,187410,0.8448904461763915,2025-10-21,"Amuri-Aziza, Adrienne; Mbala-Kingebeni, Placide; Wawina-Bokalanga, Tony; Kinganda-Lusamaki, Eddy; Pukuta-Simbu, Elisabeth; Hasivirwe-Vakaniaki, Emmanuel; Ola-Mpumbe, Rilia; Kwete-Mbokama, Papy; Akil-Bandali, Prince; Kacita, Cris; Ponga-Museme, Ange; Mapenzi-Kashali, Nelson; Vakaniaki, Gloria; Kenye, Kelly-Michel; Muyamuna, Elisabeth; Kavira-Bapitani, Sifa; Mukadi, Patrick; OToole, Aine; Tshiani-Mbaya, Olivier; Paku-Tshambu, Princesse; Lokilo-Lofiko, Emmanuel; Muswamba-Kayembe, Chloe; Makangara-Cigolo, Jean-Claude; Cikaya-Kankolongo, Fiston; Luakanda-Ndelemo, Gradi; Lawanga, Leader; Mabika-Bope, Elzedek; Lumembe-Numbi, Raphael; Kabamba-Lungenyi, Gabriel; Citenga, Andre; Kelvin, D. J.; Pratt, Catherine; Ayouba, Ahidjo; Tessema, Sofonias; Mukadi-Bamuleka, Daniel; Jansen, Daan; Halbrook, Megan; Merrit, Sydney; Hensley, Lisa; Delaporte, Eric; Mwamba, Dieudonne; Liesenborghs, Laurens; Hoff, Nicole; Peeters, Martine; Low, Nicola; Rimoin, Anne; Kindrachuk, Jason; Vercauteren, Koen; Rambaut, Andrew; Ahuka-Mundeke, Steve; Muyembe-Tamfum, Jean-Jacques"
PP_004B7TE,Ib,A.1,Democratic Republic of the Congo,Kinshasa,2025-03-17,187425,0.8673944901094778,2025-10-21,"Amuri-Aziza, Adrienne; Mbala-Kingebeni, Placide; Wawina-Bokalanga, Tony; Kinganda-Lusamaki, Eddy; Pukuta-Simbu, Elisabeth; Hasivirwe-Vakaniaki, Emmanuel; Ola-Mpumbe, Rilia; Kwete-Mbokama, Papy; Akil-Bandali, Prince; Kacita, Cris; Ponga-Museme, Ange; Mapenzi-Kashali, Nelson; Vakaniaki, Gloria; Kenye, Kelly-Michel; Muyamuna, Elisabeth; Kavira-Bapitani, Sifa; Mukadi, Patrick; OToole, Aine; Tshiani-Mbaya, Olivier; Paku-Tshambu, Princesse; Lokilo-Lofiko, Emmanuel; Muswamba-Kayembe, Chloe; Makangara-Cigolo, Jean-Claude; Cikaya-Kankolongo, Fiston; Luakanda-Ndelemo, Gradi; Lawanga, Leader; Mabika-Bope, Elzedek; Lumembe-Numbi, Raphael; Kabamba-Lungenyi, Gabriel; Citenga, Andre; Kelvin, D. J.; Pratt, Catherine; Ayouba, Ahidjo; Tessema, Sofonias; Mukadi-Bamuleka, Daniel; Jansen, Daan; Halbrook, Megan; Merrit, Sydney; Hensley, Lisa; Delaporte, Eric; Mwamba, Dieudonne; Liesenborghs, Laurens; Hoff, Nicole; Peeters, Martine; Low, Nicola; Rimoin, Anne; Kindrachuk, Jason; Vercauteren, Koen; Rambaut, Andrew; Ahuka-Mundeke, Steve; Muyembe-Tamfum, Jean-Jacques"
PP_004B7UC,Ib,A.1,Democratic Republic of the Congo,Kinshasa,2025-03-11,187421,0.8869118549356266,2025-10-21,"Amuri-Aziza, Adrienne; Mbala-Kingebeni, Placide; Wawina-Bokalanga, Tony; Kinganda-Lusamaki, Eddy; Pukuta-Simbu, Elisabeth; Hasivirwe-Vakaniaki, Emmanuel; Ola-Mpumbe, Rilia; Kwete-Mbokama, Papy; Akil-Bandali, Prince; Kacita, Cris; Ponga-Museme, Ange; Mapenzi-Kashali, Nelson; Vakaniaki, Gloria; Kenye, Kelly-Michel; Muyamuna, Elisabeth; Kavira-Bapitani, Sifa; Mukadi, Patrick; OToole, Aine; Tshiani-Mbaya, Olivier; Paku-Tshambu, Princesse; Lokilo-Lofiko, Emmanuel; Muswamba-Kayembe, Chloe; Makangara-Cigolo, Jean-Claude; Cikaya-Kankolongo, Fiston; Luakanda-Ndelemo, Gradi; Lawanga, Leader; Mabika-Bope, Elzedek; Lumembe-Numbi, Raphael; Kabamba-Lungenyi, Gabriel; Citenga, Andre; Kelvin, D. J.; Pratt, Catherine; Ayouba, Ahidjo; Tessema, Sofonias; Mukadi-Bamuleka, Daniel; Jansen, Daan; Halbrook, Megan; Merrit, Sydney; Hensley, Lisa; Delaporte, Eric; Mwamba, Dieudonne; Liesenborghs, Laurens; Hoff, Nicole; Peeters, Martine; Low, Nicola; Rimoin, Anne; Kindrachuk, Jason; Vercauteren, Koen; Rambaut, Andrew; Ahuka-Mundeke, Steve; Muyembe-Tamfum, Jean-Jacques"
PP_004B7VA,Ib,A.1,Democratic Republic of the Congo,Kinshasa,2025-03-11,187408,0.7081066279936514,2025-10-21,"Amuri-Aziza, Adrienne; Mbala-Kingebeni, Placide; Wawina-Bokalanga, Tony; Kinganda-Lusamaki, Eddy; Pukuta-Simbu, Elisabeth; Hasivirwe-Vakaniaki, Emmanuel; Ola-Mpumbe, Rilia; Kwete-Mbokama, Papy; Akil-Bandali, Prince; Kacita, Cris; Ponga-Museme, Ange; Mapenzi-Kashali, Nelson; Vakaniaki, Gloria; Kenye, Kelly-Michel; Muyamuna, Elisabeth; Kavira-Bapitani, Sifa; Mukadi, Patrick; OToole, Aine; Tshiani-Mbaya, Olivier; Paku-Tshambu, Princesse; Lokilo-Lofiko, Emmanuel; Muswamba-Kayembe, Chloe; Makangara-Cigolo, Jean-Claude; Cikaya-Kankolongo, Fiston; Luakanda-Ndelemo, Gradi; Lawanga, Leader; Mabika-Bope, Elzedek; Lumembe-Numbi, Raphael; Kabamba-Lungenyi, Gabriel; Citenga, Andre; Kelvin, D. J.; Pratt, Catherine; Ayouba, Ahidjo; Tessema, Sofonias; Mukadi-Bamuleka, Daniel; Jansen, Daan; Halbrook, Megan; Merrit, Sydney; Hensley, Lisa; Delaporte, Eric; Mwamba, Dieudonne; Liesenborghs, Laurens; Hoff, Nicole; Peeters, Martine; Low, Nicola; Rimoin, Anne; Kindrachuk, Jason; Vercauteren, Koen; Rambaut, Andrew; Ahuka-Mundeke, Steve; Muyembe-Tamfum, Jean-Jacques"
PP_004B7W8,Ia,None,Democratic Republic of the Congo,Kinshasa,2025-03-12,187424,0.9038684847040448,2025-10-21,"Amuri-Aziza, Adrienne; Mbala-Kingebeni, Placide; Wawina-Bokalanga, Tony; Kinganda-Lusamaki, Eddy; Pukuta-Simbu, Elisabeth; Hasivirwe-Vakaniaki, Emmanuel; Ola-Mpumbe, Rilia; Kwete-Mbokama, Papy; Akil-Bandali, Prince; Kacita, Cris; Ponga-Museme, Ange; Mapenzi-Kashali, Nelson; Vakaniaki, Gloria; Kenye, Kelly-Michel; Muyamuna, Elisabeth; Kavira-Bapitani, Sifa; Mukadi, Patrick; OToole, Aine; Tshiani-Mbaya, Olivier; Paku-Tshambu, Princesse; Lokilo-Lofiko, Emmanuel; Muswamba-Kayembe, Chloe; Makangara-Cigolo, Jean-Claude; Cikaya-Kankolongo, Fiston; Luakanda-Ndelemo, Gradi; Lawanga, Leader; Mabika-Bope, Elzedek; Lumembe-Numbi, Raphael; Kabamba-Lungenyi, Gabriel; Citenga, Andre; Kelvin, D. J.; Pratt, Catherine; Ayouba, Ahidjo; Tessema, Sofonias; Mukadi-Bamuleka, Daniel; Jansen, Daan; Halbrook, Megan; Merrit, Sydney; Hensley, Lisa; Delaporte, Eric; Mwamba, Dieudonne; Liesenborghs, Laurens; Hoff, Nicole; Peeters, Martine; Low, Nicola; Rimoin, Anne; Kindrachuk, Jason; Vercauteren, Koen; Rambaut, Andrew; Ahuka-Mundeke, Steve; Muyembe-Tamfum, Jean-Jacques"
PP_004B7X6,Ib,A.1,Democratic Republic of the Congo,Kinshasa,2025-03-12,187412,0.8772571231536086,2025-10-21,"Amuri-Aziza, Adrienne; Mbala-Kingebeni, Placide; Wawina-Bokalanga, Tony; Kinganda-Lusamaki, Eddy; Pukuta-Simbu, Elisabeth; Hasivirwe-Vakaniaki, Emmanuel; Ola-Mpumbe, Rilia; Kwete-Mbokama, Papy; Akil-Bandali, Prince; Kacita, Cris; Ponga-Museme, Ange; Mapenzi-Kashali, Nelson; Vakaniaki, Gloria; Kenye, Kelly-Michel; Muyamuna, Elisabeth; Kavira-Bapitani, Sifa; Mukadi, Patrick; OToole, Aine; Tshiani-Mbaya, Olivier; Paku-Tshambu, Princesse; Lokilo-Lofiko, Emmanuel; Muswamba-Kayembe, Chloe; Makangara-Cigolo, Jean-Claude; Cikaya-Kankolongo, Fiston; Luakanda-Ndelemo, Gradi; Lawanga, Leader; Mabika-Bope, Elzedek; Lumembe-Numbi, Raphael; Kabamba-Lungenyi, Gabriel; Citenga, Andre; Kelvin, D. J.; Pratt, Catherine; Ayouba, Ahidjo; Tessema, Sofonias; Mukadi-Bamuleka, Daniel; Jansen, Daan; Halbrook, Megan; Merrit, Sydney; Hensley, Lisa; Delaporte, Eric; Mwamba, Dieudonne; Liesenborghs, Laurens; Hoff, Nicole; Peeters, Martine; Low, Nicola; Rimoin, Anne; Kindrachuk, Jason; Vercauteren, Koen; Rambaut, Andrew; Ahuka-Mundeke, Steve; Muyembe-Tamfum, Jean-Jacques"
PP_004B7Y4,Ib,A.1,Democratic Republic of the Congo,Kinshasa,2025-03-11,187414,0.8509804319275489,2025-10-21,"Amuri-Aziza, Adrienne; Mbala-Kingebeni, Placide; Wawina-Bokalanga, Tony; Kinganda-Lusamaki, Eddy; Pukuta-Simbu, Elisabeth; Hasivirwe-Vakaniaki, Emmanuel; Ola-Mpumbe, Rilia; Kwete-Mbokama, Papy; Akil-Bandali, Prince; Kacita, Cris; Ponga-Museme, Ange; Mapenzi-Kashali, Nelson; Vakaniaki, Gloria; Kenye, Kelly-Michel; Muyamuna, Elisabeth; Kavira-Bapitani, Sifa; Mukadi, Patrick; OToole, Aine; Tshiani-Mbaya, Olivier; Paku-Tshambu, Princesse; Lokilo-Lofiko, Emmanuel; Muswamba-Kayembe, Chloe; Makangara-Cigolo, Jean-Claude; Cikaya-Kankolongo, Fiston; Luakanda-Ndelemo, Gradi; Lawanga, Leader; Mabika-Bope, Elzedek; Lumembe-Numbi, Raphael; Kabamba-Lungenyi, Gabriel; Citenga, Andre; Kelvin, D. J.; Pratt, Catherine; Ayouba, Ahidjo; Tessema, Sofonias; Mukadi-Bamuleka, Daniel; Jansen, Daan; Halbrook, Megan; Merrit, Sydney; Hensley, Lisa; Delaporte, Eric; Mwamba, Dieudonne; Liesenborghs, Laurens; Hoff, Nicole; Peeters, Martine; Low, Nicola; Rimoin, Anne; Kindrachuk, Jason; Vercauteren, Koen; Rambaut, Andrew; Ahuka-Mundeke, Steve; Muyembe-Tamfum, Jean-Jacques"
PP_004B7Z2,Ib,A.1,Democratic Republic of the Congo,Kinshasa,2025-03-11,187418,0.8800612548108859,2025-10-21,"Amuri-Aziza, Adrienne; Mbala-Kingebeni, Placide; Wawina-Bokalanga, Tony; Kinganda-Lusamaki, Eddy; Pukuta-Simbu, Elisabeth; Hasivirwe-Vakaniaki, Emmanuel; Ola-Mpumbe, Rilia; Kwete-Mbokama, Papy; Akil-Bandali, Prince; Kacita, Cris; Ponga-Museme, Ange; Mapenzi-Kashali, Nelson; Vakaniaki, Gloria; Kenye, Kelly-Michel; Muyamuna, Elisabeth; Kavira-Bapitani, Sifa; Mukadi, Patrick; OToole, Aine; Tshiani-Mbaya, Olivier; Paku-Tshambu, Princesse; Lokilo-Lofiko, Emmanuel; Muswamba-Kayembe, Chloe; Makangara-Cigolo, Jean-Claude; Cikaya-Kankolongo, Fiston; Luakanda-Ndelemo, Gradi; Lawanga, Leader; Mabika-Bope, Elzedek; Lumembe-Numbi, Raphael; Kabamba-Lungenyi, Gabriel; Citenga, Andre; Kelvin, D. J.; Pratt, Catherine; Ayouba, Ahidjo; Tessema, Sofonias; Mukadi-Bamuleka, Daniel; Jansen, Daan; Halbrook, Megan; Merrit, Sydney; Hensley, Lisa; Delaporte, Eric; Mwamba, Dieudonne; Liesenborghs, Laurens; Hoff, Nicole; Peeters, Martine; Low, Nicola; Rimoin, Anne; Kindrachuk, Jason; Vercauteren, Koen; Rambaut, Andrew; Ahuka-Mundeke, Steve; Muyembe-Tamfum, Jean-Jacques"
PP_004B800,Ib,A.1,Democratic Republic of the Congo,Kinshasa,2025-03-11,187409,0.8919420513262579,2025-10-21,"Amuri-Aziza, Adrienne; Mbala-Kingebeni, Placide; Wawina-Bokalanga, Tony; Kinganda-Lusamaki, Eddy; Pukuta-Simbu, Elisabeth; Hasivirwe-Vakaniaki, Emmanuel; Ola-Mpumbe, Rilia; Kwete-Mbokama, Papy; Akil-Bandali, Prince; Kacita, Cris; Ponga-Museme, Ange; Mapenzi-Kashali, Nelson; Vakaniaki, Gloria; Kenye, Kelly-Michel; Muyamuna, Elisabeth; Kavira-Bapitani, Sifa; Mukadi, Patrick; OToole, Aine; Tshiani-Mbaya, Olivier; Paku-Tshambu, Princesse; Lokilo-Lofiko, Emmanuel; Muswamba-Kayembe, Chloe; Makangara-Cigolo, Jean-Claude; Cikaya-Kankolongo, Fiston; Luakanda-Ndelemo, Gradi; Lawanga, Leader; Mabika-Bope, Elzedek; Lumembe-Numbi, Raphael; Kabamba-Lungenyi, Gabriel; Citenga, Andre; Kelvin, D. J.; Pratt, Catherine; Ayouba, Ahidjo; Tessema, Sofonias; Mukadi-Bamuleka, Daniel; Jansen, Daan; Halbrook, Megan; Merrit, Sydney; Hensley, Lisa; Delaporte, Eric; Mwamba, Dieudonne; Liesenborghs, Laurens; Hoff, Nicole; Peeters, Martine; Low, Nicola; Rimoin, Anne; Kindrachuk, Jason; Vercauteren, Koen; Rambaut, Andrew; Ahuka-Mundeke, Steve; Muyembe-Tamfum, Jean-Jacques"
PP_004B81Y,Ib,A.1,Democratic Republic of the Congo,Kinshasa,2025-03-11,187420,0.8814455729708076,2025-10-21,"Amuri-Aziza, Adrienne; Mbala-Kingebeni, Placide; Wawina-Bokalanga, Tony; Kinganda-Lusamaki, Eddy; Pukuta-Simbu, Elisabeth; Hasivirwe-Vakaniaki, Emmanuel; Ola-Mpumbe, Rilia; Kwete-Mbokama, Papy; Akil-Bandali, Prince; Kacita, Cris; Ponga-Museme, Ange; Mapenzi-Kashali, Nelson; Vakaniaki, Gloria; Kenye, Kelly-Michel; Muyamuna, Elisabeth; Kavira-Bapitani, Sifa; Mukadi, Patrick; OToole, Aine; Tshiani-Mbaya, Olivier; Paku-Tshambu, Princesse; Lokilo-Lofiko, Emmanuel; Muswamba-Kayembe, Chloe; Makangara-Cigolo, Jean-Claude; Cikaya-Kankolongo, Fiston; Luakanda-Ndelemo, Gradi; Lawanga, Leader; Mabika-Bope, Elzedek; Lumembe-Numbi, Raphael; Kabamba-Lungenyi, Gabriel; Citenga, Andre; Kelvin, D. J.; Pratt, Catherine; Ayouba, Ahidjo; Tessema, Sofonias; Mukadi-Bamuleka, Daniel; Jansen, Daan; Halbrook, Megan; Merrit, Sydney; Hensley, Lisa; Delaporte, Eric; Mwamba, Dieudonne; Liesenborghs, Laurens; Hoff, Nicole; Peeters, Martine; Low, Nicola; Rimoin, Anne; Kindrachuk, Jason; Vercauteren, Koen; Rambaut, Andrew; Ahuka-Mundeke, Steve; Muyembe-Tamfum, Jean-Jacques"
PP_004B82W,Ib,A.1,Democratic Republic of the Congo,Kinshasa,2025-03-17,187411,0.894132620722178,2025-10-21,"Amuri-Aziza, Adrienne; Mbala-Kingebeni, Placide; Wawina-Bokalanga, Tony; Kinganda-Lusamaki, Eddy; Pukuta-Simbu, Elisabeth; Hasivirwe-Vakaniaki, Emmanuel; Ola-Mpumbe, Rilia; Kwete-Mbokama, Papy; Akil-Bandali, Prince; Kacita, Cris; Ponga-Museme, Ange; Mapenzi-Kashali, Nelson; Vakaniaki, Gloria; Kenye, Kelly-Michel; Muyamuna, Elisabeth; Kavira-Bapitani, Sifa; Mukadi, Patrick; OToole, Aine; Tshiani-Mbaya, Olivier; Paku-Tshambu, Princesse; Lokilo-Lofiko, Emmanuel; Muswamba-Kayembe, Chloe; Makangara-Cigolo, Jean-Claude; Cikaya-Kankolongo, Fiston; Luakanda-Ndelemo, Gradi; Lawanga, Leader; Mabika-Bope, Elzedek; Lumembe-Numbi, Raphael; Kabamba-Lungenyi, Gabriel; Citenga, Andre; Kelvin, D. J.; Pratt, Catherine; Ayouba, Ahidjo; Tessema, Sofonias; Mukadi-Bamuleka, Daniel; Jansen, Daan; Halbrook, Megan; Merrit, Sydney; Hensley, Lisa; Delaporte, Eric; Mwamba, Dieudonne; Liesenborghs, Laurens; Hoff, Nicole; Peeters, Martine; Low, Nicola; Rimoin, Anne; Kindrachuk, Jason; Vercauteren, Koen; Rambaut, Andrew; Ahuka-Mundeke, Steve; Muyembe-Tamfum, Jean-Jacques"
PP_004B83U,Ib,A.1,Democratic Republic of the Congo,Kinshasa,2025-03-11,187417,0.8639413008534094,2025-10-21,"Amuri-Aziza, Adrienne; Mbala-Kingebeni, Placide; Wawina-Bokalanga, Tony; Kinganda-Lusamaki, Eddy; Pukuta-Simbu, Elisabeth; Hasivirwe-Vakaniaki, Emmanuel; Ola-Mpumbe, Rilia; Kwete-Mbokama, Papy; Akil-Bandali, Prince; Kacita, Cris; Ponga-Museme, Ange; Mapenzi-Kashali, Nelson; Vakaniaki, Gloria; Kenye, Kelly-Michel; Muyamuna, Elisabeth; Kavira-Bapitani, Sifa; Mukadi, Patrick; OToole, Aine; Tshiani-Mbaya, Olivier; Paku-Tshambu, Princesse; Lokilo-Lofiko, Emmanuel; Muswamba-Kayembe, Chloe; Makangara-Cigolo, Jean-Claude; Cikaya-Kankolongo, Fiston; Luakanda-Ndelemo, Gradi; Lawanga, Leader; Mabika-Bope, Elzedek; Lumembe-Numbi, Raphael; Kabamba-Lungenyi, Gabriel; Citenga, Andre; Kelvin, D. J.; Pratt, Catherine; Ayouba, Ahidjo; Tessema, Sofonias; Mukadi-Bamuleka, Daniel; Jansen, Daan; Halbrook, Megan; Merrit, Sydney; Hensley, Lisa; Delaporte, Eric; Mwamba, Dieudonne; Liesenborghs, Laurens; Hoff, Nicole; Peeters, Martine; Low, Nicola; Rimoin, Anne; Kindrachuk, Jason; Vercauteren, Koen; Rambaut, Andrew; Ahuka-Mundeke, Steve; Muyembe-Tamfum, Jean-Jacques"
PP_004B84S,Ib,A.1,Democratic Republic of the Congo,Kinshasa,2025-03-11,187425,0.8646664198895588,2025-10-21,"Amuri-Aziza, Adrienne; Mbala-Kingebeni, Placide; Wawina-Bokalanga, Tony; Kinganda-Lusamaki, Eddy; Pukuta-Simbu, Elisabeth; Hasivirwe-Vakaniaki, Emmanuel; Ola-Mpumbe, Rilia; Kwete-Mbokama, Papy; Akil-Bandali, Prince; Kacita, Cris; Ponga-Museme, Ange; Mapenzi-Kashali, Nelson; Vakaniaki, Gloria; Kenye, Kelly-Michel; Muyamuna, Elisabeth; Kavira-Bapitani, Sifa; Mukadi, Patrick; OToole, Aine; Tshiani-Mbaya, Olivier; Paku-Tshambu, Princesse; Lokilo-Lofiko, Emmanuel; Muswamba-Kayembe, Chloe; Makangara-Cigolo, Jean-Claude; Cikaya-Kankolongo, Fiston; Luakanda-Ndelemo, Gradi; Lawanga, Leader; Mabika-Bope, Elzedek; Lumembe-Numbi, Raphael; Kabamba-Lungenyi, Gabriel; Citenga, Andre; Kelvin, D. J.; Pratt, Catherine; Ayouba, Ahidjo; Tessema, Sofonias; Mukadi-Bamuleka, Daniel; Jansen, Daan; Halbrook, Megan; Merrit, Sydney; Hensley, Lisa; Delaporte, Eric; Mwamba, Dieudonne; Liesenborghs, Laurens; Hoff, Nicole; Peeters, Martine; Low, Nicola; Rimoin, Anne; Kindrachuk, Jason; Vercauteren, Koen; Rambaut, Andrew; Ahuka-Mundeke, Steve; Muyembe-Tamfum, Jean-Jacques"
PP_004B85Q,Ia,None,Democratic Republic of the Congo,Kinshasa,2025-03-16,194964,0.805054536050586,2025-10-21,"Amuri-Aziza, Adrienne; Mbala-Kingebeni, Placide; Wawina-Bokalanga, Tony; Kinganda-Lusamaki, Eddy; Pukuta-Simbu, Elisabeth; Hasivirwe-Vakaniaki, Emmanuel; Ola-Mpumbe, Rilia; Kwete-Mbokama, Papy; Akil-Bandali, Prince; Kacita, Cris; Ponga-Museme, Ange; Mapenzi-Kashali, Nelson; Vakaniaki, Gloria; Kenye, Kelly-Michel; Muyamuna, Elisabeth; Kavira-Bapitani, Sifa; Mukadi, Patrick; OToole, Aine; Tshiani-Mbaya, Olivier; Paku-Tshambu, Princesse; Lokilo-Lofiko, Emmanuel; Muswamba-Kayembe, Chloe; Makangara-Cigolo, Jean-Claude; Cikaya-Kankolongo, Fiston; Luakanda-Ndelemo, Gradi; Lawanga, Leader; Mabika-Bope, Elzedek; Lumembe-Numbi, Raphael; Kabamba-Lungenyi, Gabriel; Citenga, Andre; Kelvin, D. J.; Pratt, Catherine; Ayouba, Ahidjo; Tessema, Sofonias; Mukadi-Bamuleka, Daniel; Jansen, Daan; Halbrook, Megan; Merrit, Sydney; Hensley, Lisa; Delaporte, Eric; Mwamba, Dieudonne; Liesenborghs, Laurens; Hoff, Nicole; Peeters, Martine; Low, Nicola; Rimoin, Anne; Kindrachuk, Jason; Vercauteren, Koen; Rambaut, Andrew; Ahuka-Mundeke, Steve; Muyembe-Tamfum, Jean-Jacques"
PP_004B86N,Ib,A.1,Democratic Republic of the Congo,Kinshasa,2025-03-18,187296,0.8359405503805607,2025-10-21,"Amuri-Aziza, Adrienne; Mbala-Kingebeni, Placide; Wawina-Bokalanga, Tony; Kinganda-Lusamaki, Eddy; Pukuta-Simbu, Elisabeth; Hasivirwe-Vakaniaki, Emmanuel; Ola-Mpumbe, Rilia; Kwete-Mbokama, Papy; Akil-Bandali, Prince; Kacita, Cris; Ponga-Museme, Ange; Mapenzi-Kashali, Nelson; Vakaniaki, Gloria; Kenye, Kelly-Michel; Muyamuna, Elisabeth; Kavira-Bapitani, Sifa; Mukadi, Patrick; OToole, Aine; Tshiani-Mbaya, Olivier; Paku-Tshambu, Princesse; Lokilo-Lofiko, Emmanuel; Muswamba-Kayembe, Chloe; Makangara-Cigolo, Jean-Claude; Cikaya-Kankolongo, Fiston; Luakanda-Ndelemo, Gradi; Lawanga, Leader; Mabika-Bope, Elzedek; Lumembe-Numbi, Raphael; Kabamba-Lungenyi, Gabriel; Citenga, Andre; Kelvin, D. J.; Pratt, Catherine; Ayouba, Ahidjo; Tessema, Sofonias; Mukadi-Bamuleka, Daniel; Jansen, Daan; Halbrook, Megan; Merrit, Sydney; Hensley, Lisa; Delaporte, Eric; Mwamba, Dieudonne; Liesenborghs, Laurens; Hoff, Nicole; Peeters, Martine; Low, Nicola; Rimoin, Anne; Kindrachuk, Jason; Vercauteren, Koen; Rambaut, Andrew; Ahuka-Mundeke, Steve; Muyembe-Tamfum, Jean-Jacques"
PP_004B87L,Ib,A.1,Democratic Republic of the Congo,Kinshasa,2025-03-19,187195,0.8038426238153431,2025-10-21,"Amuri-Aziza, Adrienne; Mbala-Kingebeni, Placide; Wawina-Bokalanga, Tony; Kinganda-Lusamaki, Eddy; Pukuta-Simbu, Elisabeth; Hasivirwe-Vakaniaki, Emmanuel; Ola-Mpumbe, Rilia; Kwete-Mbokama, Papy; Akil-Bandali, Prince; Kacita, Cris; Ponga-Museme, Ange; Mapenzi-Kashali, Nelson; Vakaniaki, Gloria; Kenye, Kelly-Michel; Muyamuna, Elisabeth; Kavira-Bapitani, Sifa; Mukadi, Patrick; OToole, Aine; Tshiani-Mbaya, Olivier; Paku-Tshambu, Princesse; Lokilo-Lofiko, Emmanuel; Muswamba-Kayembe, Chloe; Makangara-Cigolo, Jean-Claude; Cikaya-Kankolongo, Fiston; Luakanda-Ndelemo, Gradi; Lawanga, Leader; Mabika-Bope, Elzedek; Lumembe-Numbi, Raphael; Kabamba-Lungenyi, Gabriel; Citenga, Andre; Kelvin, D. J.; Pratt, Catherine; Ayouba, Ahidjo; Tessema, Sofonias; Mukadi-Bamuleka, Daniel; Jansen, Daan; Halbrook, Megan; Merrit, Sydney; Hensley, Lisa; Delaporte, Eric; Mwamba, Dieudonne; Liesenborghs, Laurens; Hoff, Nicole; Peeters, Martine; Low, Nicola; Rimoin, Anne; Kindrachuk, Jason; Vercauteren, Koen; Rambaut, Andrew; Ahuka-Mundeke, Steve; Muyembe-Tamfum, Jean-Jacques"
PP_004B88J,Ia,None,Democratic Republic of the Congo,Kinshasa,2025-03-19,195033,0.7914902463883494,2025-10-21,"Amuri-Aziza, Adrienne; Mbala-Kingebeni, Placide; Wawina-Bokalanga, Tony; Kinganda-Lusamaki, Eddy; Pukuta-Simbu, Elisabeth; Hasivirwe-Vakaniaki, Emmanuel; Ola-Mpumbe, Rilia; Kwete-Mbokama, Papy; Akil-Bandali, Prince; Kacita, Cris; Ponga-Museme, Ange; Mapenzi-Kashali, Nelson; Vakaniaki, Gloria; Kenye, Kelly-Michel; Muyamuna, Elisabeth; Kavira-Bapitani, Sifa; Mukadi, Patrick; OToole, Aine; Tshiani-Mbaya, Olivier; Paku-Tshambu, Princesse; Lokilo-Lofiko, Emmanuel; Muswamba-Kayembe, Chloe; Makangara-Cigolo, Jean-Claude; Cikaya-Kankolongo, Fiston; Luakanda-Ndelemo, Gradi; Lawanga, Leader; Mabika-Bope, Elzedek; Lumembe-Numbi, Raphael; Kabamba-Lungenyi, Gabriel; Citenga, Andre; Kelvin, D. J.; Pratt, Catherine; Ayouba, Ahidjo; Tessema, Sofonias; Mukadi-Bamuleka, Daniel; Jansen, Daan; Halbrook, Megan; Merrit, Sydney; Hensley, Lisa; Delaporte, Eric; Mwamba, Dieudonne; Liesenborghs, Laurens; Hoff, Nicole; Peeters, Martine; Low, Nicola; Rimoin, Anne; Kindrachuk, Jason; Vercauteren, Koen; Rambaut, Andrew; Ahuka-Mundeke, Steve; Muyembe-Tamfum, Jean-Jacques"
PP_004B89G,Ib,A.1,Democratic Republic of the Congo,Kinshasa,2025-03-19,181647,0.8452606118382021,2025-10-21,"Amuri-Aziza, Adrienne; Mbala-Kingebeni, Placide; Wawina-Bokalanga, Tony; Kinganda-Lusamaki, Eddy; Pukuta-Simbu, Elisabeth; Hasivirwe-Vakaniaki, Emmanuel; Ola-Mpumbe, Rilia; Kwete-Mbokama, Papy; Akil-Bandali, Prince; Kacita, Cris; Ponga-Museme, Ange; Mapenzi-Kashali, Nelson; Vakaniaki, Gloria; Kenye, Kelly-Michel; Muyamuna, Elisabeth; Kavira-Bapitani, Sifa; Mukadi, Patrick; OToole, Aine; Tshiani-Mbaya, Olivier; Paku-Tshambu, Princesse; Lokilo-Lofiko, Emmanuel; Muswamba-Kayembe, Chloe; Makangara-Cigolo, Jean-Claude; Cikaya-Kankolongo, Fiston; Luakanda-Ndelemo, Gradi; Lawanga, Leader; Mabika-Bope, Elzedek; Lumembe-Numbi, Raphael; Kabamba-Lungenyi, Gabriel; Citenga, Andre; Kelvin, D. J.; Pratt, Catherine; Ayouba, Ahidjo; Tessema, Sofonias; Mukadi-Bamuleka, Daniel; Jansen, Daan; Halbrook, Megan; Merrit, Sydney; Hensley, Lisa; Delaporte, Eric; Mwamba, Dieudonne; Liesenborghs, Laurens; Hoff, Nicole; Peeters, Martine; Low, Nicola; Rimoin, Anne; Kindrachuk, Jason; Vercauteren, Koen; Rambaut, Andrew; Ahuka-Mundeke, Steve; Muyembe-Tamfum, Jean-Jacques"
PP_004B8AE,Ib,A.1,Democratic Republic of the Congo,Kinshasa,2025-03-19,187275,0.773656374709065,2025-10-21,"Amuri-Aziza, Adrienne; Mbala-Kingebeni, Placide; Wawina-Bokalanga, Tony; Kinganda-Lusamaki, Eddy; Pukuta-Simbu, Elisabeth; Hasivirwe-Vakaniaki, Emmanuel; Ola-Mpumbe, Rilia; Kwete-Mbokama, Papy; Akil-Bandali, Prince; Kacita, Cris; Ponga-Museme, Ange; Mapenzi-Kashali, Nelson; Vakaniaki, Gloria; Kenye, Kelly-Michel; Muyamuna, Elisabeth; Kavira-Bapitani, Sifa; Mukadi, Patrick; OToole, Aine; Tshiani-Mbaya, Olivier; Paku-Tshambu, Princesse; Lokilo-Lofiko, Emmanuel; Muswamba-Kayembe, Chloe; Makangara-Cigolo, Jean-Claude; Cikaya-Kankolongo, Fiston; Luakanda-Ndelemo, Gradi; Lawanga, Leader; Mabika-Bope, Elzedek; Lumembe-Numbi, Raphael; Kabamba-Lungenyi, Gabriel; Citenga, Andre; Kelvin, D. J.; Pratt, Catherine; Ayouba, Ahidjo; Tessema, Sofonias; Mukadi-Bamuleka, Daniel; Jansen, Daan; Halbrook, Megan; Merrit, Sydney; Hensley, Lisa; Delaporte, Eric; Mwamba, Dieudonne; Liesenborghs, Laurens; Hoff, Nicole; Peeters, Martine; Low, Nicola; Rimoin, Anne; Kindrachuk, Jason; Vercauteren, Koen; Rambaut, Andrew; Ahuka-Mundeke, Steve; Muyembe-Tamfum, Jean-Jacques"
PP_004B8BC,Ia,None,Democratic Republic of the Congo,Kinshasa,2025-03-19,194994,0.8534346809729779,2025-10-21,"Amuri-Aziza, Adrienne; Mbala-Kingebeni, Placide; Wawina-Bokalanga, Tony; Kinganda-Lusamaki, Eddy; Pukuta-Simbu, Elisabeth; Hasivirwe-Vakaniaki, Emmanuel; Ola-Mpumbe, Rilia; Kwete-Mbokama, Papy; Akil-Bandali, Prince; Kacita, Cris; Ponga-Museme, Ange; Mapenzi-Kashali, Nelson; Vakaniaki, Gloria; Kenye, Kelly-Michel; Muyamuna, Elisabeth; Kavira-Bapitani, Sifa; Mukadi, Patrick; OToole, Aine; Tshiani-Mbaya, Olivier; Paku-Tshambu, Princesse; Lokilo-Lofiko, Emmanuel; Muswamba-Kayembe, Chloe; Makangara-Cigolo, Jean-Claude; Cikaya-Kankolongo, Fiston; Luakanda-Ndelemo, Gradi; Lawanga, Leader; Mabika-Bope, Elzedek; Lumembe-Numbi, Raphael; Kabamba-Lungenyi, Gabriel; Citenga, Andre; Kelvin, D. J.; Pratt, Catherine; Ayouba, Ahidjo; Tessema, Sofonias; Mukadi-Bamuleka, Daniel; Jansen, Daan; Halbrook, Megan; Merrit, Sydney; Hensley, Lisa; Delaporte, Eric; Mwamba, Dieudonne; Liesenborghs, Laurens; Hoff, Nicole; Peeters, Martine; Low, Nicola; Rimoin, Anne; Kindrachuk, Jason; Vercauteren, Koen; Rambaut, Andrew; Ahuka-Mundeke, Steve; Muyembe-Tamfum, Jean-Jacques"
PP_004B8CA,Ib,A.1,Democratic Republic of the Congo,Kinshasa,2025-03-14,187296,0.81065772860265,2025-10-21,"Amuri-Aziza, Adrienne; Mbala-Kingebeni, Placide; Wawina-Bokalanga, Tony; Kinganda-Lusamaki, Eddy; Pukuta-Simbu, Elisabeth; Hasivirwe-Vakaniaki, Emmanuel; Ola-Mpumbe, Rilia; Kwete-Mbokama, Papy; Akil-Bandali, Prince; Kacita, Cris; Ponga-Museme, Ange; Mapenzi-Kashali, Nelson; Vakaniaki, Gloria; Kenye, Kelly-Michel; Muyamuna, Elisabeth; Kavira-Bapitani, Sifa; Mukadi, Patrick; OToole, Aine; Tshiani-Mbaya, Olivier; Paku-Tshambu, Princesse; Lokilo-Lofiko, Emmanuel; Muswamba-Kayembe, Chloe; Makangara-Cigolo, Jean-Claude; Cikaya-Kankolongo, Fiston; Luakanda-Ndelemo, Gradi; Lawanga, Leader; Mabika-Bope, Elzedek; Lumembe-Numbi, Raphael; Kabamba-Lungenyi, Gabriel; Citenga, Andre; Kelvin, D. J.; Pratt, Catherine; Ayouba, Ahidjo; Tessema, Sofonias; Mukadi-Bamuleka, Daniel; Jansen, Daan; Halbrook, Megan; Merrit, Sydney; Hensley, Lisa; Delaporte, Eric; Mwamba, Dieudonne; Liesenborghs, Laurens; Hoff, Nicole; Peeters, Martine; Low, Nicola; Rimoin, Anne; Kindrachuk, Jason; Vercauteren, Koen; Rambaut, Andrew; Ahuka-Mundeke, Steve; Muyembe-Tamfum, Jean-Jacques"
PP_004B8D8,Ib,A.1,Democratic Republic of the Congo,Kinshasa,2025-03-19,187241,0.8132438174728334,2025-10-21,"Amuri-Aziza, Adrienne; Mbala-Kingebeni, Placide; Wawina-Bokalanga, Tony; Kinganda-Lusamaki, Eddy; Pukuta-Simbu, Elisabeth; Hasivirwe-Vakaniaki, Emmanuel; Ola-Mpumbe, Rilia; Kwete-Mbokama, Papy; Akil-Bandali, Prince; Kacita, Cris; Ponga-Museme, Ange; Mapenzi-Kashali, Nelson; Vakaniaki, Gloria; Kenye, Kelly-Michel; Muyamuna, Elisabeth; Kavira-Bapitani, Sifa; Mukadi, Patrick; OToole, Aine; Tshiani-Mbaya, Olivier; Paku-Tshambu, Princesse; Lokilo-Lofiko, Emmanuel; Muswamba-Kayembe, Chloe; Makangara-Cigolo, Jean-Claude; Cikaya-Kankolongo, Fiston; Luakanda-Ndelemo, Gradi; Lawanga, Leader; Mabika-Bope, Elzedek; Lumembe-Numbi, Raphael; Kabamba-Lungenyi, Gabriel; Citenga, Andre; Kelvin, D. J.; Pratt, Catherine; Ayouba, Ahidjo; Tessema, Sofonias; Mukadi-Bamuleka, Daniel; Jansen, Daan; Halbrook, Megan; Merrit, Sydney; Hensley, Lisa; Delaporte, Eric; Mwamba, Dieudonne; Liesenborghs, Laurens; Hoff, Nicole; Peeters, Martine; Low, Nicola; Rimoin, Anne; Kindrachuk, Jason; Vercauteren, Koen; Rambaut, Andrew; Ahuka-Mundeke, Steve; Muyembe-Tamfum, Jean-Jacques"
PP_004B8E6,Ia,None,Democratic Republic of the Congo,Kinshasa,2025-03-19,187303,0.8100898032037077,2025-10-21,"Amuri-Aziza, Adrienne; Mbala-Kingebeni, Placide; Wawina-Bokalanga, Tony; Kinganda-Lusamaki, Eddy; Pukuta-Simbu, Elisabeth; Hasivirwe-Vakaniaki, Emmanuel; Ola-Mpumbe, Rilia; Kwete-Mbokama, Papy; Akil-Bandali, Prince; Kacita, Cris; Ponga-Museme, Ange; Mapenzi-Kashali, Nelson; Vakaniaki, Gloria; Kenye, Kelly-Michel; Muyamuna, Elisabeth; Kavira-Bapitani, Sifa; Mukadi, Patrick; OToole, Aine; Tshiani-Mbaya, Olivier; Paku-Tshambu, Princesse; Lokilo-Lofiko, Emmanuel; Muswamba-Kayembe, Chloe; Makangara-Cigolo, Jean-Claude; Cikaya-Kankolongo, Fiston; Luakanda-Ndelemo, Gradi; Lawanga, Leader; Mabika-Bope, Elzedek; Lumembe-Numbi, Raphael; Kabamba-Lungenyi, Gabriel; Citenga, Andre; Kelvin, D. J.; Pratt, Catherine; Ayouba, Ahidjo; Tessema, Sofonias; Mukadi-Bamuleka, Daniel; Jansen, Daan; Halbrook, Megan; Merrit, Sydney; Hensley, Lisa; Delaporte, Eric; Mwamba, Dieudonne; Liesenborghs, Laurens; Hoff, Nicole; Peeters, Martine; Low, Nicola; Rimoin, Anne; Kindrachuk, Jason; Vercauteren, Koen; Rambaut, Andrew; Ahuka-Mundeke, Steve; Muyembe-Tamfum, Jean-Jacques"
PP_004B8F4,Ib,A.1,Democratic Republic of the Congo,Kinshasa,2025-03-18,187406,0.8649047457266149,2025-10-21,"Amuri-Aziza, Adrienne; Mbala-Kingebeni, Placide; Wawina-Bokalanga, Tony; Kinganda-Lusamaki, Eddy; Pukuta-Simbu, Elisabeth; Hasivirwe-Vakaniaki, Emmanuel; Ola-Mpumbe, Rilia; Kwete-Mbokama, Papy; Akil-Bandali, Prince; Kacita, Cris; Ponga-Museme, Ange; Mapenzi-Kashali, Nelson; Vakaniaki, Gloria; Kenye, Kelly-Michel; Muyamuna, Elisabeth; Kavira-Bapitani, Sifa; Mukadi, Patrick; OToole, Aine; Tshiani-Mbaya, Olivier; Paku-Tshambu, Princesse; Lokilo-Lofiko, Emmanuel; Muswamba-Kayembe, Chloe; Makangara-Cigolo, Jean-Claude; Cikaya-Kankolongo, Fiston; Luakanda-Ndelemo, Gradi; Lawanga, Leader; Mabika-Bope, Elzedek; Lumembe-Numbi, Raphael; Kabamba-Lungenyi, Gabriel; Citenga, Andre; Kelvin, D. J.; Pratt, Catherine; Ayouba, Ahidjo; Tessema, Sofonias; Mukadi-Bamuleka, Daniel; Jansen, Daan; Halbrook, Megan; Merrit, Sydney; Hensley, Lisa; Delaporte, Eric; Mwamba, Dieudonne; Liesenborghs, Laurens; Hoff, Nicole; Peeters, Martine; Low, Nicola; Rimoin, Anne; Kindrachuk, Jason; Vercauteren, Koen; Rambaut, Andrew; Ahuka-Mundeke, Steve; Muyembe-Tamfum, Jean-Jacques"
PP_004B8G2,Ia,None,Democratic Republic of the Congo,Kinshasa,2025-03-19,187455,0.8546364516832397,2025-10-21,"Amuri-Aziza, Adrienne; Mbala-Kingebeni, Placide; Wawina-Bokalanga, Tony; Kinganda-Lusamaki, Eddy; Pukuta-Simbu, Elisabeth; Hasivirwe-Vakaniaki, Emmanuel; Ola-Mpumbe, Rilia; Kwete-Mbokama, Papy; Akil-Bandali, Prince; Kacita, Cris; Ponga-Museme, Ange; Mapenzi-Kashali, Nelson; Vakaniaki, Gloria; Kenye, Kelly-Michel; Muyamuna, Elisabeth; Kavira-Bapitani, Sifa; Mukadi, Patrick; OToole, Aine; Tshiani-Mbaya, Olivier; Paku-Tshambu, Princesse; Lokilo-Lofiko, Emmanuel; Muswamba-Kayembe, Chloe; Makangara-Cigolo, Jean-Claude; Cikaya-Kankolongo, Fiston; Luakanda-Ndelemo, Gradi; Lawanga, Leader; Mabika-Bope, Elzedek; Lumembe-Numbi, Raphael; Kabamba-Lungenyi, Gabriel; Citenga, Andre; Kelvin, D. J.; Pratt, Catherine; Ayouba, Ahidjo; Tessema, Sofonias; Mukadi-Bamuleka, Daniel; Jansen, Daan; Halbrook, Megan; Merrit, Sydney; Hensley, Lisa; Delaporte, Eric; Mwamba, Dieudonne; Liesenborghs, Laurens; Hoff, Nicole; Peeters, Martine; Low, Nicola; Rimoin, Anne; Kindrachuk, Jason; Vercauteren, Koen; Rambaut, Andrew; Ahuka-Mundeke, Steve; Muyembe-Tamfum, Jean-Jacques"
PP_004B8HZ,Ib,A.1,Democratic Republic of the Congo,Kinshasa,2025-03-21,187410,0.6027615372523566,2025-10-21,"Amuri-Aziza, Adrienne; Mbala-Kingebeni, Placide; Wawina-Bokalanga, Tony; Kinganda-Lusamaki, Eddy; Pukuta-Simbu, Elisabeth; Hasivirwe-Vakaniaki, Emmanuel; Ola-Mpumbe, Rilia; Kwete-Mbokama, Papy; Akil-Bandali, Prince; Kacita, Cris; Ponga-Museme, Ange; Mapenzi-Kashali, Nelson; Vakaniaki, Gloria; Kenye, Kelly-Michel; Muyamuna, Elisabeth; Kavira-Bapitani, Sifa; Mukadi, Patrick; OToole, Aine; Tshiani-Mbaya, Olivier; Paku-Tshambu, Princesse; Lokilo-Lofiko, Emmanuel; Muswamba-Kayembe, Chloe; Makangara-Cigolo, Jean-Claude; Cikaya-Kankolongo, Fiston; Luakanda-Ndelemo, Gradi; Lawanga, Leader; Mabika-Bope, Elzedek; Lumembe-Numbi, Raphael; Kabamba-Lungenyi, Gabriel; Citenga, Andre; Kelvin, D. J.; Pratt, Catherine; Ayouba, Ahidjo; Tessema, Sofonias; Mukadi-Bamuleka, Daniel; Jansen, Daan; Halbrook, Megan; Merrit, Sydney; Hensley, Lisa; Delaporte, Eric; Mwamba, Dieudonne; Liesenborghs, Laurens; Hoff, Nicole; Peeters, Martine; Low, Nicola; Rimoin, Anne; Kindrachuk, Jason; Vercauteren, Koen; Rambaut, Andrew; Ahuka-Mundeke, Steve; Muyembe-Tamfum, Jean-Jacques"
PP_004B8JX,Ia,None,Democratic Republic of the Congo,Kinshasa,2025-03-19,187429,0.8938385164977257,2025-10-21,"Amuri-Aziza, Adrienne; Mbala-Kingebeni, Placide; Wawina-Bokalanga, Tony; Kinganda-Lusamaki, Eddy; Pukuta-Simbu, Elisabeth; Hasivirwe-Vakaniaki, Emmanuel; Ola-Mpumbe, Rilia; Kwete-Mbokama, Papy; Akil-Bandali, Prince; Kacita, Cris; Ponga-Museme, Ange; Mapenzi-Kashali, Nelson; Vakaniaki, Gloria; Kenye, Kelly-Michel; Muyamuna, Elisabeth; Kavira-Bapitani, Sifa; Mukadi, Patrick; OToole, Aine; Tshiani-Mbaya, Olivier; Paku-Tshambu, Princesse; Lokilo-Lofiko, Emmanuel; Muswamba-Kayembe, Chloe; Makangara-Cigolo, Jean-Claude; Cikaya-Kankolongo, Fiston; Luakanda-Ndelemo, Gradi; Lawanga, Leader; Mabika-Bope, Elzedek; Lumembe-Numbi, Raphael; Kabamba-Lungenyi, Gabriel; Citenga, Andre; Kelvin, D. J.; Pratt, Catherine; Ayouba, Ahidjo; Tessema, Sofonias; Mukadi-Bamuleka, Daniel; Jansen, Daan; Halbrook, Megan; Merrit, Sydney; Hensley, Lisa; Delaporte, Eric; Mwamba, Dieudonne; Liesenborghs, Laurens; Hoff, Nicole; Peeters, Martine; Low, Nicola; Rimoin, Anne; Kindrachuk, Jason; Vercauteren, Koen; Rambaut, Andrew; Ahuka-Mundeke, Steve; Muyembe-Tamfum, Jean-Jacques"
PP_004B8KV,Ia,None,Democratic Republic of the Congo,Kinshasa,2025-03-19,187418,0.8916073810018813,2025-10-21,"Amuri-Aziza, Adrienne; Mbala-Kingebeni, Placide; Wawina-Bokalanga, Tony; Kinganda-Lusamaki, Eddy; Pukuta-Simbu, Elisabeth; Hasivirwe-Vakaniaki, Emmanuel; Ola-Mpumbe, Rilia; Kwete-Mbokama, Papy; Akil-Bandali, Prince; Kacita, Cris; Ponga-Museme, Ange; Mapenzi-Kashali, Nelson; Vakaniaki, Gloria; Kenye, Kelly-Michel; Muyamuna, Elisabeth; Kavira-Bapitani, Sifa; Mukadi, Patrick; OToole, Aine; Tshiani-Mbaya, Olivier; Paku-Tshambu, Princesse; Lokilo-Lofiko, Emmanuel; Muswamba-Kayembe, Chloe; Makangara-Cigolo, Jean-Claude; Cikaya-Kankolongo, Fiston; Luakanda-Ndelemo, Gradi; Lawanga, Leader; Mabika-Bope, Elzedek; Lumembe-Numbi, Raphael; Kabamba-Lungenyi, Gabriel; Citenga, Andre; Kelvin, D. J.; Pratt, Catherine; Ayouba, Ahidjo; Tessema, Sofonias; Mukadi-Bamuleka, Daniel; Jansen, Daan; Halbrook, Megan; Merrit, Sydney; Hensley, Lisa; Delaporte, Eric; Mwamba, Dieudonne; Liesenborghs, Laurens; Hoff, Nicole; Peeters, Martine; Low, Nicola; Rimoin, Anne; Kindrachuk, Jason; Vercauteren, Koen; Rambaut, Andrew; Ahuka-Mundeke, Steve; Muyembe-Tamfum, Jean-Jacques"
PP_004B8LT,Ib,A.1,Democratic Republic of the Congo,Kinshasa,2025-03-16,187422,0.8242017352149242,2025-10-21,"Amuri-Aziza, Adrienne; Mbala-Kingebeni, Placide; Wawina-Bokalanga, Tony; Kinganda-Lusamaki, Eddy; Pukuta-Simbu, Elisabeth; Hasivirwe-Vakaniaki, Emmanuel; Ola-Mpumbe, Rilia; Kwete-Mbokama, Papy; Akil-Bandali, Prince; Kacita, Cris; Ponga-Museme, Ange; Mapenzi-Kashali, Nelson; Vakaniaki, Gloria; Kenye, Kelly-Michel; Muyamuna, Elisabeth; Kavira-Bapitani, Sifa; Mukadi, Patrick; OToole, Aine; Tshiani-Mbaya, Olivier; Paku-Tshambu, Princesse; Lokilo-Lofiko, Emmanuel; Muswamba-Kayembe, Chloe; Makangara-Cigolo, Jean-Claude; Cikaya-Kankolongo, Fiston; Luakanda-Ndelemo, Gradi; Lawanga, Leader; Mabika-Bope, Elzedek; Lumembe-Numbi, Raphael; Kabamba-Lungenyi, Gabriel; Citenga, Andre; Kelvin, D. J.; Pratt, Catherine; Ayouba, Ahidjo; Tessema, Sofonias; Mukadi-Bamuleka, Daniel; Jansen, Daan; Halbrook, Megan; Merrit, Sydney; Hensley, Lisa; Delaporte, Eric; Mwamba, Dieudonne; Liesenborghs, Laurens; Hoff, Nicole; Peeters, Martine; Low, Nicola; Rimoin, Anne; Kindrachuk, Jason; Vercauteren, Koen; Rambaut, Andrew; Ahuka-Mundeke, Steve; Muyembe-Tamfum, Jean-Jacques"
PP_004B8MR,Ib,A.1,Democratic Republic of the Congo,Kinshasa,2025-03-18,187422,0.8338767500469045,2025-10-21,"Amuri-Aziza, Adrienne; Mbala-Kingebeni, Placide; Wawina-Bokalanga, Tony; Kinganda-Lusamaki, Eddy; Pukuta-Simbu, Elisabeth; Hasivirwe-Vakaniaki, Emmanuel; Ola-Mpumbe, Rilia; Kwete-Mbokama, Papy; Akil-Bandali, Prince; Kacita, Cris; Ponga-Museme, Ange; Mapenzi-Kashali, Nelson; Vakaniaki, Gloria; Kenye, Kelly-Michel; Muyamuna, Elisabeth; Kavira-Bapitani, Sifa; Mukadi, Patrick; OToole, Aine; Tshiani-Mbaya, Olivier; Paku-Tshambu, Princesse; Lokilo-Lofiko, Emmanuel; Muswamba-Kayembe, Chloe; Makangara-Cigolo, Jean-Claude; Cikaya-Kankolongo, Fiston; Luakanda-Ndelemo, Gradi; Lawanga, Leader; Mabika-Bope, Elzedek; Lumembe-Numbi, Raphael; Kabamba-Lungenyi, Gabriel; Citenga, Andre; Kelvin, D. J.; Pratt, Catherine; Ayouba, Ahidjo; Tessema, Sofonias; Mukadi-Bamuleka, Daniel; Jansen, Daan; Halbrook, Megan; Merrit, Sydney; Hensley, Lisa; Delaporte, Eric; Mwamba, Dieudonne; Liesenborghs, Laurens; Hoff, Nicole; Peeters, Martine; Low, Nicola; Rimoin, Anne; Kindrachuk, Jason; Vercauteren, Koen; Rambaut, Andrew; Ahuka-Mundeke, Steve; Muyembe-Tamfum, Jean-Jacques"
PP_004B8NP,Ib,A.1,Democratic Republic of the Congo,Kinshasa,2025-03-19,187418,0.8659594643246505,2025-10-21,"Amuri-Aziza, Adrienne; Mbala-Kingebeni, Placide; Wawina-Bokalanga, Tony; Kinganda-Lusamaki, Eddy; Pukuta-Simbu, Elisabeth; Hasivirwe-Vakaniaki, Emmanuel; Ola-Mpumbe, Rilia; Kwete-Mbokama, Papy; Akil-Bandali, Prince; Kacita, Cris; Ponga-Museme, Ange; Mapenzi-Kashali, Nelson; Vakaniaki, Gloria; Kenye, Kelly-Michel; Muyamuna, Elisabeth; Kavira-Bapitani, Sifa; Mukadi, Patrick; OToole, Aine; Tshiani-Mbaya, Olivier; Paku-Tshambu, Princesse; Lokilo-Lofiko, Emmanuel; Muswamba-Kayembe, Chloe; Makangara-Cigolo, Jean-Claude; Cikaya-Kankolongo, Fiston; Luakanda-Ndelemo, Gradi; Lawanga, Leader; Mabika-Bope, Elzedek; Lumembe-Numbi, Raphael; Kabamba-Lungenyi, Gabriel; Citenga, Andre; Kelvin, D. J.; Pratt, Catherine; Ayouba, Ahidjo; Tessema, Sofonias; Mukadi-Bamuleka, Daniel; Jansen, Daan; Halbrook, Megan; Merrit, Sydney; Hensley, Lisa; Delaporte, Eric; Mwamba, Dieudonne; Liesenborghs, Laurens; Hoff, Nicole; Peeters, Martine; Low, Nicola; Rimoin, Anne; Kindrachuk, Jason; Vercauteren, Koen; Rambaut, Andrew; Ahuka-Mundeke, Steve; Muyembe-Tamfum, Jean-Jacques"
PP_004B8PM,Ib,A.1,Democratic Republic of the Congo,Kinshasa,2025-03-19,187404,0.7820941234933497,2025-10-21,"Amuri-Aziza, Adrienne; Mbala-Kingebeni, Placide; Wawina-Bokalanga, Tony; Kinganda-Lusamaki, Eddy; Pukuta-Simbu, Elisabeth; Hasivirwe-Vakaniaki, Emmanuel; Ola-Mpumbe, Rilia; Kwete-Mbokama, Papy; Akil-Bandali, Prince; Kacita, Cris; Ponga-Museme, Ange; Mapenzi-Kashali, Nelson; Vakaniaki, Gloria; Kenye, Kelly-Michel; Muyamuna, Elisabeth; Kavira-Bapitani, Sifa; Mukadi, Patrick; OToole, Aine; Tshiani-Mbaya, Olivier; Paku-Tshambu, Princesse; Lokilo-Lofiko, Emmanuel; Muswamba-Kayembe, Chloe; Makangara-Cigolo, Jean-Claude; Cikaya-Kankolongo, Fiston; Luakanda-Ndelemo, Gradi; Lawanga, Leader; Mabika-Bope, Elzedek; Lumembe-Numbi, Raphael; Kabamba-Lungenyi, Gabriel; Citenga, Andre; Kelvin, D. J.; Pratt, Catherine; Ayouba, Ahidjo; Tessema, Sofonias; Mukadi-Bamuleka, Daniel; Jansen, Daan; Halbrook, Megan; Merrit, Sydney; Hensley, Lisa; Delaporte, Eric; Mwamba, Dieudonne; Liesenborghs, Laurens; Hoff, Nicole; Peeters, Martine; Low, Nicola; Rimoin, Anne; Kindrachuk, Jason; Vercauteren, Koen; Rambaut, Andrew; Ahuka-Mundeke, Steve; Muyembe-Tamfum, Jean-Jacques"
PP_004B8QK,Ia,None,Democratic Republic of the Congo,Kinshasa,2025-03-22,187427,0.8922209432632385,2025-10-21,"Amuri-Aziza, Adrienne; Mbala-Kingebeni, Placide; Wawina-Bokalanga, Tony; Kinganda-Lusamaki, Eddy; Pukuta-Simbu, Elisabeth; Hasivirwe-Vakaniaki, Emmanuel; Ola-Mpumbe, Rilia; Kwete-Mbokama, Papy; Akil-Bandali, Prince; Kacita, Cris; Ponga-Museme, Ange; Mapenzi-Kashali, Nelson; Vakaniaki, Gloria; Kenye, Kelly-Michel; Muyamuna, Elisabeth; Kavira-Bapitani, Sifa; Mukadi, Patrick; OToole, Aine; Tshiani-Mbaya, Olivier; Paku-Tshambu, Princesse; Lokilo-Lofiko, Emmanuel; Muswamba-Kayembe, Chloe; Makangara-Cigolo, Jean-Claude; Cikaya-Kankolongo, Fiston; Luakanda-Ndelemo, Gradi; Lawanga, Leader; Mabika-Bope, Elzedek; Lumembe-Numbi, Raphael; Kabamba-Lungenyi, Gabriel; Citenga, Andre; Kelvin, D. J.; Pratt, Catherine; Ayouba, Ahidjo; Tessema, Sofonias; Mukadi-Bamuleka, Daniel; Jansen, Daan; Halbrook, Megan; Merrit, Sydney; Hensley, Lisa; Delaporte, Eric; Mwamba, Dieudonne; Liesenborghs, Laurens; Hoff, Nicole; Peeters, Martine; Low, Nicola; Rimoin, Anne; Kindrachuk, Jason; Vercauteren, Koen; Rambaut, Andrew; Ahuka-Mundeke, Steve; Muyembe-Tamfum, Jean-Jacques"
PP_004B8RH,Ia,None,Democratic Republic of the Congo,Kinshasa,2025-03-22,187429,0.8458691033370688,2025-10-21,"Amuri-Aziza, Adrienne; Mbala-Kingebeni, Placide; Wawina-Bokalanga, Tony; Kinganda-Lusamaki, Eddy; Pukuta-Simbu, Elisabeth; Hasivirwe-Vakaniaki, Emmanuel; Ola-Mpumbe, Rilia; Kwete-Mbokama, Papy; Akil-Bandali, Prince; Kacita, Cris; Ponga-Museme, Ange; Mapenzi-Kashali, Nelson; Vakaniaki, Gloria; Kenye, Kelly-Michel; Muyamuna, Elisabeth; Kavira-Bapitani, Sifa; Mukadi, Patrick; OToole, Aine; Tshiani-Mbaya, Olivier; Paku-Tshambu, Princesse; Lokilo-Lofiko, Emmanuel; Muswamba-Kayembe, Chloe; Makangara-Cigolo, Jean-Claude; Cikaya-Kankolongo, Fiston; Luakanda-Ndelemo, Gradi; Lawanga, Leader; Mabika-Bope, Elzedek; Lumembe-Numbi, Raphael; Kabamba-Lungenyi, Gabriel; Citenga, Andre; Kelvin, D. J.; Pratt, Catherine; Ayouba, Ahidjo; Tessema, Sofonias; Mukadi-Bamuleka, Daniel; Jansen, Daan; Halbrook, Megan; Merrit, Sydney; Hensley, Lisa; Delaporte, Eric; Mwamba, Dieudonne; Liesenborghs, Laurens; Hoff, Nicole; Peeters, Martine; Low, Nicola; Rimoin, Anne; Kindrachuk, Jason; Vercauteren, Koen; Rambaut, Andrew; Ahuka-Mundeke, Steve; Muyembe-Tamfum, Jean-Jacques"
PP_004B8SF,Ib,A.1,Democratic Republic of the Congo,Kinshasa,2025-03-20,187447,0.4958445101389896,2025-10-21,"Amuri-Aziza, Adrienne; Mbala-Kingebeni, Placide; Wawina-Bokalanga, Tony; Kinganda-Lusamaki, Eddy; Pukuta-Simbu, Elisabeth; Hasivirwe-Vakaniaki, Emmanuel; Ola-Mpumbe, Rilia; Kwete-Mbokama, Papy; Akil-Bandali, Prince; Kacita, Cris; Ponga-Museme, Ange; Mapenzi-Kashali, Nelson; Vakaniaki, Gloria; Kenye, Kelly-Michel; Muyamuna, Elisabeth; Kavira-Bapitani, Sifa; Mukadi, Patrick; OToole, Aine; Tshiani-Mbaya, Olivier; Paku-Tshambu, Princesse; Lokilo-Lofiko, Emmanuel; Muswamba-Kayembe, Chloe; Makangara-Cigolo, Jean-Claude; Cikaya-Kankolongo, Fiston; Luakanda-Ndelemo, Gradi; Lawanga, Leader; Mabika-Bope, Elzedek; Lumembe-Numbi, Raphael; Kabamba-Lungenyi, Gabriel; Citenga, Andre; Kelvin, D. J.; Pratt, Catherine; Ayouba, Ahidjo; Tessema, Sofonias; Mukadi-Bamuleka, Daniel; Jansen, Daan; Halbrook, Megan; Merrit, Sydney; Hensley, Lisa; Delaporte, Eric; Mwamba, Dieudonne; Liesenborghs, Laurens; Hoff, Nicole; Peeters, Martine; Low, Nicola; Rimoin, Anne; Kindrachuk, Jason; Vercauteren, Koen; Rambaut, Andrew; Ahuka-Mundeke, Steve; Muyembe-Tamfum, Jean-Jacques"
PP_004B8TD,Ia,None,Democratic Republic of the Congo,Kinshasa,2025-03-17,187418,0.8804162081852248,2025-10-21,"Amuri-Aziza, Adrienne; Mbala-Kingebeni, Placide; Wawina-Bokalanga, Tony; Kinganda-Lusamaki, Eddy; Pukuta-Simbu, Elisabeth; Hasivirwe-Vakaniaki, Emmanuel; Ola-Mpumbe, Rilia; Kwete-Mbokama, Papy; Akil-Bandali, Prince; Kacita, Cris; Ponga-Museme, Ange; Mapenzi-Kashali, Nelson; Vakaniaki, Gloria; Kenye, Kelly-Michel; Muyamuna, Elisabeth; Kavira-Bapitani, Sifa; Mukadi, Patrick; OToole, Aine; Tshiani-Mbaya, Olivier; Paku-Tshambu, Princesse; Lokilo-Lofiko, Emmanuel; Muswamba-Kayembe, Chloe; Makangara-Cigolo, Jean-Claude; Cikaya-Kankolongo, Fiston; Luakanda-Ndelemo, Gradi; Lawanga, Leader; Mabika-Bope, Elzedek; Lumembe-Numbi, Raphael; Kabamba-Lungenyi, Gabriel; Citenga, Andre; Kelvin, D. J.; Pratt, Catherine; Ayouba, Ahidjo; Tessema, Sofonias; Mukadi-Bamuleka, Daniel; Jansen, Daan; Halbrook, Megan; Merrit, Sydney; Hensley, Lisa; Delaporte, Eric; Mwamba, Dieudonne; Liesenborghs, Laurens; Hoff, Nicole; Peeters, Martine; Low, Nicola; Rimoin, Anne; Kindrachuk, Jason; Vercauteren, Koen; Rambaut, Andrew; Ahuka-Mundeke, Steve; Muyembe-Tamfum, Jean-Jacques"
PP_004B8UB,Ib,A.1,Democratic Republic of the Congo,Kinshasa,2025-03-22,187403,0.890856908153279,2025-10-21,"Amuri-Aziza, Adrienne; Mbala-Kingebeni, Placide; Wawina-Bokalanga, Tony; Kinganda-Lusamaki, Eddy; Pukuta-Simbu, Elisabeth; Hasivirwe-Vakaniaki, Emmanuel; Ola-Mpumbe, Rilia; Kwete-Mbokama, Papy; Akil-Bandali, Prince; Kacita, Cris; Ponga-Museme, Ange; Mapenzi-Kashali, Nelson; Vakaniaki, Gloria; Kenye, Kelly-Michel; Muyamuna, Elisabeth; Kavira-Bapitani, Sifa; Mukadi, Patrick; OToole, Aine; Tshiani-Mbaya, Olivier; Paku-Tshambu, Princesse; Lokilo-Lofiko, Emmanuel; Muswamba-Kayembe, Chloe; Makangara-Cigolo, Jean-Claude; Cikaya-Kankolongo, Fiston; Luakanda-Ndelemo, Gradi; Lawanga, Leader; Mabika-Bope, Elzedek; Lumembe-Numbi, Raphael; Kabamba-Lungenyi, Gabriel; Citenga, Andre; Kelvin, D. J.; Pratt, Catherine; Ayouba, Ahidjo; Tessema, Sofonias; Mukadi-Bamuleka, Daniel; Jansen, Daan; Halbrook, Megan; Merrit, Sydney; Hensley, Lisa; Delaporte, Eric; Mwamba, Dieudonne; Liesenborghs, Laurens; Hoff, Nicole; Peeters, Martine; Low, Nicola; Rimoin, Anne; Kindrachuk, Jason; Vercauteren, Koen; Rambaut, Andrew; Ahuka-Mundeke, Steve; Muyembe-Tamfum, Jean-Jacques"
PP_004B8V9,Ib,A.1,Democratic Republic of the Congo,Kinshasa,2025-03-21,187412,0.8934734215984057,2025-10-21,"Amuri-Aziza, Adrienne; Mbala-Kingebeni, Placide; Wawina-Bokalanga, Tony; Kinganda-Lusamaki, Eddy; Pukuta-Simbu, Elisabeth; Hasivirwe-Vakaniaki, Emmanuel; Ola-Mpumbe, Rilia; Kwete-Mbokama, Papy; Akil-Bandali, Prince; Kacita, Cris; Ponga-Museme, Ange; Mapenzi-Kashali, Nelson; Vakaniaki, Gloria; Kenye, Kelly-Michel; Muyamuna, Elisabeth; Kavira-Bapitani, Sifa; Mukadi, Patrick; OToole, Aine; Tshiani-Mbaya, Olivier; Paku-Tshambu, Princesse; Lokilo-Lofiko, Emmanuel; Muswamba-Kayembe, Chloe; Makangara-Cigolo, Jean-Claude; Cikaya-Kankolongo, Fiston; Luakanda-Ndelemo, Gradi; Lawanga, Leader; Mabika-Bope, Elzedek; Lumembe-Numbi, Raphael; Kabamba-Lungenyi, Gabriel; Citenga, Andre; Kelvin, D. J.; Pratt, Catherine; Ayouba, Ahidjo; Tessema, Sofonias; Mukadi-Bamuleka, Daniel; Jansen, Daan; Halbrook, Megan; Merrit, Sydney; Hensley, Lisa; Delaporte, Eric; Mwamba, Dieudonne; Liesenborghs, Laurens; Hoff, Nicole; Peeters, Martine; Low, Nicola; Rimoin, Anne; Kindrachuk, Jason; Vercauteren, Koen; Rambaut, Andrew; Ahuka-Mundeke, Steve; Muyembe-Tamfum, Jean-Jacques"
PP_004B8W7,Ia,None,Democratic Republic of the Congo,Kinshasa,2025-03-20,187410,0.9054759164135512,2025-10-21,"Amuri-Aziza, Adrienne; Mbala-Kingebeni, Placide; Wawina-Bokalanga, Tony; Kinganda-Lusamaki, Eddy; Pukuta-Simbu, Elisabeth; Hasivirwe-Vakaniaki, Emmanuel; Ola-Mpumbe, Rilia; Kwete-Mbokama, Papy; Akil-Bandali, Prince; Kacita, Cris; Ponga-Museme, Ange; Mapenzi-Kashali, Nelson; Vakaniaki, Gloria; Kenye, Kelly-Michel; Muyamuna, Elisabeth; Kavira-Bapitani, Sifa; Mukadi, Patrick; OToole, Aine; Tshiani-Mbaya, Olivier; Paku-Tshambu, Princesse; Lokilo-Lofiko, Emmanuel; Muswamba-Kayembe, Chloe; Makangara-Cigolo, Jean-Claude; Cikaya-Kankolongo, Fiston; Luakanda-Ndelemo, Gradi; Lawanga, Leader; Mabika-Bope, Elzedek; Lumembe-Numbi, Raphael; Kabamba-Lungenyi, Gabriel; Citenga, Andre; Kelvin, D. J.; Pratt, Catherine; Ayouba, Ahidjo; Tessema, Sofonias; Mukadi-Bamuleka, Daniel; Jansen, Daan; Halbrook, Megan; Merrit, Sydney; Hensley, Lisa; Delaporte, Eric; Mwamba, Dieudonne; Liesenborghs, Laurens; Hoff, Nicole; Peeters, Martine; Low, Nicola; Rimoin, Anne; Kindrachuk, Jason; Vercauteren, Koen; Rambaut, Andrew; Ahuka-Mundeke, Steve; Muyembe-Tamfum, Jean-Jacques"
PP_004B8X5,Ia,None,Democratic Republic of the Congo,Kinshasa,2025-03-22,187416,0.8858165702376667,2025-10-21,"Amuri-Aziza, Adrienne; Mbala-Kingebeni, Placide; Wawina-Bokalanga, Tony; Kinganda-Lusamaki, Eddy; Pukuta-Simbu, Elisabeth; Hasivirwe-Vakaniaki, Emmanuel; Ola-Mpumbe, Rilia; Kwete-Mbokama, Papy; Akil-Bandali, Prince; Kacita, Cris; Ponga-Museme, Ange; Mapenzi-Kashali, Nelson; Vakaniaki, Gloria; Kenye, Kelly-Michel; Muyamuna, Elisabeth; Kavira-Bapitani, Sifa; Mukadi, Patrick; OToole, Aine; Tshiani-Mbaya, Olivier; Paku-Tshambu, Princesse; Lokilo-Lofiko, Emmanuel; Muswamba-Kayembe, Chloe; Makangara-Cigolo, Jean-Claude; Cikaya-Kankolongo, Fiston; Luakanda-Ndelemo, Gradi; Lawanga, Leader; Mabika-Bope, Elzedek; Lumembe-Numbi, Raphael; Kabamba-Lungenyi, Gabriel; Citenga, Andre; Kelvin, D. J.; Pratt, Catherine; Ayouba, Ahidjo; Tessema, Sofonias; Mukadi-Bamuleka, Daniel; Jansen, Daan; Halbrook, Megan; Merrit, Sydney; Hensley, Lisa; Delaporte, Eric; Mwamba, Dieudonne; Liesenborghs, Laurens; Hoff, Nicole; Peeters, Martine; Low, Nicola; Rimoin, Anne; Kindrachuk, Jason; Vercauteren, Koen; Rambaut, Andrew; Ahuka-Mundeke, Steve; Muyembe-Tamfum, Jean-Jacques"
PP_004B8Y3,Ia,None,Democratic Republic of the Congo,Kinshasa,2025-03-21,187432,0.8611675937710753,2025-10-21,"Amuri-Aziza, Adrienne; Mbala-Kingebeni, Placide; Wawina-Bokalanga, Tony; Kinganda-Lusamaki, Eddy; Pukuta-Simbu, Elisabeth; Hasivirwe-Vakaniaki, Emmanuel; Ola-Mpumbe, Rilia; Kwete-Mbokama, Papy; Akil-Bandali, Prince; Kacita, Cris; Ponga-Museme, Ange; Mapenzi-Kashali, Nelson; Vakaniaki, Gloria; Kenye, Kelly-Michel; Muyamuna, Elisabeth; Kavira-Bapitani, Sifa; Mukadi, Patrick; OToole, Aine; Tshiani-Mbaya, Olivier; Paku-Tshambu, Princesse; Lokilo-Lofiko, Emmanuel; Muswamba-Kayembe, Chloe; Makangara-Cigolo, Jean-Claude; Cikaya-Kankolongo, Fiston; Luakanda-Ndelemo, Gradi; Lawanga, Leader; Mabika-Bope, Elzedek; Lumembe-Numbi, Raphael; Kabamba-Lungenyi, Gabriel; Citenga, Andre; Kelvin, D. J.; Pratt, Catherine; Ayouba, Ahidjo; Tessema, Sofonias; Mukadi-Bamuleka, Daniel; Jansen, Daan; Halbrook, Megan; Merrit, Sydney; Hensley, Lisa; Delaporte, Eric; Mwamba, Dieudonne; Liesenborghs, Laurens; Hoff, Nicole; Peeters, Martine; Low, Nicola; Rimoin, Anne; Kindrachuk, Jason; Vercauteren, Koen; Rambaut, Andrew; Ahuka-Mundeke, Steve; Muyembe-Tamfum, Jean-Jacques"
PP_004B8Z1,Ia,None,Democratic Republic of the Congo,Kinshasa,2025-03-21,187440,0.45725093682337015,2025-10-21,"Amuri-Aziza, Adrienne; Mbala-Kingebeni, Placide; Wawina-Bokalanga, Tony; Kinganda-Lusamaki, Eddy; Pukuta-Simbu, Elisabeth; Hasivirwe-Vakaniaki, Emmanuel; Ola-Mpumbe, Rilia; Kwete-Mbokama, Papy; Akil-Bandali, Prince; Kacita, Cris; Ponga-Museme, Ange; Mapenzi-Kashali, Nelson; Vakaniaki, Gloria; Kenye, Kelly-Michel; Muyamuna, Elisabeth; Kavira-Bapitani, Sifa; Mukadi, Patrick; OToole, Aine; Tshiani-Mbaya, Olivier; Paku-Tshambu, Princesse; Lokilo-Lofiko, Emmanuel; Muswamba-Kayembe, Chloe; Makangara-Cigolo, Jean-Claude; Cikaya-Kankolongo, Fiston; Luakanda-Ndelemo, Gradi; Lawanga, Leader; Mabika-Bope, Elzedek; Lumembe-Numbi, Raphael; Kabamba-Lungenyi, Gabriel; Citenga, Andre; Kelvin, D. J.; Pratt, Catherine; Ayouba, Ahidjo; Tessema, Sofonias; Mukadi-Bamuleka, Daniel; Jansen, Daan; Halbrook, Megan; Merrit, Sydney; Hensley, Lisa; Delaporte, Eric; Mwamba, Dieudonne; Liesenborghs, Laurens; Hoff, Nicole; Peeters, Martine; Low, Nicola; Rimoin, Anne; Kindrachuk, Jason; Vercauteren, Koen; Rambaut, Andrew; Ahuka-Mundeke, Steve; Muyembe-Tamfum, Jean-Jacques"
PP_004B90Z,Ia,None,Democratic Republic of the Congo,Kinshasa,2025-03-22,187413,0.8789507578254542,2025-10-21,"Amuri-Aziza, Adrienne; Mbala-Kingebeni, Placide; Wawina-Bokalanga, Tony; Kinganda-Lusamaki, Eddy; Pukuta-Simbu, Elisabeth; Hasivirwe-Vakaniaki, Emmanuel; Ola-Mpumbe, Rilia; Kwete-Mbokama, Papy; Akil-Bandali, Prince; Kacita, Cris; Ponga-Museme, Ange; Mapenzi-Kashali, Nelson; Vakaniaki, Gloria; Kenye, Kelly-Michel; Muyamuna, Elisabeth; Kavira-Bapitani, Sifa; Mukadi, Patrick; OToole, Aine; Tshiani-Mbaya, Olivier; Paku-Tshambu, Princesse; Lokilo-Lofiko, Emmanuel; Muswamba-Kayembe, Chloe; Makangara-Cigolo, Jean-Claude; Cikaya-Kankolongo, Fiston; Luakanda-Ndelemo, Gradi; Lawanga, Leader; Mabika-Bope, Elzedek; Lumembe-Numbi, Raphael; Kabamba-Lungenyi, Gabriel; Citenga, Andre; Kelvin, D. J.; Pratt, Catherine; Ayouba, Ahidjo; Tessema, Sofonias; Mukadi-Bamuleka, Daniel; Jansen, Daan; Halbrook, Megan; Merrit, Sydney; Hensley, Lisa; Delaporte, Eric; Mwamba, Dieudonne; Liesenborghs, Laurens; Hoff, Nicole; Peeters, Martine; Low, Nicola; Rimoin, Anne; Kindrachuk, Jason; Vercauteren, Koen; Rambaut, Andrew; Ahuka-Mundeke, Steve; Muyembe-Tamfum, Jean-Jacques"
PP_004B91X,Ia,None,Democratic Republic of the Congo,Mai-Ndombe,2025-03-17,181564,0.5137595140181229,2025-10-21,"Kenye, Kelly-Michel; Mbala-Kingebeni, Placide; Wawina-Bokalanga, Tony; Kinganda-Lusamaki, Eddy; Pukuta-Simbu, Elisabeth; Hasivirwe-Vakaniaki, Emmanuel; Ola-Mpumbe, Rilia; Kwete-Mbokama, Papy; Akil-Bandali, Prince; Kacita, Cris; Ponga-Museme, Ange; Mapenzi-Kashali, Nelson; Vakaniaki, Gloria; Amuri-Aziza, Adrienne; Muyamuna, Elisabeth; Kavira-Bapitani, Sifa; Mukadi, Patrick; OToole, Aine; Tshiani-Mbaya, Olivier; Paku-Tshambu, Princesse; Lokilo-Lofiko, Emmanuel; Muswamba-Kayembe, Chloe; Makangara-Cigolo, Jean-Claude; Cikaya-Kankolongo, Fiston; Luakanda-Ndelemo, Gradi; Lawanga, Leader; Mabika-Bope, Elzedek; Lumembe-Numbi, Raphael; Kabamba-Lungenyi, Gabriel; Citenga, Andre; Kelvin, D. J.; Pratt, Catherine; Ayouba, Ahidjo; Tessema, Sofonias; Mukadi-Bamuleka, Daniel; Jansen, Daan; Halbrook, Megan; Merrit, Sydney; Hensley, Lisa; Delaporte, Eric; Mwamba, Dieudonne; Liesenborghs, Laurens; Hoff, Nicole; Peeters, Martine; Low, Nicola; Rimoin, Anne; Kindrachuk, Jason; Vercauteren, Koen; Rambaut, Andrew; Ahuka-Mundeke, Steve; Muyembe-Tamfum, Jean-Jacques"
PP_004B92V,Ia,None,Democratic Republic of the Congo,Kinshasa,2025-03-22,184967,0.8868915718856645,2025-10-21,"Amuri-Aziza, Adrienne; Mbala-Kingebeni, Placide; Wawina-Bokalanga, Tony; Kinganda-Lusamaki, Eddy; Pukuta-Simbu, Elisabeth; Hasivirwe-Vakaniaki, Emmanuel; Ola-Mpumbe, Rilia; Kwete-Mbokama, Papy; Akil-Bandali, Prince; Kacita, Cris; Ponga-Museme, Ange; Mapenzi-Kashali, Nelson; Vakaniaki, Gloria; Kenye, Kelly-Michel; Muyamuna, Elisabeth; Kavira-Bapitani, Sifa; Mukadi, Patrick; OToole, Aine; Tshiani-Mbaya, Olivier; Paku-Tshambu, Princesse; Lokilo-Lofiko, Emmanuel; Muswamba-Kayembe, Chloe; Makangara-Cigolo, Jean-Claude; Cikaya-Kankolongo, Fiston; Luakanda-Ndelemo, Gradi; Lawanga, Leader; Mabika-Bope, Elzedek; Lumembe-Numbi, Raphael; Kabamba-Lungenyi, Gabriel; Citenga, Andre; Kelvin, D. J.; Pratt, Catherine; Ayouba, Ahidjo; Tessema, Sofonias; Mukadi-Bamuleka, Daniel; Jansen, Daan; Halbrook, Megan; Merrit, Sydney; Hensley, Lisa; Delaporte, Eric; Mwamba, Dieudonne; Liesenborghs, Laurens; Hoff, Nicole; Peeters, Martine; Low, Nicola; Rimoin, Anne; Kindrachuk, Jason; Vercauteren, Koen; Rambaut, Andrew; Ahuka-Mundeke, Steve; Muyembe-Tamfum, Jean-Jacques"
PP_004B93T,Ia,None,Democratic Republic of the Congo,Kinshasa,2025-03-24,187422,0.9100243903675796,2025-10-21,"Amuri-Aziza, Adrienne; Mbala-Kingebeni, Placide; Wawina-Bokalanga, Tony; Kinganda-Lusamaki, Eddy; Pukuta-Simbu, Elisabeth; Hasivirwe-Vakaniaki, Emmanuel; Ola-Mpumbe, Rilia; Kwete-Mbokama, Papy; Akil-Bandali, Prince; Kacita, Cris; Ponga-Museme, Ange; Mapenzi-Kashali, Nelson; Vakaniaki, Gloria; Kenye, Kelly-Michel; Muyamuna, Elisabeth; Kavira-Bapitani, Sifa; Mukadi, Patrick; OToole, Aine; Tshiani-Mbaya, Olivier; Paku-Tshambu, Princesse; Lokilo-Lofiko, Emmanuel; Muswamba-Kayembe, Chloe; Makangara-Cigolo, Jean-Claude; Cikaya-Kankolongo, Fiston; Luakanda-Ndelemo, Gradi; Lawanga, Leader; Mabika-Bope, Elzedek; Lumembe-Numbi, Raphael; Kabamba-Lungenyi, Gabriel; Citenga, Andre; Kelvin, D. J.; Pratt, Catherine; Ayouba, Ahidjo; Tessema, Sofonias; Mukadi-Bamuleka, Daniel; Jansen, Daan; Halbrook, Megan; Merrit, Sydney; Hensley, Lisa; Delaporte, Eric; Mwamba, Dieudonne; Liesenborghs, Laurens; Hoff, Nicole; Peeters, Martine; Low, Nicola; Rimoin, Anne; Kindrachuk, Jason; Vercauteren, Koen; Rambaut, Andrew; Ahuka-Mundeke, Steve; Muyembe-Tamfum, Jean-Jacques"
PP_004B94R,Ia,None,Democratic Republic of the Congo,Kinshasa,2025-03-24,187418,0.9136702685982891,2025-10-21,"Amuri-Aziza, Adrienne; Mbala-Kingebeni, Placide; Wawina-Bokalanga, Tony; Kinganda-Lusamaki, Eddy; Pukuta-Simbu, Elisabeth; Hasivirwe-Vakaniaki, Emmanuel; Ola-Mpumbe, Rilia; Kwete-Mbokama, Papy; Akil-Bandali, Prince; Kacita, Cris; Ponga-Museme, Ange; Mapenzi-Kashali, Nelson; Vakaniaki, Gloria; Kenye, Kelly-Michel; Muyamuna, Elisabeth; Kavira-Bapitani, Sifa; Mukadi, Patrick; OToole, Aine; Tshiani-Mbaya, Olivier; Paku-Tshambu, Princesse; Lokilo-Lofiko, Emmanuel; Muswamba-Kayembe, Chloe; Makangara-Cigolo, Jean-Claude; Cikaya-Kankolongo, Fiston; Luakanda-Ndelemo, Gradi; Lawanga, Leader; Mabika-Bope, Elzedek; Lumembe-Numbi, Raphael; Kabamba-Lungenyi, Gabriel; Citenga, Andre; Kelvin, D. J.; Pratt, Catherine; Ayouba, Ahidjo; Tessema, Sofonias; Mukadi-Bamuleka, Daniel; Jansen, Daan; Halbrook, Megan; Merrit, Sydney; Hensley, Lisa; Delaporte, Eric; Mwamba, Dieudonne; Liesenborghs, Laurens; Hoff, Nicole; Peeters, Martine; Low, Nicola; Rimoin, Anne; Kindrachuk, Jason; Vercauteren, Koen; Rambaut, Andrew; Ahuka-Mundeke, Steve; Muyembe-Tamfum, Jean-Jacques"
PP_004B95P,Ia,None,Democratic Republic of the Congo,Kinshasa,2025-03-24,187418,0.9076614150469806,2025-10-21,"Amuri-Aziza, Adrienne; Mbala-Kingebeni, Placide; Wawina-Bokalanga, Tony; Kinganda-Lusamaki, Eddy; Pukuta-Simbu, Elisabeth; Hasivirwe-Vakaniaki, Emmanuel; Ola-Mpumbe, Rilia; Kwete-Mbokama, Papy; Akil-Bandali, Prince; Kacita, Cris; Ponga-Museme, Ange; Mapenzi-Kashali, Nelson; Vakaniaki, Gloria; Kenye, Kelly-Michel; Muyamuna, Elisabeth; Kavira-Bapitani, Sifa; Mukadi, Patrick; OToole, Aine; Tshiani-Mbaya, Olivier; Paku-Tshambu, Princesse; Lokilo-Lofiko, Emmanuel; Muswamba-Kayembe, Chloe; Makangara-Cigolo, Jean-Claude; Cikaya-Kankolongo, Fiston; Luakanda-Ndelemo, Gradi; Lawanga, Leader; Mabika-Bope, Elzedek; Lumembe-Numbi, Raphael; Kabamba-Lungenyi, Gabriel; Citenga, Andre; Kelvin, D. J.; Pratt, Catherine; Ayouba, Ahidjo; Tessema, Sofonias; Mukadi-Bamuleka, Daniel; Jansen, Daan; Halbrook, Megan; Merrit, Sydney; Hensley, Lisa; Delaporte, Eric; Mwamba, Dieudonne; Liesenborghs, Laurens; Hoff, Nicole; Peeters, Martine; Low, Nicola; Rimoin, Anne; Kindrachuk, Jason; Vercauteren, Koen; Rambaut, Andrew; Ahuka-Mundeke, Steve; Muyembe-Tamfum, Jean-Jacques"
PP_004B96M,Ia,None,Democratic Republic of the Congo,Kinshasa,2025-03-24,187412,0.90446176391544,2025-10-21,"Amuri-Aziza, Adrienne; Mbala-Kingebeni, Placide; Wawina-Bokalanga, Tony; Kinganda-Lusamaki, Eddy; Pukuta-Simbu, Elisabeth; Hasivirwe-Vakaniaki, Emmanuel; Ola-Mpumbe, Rilia; Kwete-Mbokama, Papy; Akil-Bandali, Prince; Kacita, Cris; Ponga-Museme, Ange; Mapenzi-Kashali, Nelson; Vakaniaki, Gloria; Kenye, Kelly-Michel; Muyamuna, Elisabeth; Kavira-Bapitani, Sifa; Mukadi, Patrick; OToole, Aine; Tshiani-Mbaya, Olivier; Paku-Tshambu, Princesse; Lokilo-Lofiko, Emmanuel; Muswamba-Kayembe, Chloe; Makangara-Cigolo, Jean-Claude; Cikaya-Kankolongo, Fiston; Luakanda-Ndelemo, Gradi; Lawanga, Leader; Mabika-Bope, Elzedek; Lumembe-Numbi, Raphael; Kabamba-Lungenyi, Gabriel; Citenga, Andre; Kelvin, D. J.; Pratt, Catherine; Ayouba, Ahidjo; Tessema, Sofonias; Mukadi-Bamuleka, Daniel; Jansen, Daan; Halbrook, Megan; Merrit, Sydney; Hensley, Lisa; Delaporte, Eric; Mwamba, Dieudonne; Liesenborghs, Laurens; Hoff, Nicole; Peeters, Martine; Low, Nicola; Rimoin, Anne; Kindrachuk, Jason; Vercauteren, Koen; Rambaut, Andrew; Ahuka-Mundeke, Steve; Muyembe-Tamfum, Jean-Jacques"
PP_004B97K,Ib,A.1,Democratic Republic of the Congo,Kinshasa,2025-03-25,187421,0.8954307359197603,2025-10-21,"Amuri-Aziza, Adrienne; Mbala-Kingebeni, Placide; Wawina-Bokalanga, Tony; Kinganda-Lusamaki, Eddy; Pukuta-Simbu, Elisabeth; Hasivirwe-Vakaniaki, Emmanuel; Ola-Mpumbe, Rilia; Kwete-Mbokama, Papy; Akil-Bandali, Prince; Kacita, Cris; Ponga-Museme, Ange; Mapenzi-Kashali, Nelson; Vakaniaki, Gloria; Kenye, Kelly-Michel; Muyamuna, Elisabeth; Kavira-Bapitani, Sifa; Mukadi, Patrick; OToole, Aine; Tshiani-Mbaya, Olivier; Paku-Tshambu, Princesse; Lokilo-Lofiko, Emmanuel; Muswamba-Kayembe, Chloe; Makangara-Cigolo, Jean-Claude; Cikaya-Kankolongo, Fiston; Luakanda-Ndelemo, Gradi; Lawanga, Leader; Mabika-Bope, Elzedek; Lumembe-Numbi, Raphael; Kabamba-Lungenyi, Gabriel; Citenga, Andre; Kelvin, D. J.; Pratt, Catherine; Ayouba, Ahidjo; Tessema, Sofonias; Mukadi-Bamuleka, Daniel; Jansen, Daan; Halbrook, Megan; Merrit, Sydney; Hensley, Lisa; Delaporte, Eric; Mwamba, Dieudonne; Liesenborghs, Laurens; Hoff, Nicole; Peeters, Martine; Low, Nicola; Rimoin, Anne; Kindrachuk, Jason; Vercauteren, Koen; Rambaut, Andrew; Ahuka-Mundeke, Steve; Muyembe-Tamfum, Jean-Jacques"
PP_004B98H,Ia,None,Democratic Republic of the Congo,Kinshasa,2025-03-22,187410,0.9111754534529356,2025-10-21,"Amuri-Aziza, Adrienne; Mbala-Kingebeni, Placide; Wawina-Bokalanga, Tony; Kinganda-Lusamaki, Eddy; Pukuta-Simbu, Elisabeth; Hasivirwe-Vakaniaki, Emmanuel; Ola-Mpumbe, Rilia; Kwete-Mbokama, Papy; Akil-Bandali, Prince; Kacita, Cris; Ponga-Museme, Ange; Mapenzi-Kashali, Nelson; Vakaniaki, Gloria; Kenye, Kelly-Michel; Muyamuna, Elisabeth; Kavira-Bapitani, Sifa; Mukadi, Patrick; OToole, Aine; Tshiani-Mbaya, Olivier; Paku-Tshambu, Princesse; Lokilo-Lofiko, Emmanuel; Muswamba-Kayembe, Chloe; Makangara-Cigolo, Jean-Claude; Cikaya-Kankolongo, Fiston; Luakanda-Ndelemo, Gradi; Lawanga, Leader; Mabika-Bope, Elzedek; Lumembe-Numbi, Raphael; Kabamba-Lungenyi, Gabriel; Citenga, Andre; Kelvin, D. J.; Pratt, Catherine; Ayouba, Ahidjo; Tessema, Sofonias; Mukadi-Bamuleka, Daniel; Jansen, Daan; Halbrook, Megan; Merrit, Sydney; Hensley, Lisa; Delaporte, Eric; Mwamba, Dieudonne; Liesenborghs, Laurens; Hoff, Nicole; Peeters, Martine; Low, Nicola; Rimoin, Anne; Kindrachuk, Jason; Vercauteren, Koen; Rambaut, Andrew; Ahuka-Mundeke, Steve; Muyembe-Tamfum, Jean-Jacques"
PP_004B99F,Ib,A.1,Democratic Republic of the Congo,Kinshasa,2025-03-31,187410,0.8968353371296441,2025-10-21,"Amuri-Aziza, Adrienne; Mbala-Kingebeni, Placide; Wawina-Bokalanga, Tony; Kinganda-Lusamaki, Eddy; Pukuta-Simbu, Elisabeth; Hasivirwe-Vakaniaki, Emmanuel; Ola-Mpumbe, Rilia; Kwete-Mbokama, Papy; Akil-Bandali, Prince; Kacita, Cris; Ponga-Museme, Ange; Mapenzi-Kashali, Nelson; Vakaniaki, Gloria; Kenye, Kelly-Michel; Muyamuna, Elisabeth; Kavira-Bapitani, Sifa; Mukadi, Patrick; OToole, Aine; Tshiani-Mbaya, Olivier; Paku-Tshambu, Princesse; Lokilo-Lofiko, Emmanuel; Muswamba-Kayembe, Chloe; Makangara-Cigolo, Jean-Claude; Cikaya-Kankolongo, Fiston; Luakanda-Ndelemo, Gradi; Lawanga, Leader; Mabika-Bope, Elzedek; Lumembe-Numbi, Raphael; Kabamba-Lungenyi, Gabriel; Citenga, Andre; Kelvin, D. J.; Pratt, Catherine; Ayouba, Ahidjo; Tessema, Sofonias; Mukadi-Bamuleka, Daniel; Jansen, Daan; Halbrook, Megan; Merrit, Sydney; Hensley, Lisa; Delaporte, Eric; Mwamba, Dieudonne; Liesenborghs, Laurens; Hoff, Nicole; Peeters, Martine; Low, Nicola; Rimoin, Anne; Kindrachuk, Jason; Vercauteren, Koen; Rambaut, Andrew; Ahuka-Mundeke, Steve; Muyembe-Tamfum, Jean-Jacques"
PP_004B9AD,Ib,A.1,Democratic Republic of the Congo,Kongo-Central,2025-03-17,187403,0.7323347311735265,2025-10-21,"Mbala-Kingebeni, Placide; Wawina-Bokalanga, Tony; Kinganda-Lusamaki, Eddy; Pukuta-Simbu, Elisabeth; Hasivirwe-Vakaniaki, Emmanuel; Ola-Mpumbe, Rilia; Kwete-Mbokama, Papy; Akil-Bandali, Prince; Kacita, Cris; Ponga-Museme, Ange; Mapenzi-Kashali, Nelson; Vakaniaki, Gloria; Amuri-Aziza, Adrienne; Kenye, Kelly-Michel; Muyamuna, Elisabeth; Kavira-Bapitani, Sifa; Mukadi, Patrick; OToole, Aine; Tshiani-Mbaya, Olivier; Paku-Tshambu, Princesse; Lokilo-Lofiko, Emmanuel; Muswamba-Kayembe, Chloe; Makangara-Cigolo, Jean-Claude; Cikaya-Kankolongo, Fiston; Luakanda-Ndelemo, Gradi; Lawanga, Leader; Mabika-Bope, Elzedek; Lumembe-Numbi, Raphael; Kabamba-Lungenyi, Gabriel; Citenga, Andre; Kelvin, D. J.; Pratt, Catherine; Ayouba, Ahidjo; Tessema, Sofonias; Mukadi-Bamuleka, Daniel; Jansen, Daan; Halbrook, Megan; Merrit, Sydney; Hensley, Lisa; Delaporte, Eric; Mwamba, Dieudonne; Liesenborghs, Laurens; Hoff, Nicole; Peeters, Martine; Low, Nicola; Rimoin, Anne; Kindrachuk, Jason; Vercauteren, Koen; Rambaut, Andrew; Ahuka-Mundeke, Steve; Muyembe-Tamfum, Jean-Jacques"
PP_004B9BB,Ib,A.1,Democratic Republic of the Congo,Kinshasa,2025-03-31,187425,0.8624099305812615,2025-10-21,"Amuri-Aziza, Adrienne; Mbala-Kingebeni, Placide; Wawina-Bokalanga, Tony; Kinganda-Lusamaki, Eddy; Pukuta-Simbu, Elisabeth; Hasivirwe-Vakaniaki, Emmanuel; Ola-Mpumbe, Rilia; Kwete-Mbokama, Papy; Akil-Bandali, Prince; Kacita, Cris; Ponga-Museme, Ange; Mapenzi-Kashali, Nelson; Vakaniaki, Gloria; Kenye, Kelly-Michel; Muyamuna, Elisabeth; Kavira-Bapitani, Sifa; Mukadi, Patrick; OToole, Aine; Tshiani-Mbaya, Olivier; Paku-Tshambu, Princesse; Lokilo-Lofiko, Emmanuel; Muswamba-Kayembe, Chloe; Makangara-Cigolo, Jean-Claude; Cikaya-Kankolongo, Fiston; Luakanda-Ndelemo, Gradi; Lawanga, Leader; Mabika-Bope, Elzedek; Lumembe-Numbi, Raphael; Kabamba-Lungenyi, Gabriel; Citenga, Andre; Kelvin, D. J.; Pratt, Catherine; Ayouba, Ahidjo; Tessema, Sofonias; Mukadi-Bamuleka, Daniel; Jansen, Daan; Halbrook, Megan; Merrit, Sydney; Hensley, Lisa; Delaporte, Eric; Mwamba, Dieudonne; Liesenborghs, Laurens; Hoff, Nicole; Peeters, Martine; Low, Nicola; Rimoin, Anne; Kindrachuk, Jason; Vercauteren, Koen; Rambaut, Andrew; Ahuka-Mundeke, Steve; Muyembe-Tamfum, Jean-Jacques"
PP_004B9C9,Ia,None,Democratic Republic of the Congo,Kinshasa,2025-03-31,187432,0.8957552647191558,2025-10-21,"Amuri-Aziza, Adrienne; Mbala-Kingebeni, Placide; Wawina-Bokalanga, Tony; Kinganda-Lusamaki, Eddy; Pukuta-Simbu, Elisabeth; Hasivirwe-Vakaniaki, Emmanuel; Ola-Mpumbe, Rilia; Kwete-Mbokama, Papy; Akil-Bandali, Prince; Kacita, Cris; Ponga-Museme, Ange; Mapenzi-Kashali, Nelson; Vakaniaki, Gloria; Kenye, Kelly-Michel; Muyamuna, Elisabeth; Kavira-Bapitani, Sifa; Mukadi, Patrick; OToole, Aine; Tshiani-Mbaya, Olivier; Paku-Tshambu, Princesse; Lokilo-Lofiko, Emmanuel; Muswamba-Kayembe, Chloe; Makangara-Cigolo, Jean-Claude; Cikaya-Kankolongo, Fiston; Luakanda-Ndelemo, Gradi; Lawanga, Leader; Mabika-Bope, Elzedek; Lumembe-Numbi, Raphael; Kabamba-Lungenyi, Gabriel; Citenga, Andre; Kelvin, D. J.; Pratt, Catherine; Ayouba, Ahidjo; Tessema, Sofonias; Mukadi-Bamuleka, Daniel; Jansen, Daan; Halbrook, Megan; Merrit, Sydney; Hensley, Lisa; Delaporte, Eric; Mwamba, Dieudonne; Liesenborghs, Laurens; Hoff, Nicole; Peeters, Martine; Low, Nicola; Rimoin, Anne; Kindrachuk, Jason; Vercauteren, Koen; Rambaut, Andrew; Ahuka-Mundeke, Steve; Muyembe-Tamfum, Jean-Jacques"
PP_004B9D7,Ia,None,Democratic Republic of the Congo,Kinshasa,2025-03-31,187426,0.8944013711341774,2025-10-21,"Amuri-Aziza, Adrienne; Mbala-Kingebeni, Placide; Wawina-Bokalanga, Tony; Kinganda-Lusamaki, Eddy; Pukuta-Simbu, Elisabeth; Hasivirwe-Vakaniaki, Emmanuel; Ola-Mpumbe, Rilia; Kwete-Mbokama, Papy; Akil-Bandali, Prince; Kacita, Cris; Ponga-Museme, Ange; Mapenzi-Kashali, Nelson; Vakaniaki, Gloria; Kenye, Kelly-Michel; Muyamuna, Elisabeth; Kavira-Bapitani, Sifa; Mukadi, Patrick; OToole, Aine; Tshiani-Mbaya, Olivier; Paku-Tshambu, Princesse; Lokilo-Lofiko, Emmanuel; Muswamba-Kayembe, Chloe; Makangara-Cigolo, Jean-Claude; Cikaya-Kankolongo, Fiston; Luakanda-Ndelemo, Gradi; Lawanga, Leader; Mabika-Bope, Elzedek; Lumembe-Numbi, Raphael; Kabamba-Lungenyi, Gabriel; Citenga, Andre; Kelvin, D. J.; Pratt, Catherine; Ayouba, Ahidjo; Tessema, Sofonias; Mukadi-Bamuleka, Daniel; Jansen, Daan; Halbrook, Megan; Merrit, Sydney; Hensley, Lisa; Delaporte, Eric; Mwamba, Dieudonne; Liesenborghs, Laurens; Hoff, Nicole; Peeters, Martine; Low, Nicola; Rimoin, Anne; Kindrachuk, Jason; Vercauteren, Koen; Rambaut, Andrew; Ahuka-Mundeke, Steve; Muyembe-Tamfum, Jean-Jacques"
PP_004B9E5,Ib,A.1,Democratic Republic of the Congo,Kinshasa,2025-03-31,187410,0.880253943785527,2025-10-21,"Amuri-Aziza, Adrienne; Mbala-Kingebeni, Placide; Wawina-Bokalanga, Tony; Kinganda-Lusamaki, Eddy; Pukuta-Simbu, Elisabeth; Hasivirwe-Vakaniaki, Emmanuel; Ola-Mpumbe, Rilia; Kwete-Mbokama, Papy; Akil-Bandali, Prince; Kacita, Cris; Ponga-Museme, Ange; Mapenzi-Kashali, Nelson; Vakaniaki, Gloria; Kenye, Kelly-Michel; Muyamuna, Elisabeth; Kavira-Bapitani, Sifa; Mukadi, Patrick; OToole, Aine; Tshiani-Mbaya, Olivier; Paku-Tshambu, Princesse; Lokilo-Lofiko, Emmanuel; Muswamba-Kayembe, Chloe; Makangara-Cigolo, Jean-Claude; Cikaya-Kankolongo, Fiston; Luakanda-Ndelemo, Gradi; Lawanga, Leader; Mabika-Bope, Elzedek; Lumembe-Numbi, Raphael; Kabamba-Lungenyi, Gabriel; Citenga, Andre; Kelvin, D. J.; Pratt, Catherine; Ayouba, Ahidjo; Tessema, Sofonias; Mukadi-Bamuleka, Daniel; Jansen, Daan; Halbrook, Megan; Merrit, Sydney; Hensley, Lisa; Delaporte, Eric; Mwamba, Dieudonne; Liesenborghs, Laurens; Hoff, Nicole; Peeters, Martine; Low, Nicola; Rimoin, Anne; Kindrachuk, Jason; Vercauteren, Koen; Rambaut, Andrew; Ahuka-Mundeke, Steve; Muyembe-Tamfum, Jean-Jacques"
PP_004B9F3,Ia,None,Democratic Republic of the Congo,Kinshasa,2025-03-31,187423,0.8790978099376803,2025-10-21,"Amuri-Aziza, Adrienne; Mbala-Kingebeni, Placide; Wawina-Bokalanga, Tony; Kinganda-Lusamaki, Eddy; Pukuta-Simbu, Elisabeth; Hasivirwe-Vakaniaki, Emmanuel; Ola-Mpumbe, Rilia; Kwete-Mbokama, Papy; Akil-Bandali, Prince; Kacita, Cris; Ponga-Museme, Ange; Mapenzi-Kashali, Nelson; Vakaniaki, Gloria; Kenye, Kelly-Michel; Muyamuna, Elisabeth; Kavira-Bapitani, Sifa; Mukadi, Patrick; OToole, Aine; Tshiani-Mbaya, Olivier; Paku-Tshambu, Princesse; Lokilo-Lofiko, Emmanuel; Muswamba-Kayembe, Chloe; Makangara-Cigolo, Jean-Claude; Cikaya-Kankolongo, Fiston; Luakanda-Ndelemo, Gradi; Lawanga, Leader; Mabika-Bope, Elzedek; Lumembe-Numbi, Raphael; Kabamba-Lungenyi, Gabriel; Citenga, Andre; Kelvin, D. J.; Pratt, Catherine; Ayouba, Ahidjo; Tessema, Sofonias; Mukadi-Bamuleka, Daniel; Jansen, Daan; Halbrook, Megan; Merrit, Sydney; Hensley, Lisa; Delaporte, Eric; Mwamba, Dieudonne; Liesenborghs, Laurens; Hoff, Nicole; Peeters, Martine; Low, Nicola; Rimoin, Anne; Kindrachuk, Jason; Vercauteren, Koen; Rambaut, Andrew; Ahuka-Mundeke, Steve; Muyembe-Tamfum, Jean-Jacques"
PP_004B9G1,Ib,A.1,Democratic Republic of the Congo,Kinshasa,2025-03-31,187406,0.8740980381219924,2025-10-21,"Amuri-Aziza, Adrienne; Mbala-Kingebeni, Placide; Wawina-Bokalanga, Tony; Kinganda-Lusamaki, Eddy; Pukuta-Simbu, Elisabeth; Hasivirwe-Vakaniaki, Emmanuel; Ola-Mpumbe, Rilia; Kwete-Mbokama, Papy; Akil-Bandali, Prince; Kacita, Cris; Ponga-Museme, Ange; Mapenzi-Kashali, Nelson; Vakaniaki, Gloria; Kenye, Kelly-Michel; Muyamuna, Elisabeth; Kavira-Bapitani, Sifa; Mukadi, Patrick; OToole, Aine; Tshiani-Mbaya, Olivier; Paku-Tshambu, Princesse; Lokilo-Lofiko, Emmanuel; Muswamba-Kayembe, Chloe; Makangara-Cigolo, Jean-Claude; Cikaya-Kankolongo, Fiston; Luakanda-Ndelemo, Gradi; Lawanga, Leader; Mabika-Bope, Elzedek; Lumembe-Numbi, Raphael; Kabamba-Lungenyi, Gabriel; Citenga, Andre; Kelvin, D. J.; Pratt, Catherine; Ayouba, Ahidjo; Tessema, Sofonias; Mukadi-Bamuleka, Daniel; Jansen, Daan; Halbrook, Megan; Merrit, Sydney; Hensley, Lisa; Delaporte, Eric; Mwamba, Dieudonne; Liesenborghs, Laurens; Hoff, Nicole; Peeters, Martine; Low, Nicola; Rimoin, Anne; Kindrachuk, Jason; Vercauteren, Koen; Rambaut, Andrew; Ahuka-Mundeke, Steve; Muyembe-Tamfum, Jean-Jacques"
PP_004B9HY,Ib,A.1,Democratic Republic of the Congo,Kinshasa,2025-03-31,187415,0.8686216146321922,2025-10-21,"Amuri-Aziza, Adrienne; Mbala-Kingebeni, Placide; Wawina-Bokalanga, Tony; Kinganda-Lusamaki, Eddy; Pukuta-Simbu, Elisabeth; Hasivirwe-Vakaniaki, Emmanuel; Ola-Mpumbe, Rilia; Kwete-Mbokama, Papy; Akil-Bandali, Prince; Kacita, Cris; Ponga-Museme, Ange; Mapenzi-Kashali, Nelson; Vakaniaki, Gloria; Kenye, Kelly-Michel; Muyamuna, Elisabeth; Kavira-Bapitani, Sifa; Mukadi, Patrick; OToole, Aine; Tshiani-Mbaya, Olivier; Paku-Tshambu, Princesse; Lokilo-Lofiko, Emmanuel; Muswamba-Kayembe, Chloe; Makangara-Cigolo, Jean-Claude; Cikaya-Kankolongo, Fiston; Luakanda-Ndelemo, Gradi; Lawanga, Leader; Mabika-Bope, Elzedek; Lumembe-Numbi, Raphael; Kabamba-Lungenyi, Gabriel; Citenga, Andre; Kelvin, D. J.; Pratt, Catherine; Ayouba, Ahidjo; Tessema, Sofonias; Mukadi-Bamuleka, Daniel; Jansen, Daan; Halbrook, Megan; Merrit, Sydney; Hensley, Lisa; Delaporte, Eric; Mwamba, Dieudonne; Liesenborghs, Laurens; Hoff, Nicole; Peeters, Martine; Low, Nicola; Rimoin, Anne; Kindrachuk, Jason; Vercauteren, Koen; Rambaut, Andrew; Ahuka-Mundeke, Steve; Muyembe-Tamfum, Jean-Jacques"
PP_004B9JW,Ia,None,Democratic Republic of the Congo,Kinshasa,2025-03-31,187416,0.8294398328676683,2025-10-21,"Amuri-Aziza, Adrienne; Mbala-Kingebeni, Placide; Wawina-Bokalanga, Tony; Kinganda-Lusamaki, Eddy; Pukuta-Simbu, Elisabeth; Hasivirwe-Vakaniaki, Emmanuel; Ola-Mpumbe, Rilia; Kwete-Mbokama, Papy; Akil-Bandali, Prince; Kacita, Cris; Ponga-Museme, Ange; Mapenzi-Kashali, Nelson; Vakaniaki, Gloria; Kenye, Kelly-Michel; Muyamuna, Elisabeth; Kavira-Bapitani, Sifa; Mukadi, Patrick; OToole, Aine; Tshiani-Mbaya, Olivier; Paku-Tshambu, Princesse; Lokilo-Lofiko, Emmanuel; Muswamba-Kayembe, Chloe; Makangara-Cigolo, Jean-Claude; Cikaya-Kankolongo, Fiston; Luakanda-Ndelemo, Gradi; Lawanga, Leader; Mabika-Bope, Elzedek; Lumembe-Numbi, Raphael; Kabamba-Lungenyi, Gabriel; Citenga, Andre; Kelvin, D. J.; Pratt, Catherine; Ayouba, Ahidjo; Tessema, Sofonias; Mukadi-Bamuleka, Daniel; Jansen, Daan; Halbrook, Megan; Merrit, Sydney; Hensley, Lisa; Delaporte, Eric; Mwamba, Dieudonne; Liesenborghs, Laurens; Hoff, Nicole; Peeters, Martine; Low, Nicola; Rimoin, Anne; Kindrachuk, Jason; Vercauteren, Koen; Rambaut, Andrew; Ahuka-Mundeke, Steve; Muyembe-Tamfum, Jean-Jacques"
PP_004B9KU,Ia,None,Democratic Republic of the Congo,Kinshasa,2025-04-01,187401,0.859869478573493,2025-10-21,"Amuri-Aziza, Adrienne; Mbala-Kingebeni, Placide; Wawina-Bokalanga, Tony; Kinganda-Lusamaki, Eddy; Pukuta-Simbu, Elisabeth; Hasivirwe-Vakaniaki, Emmanuel; Ola-Mpumbe, Rilia; Kwete-Mbokama, Papy; Akil-Bandali, Prince; Kacita, Cris; Ponga-Museme, Ange; Mapenzi-Kashali, Nelson; Vakaniaki, Gloria; Kenye, Kelly-Michel; Muyamuna, Elisabeth; Kavira-Bapitani, Sifa; Mukadi, Patrick; OToole, Aine; Tshiani-Mbaya, Olivier; Paku-Tshambu, Princesse; Lokilo-Lofiko, Emmanuel; Muswamba-Kayembe, Chloe; Makangara-Cigolo, Jean-Claude; Cikaya-Kankolongo, Fiston; Luakanda-Ndelemo, Gradi; Lawanga, Leader; Mabika-Bope, Elzedek; Lumembe-Numbi, Raphael; Kabamba-Lungenyi, Gabriel; Citenga, Andre; Kelvin, D. J.; Pratt, Catherine; Ayouba, Ahidjo; Tessema, Sofonias; Mukadi-Bamuleka, Daniel; Jansen, Daan; Halbrook, Megan; Merrit, Sydney; Hensley, Lisa; Delaporte, Eric; Mwamba, Dieudonne; Liesenborghs, Laurens; Hoff, Nicole; Peeters, Martine; Low, Nicola; Rimoin, Anne; Kindrachuk, Jason; Vercauteren, Koen; Rambaut, Andrew; Ahuka-Mundeke, Steve; Muyembe-Tamfum, Jean-Jacques"
PP_004B9LS,Ia,None,Democratic Republic of the Congo,Kinshasa,2025-04-02,187425,0.911834652576708,2025-10-21,"Amuri-Aziza, Adrienne; Mbala-Kingebeni, Placide; Wawina-Bokalanga, Tony; Kinganda-Lusamaki, Eddy; Pukuta-Simbu, Elisabeth; Hasivirwe-Vakaniaki, Emmanuel; Ola-Mpumbe, Rilia; Kwete-Mbokama, Papy; Akil-Bandali, Prince; Kacita, Cris; Ponga-Museme, Ange; Mapenzi-Kashali, Nelson; Vakaniaki, Gloria; Kenye, Kelly-Michel; Muyamuna, Elisabeth; Kavira-Bapitani, Sifa; Mukadi, Patrick; OToole, Aine; Tshiani-Mbaya, Olivier; Paku-Tshambu, Princesse; Lokilo-Lofiko, Emmanuel; Muswamba-Kayembe, Chloe; Makangara-Cigolo, Jean-Claude; Cikaya-Kankolongo, Fiston; Luakanda-Ndelemo, Gradi; Lawanga, Leader; Mabika-Bope, Elzedek; Lumembe-Numbi, Raphael; Kabamba-Lungenyi, Gabriel; Citenga, Andre; Kelvin, D. J.; Pratt, Catherine; Ayouba, Ahidjo; Tessema, Sofonias; Mukadi-Bamuleka, Daniel; Jansen, Daan; Halbrook, Megan; Merrit, Sydney; Hensley, Lisa; Delaporte, Eric; Mwamba, Dieudonne; Liesenborghs, Laurens; Hoff, Nicole; Peeters, Martine; Low, Nicola; Rimoin, Anne; Kindrachuk, Jason; Vercauteren, Koen; Rambaut, Andrew; Ahuka-Mundeke, Steve; Muyembe-Tamfum, Jean-Jacques"
PP_004B9MQ,Ib,A.1,Democratic Republic of the Congo,Kinshasa,2025-04-02,187403,0.8987926514509987,2025-10-21,"Amuri-Aziza, Adrienne; Mbala-Kingebeni, Placide; Wawina-Bokalanga, Tony; Kinganda-Lusamaki, Eddy; Pukuta-Simbu, Elisabeth; Hasivirwe-Vakaniaki, Emmanuel; Ola-Mpumbe, Rilia; Kwete-Mbokama, Papy; Akil-Bandali, Prince; Kacita, Cris; Ponga-Museme, Ange; Mapenzi-Kashali, Nelson; Vakaniaki, Gloria; Kenye, Kelly-Michel; Muyamuna, Elisabeth; Kavira-Bapitani, Sifa; Mukadi, Patrick; OToole, Aine; Tshiani-Mbaya, Olivier; Paku-Tshambu, Princesse; Lokilo-Lofiko, Emmanuel; Muswamba-Kayembe, Chloe; Makangara-Cigolo, Jean-Claude; Cikaya-Kankolongo, Fiston; Luakanda-Ndelemo, Gradi; Lawanga, Leader; Mabika-Bope, Elzedek; Lumembe-Numbi, Raphael; Kabamba-Lungenyi, Gabriel; Citenga, Andre; Kelvin, D. J.; Pratt, Catherine; Ayouba, Ahidjo; Tessema, Sofonias; Mukadi-Bamuleka, Daniel; Jansen, Daan; Halbrook, Megan; Merrit, Sydney; Hensley, Lisa; Delaporte, Eric; Mwamba, Dieudonne; Liesenborghs, Laurens; Hoff, Nicole; Peeters, Martine; Low, Nicola; Rimoin, Anne; Kindrachuk, Jason; Vercauteren, Koen; Rambaut, Andrew; Ahuka-Mundeke, Steve; Muyembe-Tamfum, Jean-Jacques"
PP_004B9NN,Ib,A.1,Democratic Republic of the Congo,Kinshasa,2025-04-01,187403,0.9045834622152134,2025-10-21,"Amuri-Aziza, Adrienne; Mbala-Kingebeni, Placide; Wawina-Bokalanga, Tony; Kinganda-Lusamaki, Eddy; Pukuta-Simbu, Elisabeth; Hasivirwe-Vakaniaki, Emmanuel; Ola-Mpumbe, Rilia; Kwete-Mbokama, Papy; Akil-Bandali, Prince; Kacita, Cris; Ponga-Museme, Ange; Mapenzi-Kashali, Nelson; Vakaniaki, Gloria; Kenye, Kelly-Michel; Muyamuna, Elisabeth; Kavira-Bapitani, Sifa; Mukadi, Patrick; OToole, Aine; Tshiani-Mbaya, Olivier; Paku-Tshambu, Princesse; Lokilo-Lofiko, Emmanuel; Muswamba-Kayembe, Chloe; Makangara-Cigolo, Jean-Claude; Cikaya-Kankolongo, Fiston; Luakanda-Ndelemo, Gradi; Lawanga, Leader; Mabika-Bope, Elzedek; Lumembe-Numbi, Raphael; Kabamba-Lungenyi, Gabriel; Citenga, Andre; Kelvin, D. J.; Pratt, Catherine; Ayouba, Ahidjo; Tessema, Sofonias; Mukadi-Bamuleka, Daniel; Jansen, Daan; Halbrook, Megan; Merrit, Sydney; Hensley, Lisa; Delaporte, Eric; Mwamba, Dieudonne; Liesenborghs, Laurens; Hoff, Nicole; Peeters, Martine; Low, Nicola; Rimoin, Anne; Kindrachuk, Jason; Vercauteren, Koen; Rambaut, Andrew; Ahuka-Mundeke, Steve; Muyembe-Tamfum, Jean-Jacques"
PP_004B9PL,Ia,None,Democratic Republic of the Congo,Mai-Ndombe,2025-03-20,187461,0.9082496234958852,2025-10-21,"Kenye, Kelly-Michel; Mbala-Kingebeni, Placide; Wawina-Bokalanga, Tony; Kinganda-Lusamaki, Eddy; Pukuta-Simbu, Elisabeth; Hasivirwe-Vakaniaki, Emmanuel; Ola-Mpumbe, Rilia; Kwete-Mbokama, Papy; Akil-Bandali, Prince; Kacita, Cris; Ponga-Museme, Ange; Mapenzi-Kashali, Nelson; Vakaniaki, Gloria; Amuri-Aziza, Adrienne; Muyamuna, Elisabeth; Kavira-Bapitani, Sifa; Mukadi, Patrick; OToole, Aine; Tshiani-Mbaya, Olivier; Paku-Tshambu, Princesse; Lokilo-Lofiko, Emmanuel; Muswamba-Kayembe, Chloe; Makangara-Cigolo, Jean-Claude; Cikaya-Kankolongo, Fiston; Luakanda-Ndelemo, Gradi; Lawanga, Leader; Mabika-Bope, Elzedek; Lumembe-Numbi, Raphael; Kabamba-Lungenyi, Gabriel; Citenga, Andre; Kelvin, D. J.; Pratt, Catherine; Ayouba, Ahidjo; Tessema, Sofonias; Mukadi-Bamuleka, Daniel; Jansen, Daan; Halbrook, Megan; Merrit, Sydney; Hensley, Lisa; Delaporte, Eric; Mwamba, Dieudonne; Liesenborghs, Laurens; Hoff, Nicole; Peeters, Martine; Low, Nicola; Rimoin, Anne; Kindrachuk, Jason; Vercauteren, Koen; Rambaut, Andrew; Ahuka-Mundeke, Steve; Muyembe-Tamfum, Jean-Jacques"
PP_004B9QJ,Ia,None,Democratic Republic of the Congo,Mai-Ndombe,2025-03-20,187450,0.8875913371093611,2025-10-21,"Kenye, Kelly-Michel; Mbala-Kingebeni, Placide; Wawina-Bokalanga, Tony; Kinganda-Lusamaki, Eddy; Pukuta-Simbu, Elisabeth; Hasivirwe-Vakaniaki, Emmanuel; Ola-Mpumbe, Rilia; Kwete-Mbokama, Papy; Akil-Bandali, Prince; Kacita, Cris; Ponga-Museme, Ange; Mapenzi-Kashali, Nelson; Vakaniaki, Gloria; Amuri-Aziza, Adrienne; Muyamuna, Elisabeth; Kavira-Bapitani, Sifa; Mukadi, Patrick; OToole, Aine; Tshiani-Mbaya, Olivier; Paku-Tshambu, Princesse; Lokilo-Lofiko, Emmanuel; Muswamba-Kayembe, Chloe; Makangara-Cigolo, Jean-Claude; Cikaya-Kankolongo, Fiston; Luakanda-Ndelemo, Gradi; Lawanga, Leader; Mabika-Bope, Elzedek; Lumembe-Numbi, Raphael; Kabamba-Lungenyi, Gabriel; Citenga, Andre; Kelvin, D. J.; Pratt, Catherine; Ayouba, Ahidjo; Tessema, Sofonias; Mukadi-Bamuleka, Daniel; Jansen, Daan; Halbrook, Megan; Merrit, Sydney; Hensley, Lisa; Delaporte, Eric; Mwamba, Dieudonne; Liesenborghs, Laurens; Hoff, Nicole; Peeters, Martine; Low, Nicola; Rimoin, Anne; Kindrachuk, Jason; Vercauteren, Koen; Rambaut, Andrew; Ahuka-Mundeke, Steve; Muyembe-Tamfum, Jean-Jacques"
PP_004B9RG,Ia,None,Democratic Republic of the Congo,Mai-Ndombe,2025-03-20,187460,0.8911358000902596,2025-10-21,"Kenye, Kelly-Michel; Mbala-Kingebeni, Placide; Wawina-Bokalanga, Tony; Kinganda-Lusamaki, Eddy; Pukuta-Simbu, Elisabeth; Hasivirwe-Vakaniaki, Emmanuel; Ola-Mpumbe, Rilia; Kwete-Mbokama, Papy; Akil-Bandali, Prince; Kacita, Cris; Ponga-Museme, Ange; Mapenzi-Kashali, Nelson; Vakaniaki, Gloria; Amuri-Aziza, Adrienne; Muyamuna, Elisabeth; Kavira-Bapitani, Sifa; Mukadi, Patrick; OToole, Aine; Tshiani-Mbaya, Olivier; Paku-Tshambu, Princesse; Lokilo-Lofiko, Emmanuel; Muswamba-Kayembe, Chloe; Makangara-Cigolo, Jean-Claude; Cikaya-Kankolongo, Fiston; Luakanda-Ndelemo, Gradi; Lawanga, Leader; Mabika-Bope, Elzedek; Lumembe-Numbi, Raphael; Kabamba-Lungenyi, Gabriel; Citenga, Andre; Kelvin, D. J.; Pratt, Catherine; Ayouba, Ahidjo; Tessema, Sofonias; Mukadi-Bamuleka, Daniel; Jansen, Daan; Halbrook, Megan; Merrit, Sydney; Hensley, Lisa; Delaporte, Eric; Mwamba, Dieudonne; Liesenborghs, Laurens; Hoff, Nicole; Peeters, Martine; Low, Nicola; Rimoin, Anne; Kindrachuk, Jason; Vercauteren, Koen; Rambaut, Andrew; Ahuka-Mundeke, Steve; Muyembe-Tamfum, Jean-Jacques"
PP_004B9SE,Ia,None,Democratic Republic of the Congo,Mai-Ndombe,2025-02-11,187463,0.9103996267918808,2025-10-21,"Kenye, Kelly-Michel; Mbala-Kingebeni, Placide; Wawina-Bokalanga, Tony; Kinganda-Lusamaki, Eddy; Pukuta-Simbu, Elisabeth; Hasivirwe-Vakaniaki, Emmanuel; Ola-Mpumbe, Rilia; Kwete-Mbokama, Papy; Akil-Bandali, Prince; Kacita, Cris; Ponga-Museme, Ange; Mapenzi-Kashali, Nelson; Vakaniaki, Gloria; Amuri-Aziza, Adrienne; Muyamuna, Elisabeth; Kavira-Bapitani, Sifa; Mukadi, Patrick; OToole, Aine; Tshiani-Mbaya, Olivier; Paku-Tshambu, Princesse; Lokilo-Lofiko, Emmanuel; Muswamba-Kayembe, Chloe; Makangara-Cigolo, Jean-Claude; Cikaya-Kankolongo, Fiston; Luakanda-Ndelemo, Gradi; Lawanga, Leader; Mabika-Bope, Elzedek; Lumembe-Numbi, Raphael; Kabamba-Lungenyi, Gabriel; Citenga, Andre; Kelvin, D. J.; Pratt, Catherine; Ayouba, Ahidjo; Tessema, Sofonias; Mukadi-Bamuleka, Daniel; Jansen, Daan; Halbrook, Megan; Merrit, Sydney; Hensley, Lisa; Delaporte, Eric; Mwamba, Dieudonne; Liesenborghs, Laurens; Hoff, Nicole; Peeters, Martine; Low, Nicola; Rimoin, Anne; Kindrachuk, Jason; Vercauteren, Koen; Rambaut, Andrew; Ahuka-Mundeke, Steve; Muyembe-Tamfum, Jean-Jacques"
PP_004B9TC,Ib,A.1,Democratic Republic of the Congo,Kinshasa,2025-04-03,187398,0.8903396903792423,2025-10-21,"Amuri-Aziza, Adrienne; Mbala-Kingebeni, Placide; Wawina-Bokalanga, Tony; Kinganda-Lusamaki, Eddy; Pukuta-Simbu, Elisabeth; Hasivirwe-Vakaniaki, Emmanuel; Ola-Mpumbe, Rilia; Kwete-Mbokama, Papy; Akil-Bandali, Prince; Kacita, Cris; Ponga-Museme, Ange; Mapenzi-Kashali, Nelson; Vakaniaki, Gloria; Kenye, Kelly-Michel; Muyamuna, Elisabeth; Kavira-Bapitani, Sifa; Mukadi, Patrick; OToole, Aine; Tshiani-Mbaya, Olivier; Paku-Tshambu, Princesse; Lokilo-Lofiko, Emmanuel; Muswamba-Kayembe, Chloe; Makangara-Cigolo, Jean-Claude; Cikaya-Kankolongo, Fiston; Luakanda-Ndelemo, Gradi; Lawanga, Leader; Mabika-Bope, Elzedek; Lumembe-Numbi, Raphael; Kabamba-Lungenyi, Gabriel; Citenga, Andre; Kelvin, D. J.; Pratt, Catherine; Ayouba, Ahidjo; Tessema, Sofonias; Mukadi-Bamuleka, Daniel; Jansen, Daan; Halbrook, Megan; Merrit, Sydney; Hensley, Lisa; Delaporte, Eric; Mwamba, Dieudonne; Liesenborghs, Laurens; Hoff, Nicole; Peeters, Martine; Low, Nicola; Rimoin, Anne; Kindrachuk, Jason; Vercauteren, Koen; Rambaut, Andrew; Ahuka-Mundeke, Steve; Muyembe-Tamfum, Jean-Jacques"
PP_004B9UA,Ib,A.1,Democratic Republic of the Congo,Kinshasa,2025-04-05,187391,0.9105973865290125,2025-10-21,"Amuri-Aziza, Adrienne; Mbala-Kingebeni, Placide; Wawina-Bokalanga, Tony; Kinganda-Lusamaki, Eddy; Pukuta-Simbu, Elisabeth; Hasivirwe-Vakaniaki, Emmanuel; Ola-Mpumbe, Rilia; Kwete-Mbokama, Papy; Akil-Bandali, Prince; Kacita, Cris; Ponga-Museme, Ange; Mapenzi-Kashali, Nelson; Vakaniaki, Gloria; Kenye, Kelly-Michel; Muyamuna, Elisabeth; Kavira-Bapitani, Sifa; Mukadi, Patrick; OToole, Aine; Tshiani-Mbaya, Olivier; Paku-Tshambu, Princesse; Lokilo-Lofiko, Emmanuel; Muswamba-Kayembe, Chloe; Makangara-Cigolo, Jean-Claude; Cikaya-Kankolongo, Fiston; Luakanda-Ndelemo, Gradi; Lawanga, Leader; Mabika-Bope, Elzedek; Lumembe-Numbi, Raphael; Kabamba-Lungenyi, Gabriel; Citenga, Andre; Kelvin, D. J.; Pratt, Catherine; Ayouba, Ahidjo; Tessema, Sofonias; Mukadi-Bamuleka, Daniel; Jansen, Daan; Halbrook, Megan; Merrit, Sydney; Hensley, Lisa; Delaporte, Eric; Mwamba, Dieudonne; Liesenborghs, Laurens; Hoff, Nicole; Peeters, Martine; Low, Nicola; Rimoin, Anne; Kindrachuk, Jason; Vercauteren, Koen; Rambaut, Andrew; Ahuka-Mundeke, Steve; Muyembe-Tamfum, Jean-Jacques"
PP_004B9V8,Ib,A.1,Democratic Republic of the Congo,Kinshasa,2025-04-05,187395,0.908969671769544,2025-10-21,"Amuri-Aziza, Adrienne; Mbala-Kingebeni, Placide; Wawina-Bokalanga, Tony; Kinganda-Lusamaki, Eddy; Pukuta-Simbu, Elisabeth; Hasivirwe-Vakaniaki, Emmanuel; Ola-Mpumbe, Rilia; Kwete-Mbokama, Papy; Akil-Bandali, Prince; Kacita, Cris; Ponga-Museme, Ange; Mapenzi-Kashali, Nelson; Vakaniaki, Gloria; Kenye, Kelly-Michel; Muyamuna, Elisabeth; Kavira-Bapitani, Sifa; Mukadi, Patrick; OToole, Aine; Tshiani-Mbaya, Olivier; Paku-Tshambu, Princesse; Lokilo-Lofiko, Emmanuel; Muswamba-Kayembe, Chloe; Makangara-Cigolo, Jean-Claude; Cikaya-Kankolongo, Fiston; Luakanda-Ndelemo, Gradi; Lawanga, Leader; Mabika-Bope, Elzedek; Lumembe-Numbi, Raphael; Kabamba-Lungenyi, Gabriel; Citenga, Andre; Kelvin, D. J.; Pratt, Catherine; Ayouba, Ahidjo; Tessema, Sofonias; Mukadi-Bamuleka, Daniel; Jansen, Daan; Halbrook, Megan; Merrit, Sydney; Hensley, Lisa; Delaporte, Eric; Mwamba, Dieudonne; Liesenborghs, Laurens; Hoff, Nicole; Peeters, Martine; Low, Nicola; Rimoin, Anne; Kindrachuk, Jason; Vercauteren, Koen; Rambaut, Andrew; Ahuka-Mundeke, Steve; Muyembe-Tamfum, Jean-Jacques"
PP_004B9W6,Ia,None,Democratic Republic of the Congo,Tshopo,2023-10-03,195169,0.952476813938512,2025-10-21,"Luakanda-Ndelemo, Gradi; Mbala-Kingebeni, Placide; Wawina-Bokalanga, Tony; Kinganda-Lusamaki, Eddy; Pukuta-Simbu, Elisabeth; Hasivirwe-Vakaniaki, Emmanuel; Ola-Mpumbe, Rilia; Kwete-Mbokama, Papy; Akil-Bandali, Prince; Kacita, Cris; Ponga-Museme, Ange; Mapenzi-Kashali, Nelson; Vakaniaki, Gloria; Amuri-Aziza, Adrienne; Kenye, Kelly-Michel; Muyamuna, Elisabeth; Kavira-Bapitani, Sifa; Mukadi, Patrick; OToole, Aine; Tshiani-Mbaya, Olivier; Paku-Tshambu, Princesse; Lokilo-Lofiko, Emmanuel; Muswamba-Kayembe, Chloe; Makangara-Cigolo, Jean-Claude; Cikaya-Kankolongo, Fiston; Lawanga, Leader; Mabika-Bope, Elzedek; Lumembe-Numbi, Raphael; Kabamba-Lungenyi, Gabriel; Citenga, Andre; Kelvin, D. J.; Pratt, Catherine; Ayouba, Ahidjo; Tessema, Sofonias; Mukadi-Bamuleka, Daniel; Jansen, Daan; Halbrook, Megan; Merrit, Sydney; Hensley, Lisa; Delaporte, Eric; Mwamba, Dieudonne; Liesenborghs, Laurens; Hoff, Nicole; Peeters, Martine; Low, Nicola; Rimoin, Anne; Kindrachuk, Jason; Vercauteren, Koen; Rambaut, Andrew; Ahuka-Mundeke, Steve; Muyembe-Tamfum, Jean-Jacques"
PP_004B9X4,Ib,A.1,Democratic Republic of the Congo,Kinshasa,2025-04-05,187411,0.5283480977034517,2025-10-21,"Amuri-Aziza, Adrienne; Mbala-Kingebeni, Placide; Wawina-Bokalanga, Tony; Kinganda-Lusamaki, Eddy; Pukuta-Simbu, Elisabeth; Hasivirwe-Vakaniaki, Emmanuel; Ola-Mpumbe, Rilia; Kwete-Mbokama, Papy; Akil-Bandali, Prince; Kacita, Cris; Ponga-Museme, Ange; Mapenzi-Kashali, Nelson; Vakaniaki, Gloria; Kenye, Kelly-Michel; Muyamuna, Elisabeth; Kavira-Bapitani, Sifa; Mukadi, Patrick; OToole, Aine; Tshiani-Mbaya, Olivier; Paku-Tshambu, Princesse; Lokilo-Lofiko, Emmanuel; Muswamba-Kayembe, Chloe; Makangara-Cigolo, Jean-Claude; Cikaya-Kankolongo, Fiston; Luakanda-Ndelemo, Gradi; Lawanga, Leader; Mabika-Bope, Elzedek; Lumembe-Numbi, Raphael; Kabamba-Lungenyi, Gabriel; Citenga, Andre; Kelvin, D. J.; Pratt, Catherine; Ayouba, Ahidjo; Tessema, Sofonias; Mukadi-Bamuleka, Daniel; Jansen, Daan; Halbrook, Megan; Merrit, Sydney; Hensley, Lisa; Delaporte, Eric; Mwamba, Dieudonne; Liesenborghs, Laurens; Hoff, Nicole; Peeters, Martine; Low, Nicola; Rimoin, Anne; Kindrachuk, Jason; Vercauteren, Koen; Rambaut, Andrew; Ahuka-Mundeke, Steve; Muyembe-Tamfum, Jean-Jacques"
PP_004B9Y2,Ib,A.1,Democratic Republic of the Congo,Kinshasa,2025-04-05,187403,0.9160078901064354,2025-10-21,"Amuri-Aziza, Adrienne; Mbala-Kingebeni, Placide; Wawina-Bokalanga, Tony; Kinganda-Lusamaki, Eddy; Pukuta-Simbu, Elisabeth; Hasivirwe-Vakaniaki, Emmanuel; Ola-Mpumbe, Rilia; Kwete-Mbokama, Papy; Akil-Bandali, Prince; Kacita, Cris; Ponga-Museme, Ange; Mapenzi-Kashali, Nelson; Vakaniaki, Gloria; Kenye, Kelly-Michel; Muyamuna, Elisabeth; Kavira-Bapitani, Sifa; Mukadi, Patrick; OToole, Aine; Tshiani-Mbaya, Olivier; Paku-Tshambu, Princesse; Lokilo-Lofiko, Emmanuel; Muswamba-Kayembe, Chloe; Makangara-Cigolo, Jean-Claude; Cikaya-Kankolongo, Fiston; Luakanda-Ndelemo, Gradi; Lawanga, Leader; Mabika-Bope, Elzedek; Lumembe-Numbi, Raphael; Kabamba-Lungenyi, Gabriel; Citenga, Andre; Kelvin, D. J.; Pratt, Catherine; Ayouba, Ahidjo; Tessema, Sofonias; Mukadi-Bamuleka, Daniel; Jansen, Daan; Halbrook, Megan; Merrit, Sydney; Hensley, Lisa; Delaporte, Eric; Mwamba, Dieudonne; Liesenborghs, Laurens; Hoff, Nicole; Peeters, Martine; Low, Nicola; Rimoin, Anne; Kindrachuk, Jason; Vercauteren, Koen; Rambaut, Andrew; Ahuka-Mundeke, Steve; Muyembe-Tamfum, Jean-Jacques"
PP_004B9Z0,Ib,A.1,Democratic Republic of the Congo,Kinshasa,2025-04-05,187401,0.9149481007459092,2025-10-21,"Amuri-Aziza, Adrienne; Mbala-Kingebeni, Placide; Wawina-Bokalanga, Tony; Kinganda-Lusamaki, Eddy; Pukuta-Simbu, Elisabeth; Hasivirwe-Vakaniaki, Emmanuel; Ola-Mpumbe, Rilia; Kwete-Mbokama, Papy; Akil-Bandali, Prince; Kacita, Cris; Ponga-Museme, Ange; Mapenzi-Kashali, Nelson; Vakaniaki, Gloria; Kenye, Kelly-Michel; Muyamuna, Elisabeth; Kavira-Bapitani, Sifa; Mukadi, Patrick; OToole, Aine; Tshiani-Mbaya, Olivier; Paku-Tshambu, Princesse; Lokilo-Lofiko, Emmanuel; Muswamba-Kayembe, Chloe; Makangara-Cigolo, Jean-Claude; Cikaya-Kankolongo, Fiston; Luakanda-Ndelemo, Gradi; Lawanga, Leader; Mabika-Bope, Elzedek; Lumembe-Numbi, Raphael; Kabamba-Lungenyi, Gabriel; Citenga, Andre; Kelvin, D. J.; Pratt, Catherine; Ayouba, Ahidjo; Tessema, Sofonias; Mukadi-Bamuleka, Daniel; Jansen, Daan; Halbrook, Megan; Merrit, Sydney; Hensley, Lisa; Delaporte, Eric; Mwamba, Dieudonne; Liesenborghs, Laurens; Hoff, Nicole; Peeters, Martine; Low, Nicola; Rimoin, Anne; Kindrachuk, Jason; Vercauteren, Koen; Rambaut, Andrew; Ahuka-Mundeke, Steve; Muyembe-Tamfum, Jean-Jacques"
PP_004BA0Y,Ib,A.1,Democratic Republic of the Congo,Kinshasa,2025-04-05,187396,0.9114087085275012,2025-10-21,"Amuri-Aziza, Adrienne; Mbala-Kingebeni, Placide; Wawina-Bokalanga, Tony; Kinganda-Lusamaki, Eddy; Pukuta-Simbu, Elisabeth; Hasivirwe-Vakaniaki, Emmanuel; Ola-Mpumbe, Rilia; Kwete-Mbokama, Papy; Akil-Bandali, Prince; Kacita, Cris; Ponga-Museme, Ange; Mapenzi-Kashali, Nelson; Vakaniaki, Gloria; Kenye, Kelly-Michel; Muyamuna, Elisabeth; Kavira-Bapitani, Sifa; Mukadi, Patrick; OToole, Aine; Tshiani-Mbaya, Olivier; Paku-Tshambu, Princesse; Lokilo-Lofiko, Emmanuel; Muswamba-Kayembe, Chloe; Makangara-Cigolo, Jean-Claude; Cikaya-Kankolongo, Fiston; Luakanda-Ndelemo, Gradi; Lawanga, Leader; Mabika-Bope, Elzedek; Lumembe-Numbi, Raphael; Kabamba-Lungenyi, Gabriel; Citenga, Andre; Kelvin, D. J.; Pratt, Catherine; Ayouba, Ahidjo; Tessema, Sofonias; Mukadi-Bamuleka, Daniel; Jansen, Daan; Halbrook, Megan; Merrit, Sydney; Hensley, Lisa; Delaporte, Eric; Mwamba, Dieudonne; Liesenborghs, Laurens; Hoff, Nicole; Peeters, Martine; Low, Nicola; Rimoin, Anne; Kindrachuk, Jason; Vercauteren, Koen; Rambaut, Andrew; Ahuka-Mundeke, Steve; Muyembe-Tamfum, Jean-Jacques"
PP_004BA1W,Ib,A.1,Democratic Republic of the Congo,Kinshasa,2025-04-04,187396,0.9077425472468296,2025-10-21,"Amuri-Aziza, Adrienne; Mbala-Kingebeni, Placide; Wawina-Bokalanga, Tony; Kinganda-Lusamaki, Eddy; Pukuta-Simbu, Elisabeth; Hasivirwe-Vakaniaki, Emmanuel; Ola-Mpumbe, Rilia; Kwete-Mbokama, Papy; Akil-Bandali, Prince; Kacita, Cris; Ponga-Museme, Ange; Mapenzi-Kashali, Nelson; Vakaniaki, Gloria; Kenye, Kelly-Michel; Muyamuna, Elisabeth; Kavira-Bapitani, Sifa; Mukadi, Patrick; OToole, Aine; Tshiani-Mbaya, Olivier; Paku-Tshambu, Princesse; Lokilo-Lofiko, Emmanuel; Muswamba-Kayembe, Chloe; Makangara-Cigolo, Jean-Claude; Cikaya-Kankolongo, Fiston; Luakanda-Ndelemo, Gradi; Lawanga, Leader; Mabika-Bope, Elzedek; Lumembe-Numbi, Raphael; Kabamba-Lungenyi, Gabriel; Citenga, Andre; Kelvin, D. J.; Pratt, Catherine; Ayouba, Ahidjo; Tessema, Sofonias; Mukadi-Bamuleka, Daniel; Jansen, Daan; Halbrook, Megan; Merrit, Sydney; Hensley, Lisa; Delaporte, Eric; Mwamba, Dieudonne; Liesenborghs, Laurens; Hoff, Nicole; Peeters, Martine; Low, Nicola; Rimoin, Anne; Kindrachuk, Jason; Vercauteren, Koen; Rambaut, Andrew; Ahuka-Mundeke, Steve; Muyembe-Tamfum, Jean-Jacques"
PP_004BA2U,Ib,A.1,Democratic Republic of the Congo,Kinshasa,2025-04-04,187417,0.9067030409362656,2025-10-21,"Amuri-Aziza, Adrienne; Mbala-Kingebeni, Placide; Wawina-Bokalanga, Tony; Kinganda-Lusamaki, Eddy; Pukuta-Simbu, Elisabeth; Hasivirwe-Vakaniaki, Emmanuel; Ola-Mpumbe, Rilia; Kwete-Mbokama, Papy; Akil-Bandali, Prince; Kacita, Cris; Ponga-Museme, Ange; Mapenzi-Kashali, Nelson; Vakaniaki, Gloria; Kenye, Kelly-Michel; Muyamuna, Elisabeth; Kavira-Bapitani, Sifa; Mukadi, Patrick; OToole, Aine; Tshiani-Mbaya, Olivier; Paku-Tshambu, Princesse; Lokilo-Lofiko, Emmanuel; Muswamba-Kayembe, Chloe; Makangara-Cigolo, Jean-Claude; Cikaya-Kankolongo, Fiston; Luakanda-Ndelemo, Gradi; Lawanga, Leader; Mabika-Bope, Elzedek; Lumembe-Numbi, Raphael; Kabamba-Lungenyi, Gabriel; Citenga, Andre; Kelvin, D. J.; Pratt, Catherine; Ayouba, Ahidjo; Tessema, Sofonias; Mukadi-Bamuleka, Daniel; Jansen, Daan; Halbrook, Megan; Merrit, Sydney; Hensley, Lisa; Delaporte, Eric; Mwamba, Dieudonne; Liesenborghs, Laurens; Hoff, Nicole; Peeters, Martine; Low, Nicola; Rimoin, Anne; Kindrachuk, Jason; Vercauteren, Koen; Rambaut, Andrew; Ahuka-Mundeke, Steve; Muyembe-Tamfum, Jean-Jacques"
PP_004BA3S,Ib,A.1,Democratic Republic of the Congo,Kinshasa,2025-04-05,187402,0.9009832208469188,2025-10-21,"Amuri-Aziza, Adrienne; Mbala-Kingebeni, Placide; Wawina-Bokalanga, Tony; Kinganda-Lusamaki, Eddy; Pukuta-Simbu, Elisabeth; Hasivirwe-Vakaniaki, Emmanuel; Ola-Mpumbe, Rilia; Kwete-Mbokama, Papy; Akil-Bandali, Prince; Kacita, Cris; Ponga-Museme, Ange; Mapenzi-Kashali, Nelson; Vakaniaki, Gloria; Kenye, Kelly-Michel; Muyamuna, Elisabeth; Kavira-Bapitani, Sifa; Mukadi, Patrick; OToole, Aine; Tshiani-Mbaya, Olivier; Paku-Tshambu, Princesse; Lokilo-Lofiko, Emmanuel; Muswamba-Kayembe, Chloe; Makangara-Cigolo, Jean-Claude; Cikaya-Kankolongo, Fiston; Luakanda-Ndelemo, Gradi; Lawanga, Leader; Mabika-Bope, Elzedek; Lumembe-Numbi, Raphael; Kabamba-Lungenyi, Gabriel; Citenga, Andre; Kelvin, D. J.; Pratt, Catherine; Ayouba, Ahidjo; Tessema, Sofonias; Mukadi-Bamuleka, Daniel; Jansen, Daan; Halbrook, Megan; Merrit, Sydney; Hensley, Lisa; Delaporte, Eric; Mwamba, Dieudonne; Liesenborghs, Laurens; Hoff, Nicole; Peeters, Martine; Low, Nicola; Rimoin, Anne; Kindrachuk, Jason; Vercauteren, Koen; Rambaut, Andrew; Ahuka-Mundeke, Steve; Muyembe-Tamfum, Jean-Jacques"
PP_004BA4Q,Ib,A.1,Democratic Republic of the Congo,Kinshasa,2025-04-04,187415,0.90208864706986,2025-10-21,"Amuri-Aziza, Adrienne; Mbala-Kingebeni, Placide; Wawina-Bokalanga, Tony; Kinganda-Lusamaki, Eddy; Pukuta-Simbu, Elisabeth; Hasivirwe-Vakaniaki, Emmanuel; Ola-Mpumbe, Rilia; Kwete-Mbokama, Papy; Akil-Bandali, Prince; Kacita, Cris; Ponga-Museme, Ange; Mapenzi-Kashali, Nelson; Vakaniaki, Gloria; Kenye, Kelly-Michel; Muyamuna, Elisabeth; Kavira-Bapitani, Sifa; Mukadi, Patrick; OToole, Aine; Tshiani-Mbaya, Olivier; Paku-Tshambu, Princesse; Lokilo-Lofiko, Emmanuel; Muswamba-Kayembe, Chloe; Makangara-Cigolo, Jean-Claude; Cikaya-Kankolongo, Fiston; Luakanda-Ndelemo, Gradi; Lawanga, Leader; Mabika-Bope, Elzedek; Lumembe-Numbi, Raphael; Kabamba-Lungenyi, Gabriel; Citenga, Andre; Kelvin, D. J.; Pratt, Catherine; Ayouba, Ahidjo; Tessema, Sofonias; Mukadi-Bamuleka, Daniel; Jansen, Daan; Halbrook, Megan; Merrit, Sydney; Hensley, Lisa; Delaporte, Eric; Mwamba, Dieudonne; Liesenborghs, Laurens; Hoff, Nicole; Peeters, Martine; Low, Nicola; Rimoin, Anne; Kindrachuk, Jason; Vercauteren, Koen; Rambaut, Andrew; Ahuka-Mundeke, Steve; Muyembe-Tamfum, Jean-Jacques"
PP_004BA5N,Ib,A.1,Democratic Republic of the Congo,Kinshasa,2025-04-04,187403,0.9005065691728065,2025-10-21,"Amuri-Aziza, Adrienne; Mbala-Kingebeni, Placide; Wawina-Bokalanga, Tony; Kinganda-Lusamaki, Eddy; Pukuta-Simbu, Elisabeth; Hasivirwe-Vakaniaki, Emmanuel; Ola-Mpumbe, Rilia; Kwete-Mbokama, Papy; Akil-Bandali, Prince; Kacita, Cris; Ponga-Museme, Ange; Mapenzi-Kashali, Nelson; Vakaniaki, Gloria; Kenye, Kelly-Michel; Muyamuna, Elisabeth; Kavira-Bapitani, Sifa; Mukadi, Patrick; OToole, Aine; Tshiani-Mbaya, Olivier; Paku-Tshambu, Princesse; Lokilo-Lofiko, Emmanuel; Muswamba-Kayembe, Chloe; Makangara-Cigolo, Jean-Claude; Cikaya-Kankolongo, Fiston; Luakanda-Ndelemo, Gradi; Lawanga, Leader; Mabika-Bope, Elzedek; Lumembe-Numbi, Raphael; Kabamba-Lungenyi, Gabriel; Citenga, Andre; Kelvin, D. J.; Pratt, Catherine; Ayouba, Ahidjo; Tessema, Sofonias; Mukadi-Bamuleka, Daniel; Jansen, Daan; Halbrook, Megan; Merrit, Sydney; Hensley, Lisa; Delaporte, Eric; Mwamba, Dieudonne; Liesenborghs, Laurens; Hoff, Nicole; Peeters, Martine; Low, Nicola; Rimoin, Anne; Kindrachuk, Jason; Vercauteren, Koen; Rambaut, Andrew; Ahuka-Mundeke, Steve; Muyembe-Tamfum, Jean-Jacques"
PP_004BA6L,Ia,None,Democratic Republic of the Congo,Kinshasa,2025-04-05,187409,0.9126155500002536,2025-10-21,"Amuri-Aziza, Adrienne; Mbala-Kingebeni, Placide; Wawina-Bokalanga, Tony; Kinganda-Lusamaki, Eddy; Pukuta-Simbu, Elisabeth; Hasivirwe-Vakaniaki, Emmanuel; Ola-Mpumbe, Rilia; Kwete-Mbokama, Papy; Akil-Bandali, Prince; Kacita, Cris; Ponga-Museme, Ange; Mapenzi-Kashali, Nelson; Vakaniaki, Gloria; Kenye, Kelly-Michel; Muyamuna, Elisabeth; Kavira-Bapitani, Sifa; Mukadi, Patrick; OToole, Aine; Tshiani-Mbaya, Olivier; Paku-Tshambu, Princesse; Lokilo-Lofiko, Emmanuel; Muswamba-Kayembe, Chloe; Makangara-Cigolo, Jean-Claude; Cikaya-Kankolongo, Fiston; Luakanda-Ndelemo, Gradi; Lawanga, Leader; Mabika-Bope, Elzedek; Lumembe-Numbi, Raphael; Kabamba-Lungenyi, Gabriel; Citenga, Andre; Kelvin, D. J.; Pratt, Catherine; Ayouba, Ahidjo; Tessema, Sofonias; Mukadi-Bamuleka, Daniel; Jansen, Daan; Halbrook, Megan; Merrit, Sydney; Hensley, Lisa; Delaporte, Eric; Mwamba, Dieudonne; Liesenborghs, Laurens; Hoff, Nicole; Peeters, Martine; Low, Nicola; Rimoin, Anne; Kindrachuk, Jason; Vercauteren, Koen; Rambaut, Andrew; Ahuka-Mundeke, Steve; Muyembe-Tamfum, Jean-Jacques"
PP_004BA7J,Ia,None,Democratic Republic of the Congo,Kinshasa,2025-04-05,187418,0.9125952669502914,2025-10-21,"Amuri-Aziza, Adrienne; Mbala-Kingebeni, Placide; Wawina-Bokalanga, Tony; Kinganda-Lusamaki, Eddy; Pukuta-Simbu, Elisabeth; Hasivirwe-Vakaniaki, Emmanuel; Ola-Mpumbe, Rilia; Kwete-Mbokama, Papy; Akil-Bandali, Prince; Kacita, Cris; Ponga-Museme, Ange; Mapenzi-Kashali, Nelson; Vakaniaki, Gloria; Kenye, Kelly-Michel; Muyamuna, Elisabeth; Kavira-Bapitani, Sifa; Mukadi, Patrick; OToole, Aine; Tshiani-Mbaya, Olivier; Paku-Tshambu, Princesse; Lokilo-Lofiko, Emmanuel; Muswamba-Kayembe, Chloe; Makangara-Cigolo, Jean-Claude; Cikaya-Kankolongo, Fiston; Luakanda-Ndelemo, Gradi; Lawanga, Leader; Mabika-Bope, Elzedek; Lumembe-Numbi, Raphael; Kabamba-Lungenyi, Gabriel; Citenga, Andre; Kelvin, D. J.; Pratt, Catherine; Ayouba, Ahidjo; Tessema, Sofonias; Mukadi-Bamuleka, Daniel; Jansen, Daan; Halbrook, Megan; Merrit, Sydney; Hensley, Lisa; Delaporte, Eric; Mwamba, Dieudonne; Liesenborghs, Laurens; Hoff, Nicole; Peeters, Martine; Low, Nicola; Rimoin, Anne; Kindrachuk, Jason; Vercauteren, Koen; Rambaut, Andrew; Ahuka-Mundeke, Steve; Muyembe-Tamfum, Jean-Jacques"
PP_004BA8G,Ib,A.1,Democratic Republic of the Congo,Kinshasa,2025-03-31,187399,0.8434858449665076,2025-10-21,"Amuri-Aziza, Adrienne; Mbala-Kingebeni, Placide; Wawina-Bokalanga, Tony; Kinganda-Lusamaki, Eddy; Pukuta-Simbu, Elisabeth; Hasivirwe-Vakaniaki, Emmanuel; Ola-Mpumbe, Rilia; Kwete-Mbokama, Papy; Akil-Bandali, Prince; Kacita, Cris; Ponga-Museme, Ange; Mapenzi-Kashali, Nelson; Vakaniaki, Gloria; Kenye, Kelly-Michel; Muyamuna, Elisabeth; Kavira-Bapitani, Sifa; Mukadi, Patrick; OToole, Aine; Tshiani-Mbaya, Olivier; Paku-Tshambu, Princesse; Lokilo-Lofiko, Emmanuel; Muswamba-Kayembe, Chloe; Makangara-Cigolo, Jean-Claude; Cikaya-Kankolongo, Fiston; Luakanda-Ndelemo, Gradi; Lawanga, Leader; Mabika-Bope, Elzedek; Lumembe-Numbi, Raphael; Kabamba-Lungenyi, Gabriel; Citenga, Andre; Kelvin, D. J.; Pratt, Catherine; Ayouba, Ahidjo; Tessema, Sofonias; Mukadi-Bamuleka, Daniel; Jansen, Daan; Halbrook, Megan; Merrit, Sydney; Hensley, Lisa; Delaporte, Eric; Mwamba, Dieudonne; Liesenborghs, Laurens; Hoff, Nicole; Peeters, Martine; Low, Nicola; Rimoin, Anne; Kindrachuk, Jason; Vercauteren, Koen; Rambaut, Andrew; Ahuka-Mundeke, Steve; Muyembe-Tamfum, Jean-Jacques"
PP_004BA9E,Ib,A.1,Democratic Republic of the Congo,Kinshasa,2025-04-01,187393,0.8744479207338407,2025-10-21,"Amuri-Aziza, Adrienne; Mbala-Kingebeni, Placide; Wawina-Bokalanga, Tony; Kinganda-Lusamaki, Eddy; Pukuta-Simbu, Elisabeth; Hasivirwe-Vakaniaki, Emmanuel; Ola-Mpumbe, Rilia; Kwete-Mbokama, Papy; Akil-Bandali, Prince; Kacita, Cris; Ponga-Museme, Ange; Mapenzi-Kashali, Nelson; Vakaniaki, Gloria; Kenye, Kelly-Michel; Muyamuna, Elisabeth; Kavira-Bapitani, Sifa; Mukadi, Patrick; OToole, Aine; Tshiani-Mbaya, Olivier; Paku-Tshambu, Princesse; Lokilo-Lofiko, Emmanuel; Muswamba-Kayembe, Chloe; Makangara-Cigolo, Jean-Claude; Cikaya-Kankolongo, Fiston; Luakanda-Ndelemo, Gradi; Lawanga, Leader; Mabika-Bope, Elzedek; Lumembe-Numbi, Raphael; Kabamba-Lungenyi, Gabriel; Citenga, Andre; Kelvin, D. J.; Pratt, Catherine; Ayouba, Ahidjo; Tessema, Sofonias; Mukadi-Bamuleka, Daniel; Jansen, Daan; Halbrook, Megan; Merrit, Sydney; Hensley, Lisa; Delaporte, Eric; Mwamba, Dieudonne; Liesenborghs, Laurens; Hoff, Nicole; Peeters, Martine; Low, Nicola; Rimoin, Anne; Kindrachuk, Jason; Vercauteren, Koen; Rambaut, Andrew; Ahuka-Mundeke, Steve; Muyembe-Tamfum, Jean-Jacques"
PP_004BAAC,Ib,A.1,Democratic Republic of the Congo,Kinshasa,2025-03-30,187410,0.881932366169901,2025-10-21,"Amuri-Aziza, Adrienne; Mbala-Kingebeni, Placide; Wawina-Bokalanga, Tony; Kinganda-Lusamaki, Eddy; Pukuta-Simbu, Elisabeth; Hasivirwe-Vakaniaki, Emmanuel; Ola-Mpumbe, Rilia; Kwete-Mbokama, Papy; Akil-Bandali, Prince; Kacita, Cris; Ponga-Museme, Ange; Mapenzi-Kashali, Nelson; Vakaniaki, Gloria; Kenye, Kelly-Michel; Muyamuna, Elisabeth; Kavira-Bapitani, Sifa; Mukadi, Patrick; OToole, Aine; Tshiani-Mbaya, Olivier; Paku-Tshambu, Princesse; Lokilo-Lofiko, Emmanuel; Muswamba-Kayembe, Chloe; Makangara-Cigolo, Jean-Claude; Cikaya-Kankolongo, Fiston; Luakanda-Ndelemo, Gradi; Lawanga, Leader; Mabika-Bope, Elzedek; Lumembe-Numbi, Raphael; Kabamba-Lungenyi, Gabriel; Citenga, Andre; Kelvin, D. J.; Pratt, Catherine; Ayouba, Ahidjo; Tessema, Sofonias; Mukadi-Bamuleka, Daniel; Jansen, Daan; Halbrook, Megan; Merrit, Sydney; Hensley, Lisa; Delaporte, Eric; Mwamba, Dieudonne; Liesenborghs, Laurens; Hoff, Nicole; Peeters, Martine; Low, Nicola; Rimoin, Anne; Kindrachuk, Jason; Vercauteren, Koen; Rambaut, Andrew; Ahuka-Mundeke, Steve; Muyembe-Tamfum, Jean-Jacques"
PP_004BABA,Ib,A.1,Democratic Republic of the Congo,Kinshasa,2025-03-31,187405,0.8781800019268897,2025-10-21,"Amuri-Aziza, Adrienne; Mbala-Kingebeni, Placide; Wawina-Bokalanga, Tony; Kinganda-Lusamaki, Eddy; Pukuta-Simbu, Elisabeth; Hasivirwe-Vakaniaki, Emmanuel; Ola-Mpumbe, Rilia; Kwete-Mbokama, Papy; Akil-Bandali, Prince; Kacita, Cris; Ponga-Museme, Ange; Mapenzi-Kashali, Nelson; Vakaniaki, Gloria; Kenye, Kelly-Michel; Muyamuna, Elisabeth; Kavira-Bapitani, Sifa; Mukadi, Patrick; OToole, Aine; Tshiani-Mbaya, Olivier; Paku-Tshambu, Princesse; Lokilo-Lofiko, Emmanuel; Muswamba-Kayembe, Chloe; Makangara-Cigolo, Jean-Claude; Cikaya-Kankolongo, Fiston; Luakanda-Ndelemo, Gradi; Lawanga, Leader; Mabika-Bope, Elzedek; Lumembe-Numbi, Raphael; Kabamba-Lungenyi, Gabriel; Citenga, Andre; Kelvin, D. J.; Pratt, Catherine; Ayouba, Ahidjo; Tessema, Sofonias; Mukadi-Bamuleka, Daniel; Jansen, Daan; Halbrook, Megan; Merrit, Sydney; Hensley, Lisa; Delaporte, Eric; Mwamba, Dieudonne; Liesenborghs, Laurens; Hoff, Nicole; Peeters, Martine; Low, Nicola; Rimoin, Anne; Kindrachuk, Jason; Vercauteren, Koen; Rambaut, Andrew; Ahuka-Mundeke, Steve; Muyembe-Tamfum, Jean-Jacques"
PP_004BAC8,Ib,A.1,Democratic Republic of the Congo,Kinshasa,2025-03-31,187406,0.8885649235075478,2025-10-21,"Amuri-Aziza, Adrienne; Mbala-Kingebeni, Placide; Wawina-Bokalanga, Tony; Kinganda-Lusamaki, Eddy; Pukuta-Simbu, Elisabeth; Hasivirwe-Vakaniaki, Emmanuel; Ola-Mpumbe, Rilia; Kwete-Mbokama, Papy; Akil-Bandali, Prince; Kacita, Cris; Ponga-Museme, Ange; Mapenzi-Kashali, Nelson; Vakaniaki, Gloria; Kenye, Kelly-Michel; Muyamuna, Elisabeth; Kavira-Bapitani, Sifa; Mukadi, Patrick; OToole, Aine; Tshiani-Mbaya, Olivier; Paku-Tshambu, Princesse; Lokilo-Lofiko, Emmanuel; Muswamba-Kayembe, Chloe; Makangara-Cigolo, Jean-Claude; Cikaya-Kankolongo, Fiston; Luakanda-Ndelemo, Gradi; Lawanga, Leader; Mabika-Bope, Elzedek; Lumembe-Numbi, Raphael; Kabamba-Lungenyi, Gabriel; Citenga, Andre; Kelvin, D. J.; Pratt, Catherine; Ayouba, Ahidjo; Tessema, Sofonias; Mukadi-Bamuleka, Daniel; Jansen, Daan; Halbrook, Megan; Merrit, Sydney; Hensley, Lisa; Delaporte, Eric; Mwamba, Dieudonne; Liesenborghs, Laurens; Hoff, Nicole; Peeters, Martine; Low, Nicola; Rimoin, Anne; Kindrachuk, Jason; Vercauteren, Koen; Rambaut, Andrew; Ahuka-Mundeke, Steve; Muyembe-Tamfum, Jean-Jacques"
PP_004BAD6,Ia,None,Democratic Republic of the Congo,Kinshasa,2025-04-01,187413,0.8904309641040723,2025-10-21,"Amuri-Aziza, Adrienne; Mbala-Kingebeni, Placide; Wawina-Bokalanga, Tony; Kinganda-Lusamaki, Eddy; Pukuta-Simbu, Elisabeth; Hasivirwe-Vakaniaki, Emmanuel; Ola-Mpumbe, Rilia; Kwete-Mbokama, Papy; Akil-Bandali, Prince; Kacita, Cris; Ponga-Museme, Ange; Mapenzi-Kashali, Nelson; Vakaniaki, Gloria; Kenye, Kelly-Michel; Muyamuna, Elisabeth; Kavira-Bapitani, Sifa; Mukadi, Patrick; OToole, Aine; Tshiani-Mbaya, Olivier; Paku-Tshambu, Princesse; Lokilo-Lofiko, Emmanuel; Muswamba-Kayembe, Chloe; Makangara-Cigolo, Jean-Claude; Cikaya-Kankolongo, Fiston; Luakanda-Ndelemo, Gradi; Lawanga, Leader; Mabika-Bope, Elzedek; Lumembe-Numbi, Raphael; Kabamba-Lungenyi, Gabriel; Citenga, Andre; Kelvin, D. J.; Pratt, Catherine; Ayouba, Ahidjo; Tessema, Sofonias; Mukadi-Bamuleka, Daniel; Jansen, Daan; Halbrook, Megan; Merrit, Sydney; Hensley, Lisa; Delaporte, Eric; Mwamba, Dieudonne; Liesenborghs, Laurens; Hoff, Nicole; Peeters, Martine; Low, Nicola; Rimoin, Anne; Kindrachuk, Jason; Vercauteren, Koen; Rambaut, Andrew; Ahuka-Mundeke, Steve; Muyembe-Tamfum, Jean-Jacques"
PP_004BAE4,Ib,A.1,Democratic Republic of the Congo,Kinshasa,2025-03-31,187400,0.8524103869498857,2025-10-21,"Amuri-Aziza, Adrienne; Mbala-Kingebeni, Placide; Wawina-Bokalanga, Tony; Kinganda-Lusamaki, Eddy; Pukuta-Simbu, Elisabeth; Hasivirwe-Vakaniaki, Emmanuel; Ola-Mpumbe, Rilia; Kwete-Mbokama, Papy; Akil-Bandali, Prince; Kacita, Cris; Ponga-Museme, Ange; Mapenzi-Kashali, Nelson; Vakaniaki, Gloria; Kenye, Kelly-Michel; Muyamuna, Elisabeth; Kavira-Bapitani, Sifa; Mukadi, Patrick; OToole, Aine; Tshiani-Mbaya, Olivier; Paku-Tshambu, Princesse; Lokilo-Lofiko, Emmanuel; Muswamba-Kayembe, Chloe; Makangara-Cigolo, Jean-Claude; Cikaya-Kankolongo, Fiston; Luakanda-Ndelemo, Gradi; Lawanga, Leader; Mabika-Bope, Elzedek; Lumembe-Numbi, Raphael; Kabamba-Lungenyi, Gabriel; Citenga, Andre; Kelvin, D. J.; Pratt, Catherine; Ayouba, Ahidjo; Tessema, Sofonias; Mukadi-Bamuleka, Daniel; Jansen, Daan; Halbrook, Megan; Merrit, Sydney; Hensley, Lisa; Delaporte, Eric; Mwamba, Dieudonne; Liesenborghs, Laurens; Hoff, Nicole; Peeters, Martine; Low, Nicola; Rimoin, Anne; Kindrachuk, Jason; Vercauteren, Koen; Rambaut, Andrew; Ahuka-Mundeke, Steve; Muyembe-Tamfum, Jean-Jacques"
PP_004BAF2,Ib,A.1,Democratic Republic of the Congo,Kinshasa,2025-03-31,187410,0.871055580627659,2025-10-21,"Amuri-Aziza, Adrienne; Mbala-Kingebeni, Placide; Wawina-Bokalanga, Tony; Kinganda-Lusamaki, Eddy; Pukuta-Simbu, Elisabeth; Hasivirwe-Vakaniaki, Emmanuel; Ola-Mpumbe, Rilia; Kwete-Mbokama, Papy; Akil-Bandali, Prince; Kacita, Cris; Ponga-Museme, Ange; Mapenzi-Kashali, Nelson; Vakaniaki, Gloria; Kenye, Kelly-Michel; Muyamuna, Elisabeth; Kavira-Bapitani, Sifa; Mukadi, Patrick; OToole, Aine; Tshiani-Mbaya, Olivier; Paku-Tshambu, Princesse; Lokilo-Lofiko, Emmanuel; Muswamba-Kayembe, Chloe; Makangara-Cigolo, Jean-Claude; Cikaya-Kankolongo, Fiston; Luakanda-Ndelemo, Gradi; Lawanga, Leader; Mabika-Bope, Elzedek; Lumembe-Numbi, Raphael; Kabamba-Lungenyi, Gabriel; Citenga, Andre; Kelvin, D. J.; Pratt, Catherine; Ayouba, Ahidjo; Tessema, Sofonias; Mukadi-Bamuleka, Daniel; Jansen, Daan; Halbrook, Megan; Merrit, Sydney; Hensley, Lisa; Delaporte, Eric; Mwamba, Dieudonne; Liesenborghs, Laurens; Hoff, Nicole; Peeters, Martine; Low, Nicola; Rimoin, Anne; Kindrachuk, Jason; Vercauteren, Koen; Rambaut, Andrew; Ahuka-Mundeke, Steve; Muyembe-Tamfum, Jean-Jacques"
PP_004BAG0,Ib,A.1,Democratic Republic of the Congo,Kinshasa,2025-03-29,187403,0.86787114178359,2025-10-21,"Amuri-Aziza, Adrienne; Mbala-Kingebeni, Placide; Wawina-Bokalanga, Tony; Kinganda-Lusamaki, Eddy; Pukuta-Simbu, Elisabeth; Hasivirwe-Vakaniaki, Emmanuel; Ola-Mpumbe, Rilia; Kwete-Mbokama, Papy; Akil-Bandali, Prince; Kacita, Cris; Ponga-Museme, Ange; Mapenzi-Kashali, Nelson; Vakaniaki, Gloria; Kenye, Kelly-Michel; Muyamuna, Elisabeth; Kavira-Bapitani, Sifa; Mukadi, Patrick; OToole, Aine; Tshiani-Mbaya, Olivier; Paku-Tshambu, Princesse; Lokilo-Lofiko, Emmanuel; Muswamba-Kayembe, Chloe; Makangara-Cigolo, Jean-Claude; Cikaya-Kankolongo, Fiston; Luakanda-Ndelemo, Gradi; Lawanga, Leader; Mabika-Bope, Elzedek; Lumembe-Numbi, Raphael; Kabamba-Lungenyi, Gabriel; Citenga, Andre; Kelvin, D. J.; Pratt, Catherine; Ayouba, Ahidjo; Tessema, Sofonias; Mukadi-Bamuleka, Daniel; Jansen, Daan; Halbrook, Megan; Merrit, Sydney; Hensley, Lisa; Delaporte, Eric; Mwamba, Dieudonne; Liesenborghs, Laurens; Hoff, Nicole; Peeters, Martine; Low, Nicola; Rimoin, Anne; Kindrachuk, Jason; Vercauteren, Koen; Rambaut, Andrew; Ahuka-Mundeke, Steve; Muyembe-Tamfum, Jean-Jacques"
PP_004BAHX,Ib,A.1,Democratic Republic of the Congo,Kinshasa,2025-04-01,187383,0.8872972328849089,2025-10-21,"Amuri-Aziza, Adrienne; Mbala-Kingebeni, Placide; Wawina-Bokalanga, Tony; Kinganda-Lusamaki, Eddy; Pukuta-Simbu, Elisabeth; Hasivirwe-Vakaniaki, Emmanuel; Ola-Mpumbe, Rilia; Kwete-Mbokama, Papy; Akil-Bandali, Prince; Kacita, Cris; Ponga-Museme, Ange; Mapenzi-Kashali, Nelson; Vakaniaki, Gloria; Kenye, Kelly-Michel; Muyamuna, Elisabeth; Kavira-Bapitani, Sifa; Mukadi, Patrick; OToole, Aine; Tshiani-Mbaya, Olivier; Paku-Tshambu, Princesse; Lokilo-Lofiko, Emmanuel; Muswamba-Kayembe, Chloe; Makangara-Cigolo, Jean-Claude; Cikaya-Kankolongo, Fiston; Luakanda-Ndelemo, Gradi; Lawanga, Leader; Mabika-Bope, Elzedek; Lumembe-Numbi, Raphael; Kabamba-Lungenyi, Gabriel; Citenga, Andre; Kelvin, D. J.; Pratt, Catherine; Ayouba, Ahidjo; Tessema, Sofonias; Mukadi-Bamuleka, Daniel; Jansen, Daan; Halbrook, Megan; Merrit, Sydney; Hensley, Lisa; Delaporte, Eric; Mwamba, Dieudonne; Liesenborghs, Laurens; Hoff, Nicole; Peeters, Martine; Low, Nicola; Rimoin, Anne; Kindrachuk, Jason; Vercauteren, Koen; Rambaut, Andrew; Ahuka-Mundeke, Steve; Muyembe-Tamfum, Jean-Jacques"
PP_004BAJV,Ia,None,Democratic Republic of the Congo,Kinshasa,2025-04-05,187411,0.9150900820956448,2025-10-21,"Amuri-Aziza, Adrienne; Mbala-Kingebeni, Placide; Wawina-Bokalanga, Tony; Kinganda-Lusamaki, Eddy; Pukuta-Simbu, Elisabeth; Hasivirwe-Vakaniaki, Emmanuel; Ola-Mpumbe, Rilia; Kwete-Mbokama, Papy; Akil-Bandali, Prince; Kacita, Cris; Ponga-Museme, Ange; Mapenzi-Kashali, Nelson; Vakaniaki, Gloria; Kenye, Kelly-Michel; Muyamuna, Elisabeth; Kavira-Bapitani, Sifa; Mukadi, Patrick; OToole, Aine; Tshiani-Mbaya, Olivier; Paku-Tshambu, Princesse; Lokilo-Lofiko, Emmanuel; Muswamba-Kayembe, Chloe; Makangara-Cigolo, Jean-Claude; Cikaya-Kankolongo, Fiston; Luakanda-Ndelemo, Gradi; Lawanga, Leader; Mabika-Bope, Elzedek; Lumembe-Numbi, Raphael; Kabamba-Lungenyi, Gabriel; Citenga, Andre; Kelvin, D. J.; Pratt, Catherine; Ayouba, Ahidjo; Tessema, Sofonias; Mukadi-Bamuleka, Daniel; Jansen, Daan; Halbrook, Megan; Merrit, Sydney; Hensley, Lisa; Delaporte, Eric; Mwamba, Dieudonne; Liesenborghs, Laurens; Hoff, Nicole; Peeters, Martine; Low, Nicola; Rimoin, Anne; Kindrachuk, Jason; Vercauteren, Koen; Rambaut, Andrew; Ahuka-Mundeke, Steve; Muyembe-Tamfum, Jean-Jacques"
PP_004BAKT,Ia,None,Democratic Republic of the Congo,Kinshasa,2025-04-05,187415,0.9048319295772506,2025-10-21,"Amuri-Aziza, Adrienne; Mbala-Kingebeni, Placide; Wawina-Bokalanga, Tony; Kinganda-Lusamaki, Eddy; Pukuta-Simbu, Elisabeth; Hasivirwe-Vakaniaki, Emmanuel; Ola-Mpumbe, Rilia; Kwete-Mbokama, Papy; Akil-Bandali, Prince; Kacita, Cris; Ponga-Museme, Ange; Mapenzi-Kashali, Nelson; Vakaniaki, Gloria; Kenye, Kelly-Michel; Muyamuna, Elisabeth; Kavira-Bapitani, Sifa; Mukadi, Patrick; OToole, Aine; Tshiani-Mbaya, Olivier; Paku-Tshambu, Princesse; Lokilo-Lofiko, Emmanuel; Muswamba-Kayembe, Chloe; Makangara-Cigolo, Jean-Claude; Cikaya-Kankolongo, Fiston; Luakanda-Ndelemo, Gradi; Lawanga, Leader; Mabika-Bope, Elzedek; Lumembe-Numbi, Raphael; Kabamba-Lungenyi, Gabriel; Citenga, Andre; Kelvin, D. J.; Pratt, Catherine; Ayouba, Ahidjo; Tessema, Sofonias; Mukadi-Bamuleka, Daniel; Jansen, Daan; Halbrook, Megan; Merrit, Sydney; Hensley, Lisa; Delaporte, Eric; Mwamba, Dieudonne; Liesenborghs, Laurens; Hoff, Nicole; Peeters, Martine; Low, Nicola; Rimoin, Anne; Kindrachuk, Jason; Vercauteren, Koen; Rambaut, Andrew; Ahuka-Mundeke, Steve; Muyembe-Tamfum, Jean-Jacques"
PP_004BALR,Ia,None,Democratic Republic of the Congo,Kinshasa,2025-04-04,187413,0.9107799339786724,2025-10-21,"Amuri-Aziza, Adrienne; Mbala-Kingebeni, Placide; Wawina-Bokalanga, Tony; Kinganda-Lusamaki, Eddy; Pukuta-Simbu, Elisabeth; Hasivirwe-Vakaniaki, Emmanuel; Ola-Mpumbe, Rilia; Kwete-Mbokama, Papy; Akil-Bandali, Prince; Kacita, Cris; Ponga-Museme, Ange; Mapenzi-Kashali, Nelson; Vakaniaki, Gloria; Kenye, Kelly-Michel; Muyamuna, Elisabeth; Kavira-Bapitani, Sifa; Mukadi, Patrick; OToole, Aine; Tshiani-Mbaya, Olivier; Paku-Tshambu, Princesse; Lokilo-Lofiko, Emmanuel; Muswamba-Kayembe, Chloe; Makangara-Cigolo, Jean-Claude; Cikaya-Kankolongo, Fiston; Luakanda-Ndelemo, Gradi; Lawanga, Leader; Mabika-Bope, Elzedek; Lumembe-Numbi, Raphael; Kabamba-Lungenyi, Gabriel; Citenga, Andre; Kelvin, D. J.; Pratt, Catherine; Ayouba, Ahidjo; Tessema, Sofonias; Mukadi-Bamuleka, Daniel; Jansen, Daan; Halbrook, Megan; Merrit, Sydney; Hensley, Lisa; Delaporte, Eric; Mwamba, Dieudonne; Liesenborghs, Laurens; Hoff, Nicole; Peeters, Martine; Low, Nicola; Rimoin, Anne; Kindrachuk, Jason; Vercauteren, Koen; Rambaut, Andrew; Ahuka-Mundeke, Steve; Muyembe-Tamfum, Jean-Jacques"
PP_004BAMP,Ia,None,Democratic Republic of the Congo,Kinshasa,2025-04-04,187418,0.9108712077035024,2025-10-21,"Amuri-Aziza, Adrienne; Mbala-Kingebeni, Placide; Wawina-Bokalanga, Tony; Kinganda-Lusamaki, Eddy; Pukuta-Simbu, Elisabeth; Hasivirwe-Vakaniaki, Emmanuel; Ola-Mpumbe, Rilia; Kwete-Mbokama, Papy; Akil-Bandali, Prince; Kacita, Cris; Ponga-Museme, Ange; Mapenzi-Kashali, Nelson; Vakaniaki, Gloria; Kenye, Kelly-Michel; Muyamuna, Elisabeth; Kavira-Bapitani, Sifa; Mukadi, Patrick; OToole, Aine; Tshiani-Mbaya, Olivier; Paku-Tshambu, Princesse; Lokilo-Lofiko, Emmanuel; Muswamba-Kayembe, Chloe; Makangara-Cigolo, Jean-Claude; Cikaya-Kankolongo, Fiston; Luakanda-Ndelemo, Gradi; Lawanga, Leader; Mabika-Bope, Elzedek; Lumembe-Numbi, Raphael; Kabamba-Lungenyi, Gabriel; Citenga, Andre; Kelvin, D. J.; Pratt, Catherine; Ayouba, Ahidjo; Tessema, Sofonias; Mukadi-Bamuleka, Daniel; Jansen, Daan; Halbrook, Megan; Merrit, Sydney; Hensley, Lisa; Delaporte, Eric; Mwamba, Dieudonne; Liesenborghs, Laurens; Hoff, Nicole; Peeters, Martine; Low, Nicola; Rimoin, Anne; Kindrachuk, Jason; Vercauteren, Koen; Rambaut, Andrew; Ahuka-Mundeke, Steve; Muyembe-Tamfum, Jean-Jacques"
PP_004BANM,Ia,None,Democratic Republic of the Congo,Kinshasa,2025-04-05,187412,0.9020430102074448,2025-10-21,"Amuri-Aziza, Adrienne; Mbala-Kingebeni, Placide; Wawina-Bokalanga, Tony; Kinganda-Lusamaki, Eddy; Pukuta-Simbu, Elisabeth; Hasivirwe-Vakaniaki, Emmanuel; Ola-Mpumbe, Rilia; Kwete-Mbokama, Papy; Akil-Bandali, Prince; Kacita, Cris; Ponga-Museme, Ange; Mapenzi-Kashali, Nelson; Vakaniaki, Gloria; Kenye, Kelly-Michel; Muyamuna, Elisabeth; Kavira-Bapitani, Sifa; Mukadi, Patrick; OToole, Aine; Tshiani-Mbaya, Olivier; Paku-Tshambu, Princesse; Lokilo-Lofiko, Emmanuel; Muswamba-Kayembe, Chloe; Makangara-Cigolo, Jean-Claude; Cikaya-Kankolongo, Fiston; Luakanda-Ndelemo, Gradi; Lawanga, Leader; Mabika-Bope, Elzedek; Lumembe-Numbi, Raphael; Kabamba-Lungenyi, Gabriel; Citenga, Andre; Kelvin, D. J.; Pratt, Catherine; Ayouba, Ahidjo; Tessema, Sofonias; Mukadi-Bamuleka, Daniel; Jansen, Daan; Halbrook, Megan; Merrit, Sydney; Hensley, Lisa; Delaporte, Eric; Mwamba, Dieudonne; Liesenborghs, Laurens; Hoff, Nicole; Peeters, Martine; Low, Nicola; Rimoin, Anne; Kindrachuk, Jason; Vercauteren, Koen; Rambaut, Andrew; Ahuka-Mundeke, Steve; Muyembe-Tamfum, Jean-Jacques"
PP_004BAPK,Ia,None,Democratic Republic of the Congo,Kinshasa,2025-04-04,187411,0.8946549092587053,2025-10-21,"Amuri-Aziza, Adrienne; Mbala-Kingebeni, Placide; Wawina-Bokalanga, Tony; Kinganda-Lusamaki, Eddy; Pukuta-Simbu, Elisabeth; Hasivirwe-Vakaniaki, Emmanuel; Ola-Mpumbe, Rilia; Kwete-Mbokama, Papy; Akil-Bandali, Prince; Kacita, Cris; Ponga-Museme, Ange; Mapenzi-Kashali, Nelson; Vakaniaki, Gloria; Kenye, Kelly-Michel; Muyamuna, Elisabeth; Kavira-Bapitani, Sifa; Mukadi, Patrick; OToole, Aine; Tshiani-Mbaya, Olivier; Paku-Tshambu, Princesse; Lokilo-Lofiko, Emmanuel; Muswamba-Kayembe, Chloe; Makangara-Cigolo, Jean-Claude; Cikaya-Kankolongo, Fiston; Luakanda-Ndelemo, Gradi; Lawanga, Leader; Mabika-Bope, Elzedek; Lumembe-Numbi, Raphael; Kabamba-Lungenyi, Gabriel; Citenga, Andre; Kelvin, D. J.; Pratt, Catherine; Ayouba, Ahidjo; Tessema, Sofonias; Mukadi-Bamuleka, Daniel; Jansen, Daan; Halbrook, Megan; Merrit, Sydney; Hensley, Lisa; Delaporte, Eric; Mwamba, Dieudonne; Liesenborghs, Laurens; Hoff, Nicole; Peeters, Martine; Low, Nicola; Rimoin, Anne; Kindrachuk, Jason; Vercauteren, Koen; Rambaut, Andrew; Ahuka-Mundeke, Steve; Muyembe-Tamfum, Jean-Jacques"
PP_004BAQH,Ib,A.1,Democratic Republic of the Congo,Kinshasa,2025-04-03,187405,0.8827284758809182,2025-10-21,"Amuri-Aziza, Adrienne; Mbala-Kingebeni, Placide; Wawina-Bokalanga, Tony; Kinganda-Lusamaki, Eddy; Pukuta-Simbu, Elisabeth; Hasivirwe-Vakaniaki, Emmanuel; Ola-Mpumbe, Rilia; Kwete-Mbokama, Papy; Akil-Bandali, Prince; Kacita, Cris; Ponga-Museme, Ange; Mapenzi-Kashali, Nelson; Vakaniaki, Gloria; Kenye, Kelly-Michel; Muyamuna, Elisabeth; Kavira-Bapitani, Sifa; Mukadi, Patrick; OToole, Aine; Tshiani-Mbaya, Olivier; Paku-Tshambu, Princesse; Lokilo-Lofiko, Emmanuel; Muswamba-Kayembe, Chloe; Makangara-Cigolo, Jean-Claude; Cikaya-Kankolongo, Fiston; Luakanda-Ndelemo, Gradi; Lawanga, Leader; Mabika-Bope, Elzedek; Lumembe-Numbi, Raphael; Kabamba-Lungenyi, Gabriel; Citenga, Andre; Kelvin, D. J.; Pratt, Catherine; Ayouba, Ahidjo; Tessema, Sofonias; Mukadi-Bamuleka, Daniel; Jansen, Daan; Halbrook, Megan; Merrit, Sydney; Hensley, Lisa; Delaporte, Eric; Mwamba, Dieudonne; Liesenborghs, Laurens; Hoff, Nicole; Peeters, Martine; Low, Nicola; Rimoin, Anne; Kindrachuk, Jason; Vercauteren, Koen; Rambaut, Andrew; Ahuka-Mundeke, Steve; Muyembe-Tamfum, Jean-Jacques"
PP_004BARF,Ib,A.1,Democratic Republic of the Congo,Kinshasa,2025-04-03,187486,0.8919116267513146,2025-10-21,"Amuri-Aziza, Adrienne; Mbala-Kingebeni, Placide; Wawina-Bokalanga, Tony; Kinganda-Lusamaki, Eddy; Pukuta-Simbu, Elisabeth; Hasivirwe-Vakaniaki, Emmanuel; Ola-Mpumbe, Rilia; Kwete-Mbokama, Papy; Akil-Bandali, Prince; Kacita, Cris; Ponga-Museme, Ange; Mapenzi-Kashali, Nelson; Vakaniaki, Gloria; Kenye, Kelly-Michel; Muyamuna, Elisabeth; Kavira-Bapitani, Sifa; Mukadi, Patrick; OToole, Aine; Tshiani-Mbaya, Olivier; Paku-Tshambu, Princesse; Lokilo-Lofiko, Emmanuel; Muswamba-Kayembe, Chloe; Makangara-Cigolo, Jean-Claude; Cikaya-Kankolongo, Fiston; Luakanda-Ndelemo, Gradi; Lawanga, Leader; Mabika-Bope, Elzedek; Lumembe-Numbi, Raphael; Kabamba-Lungenyi, Gabriel; Citenga, Andre; Kelvin, D. J.; Pratt, Catherine; Ayouba, Ahidjo; Tessema, Sofonias; Mukadi-Bamuleka, Daniel; Jansen, Daan; Halbrook, Megan; Merrit, Sydney; Hensley, Lisa; Delaporte, Eric; Mwamba, Dieudonne; Liesenborghs, Laurens; Hoff, Nicole; Peeters, Martine; Low, Nicola; Rimoin, Anne; Kindrachuk, Jason; Vercauteren, Koen; Rambaut, Andrew; Ahuka-Mundeke, Steve; Muyembe-Tamfum, Jean-Jacques"
PP_004BASD,Ib,A.1,Democratic Republic of the Congo,Kinshasa,2025-04-03,187395,0.8932807326237646,2025-10-21,"Amuri-Aziza, Adrienne; Mbala-Kingebeni, Placide; Wawina-Bokalanga, Tony; Kinganda-Lusamaki, Eddy; Pukuta-Simbu, Elisabeth; Hasivirwe-Vakaniaki, Emmanuel; Ola-Mpumbe, Rilia; Kwete-Mbokama, Papy; Akil-Bandali, Prince; Kacita, Cris; Ponga-Museme, Ange; Mapenzi-Kashali, Nelson; Vakaniaki, Gloria; Kenye, Kelly-Michel; Muyamuna, Elisabeth; Kavira-Bapitani, Sifa; Mukadi, Patrick; OToole, Aine; Tshiani-Mbaya, Olivier; Paku-Tshambu, Princesse; Lokilo-Lofiko, Emmanuel; Muswamba-Kayembe, Chloe; Makangara-Cigolo, Jean-Claude; Cikaya-Kankolongo, Fiston; Luakanda-Ndelemo, Gradi; Lawanga, Leader; Mabika-Bope, Elzedek; Lumembe-Numbi, Raphael; Kabamba-Lungenyi, Gabriel; Citenga, Andre; Kelvin, D. J.; Pratt, Catherine; Ayouba, Ahidjo; Tessema, Sofonias; Mukadi-Bamuleka, Daniel; Jansen, Daan; Halbrook, Megan; Merrit, Sydney; Hensley, Lisa; Delaporte, Eric; Mwamba, Dieudonne; Liesenborghs, Laurens; Hoff, Nicole; Peeters, Martine; Low, Nicola; Rimoin, Anne; Kindrachuk, Jason; Vercauteren, Koen; Rambaut, Andrew; Ahuka-Mundeke, Steve; Muyembe-Tamfum, Jean-Jacques"
PP_004BATB,Ib,A.1,Democratic Republic of the Congo,Kinshasa,2025-04-04,187413,0.8864554863114766,2025-10-21,"Amuri-Aziza, Adrienne; Mbala-Kingebeni, Placide; Wawina-Bokalanga, Tony; Kinganda-Lusamaki, Eddy; Pukuta-Simbu, Elisabeth; Hasivirwe-Vakaniaki, Emmanuel; Ola-Mpumbe, Rilia; Kwete-Mbokama, Papy; Akil-Bandali, Prince; Kacita, Cris; Ponga-Museme, Ange; Mapenzi-Kashali, Nelson; Vakaniaki, Gloria; Kenye, Kelly-Michel; Muyamuna, Elisabeth; Kavira-Bapitani, Sifa; Mukadi, Patrick; OToole, Aine; Tshiani-Mbaya, Olivier; Paku-Tshambu, Princesse; Lokilo-Lofiko, Emmanuel; Muswamba-Kayembe, Chloe; Makangara-Cigolo, Jean-Claude; Cikaya-Kankolongo, Fiston; Luakanda-Ndelemo, Gradi; Lawanga, Leader; Mabika-Bope, Elzedek; Lumembe-Numbi, Raphael; Kabamba-Lungenyi, Gabriel; Citenga, Andre; Kelvin, D. J.; Pratt, Catherine; Ayouba, Ahidjo; Tessema, Sofonias; Mukadi-Bamuleka, Daniel; Jansen, Daan; Halbrook, Megan; Merrit, Sydney; Hensley, Lisa; Delaporte, Eric; Mwamba, Dieudonne; Liesenborghs, Laurens; Hoff, Nicole; Peeters, Martine; Low, Nicola; Rimoin, Anne; Kindrachuk, Jason; Vercauteren, Koen; Rambaut, Andrew; Ahuka-Mundeke, Steve; Muyembe-Tamfum, Jean-Jacques"
PP_004BAU9,Ib,A.1,Democratic Republic of the Congo,Kinshasa,2025-04-05,187411,0.8893914577935084,2025-10-21,"Amuri-Aziza, Adrienne; Mbala-Kingebeni, Placide; Wawina-Bokalanga, Tony; Kinganda-Lusamaki, Eddy; Pukuta-Simbu, Elisabeth; Hasivirwe-Vakaniaki, Emmanuel; Ola-Mpumbe, Rilia; Kwete-Mbokama, Papy; Akil-Bandali, Prince; Kacita, Cris; Ponga-Museme, Ange; Mapenzi-Kashali, Nelson; Vakaniaki, Gloria; Kenye, Kelly-Michel; Muyamuna, Elisabeth; Kavira-Bapitani, Sifa; Mukadi, Patrick; OToole, Aine; Tshiani-Mbaya, Olivier; Paku-Tshambu, Princesse; Lokilo-Lofiko, Emmanuel; Muswamba-Kayembe, Chloe; Makangara-Cigolo, Jean-Claude; Cikaya-Kankolongo, Fiston; Luakanda-Ndelemo, Gradi; Lawanga, Leader; Mabika-Bope, Elzedek; Lumembe-Numbi, Raphael; Kabamba-Lungenyi, Gabriel; Citenga, Andre; Kelvin, D. J.; Pratt, Catherine; Ayouba, Ahidjo; Tessema, Sofonias; Mukadi-Bamuleka, Daniel; Jansen, Daan; Halbrook, Megan; Merrit, Sydney; Hensley, Lisa; Delaporte, Eric; Mwamba, Dieudonne; Liesenborghs, Laurens; Hoff, Nicole; Peeters, Martine; Low, Nicola; Rimoin, Anne; Kindrachuk, Jason; Vercauteren, Koen; Rambaut, Andrew; Ahuka-Mundeke, Steve; Muyembe-Tamfum, Jean-Jacques"
PP_004BAV7,Ia,None,Democratic Republic of the Congo,Kongo-Central,2025-03-25,187412,0.9099888950301456,2025-10-21,"Mbala-Kingebeni, Placide; Wawina-Bokalanga, Tony; Kinganda-Lusamaki, Eddy; Pukuta-Simbu, Elisabeth; Hasivirwe-Vakaniaki, Emmanuel; Ola-Mpumbe, Rilia; Kwete-Mbokama, Papy; Akil-Bandali, Prince; Kacita, Cris; Ponga-Museme, Ange; Mapenzi-Kashali, Nelson; Vakaniaki, Gloria; Amuri-Aziza, Adrienne; Kenye, Kelly-Michel; Muyamuna, Elisabeth; Kavira-Bapitani, Sifa; Mukadi, Patrick; OToole, Aine; Tshiani-Mbaya, Olivier; Paku-Tshambu, Princesse; Lokilo-Lofiko, Emmanuel; Muswamba-Kayembe, Chloe; Makangara-Cigolo, Jean-Claude; Cikaya-Kankolongo, Fiston; Luakanda-Ndelemo, Gradi; Lawanga, Leader; Mabika-Bope, Elzedek; Lumembe-Numbi, Raphael; Kabamba-Lungenyi, Gabriel; Citenga, Andre; Kelvin, D. J.; Pratt, Catherine; Ayouba, Ahidjo; Tessema, Sofonias; Mukadi-Bamuleka, Daniel; Jansen, Daan; Halbrook, Megan; Merrit, Sydney; Hensley, Lisa; Delaporte, Eric; Mwamba, Dieudonne; Liesenborghs, Laurens; Hoff, Nicole; Peeters, Martine; Low, Nicola; Rimoin, Anne; Kindrachuk, Jason; Vercauteren, Koen; Rambaut, Andrew; Ahuka-Mundeke, Steve; Muyembe-Tamfum, Jean-Jacques"
PP_004BAW5,Ib,A.1,Democratic Republic of the Congo,Kongo-Central,2025-04-02,187394,0.8795744616117925,2025-10-21,"Mbala-Kingebeni, Placide; Wawina-Bokalanga, Tony; Kinganda-Lusamaki, Eddy; Pukuta-Simbu, Elisabeth; Hasivirwe-Vakaniaki, Emmanuel; Ola-Mpumbe, Rilia; Kwete-Mbokama, Papy; Akil-Bandali, Prince; Kacita, Cris; Ponga-Museme, Ange; Mapenzi-Kashali, Nelson; Vakaniaki, Gloria; Amuri-Aziza, Adrienne; Kenye, Kelly-Michel; Muyamuna, Elisabeth; Kavira-Bapitani, Sifa; Mukadi, Patrick; OToole, Aine; Tshiani-Mbaya, Olivier; Paku-Tshambu, Princesse; Lokilo-Lofiko, Emmanuel; Muswamba-Kayembe, Chloe; Makangara-Cigolo, Jean-Claude; Cikaya-Kankolongo, Fiston; Luakanda-Ndelemo, Gradi; Lawanga, Leader; Mabika-Bope, Elzedek; Lumembe-Numbi, Raphael; Kabamba-Lungenyi, Gabriel; Citenga, Andre; Kelvin, D. J.; Pratt, Catherine; Ayouba, Ahidjo; Tessema, Sofonias; Mukadi-Bamuleka, Daniel; Jansen, Daan; Halbrook, Megan; Merrit, Sydney; Hensley, Lisa; Delaporte, Eric; Mwamba, Dieudonne; Liesenborghs, Laurens; Hoff, Nicole; Peeters, Martine; Low, Nicola; Rimoin, Anne; Kindrachuk, Jason; Vercauteren, Koen; Rambaut, Andrew; Ahuka-Mundeke, Steve; Muyembe-Tamfum, Jean-Jacques"
PP_004BAX3,Ia,None,Democratic Republic of the Congo,Kinshasa,2025-04-07,187398,0.904405985528044,2025-10-21,"Amuri-Aziza, Adrienne; Mbala-Kingebeni, Placide; Wawina-Bokalanga, Tony; Kinganda-Lusamaki, Eddy; Pukuta-Simbu, Elisabeth; Hasivirwe-Vakaniaki, Emmanuel; Ola-Mpumbe, Rilia; Kwete-Mbokama, Papy; Akil-Bandali, Prince; Kacita, Cris; Ponga-Museme, Ange; Mapenzi-Kashali, Nelson; Vakaniaki, Gloria; Kenye, Kelly-Michel; Muyamuna, Elisabeth; Kavira-Bapitani, Sifa; Mukadi, Patrick; OToole, Aine; Tshiani-Mbaya, Olivier; Paku-Tshambu, Princesse; Lokilo-Lofiko, Emmanuel; Muswamba-Kayembe, Chloe; Makangara-Cigolo, Jean-Claude; Cikaya-Kankolongo, Fiston; Luakanda-Ndelemo, Gradi; Lawanga, Leader; Mabika-Bope, Elzedek; Lumembe-Numbi, Raphael; Kabamba-Lungenyi, Gabriel; Citenga, Andre; Kelvin, D. J.; Pratt, Catherine; Ayouba, Ahidjo; Tessema, Sofonias; Mukadi-Bamuleka, Daniel; Jansen, Daan; Halbrook, Megan; Merrit, Sydney; Hensley, Lisa; Delaporte, Eric; Mwamba, Dieudonne; Liesenborghs, Laurens; Hoff, Nicole; Peeters, Martine; Low, Nicola; Rimoin, Anne; Kindrachuk, Jason; Vercauteren, Koen; Rambaut, Andrew; Ahuka-Mundeke, Steve; Muyembe-Tamfum, Jean-Jacques"
PP_004BAY1,Ia,None,Democratic Republic of the Congo,Kinshasa,2025-04-07,187413,0.9141925571348164,2025-10-21,"Amuri-Aziza, Adrienne; Mbala-Kingebeni, Placide; Wawina-Bokalanga, Tony; Kinganda-Lusamaki, Eddy; Pukuta-Simbu, Elisabeth; Hasivirwe-Vakaniaki, Emmanuel; Ola-Mpumbe, Rilia; Kwete-Mbokama, Papy; Akil-Bandali, Prince; Kacita, Cris; Ponga-Museme, Ange; Mapenzi-Kashali, Nelson; Vakaniaki, Gloria; Kenye, Kelly-Michel; Muyamuna, Elisabeth; Kavira-Bapitani, Sifa; Mukadi, Patrick; OToole, Aine; Tshiani-Mbaya, Olivier; Paku-Tshambu, Princesse; Lokilo-Lofiko, Emmanuel; Muswamba-Kayembe, Chloe; Makangara-Cigolo, Jean-Claude; Cikaya-Kankolongo, Fiston; Luakanda-Ndelemo, Gradi; Lawanga, Leader; Mabika-Bope, Elzedek; Lumembe-Numbi, Raphael; Kabamba-Lungenyi, Gabriel; Citenga, Andre; Kelvin, D. J.; Pratt, Catherine; Ayouba, Ahidjo; Tessema, Sofonias; Mukadi-Bamuleka, Daniel; Jansen, Daan; Halbrook, Megan; Merrit, Sydney; Hensley, Lisa; Delaporte, Eric; Mwamba, Dieudonne; Liesenborghs, Laurens; Hoff, Nicole; Peeters, Martine; Low, Nicola; Rimoin, Anne; Kindrachuk, Jason; Vercauteren, Koen; Rambaut, Andrew; Ahuka-Mundeke, Steve; Muyembe-Tamfum, Jean-Jacques"
PP_004BAZZ,Ia,None,Democratic Republic of the Congo,Kinshasa,2025-04-07,187428,0.9070579943106044,2025-10-21,"Amuri-Aziza, Adrienne; Mbala-Kingebeni, Placide; Wawina-Bokalanga, Tony; Kinganda-Lusamaki, Eddy; Pukuta-Simbu, Elisabeth; Hasivirwe-Vakaniaki, Emmanuel; Ola-Mpumbe, Rilia; Kwete-Mbokama, Papy; Akil-Bandali, Prince; Kacita, Cris; Ponga-Museme, Ange; Mapenzi-Kashali, Nelson; Vakaniaki, Gloria; Kenye, Kelly-Michel; Muyamuna, Elisabeth; Kavira-Bapitani, Sifa; Mukadi, Patrick; OToole, Aine; Tshiani-Mbaya, Olivier; Paku-Tshambu, Princesse; Lokilo-Lofiko, Emmanuel; Muswamba-Kayembe, Chloe; Makangara-Cigolo, Jean-Claude; Cikaya-Kankolongo, Fiston; Luakanda-Ndelemo, Gradi; Lawanga, Leader; Mabika-Bope, Elzedek; Lumembe-Numbi, Raphael; Kabamba-Lungenyi, Gabriel; Citenga, Andre; Kelvin, D. J.; Pratt, Catherine; Ayouba, Ahidjo; Tessema, Sofonias; Mukadi-Bamuleka, Daniel; Jansen, Daan; Halbrook, Megan; Merrit, Sydney; Hensley, Lisa; Delaporte, Eric; Mwamba, Dieudonne; Liesenborghs, Laurens; Hoff, Nicole; Peeters, Martine; Low, Nicola; Rimoin, Anne; Kindrachuk, Jason; Vercauteren, Koen; Rambaut, Andrew; Ahuka-Mundeke, Steve; Muyembe-Tamfum, Jean-Jacques"
PP_004BB0X,Ia,None,Democratic Republic of the Congo,Kinshasa,2025-04-08,187424,0.9127676728749702,2025-10-21,"Amuri-Aziza, Adrienne; Mbala-Kingebeni, Placide; Wawina-Bokalanga, Tony; Kinganda-Lusamaki, Eddy; Pukuta-Simbu, Elisabeth; Hasivirwe-Vakaniaki, Emmanuel; Ola-Mpumbe, Rilia; Kwete-Mbokama, Papy; Akil-Bandali, Prince; Kacita, Cris; Ponga-Museme, Ange; Mapenzi-Kashali, Nelson; Vakaniaki, Gloria; Kenye, Kelly-Michel; Muyamuna, Elisabeth; Kavira-Bapitani, Sifa; Mukadi, Patrick; OToole, Aine; Tshiani-Mbaya, Olivier; Paku-Tshambu, Princesse; Lokilo-Lofiko, Emmanuel; Muswamba-Kayembe, Chloe; Makangara-Cigolo, Jean-Claude; Cikaya-Kankolongo, Fiston; Luakanda-Ndelemo, Gradi; Lawanga, Leader; Mabika-Bope, Elzedek; Lumembe-Numbi, Raphael; Kabamba-Lungenyi, Gabriel; Citenga, Andre; Kelvin, D. J.; Pratt, Catherine; Ayouba, Ahidjo; Tessema, Sofonias; Mukadi-Bamuleka, Daniel; Jansen, Daan; Halbrook, Megan; Merrit, Sydney; Hensley, Lisa; Delaporte, Eric; Mwamba, Dieudonne; Liesenborghs, Laurens; Hoff, Nicole; Peeters, Martine; Low, Nicola; Rimoin, Anne; Kindrachuk, Jason; Vercauteren, Koen; Rambaut, Andrew; Ahuka-Mundeke, Steve; Muyembe-Tamfum, Jean-Jacques"
PP_004BB1V,Ia,None,Democratic Republic of the Congo,Kinshasa,2025-04-07,187421,0.9091319361692418,2025-10-21,"Amuri-Aziza, Adrienne; Mbala-Kingebeni, Placide; Wawina-Bokalanga, Tony; Kinganda-Lusamaki, Eddy; Pukuta-Simbu, Elisabeth; Hasivirwe-Vakaniaki, Emmanuel; Ola-Mpumbe, Rilia; Kwete-Mbokama, Papy; Akil-Bandali, Prince; Kacita, Cris; Ponga-Museme, Ange; Mapenzi-Kashali, Nelson; Vakaniaki, Gloria; Kenye, Kelly-Michel; Muyamuna, Elisabeth; Kavira-Bapitani, Sifa; Mukadi, Patrick; OToole, Aine; Tshiani-Mbaya, Olivier; Paku-Tshambu, Princesse; Lokilo-Lofiko, Emmanuel; Muswamba-Kayembe, Chloe; Makangara-Cigolo, Jean-Claude; Cikaya-Kankolongo, Fiston; Luakanda-Ndelemo, Gradi; Lawanga, Leader; Mabika-Bope, Elzedek; Lumembe-Numbi, Raphael; Kabamba-Lungenyi, Gabriel; Citenga, Andre; Kelvin, D. J.; Pratt, Catherine; Ayouba, Ahidjo; Tessema, Sofonias; Mukadi-Bamuleka, Daniel; Jansen, Daan; Halbrook, Megan; Merrit, Sydney; Hensley, Lisa; Delaporte, Eric; Mwamba, Dieudonne; Liesenborghs, Laurens; Hoff, Nicole; Peeters, Martine; Low, Nicola; Rimoin, Anne; Kindrachuk, Jason; Vercauteren, Koen; Rambaut, Andrew; Ahuka-Mundeke, Steve; Muyembe-Tamfum, Jean-Jacques"
PP_004BB2T,Ia,None,Democratic Republic of the Congo,Kinshasa,2025-04-08,187418,0.911068967440634,2025-10-21,"Amuri-Aziza, Adrienne; Mbala-Kingebeni, Placide; Wawina-Bokalanga, Tony; Kinganda-Lusamaki, Eddy; Pukuta-Simbu, Elisabeth; Hasivirwe-Vakaniaki, Emmanuel; Ola-Mpumbe, Rilia; Kwete-Mbokama, Papy; Akil-Bandali, Prince; Kacita, Cris; Ponga-Museme, Ange; Mapenzi-Kashali, Nelson; Vakaniaki, Gloria; Kenye, Kelly-Michel; Muyamuna, Elisabeth; Kavira-Bapitani, Sifa; Mukadi, Patrick; OToole, Aine; Tshiani-Mbaya, Olivier; Paku-Tshambu, Princesse; Lokilo-Lofiko, Emmanuel; Muswamba-Kayembe, Chloe; Makangara-Cigolo, Jean-Claude; Cikaya-Kankolongo, Fiston; Luakanda-Ndelemo, Gradi; Lawanga, Leader; Mabika-Bope, Elzedek; Lumembe-Numbi, Raphael; Kabamba-Lungenyi, Gabriel; Citenga, Andre; Kelvin, D. J.; Pratt, Catherine; Ayouba, Ahidjo; Tessema, Sofonias; Mukadi-Bamuleka, Daniel; Jansen, Daan; Halbrook, Megan; Merrit, Sydney; Hensley, Lisa; Delaporte, Eric; Mwamba, Dieudonne; Liesenborghs, Laurens; Hoff, Nicole; Peeters, Martine; Low, Nicola; Rimoin, Anne; Kindrachuk, Jason; Vercauteren, Koen; Rambaut, Andrew; Ahuka-Mundeke, Steve; Muyembe-Tamfum, Jean-Jacques"
PP_004BB3R,Ia,None,Democratic Republic of the Congo,Kinshasa,2025-04-08,187420,0.902235699182086,2025-10-21,"Amuri-Aziza, Adrienne; Mbala-Kingebeni, Placide; Wawina-Bokalanga, Tony; Kinganda-Lusamaki, Eddy; Pukuta-Simbu, Elisabeth; Hasivirwe-Vakaniaki, Emmanuel; Ola-Mpumbe, Rilia; Kwete-Mbokama, Papy; Akil-Bandali, Prince; Kacita, Cris; Ponga-Museme, Ange; Mapenzi-Kashali, Nelson; Vakaniaki, Gloria; Kenye, Kelly-Michel; Muyamuna, Elisabeth; Kavira-Bapitani, Sifa; Mukadi, Patrick; OToole, Aine; Tshiani-Mbaya, Olivier; Paku-Tshambu, Princesse; Lokilo-Lofiko, Emmanuel; Muswamba-Kayembe, Chloe; Makangara-Cigolo, Jean-Claude; Cikaya-Kankolongo, Fiston; Luakanda-Ndelemo, Gradi; Lawanga, Leader; Mabika-Bope, Elzedek; Lumembe-Numbi, Raphael; Kabamba-Lungenyi, Gabriel; Citenga, Andre; Kelvin, D. J.; Pratt, Catherine; Ayouba, Ahidjo; Tessema, Sofonias; Mukadi-Bamuleka, Daniel; Jansen, Daan; Halbrook, Megan; Merrit, Sydney; Hensley, Lisa; Delaporte, Eric; Mwamba, Dieudonne; Liesenborghs, Laurens; Hoff, Nicole; Peeters, Martine; Low, Nicola; Rimoin, Anne; Kindrachuk, Jason; Vercauteren, Koen; Rambaut, Andrew; Ahuka-Mundeke, Steve; Muyembe-Tamfum, Jean-Jacques"
PP_004BB4P,Ia,None,Democratic Republic of the Congo,Kinshasa,2025-04-08,187415,0.9083054018832812,2025-10-21,"Amuri-Aziza, Adrienne; Mbala-Kingebeni, Placide; Wawina-Bokalanga, Tony; Kinganda-Lusamaki, Eddy; Pukuta-Simbu, Elisabeth; Hasivirwe-Vakaniaki, Emmanuel; Ola-Mpumbe, Rilia; Kwete-Mbokama, Papy; Akil-Bandali, Prince; Kacita, Cris; Ponga-Museme, Ange; Mapenzi-Kashali, Nelson; Vakaniaki, Gloria; Kenye, Kelly-Michel; Muyamuna, Elisabeth; Kavira-Bapitani, Sifa; Mukadi, Patrick; OToole, Aine; Tshiani-Mbaya, Olivier; Paku-Tshambu, Princesse; Lokilo-Lofiko, Emmanuel; Muswamba-Kayembe, Chloe; Makangara-Cigolo, Jean-Claude; Cikaya-Kankolongo, Fiston; Luakanda-Ndelemo, Gradi; Lawanga, Leader; Mabika-Bope, Elzedek; Lumembe-Numbi, Raphael; Kabamba-Lungenyi, Gabriel; Citenga, Andre; Kelvin, D. J.; Pratt, Catherine; Ayouba, Ahidjo; Tessema, Sofonias; Mukadi-Bamuleka, Daniel; Jansen, Daan; Halbrook, Megan; Merrit, Sydney; Hensley, Lisa; Delaporte, Eric; Mwamba, Dieudonne; Liesenborghs, Laurens; Hoff, Nicole; Peeters, Martine; Low, Nicola; Rimoin, Anne; Kindrachuk, Jason; Vercauteren, Koen; Rambaut, Andrew; Ahuka-Mundeke, Steve; Muyembe-Tamfum, Jean-Jacques"
PP_004BB5M,Ia,None,Democratic Republic of the Congo,Kinshasa,2025-04-07,187415,0.8895638637181873,2025-10-21,"Amuri-Aziza, Adrienne; Mbala-Kingebeni, Placide; Wawina-Bokalanga, Tony; Kinganda-Lusamaki, Eddy; Pukuta-Simbu, Elisabeth; Hasivirwe-Vakaniaki, Emmanuel; Ola-Mpumbe, Rilia; Kwete-Mbokama, Papy; Akil-Bandali, Prince; Kacita, Cris; Ponga-Museme, Ange; Mapenzi-Kashali, Nelson; Vakaniaki, Gloria; Kenye, Kelly-Michel; Muyamuna, Elisabeth; Kavira-Bapitani, Sifa; Mukadi, Patrick; OToole, Aine; Tshiani-Mbaya, Olivier; Paku-Tshambu, Princesse; Lokilo-Lofiko, Emmanuel; Muswamba-Kayembe, Chloe; Makangara-Cigolo, Jean-Claude; Cikaya-Kankolongo, Fiston; Luakanda-Ndelemo, Gradi; Lawanga, Leader; Mabika-Bope, Elzedek; Lumembe-Numbi, Raphael; Kabamba-Lungenyi, Gabriel; Citenga, Andre; Kelvin, D. J.; Pratt, Catherine; Ayouba, Ahidjo; Tessema, Sofonias; Mukadi-Bamuleka, Daniel; Jansen, Daan; Halbrook, Megan; Merrit, Sydney; Hensley, Lisa; Delaporte, Eric; Mwamba, Dieudonne; Liesenborghs, Laurens; Hoff, Nicole; Peeters, Martine; Low, Nicola; Rimoin, Anne; Kindrachuk, Jason; Vercauteren, Koen; Rambaut, Andrew; Ahuka-Mundeke, Steve; Muyembe-Tamfum, Jean-Jacques"
PP_004BB6K,Ib,A.1,Democratic Republic of the Congo,Kinshasa,2025-04-08,187413,0.8101760061660472,2025-10-21,"Amuri-Aziza, Adrienne; Mbala-Kingebeni, Placide; Wawina-Bokalanga, Tony; Kinganda-Lusamaki, Eddy; Pukuta-Simbu, Elisabeth; Hasivirwe-Vakaniaki, Emmanuel; Ola-Mpumbe, Rilia; Kwete-Mbokama, Papy; Akil-Bandali, Prince; Kacita, Cris; Ponga-Museme, Ange; Mapenzi-Kashali, Nelson; Vakaniaki, Gloria; Kenye, Kelly-Michel; Muyamuna, Elisabeth; Kavira-Bapitani, Sifa; Mukadi, Patrick; OToole, Aine; Tshiani-Mbaya, Olivier; Paku-Tshambu, Princesse; Lokilo-Lofiko, Emmanuel; Muswamba-Kayembe, Chloe; Makangara-Cigolo, Jean-Claude; Cikaya-Kankolongo, Fiston; Luakanda-Ndelemo, Gradi; Lawanga, Leader; Mabika-Bope, Elzedek; Lumembe-Numbi, Raphael; Kabamba-Lungenyi, Gabriel; Citenga, Andre; Kelvin, D. J.; Pratt, Catherine; Ayouba, Ahidjo; Tessema, Sofonias; Mukadi-Bamuleka, Daniel; Jansen, Daan; Halbrook, Megan; Merrit, Sydney; Hensley, Lisa; Delaporte, Eric; Mwamba, Dieudonne; Liesenborghs, Laurens; Hoff, Nicole; Peeters, Martine; Low, Nicola; Rimoin, Anne; Kindrachuk, Jason; Vercauteren, Koen; Rambaut, Andrew; Ahuka-Mundeke, Steve; Muyembe-Tamfum, Jean-Jacques"
PP_004BB7H,Ib,A.1,Democratic Republic of the Congo,Kinshasa,2025-04-08,187406,0.893321298723689,2025-10-21,"Amuri-Aziza, Adrienne; Mbala-Kingebeni, Placide; Wawina-Bokalanga, Tony; Kinganda-Lusamaki, Eddy; Pukuta-Simbu, Elisabeth; Hasivirwe-Vakaniaki, Emmanuel; Ola-Mpumbe, Rilia; Kwete-Mbokama, Papy; Akil-Bandali, Prince; Kacita, Cris; Ponga-Museme, Ange; Mapenzi-Kashali, Nelson; Vakaniaki, Gloria; Kenye, Kelly-Michel; Muyamuna, Elisabeth; Kavira-Bapitani, Sifa; Mukadi, Patrick; OToole, Aine; Tshiani-Mbaya, Olivier; Paku-Tshambu, Princesse; Lokilo-Lofiko, Emmanuel; Muswamba-Kayembe, Chloe; Makangara-Cigolo, Jean-Claude; Cikaya-Kankolongo, Fiston; Luakanda-Ndelemo, Gradi; Lawanga, Leader; Mabika-Bope, Elzedek; Lumembe-Numbi, Raphael; Kabamba-Lungenyi, Gabriel; Citenga, Andre; Kelvin, D. J.; Pratt, Catherine; Ayouba, Ahidjo; Tessema, Sofonias; Mukadi-Bamuleka, Daniel; Jansen, Daan; Halbrook, Megan; Merrit, Sydney; Hensley, Lisa; Delaporte, Eric; Mwamba, Dieudonne; Liesenborghs, Laurens; Hoff, Nicole; Peeters, Martine; Low, Nicola; Rimoin, Anne; Kindrachuk, Jason; Vercauteren, Koen; Rambaut, Andrew; Ahuka-Mundeke, Steve; Muyembe-Tamfum, Jean-Jacques"
PP_004BB8F,Ib,A.1,Democratic Republic of the Congo,Kinshasa,2025-04-01,187415,0.8437444538535259,2025-10-21,"Amuri-Aziza, Adrienne; Mbala-Kingebeni, Placide; Wawina-Bokalanga, Tony; Kinganda-Lusamaki, Eddy; Pukuta-Simbu, Elisabeth; Hasivirwe-Vakaniaki, Emmanuel; Ola-Mpumbe, Rilia; Kwete-Mbokama, Papy; Akil-Bandali, Prince; Kacita, Cris; Ponga-Museme, Ange; Mapenzi-Kashali, Nelson; Vakaniaki, Gloria; Kenye, Kelly-Michel; Muyamuna, Elisabeth; Kavira-Bapitani, Sifa; Mukadi, Patrick; OToole, Aine; Tshiani-Mbaya, Olivier; Paku-Tshambu, Princesse; Lokilo-Lofiko, Emmanuel; Muswamba-Kayembe, Chloe; Makangara-Cigolo, Jean-Claude; Cikaya-Kankolongo, Fiston; Luakanda-Ndelemo, Gradi; Lawanga, Leader; Mabika-Bope, Elzedek; Lumembe-Numbi, Raphael; Kabamba-Lungenyi, Gabriel; Citenga, Andre; Kelvin, D. J.; Pratt, Catherine; Ayouba, Ahidjo; Tessema, Sofonias; Mukadi-Bamuleka, Daniel; Jansen, Daan; Halbrook, Megan; Merrit, Sydney; Hensley, Lisa; Delaporte, Eric; Mwamba, Dieudonne; Liesenborghs, Laurens; Hoff, Nicole; Peeters, Martine; Low, Nicola; Rimoin, Anne; Kindrachuk, Jason; Vercauteren, Koen; Rambaut, Andrew; Ahuka-Mundeke, Steve; Muyembe-Tamfum, Jean-Jacques"
PP_004BB9D,Ia,None,Democratic Republic of the Congo,Kinshasa,2025-03-28,187428,0.8962420579182492,2025-10-21,"Amuri-Aziza, Adrienne; Mbala-Kingebeni, Placide; Wawina-Bokalanga, Tony; Kinganda-Lusamaki, Eddy; Pukuta-Simbu, Elisabeth; Hasivirwe-Vakaniaki, Emmanuel; Ola-Mpumbe, Rilia; Kwete-Mbokama, Papy; Akil-Bandali, Prince; Kacita, Cris; Ponga-Museme, Ange; Mapenzi-Kashali, Nelson; Vakaniaki, Gloria; Kenye, Kelly-Michel; Muyamuna, Elisabeth; Kavira-Bapitani, Sifa; Mukadi, Patrick; OToole, Aine; Tshiani-Mbaya, Olivier; Paku-Tshambu, Princesse; Lokilo-Lofiko, Emmanuel; Muswamba-Kayembe, Chloe; Makangara-Cigolo, Jean-Claude; Cikaya-Kankolongo, Fiston; Luakanda-Ndelemo, Gradi; Lawanga, Leader; Mabika-Bope, Elzedek; Lumembe-Numbi, Raphael; Kabamba-Lungenyi, Gabriel; Citenga, Andre; Kelvin, D. J.; Pratt, Catherine; Ayouba, Ahidjo; Tessema, Sofonias; Mukadi-Bamuleka, Daniel; Jansen, Daan; Halbrook, Megan; Merrit, Sydney; Hensley, Lisa; Delaporte, Eric; Mwamba, Dieudonne; Liesenborghs, Laurens; Hoff, Nicole; Peeters, Martine; Low, Nicola; Rimoin, Anne; Kindrachuk, Jason; Vercauteren, Koen; Rambaut, Andrew; Ahuka-Mundeke, Steve; Muyembe-Tamfum, Jean-Jacques"
PP_004BBAB,Ia,None,Democratic Republic of the Congo,Kinshasa,2025-04-02,187402,0.874376930058973,2025-10-21,"Amuri-Aziza, Adrienne; Mbala-Kingebeni, Placide; Wawina-Bokalanga, Tony; Kinganda-Lusamaki, Eddy; Pukuta-Simbu, Elisabeth; Hasivirwe-Vakaniaki, Emmanuel; Ola-Mpumbe, Rilia; Kwete-Mbokama, Papy; Akil-Bandali, Prince; Kacita, Cris; Ponga-Museme, Ange; Mapenzi-Kashali, Nelson; Vakaniaki, Gloria; Kenye, Kelly-Michel; Muyamuna, Elisabeth; Kavira-Bapitani, Sifa; Mukadi, Patrick; OToole, Aine; Tshiani-Mbaya, Olivier; Paku-Tshambu, Princesse; Lokilo-Lofiko, Emmanuel; Muswamba-Kayembe, Chloe; Makangara-Cigolo, Jean-Claude; Cikaya-Kankolongo, Fiston; Luakanda-Ndelemo, Gradi; Lawanga, Leader; Mabika-Bope, Elzedek; Lumembe-Numbi, Raphael; Kabamba-Lungenyi, Gabriel; Citenga, Andre; Kelvin, D. J.; Pratt, Catherine; Ayouba, Ahidjo; Tessema, Sofonias; Mukadi-Bamuleka, Daniel; Jansen, Daan; Halbrook, Megan; Merrit, Sydney; Hensley, Lisa; Delaporte, Eric; Mwamba, Dieudonne; Liesenborghs, Laurens; Hoff, Nicole; Peeters, Martine; Low, Nicola; Rimoin, Anne; Kindrachuk, Jason; Vercauteren, Koen; Rambaut, Andrew; Ahuka-Mundeke, Steve; Muyembe-Tamfum, Jean-Jacques"
PP_004BBB9,Ib,A.1,Democratic Republic of the Congo,Kinshasa,2025-04-01,187414,0.8603968378725109,2025-10-21,"Amuri-Aziza, Adrienne; Mbala-Kingebeni, Placide; Wawina-Bokalanga, Tony; Kinganda-Lusamaki, Eddy; Pukuta-Simbu, Elisabeth; Hasivirwe-Vakaniaki, Emmanuel; Ola-Mpumbe, Rilia; Kwete-Mbokama, Papy; Akil-Bandali, Prince; Kacita, Cris; Ponga-Museme, Ange; Mapenzi-Kashali, Nelson; Vakaniaki, Gloria; Kenye, Kelly-Michel; Muyamuna, Elisabeth; Kavira-Bapitani, Sifa; Mukadi, Patrick; OToole, Aine; Tshiani-Mbaya, Olivier; Paku-Tshambu, Princesse; Lokilo-Lofiko, Emmanuel; Muswamba-Kayembe, Chloe; Makangara-Cigolo, Jean-Claude; Cikaya-Kankolongo, Fiston; Luakanda-Ndelemo, Gradi; Lawanga, Leader; Mabika-Bope, Elzedek; Lumembe-Numbi, Raphael; Kabamba-Lungenyi, Gabriel; Citenga, Andre; Kelvin, D. J.; Pratt, Catherine; Ayouba, Ahidjo; Tessema, Sofonias; Mukadi-Bamuleka, Daniel; Jansen, Daan; Halbrook, Megan; Merrit, Sydney; Hensley, Lisa; Delaporte, Eric; Mwamba, Dieudonne; Liesenborghs, Laurens; Hoff, Nicole; Peeters, Martine; Low, Nicola; Rimoin, Anne; Kindrachuk, Jason; Vercauteren, Koen; Rambaut, Andrew; Ahuka-Mundeke, Steve; Muyembe-Tamfum, Jean-Jacques"
PP_004BBC7,Ia,None,Democratic Republic of the Congo,Kinshasa,2025-04-02,187413,0.8677240896713638,2025-10-21,"Amuri-Aziza, Adrienne; Mbala-Kingebeni, Placide; Wawina-Bokalanga, Tony; Kinganda-Lusamaki, Eddy; Pukuta-Simbu, Elisabeth; Hasivirwe-Vakaniaki, Emmanuel; Ola-Mpumbe, Rilia; Kwete-Mbokama, Papy; Akil-Bandali, Prince; Kacita, Cris; Ponga-Museme, Ange; Mapenzi-Kashali, Nelson; Vakaniaki, Gloria; Kenye, Kelly-Michel; Muyamuna, Elisabeth; Kavira-Bapitani, Sifa; Mukadi, Patrick; OToole, Aine; Tshiani-Mbaya, Olivier; Paku-Tshambu, Princesse; Lokilo-Lofiko, Emmanuel; Muswamba-Kayembe, Chloe; Makangara-Cigolo, Jean-Claude; Cikaya-Kankolongo, Fiston; Luakanda-Ndelemo, Gradi; Lawanga, Leader; Mabika-Bope, Elzedek; Lumembe-Numbi, Raphael; Kabamba-Lungenyi, Gabriel; Citenga, Andre; Kelvin, D. J.; Pratt, Catherine; Ayouba, Ahidjo; Tessema, Sofonias; Mukadi-Bamuleka, Daniel; Jansen, Daan; Halbrook, Megan; Merrit, Sydney; Hensley, Lisa; Delaporte, Eric; Mwamba, Dieudonne; Liesenborghs, Laurens; Hoff, Nicole; Peeters, Martine; Low, Nicola; Rimoin, Anne; Kindrachuk, Jason; Vercauteren, Koen; Rambaut, Andrew; Ahuka-Mundeke, Steve; Muyembe-Tamfum, Jean-Jacques"
PP_004BBD5,Ib,A.1,Democratic Republic of the Congo,Kinshasa,2025-03-28,187406,0.8854109092384221,2025-10-21,"Amuri-Aziza, Adrienne; Mbala-Kingebeni, Placide; Wawina-Bokalanga, Tony; Kinganda-Lusamaki, Eddy; Pukuta-Simbu, Elisabeth; Hasivirwe-Vakaniaki, Emmanuel; Ola-Mpumbe, Rilia; Kwete-Mbokama, Papy; Akil-Bandali, Prince; Kacita, Cris; Ponga-Museme, Ange; Mapenzi-Kashali, Nelson; Vakaniaki, Gloria; Kenye, Kelly-Michel; Muyamuna, Elisabeth; Kavira-Bapitani, Sifa; Mukadi, Patrick; OToole, Aine; Tshiani-Mbaya, Olivier; Paku-Tshambu, Princesse; Lokilo-Lofiko, Emmanuel; Muswamba-Kayembe, Chloe; Makangara-Cigolo, Jean-Claude; Cikaya-Kankolongo, Fiston; Luakanda-Ndelemo, Gradi; Lawanga, Leader; Mabika-Bope, Elzedek; Lumembe-Numbi, Raphael; Kabamba-Lungenyi, Gabriel; Citenga, Andre; Kelvin, D. J.; Pratt, Catherine; Ayouba, Ahidjo; Tessema, Sofonias; Mukadi-Bamuleka, Daniel; Jansen, Daan; Halbrook, Megan; Merrit, Sydney; Hensley, Lisa; Delaporte, Eric; Mwamba, Dieudonne; Liesenborghs, Laurens; Hoff, Nicole; Peeters, Martine; Low, Nicola; Rimoin, Anne; Kindrachuk, Jason; Vercauteren, Koen; Rambaut, Andrew; Ahuka-Mundeke, Steve; Muyembe-Tamfum, Jean-Jacques"
PP_004BBE3,Ia,None,Democratic Republic of the Congo,Kinshasa,2025-04-02,181282,0.41144673924618047,2025-10-21,"Amuri-Aziza, Adrienne; Mbala-Kingebeni, Placide; Wawina-Bokalanga, Tony; Kinganda-Lusamaki, Eddy; Pukuta-Simbu, Elisabeth; Hasivirwe-Vakaniaki, Emmanuel; Ola-Mpumbe, Rilia; Kwete-Mbokama, Papy; Akil-Bandali, Prince; Kacita, Cris; Ponga-Museme, Ange; Mapenzi-Kashali, Nelson; Vakaniaki, Gloria; Kenye, Kelly-Michel; Muyamuna, Elisabeth; Kavira-Bapitani, Sifa; Mukadi, Patrick; OToole, Aine; Tshiani-Mbaya, Olivier; Paku-Tshambu, Princesse; Lokilo-Lofiko, Emmanuel; Muswamba-Kayembe, Chloe; Makangara-Cigolo, Jean-Claude; Cikaya-Kankolongo, Fiston; Luakanda-Ndelemo, Gradi; Lawanga, Leader; Mabika-Bope, Elzedek; Lumembe-Numbi, Raphael; Kabamba-Lungenyi, Gabriel; Citenga, Andre; Kelvin, D. J.; Pratt, Catherine; Ayouba, Ahidjo; Tessema, Sofonias; Mukadi-Bamuleka, Daniel; Jansen, Daan; Halbrook, Megan; Merrit, Sydney; Hensley, Lisa; Delaporte, Eric; Mwamba, Dieudonne; Liesenborghs, Laurens; Hoff, Nicole; Peeters, Martine; Low, Nicola; Rimoin, Anne; Kindrachuk, Jason; Vercauteren, Koen; Rambaut, Andrew; Ahuka-Mundeke, Steve; Muyembe-Tamfum, Jean-Jacques"
PP_004BBF1,Ia,None,Democratic Republic of the Congo,Kinshasa,2025-04-02,187427,0.8877536015090589,2025-10-21,"Amuri-Aziza, Adrienne; Mbala-Kingebeni, Placide; Wawina-Bokalanga, Tony; Kinganda-Lusamaki, Eddy; Pukuta-Simbu, Elisabeth; Hasivirwe-Vakaniaki, Emmanuel; Ola-Mpumbe, Rilia; Kwete-Mbokama, Papy; Akil-Bandali, Prince; Kacita, Cris; Ponga-Museme, Ange; Mapenzi-Kashali, Nelson; Vakaniaki, Gloria; Kenye, Kelly-Michel; Muyamuna, Elisabeth; Kavira-Bapitani, Sifa; Mukadi, Patrick; OToole, Aine; Tshiani-Mbaya, Olivier; Paku-Tshambu, Princesse; Lokilo-Lofiko, Emmanuel; Muswamba-Kayembe, Chloe; Makangara-Cigolo, Jean-Claude; Cikaya-Kankolongo, Fiston; Luakanda-Ndelemo, Gradi; Lawanga, Leader; Mabika-Bope, Elzedek; Lumembe-Numbi, Raphael; Kabamba-Lungenyi, Gabriel; Citenga, Andre; Kelvin, D. J.; Pratt, Catherine; Ayouba, Ahidjo; Tessema, Sofonias; Mukadi-Bamuleka, Daniel; Jansen, Daan; Halbrook, Megan; Merrit, Sydney; Hensley, Lisa; Delaporte, Eric; Mwamba, Dieudonne; Liesenborghs, Laurens; Hoff, Nicole; Peeters, Martine; Low, Nicola; Rimoin, Anne; Kindrachuk, Jason; Vercauteren, Koen; Rambaut, Andrew; Ahuka-Mundeke, Steve; Muyembe-Tamfum, Jean-Jacques"
PP_004BBGZ,Ia,None,Democratic Republic of the Congo,Kinshasa,2025-04-02,187416,0.9025754402689532,2025-10-21,"Amuri-Aziza, Adrienne; Mbala-Kingebeni, Placide; Wawina-Bokalanga, Tony; Kinganda-Lusamaki, Eddy; Pukuta-Simbu, Elisabeth; Hasivirwe-Vakaniaki, Emmanuel; Ola-Mpumbe, Rilia; Kwete-Mbokama, Papy; Akil-Bandali, Prince; Kacita, Cris; Ponga-Museme, Ange; Mapenzi-Kashali, Nelson; Vakaniaki, Gloria; Kenye, Kelly-Michel; Muyamuna, Elisabeth; Kavira-Bapitani, Sifa; Mukadi, Patrick; OToole, Aine; Tshiani-Mbaya, Olivier; Paku-Tshambu, Princesse; Lokilo-Lofiko, Emmanuel; Muswamba-Kayembe, Chloe; Makangara-Cigolo, Jean-Claude; Cikaya-Kankolongo, Fiston; Luakanda-Ndelemo, Gradi; Lawanga, Leader; Mabika-Bope, Elzedek; Lumembe-Numbi, Raphael; Kabamba-Lungenyi, Gabriel; Citenga, Andre; Kelvin, D. J.; Pratt, Catherine; Ayouba, Ahidjo; Tessema, Sofonias; Mukadi-Bamuleka, Daniel; Jansen, Daan; Halbrook, Megan; Merrit, Sydney; Hensley, Lisa; Delaporte, Eric; Mwamba, Dieudonne; Liesenborghs, Laurens; Hoff, Nicole; Peeters, Martine; Low, Nicola; Rimoin, Anne; Kindrachuk, Jason; Vercauteren, Koen; Rambaut, Andrew; Ahuka-Mundeke, Steve; Muyembe-Tamfum, Jean-Jacques"
PP_004BBHW,Ia,None,Democratic Republic of the Congo,Kinshasa,2025-04-02,187414,0.8710403683401873,2025-10-21,"Amuri-Aziza, Adrienne; Mbala-Kingebeni, Placide; Wawina-Bokalanga, Tony; Kinganda-Lusamaki, Eddy; Pukuta-Simbu, Elisabeth; Hasivirwe-Vakaniaki, Emmanuel; Ola-Mpumbe, Rilia; Kwete-Mbokama, Papy; Akil-Bandali, Prince; Kacita, Cris; Ponga-Museme, Ange; Mapenzi-Kashali, Nelson; Vakaniaki, Gloria; Kenye, Kelly-Michel; Muyamuna, Elisabeth; Kavira-Bapitani, Sifa; Mukadi, Patrick; OToole, Aine; Tshiani-Mbaya, Olivier; Paku-Tshambu, Princesse; Lokilo-Lofiko, Emmanuel; Muswamba-Kayembe, Chloe; Makangara-Cigolo, Jean-Claude; Cikaya-Kankolongo, Fiston; Luakanda-Ndelemo, Gradi; Lawanga, Leader; Mabika-Bope, Elzedek; Lumembe-Numbi, Raphael; Kabamba-Lungenyi, Gabriel; Citenga, Andre; Kelvin, D. J.; Pratt, Catherine; Ayouba, Ahidjo; Tessema, Sofonias; Mukadi-Bamuleka, Daniel; Jansen, Daan; Halbrook, Megan; Merrit, Sydney; Hensley, Lisa; Delaporte, Eric; Mwamba, Dieudonne; Liesenborghs, Laurens; Hoff, Nicole; Peeters, Martine; Low, Nicola; Rimoin, Anne; Kindrachuk, Jason; Vercauteren, Koen; Rambaut, Andrew; Ahuka-Mundeke, Steve; Muyembe-Tamfum, Jean-Jacques"
PP_004BBJU,Ia,None,Democratic Republic of the Congo,Mongala,2025-03-26,187455,0.7398141058470963,2025-10-21,"Mapenzi-Kashali, Nelson; Citenga, Andre; Mbala-Kingebeni, Placide; Wawina-Bokalanga, Tony; Kinganda-Lusamaki, Eddy; Pukuta-Simbu, Elisabeth; Hasivirwe-Vakaniaki, Emmanuel; Ola-Mpumbe, Rilia; Kwete-Mbokama, Papy; Akil-Bandali, Prince; Kacita, Cris; Ponga-Museme, Ange; Vakaniaki, Gloria; Amuri-Aziza, Adrienne; Kenye, Kelly-Michel; Muyamuna, Elisabeth; Kavira-Bapitani, Sifa; Mukadi, Patrick; OToole, Aine; Tshiani-Mbaya, Olivier; Paku-Tshambu, Princesse; Lokilo-Lofiko, Emmanuel; Muswamba-Kayembe, Chloe; Makangara-Cigolo, Jean-Claude; Cikaya-Kankolongo, Fiston; Luakanda-Ndelemo, Gradi; Lawanga, Leader; Mabika-Bope, Elzedek; Lumembe-Numbi, Raphael; Kabamba-Lungenyi, Gabriel; Kelvin, D. J.; Pratt, Catherine; Ayouba, Ahidjo; Tessema, Sofonias; Mukadi-Bamuleka, Daniel; Jansen, Daan; Halbrook, Megan; Merrit, Sydney; Hensley, Lisa; Delaporte, Eric; Mwamba, Dieudonne; Liesenborghs, Laurens; Hoff, Nicole; Peeters, Martine; Low, Nicola; Rimoin, Anne; Kindrachuk, Jason; Vercauteren, Koen; Rambaut, Andrew; Ahuka-Mundeke, Steve; Muyembe-Tamfum, Jean-Jacques"
PP_004BBKS,Ia,None,Democratic Republic of the Congo,Mongala,2025-03-20,187425,0.914699633383872,2025-10-21,"Mapenzi-Kashali, Nelson; Citenga, Andre; Mbala-Kingebeni, Placide; Wawina-Bokalanga, Tony; Kinganda-Lusamaki, Eddy; Pukuta-Simbu, Elisabeth; Hasivirwe-Vakaniaki, Emmanuel; Ola-Mpumbe, Rilia; Kwete-Mbokama, Papy; Akil-Bandali, Prince; Kacita, Cris; Ponga-Museme, Ange; Vakaniaki, Gloria; Amuri-Aziza, Adrienne; Kenye, Kelly-Michel; Muyamuna, Elisabeth; Kavira-Bapitani, Sifa; Mukadi, Patrick; OToole, Aine; Tshiani-Mbaya, Olivier; Paku-Tshambu, Princesse; Lokilo-Lofiko, Emmanuel; Muswamba-Kayembe, Chloe; Makangara-Cigolo, Jean-Claude; Cikaya-Kankolongo, Fiston; Luakanda-Ndelemo, Gradi; Lawanga, Leader; Mabika-Bope, Elzedek; Lumembe-Numbi, Raphael; Kabamba-Lungenyi, Gabriel; Kelvin, D. J.; Pratt, Catherine; Ayouba, Ahidjo; Tessema, Sofonias; Mukadi-Bamuleka, Daniel; Jansen, Daan; Halbrook, Megan; Merrit, Sydney; Hensley, Lisa; Delaporte, Eric; Mwamba, Dieudonne; Liesenborghs, Laurens; Hoff, Nicole; Peeters, Martine; Low, Nicola; Rimoin, Anne; Kindrachuk, Jason; Vercauteren, Koen; Rambaut, Andrew; Ahuka-Mundeke, Steve; Muyembe-Tamfum, Jean-Jacques"
PP_004BBLQ,Ia,None,Democratic Republic of the Congo,Mongala,2025-03-30,187463,0.9148973931210036,2025-10-21,"Mapenzi-Kashali, Nelson; Citenga, Andre; Mbala-Kingebeni, Placide; Wawina-Bokalanga, Tony; Kinganda-Lusamaki, Eddy; Pukuta-Simbu, Elisabeth; Hasivirwe-Vakaniaki, Emmanuel; Ola-Mpumbe, Rilia; Kwete-Mbokama, Papy; Akil-Bandali, Prince; Kacita, Cris; Ponga-Museme, Ange; Vakaniaki, Gloria; Amuri-Aziza, Adrienne; Kenye, Kelly-Michel; Muyamuna, Elisabeth; Kavira-Bapitani, Sifa; Mukadi, Patrick; OToole, Aine; Tshiani-Mbaya, Olivier; Paku-Tshambu, Princesse; Lokilo-Lofiko, Emmanuel; Muswamba-Kayembe, Chloe; Makangara-Cigolo, Jean-Claude; Cikaya-Kankolongo, Fiston; Luakanda-Ndelemo, Gradi; Lawanga, Leader; Mabika-Bope, Elzedek; Lumembe-Numbi, Raphael; Kabamba-Lungenyi, Gabriel; Kelvin, D. J.; Pratt, Catherine; Ayouba, Ahidjo; Tessema, Sofonias; Mukadi-Bamuleka, Daniel; Jansen, Daan; Halbrook, Megan; Merrit, Sydney; Hensley, Lisa; Delaporte, Eric; Mwamba, Dieudonne; Liesenborghs, Laurens; Hoff, Nicole; Peeters, Martine; Low, Nicola; Rimoin, Anne; Kindrachuk, Jason; Vercauteren, Koen; Rambaut, Andrew; Ahuka-Mundeke, Steve; Muyembe-Tamfum, Jean-Jacques"
PP_004BBMN,Ia,None,Democratic Republic of the Congo,Mongala,2025-03-25,187481,0.9088074073698462,2025-10-21,"Mapenzi-Kashali, Nelson; Citenga, Andre; Mbala-Kingebeni, Placide; Wawina-Bokalanga, Tony; Kinganda-Lusamaki, Eddy; Pukuta-Simbu, Elisabeth; Hasivirwe-Vakaniaki, Emmanuel; Ola-Mpumbe, Rilia; Kwete-Mbokama, Papy; Akil-Bandali, Prince; Kacita, Cris; Ponga-Museme, Ange; Vakaniaki, Gloria; Amuri-Aziza, Adrienne; Kenye, Kelly-Michel; Muyamuna, Elisabeth; Kavira-Bapitani, Sifa; Mukadi, Patrick; OToole, Aine; Tshiani-Mbaya, Olivier; Paku-Tshambu, Princesse; Lokilo-Lofiko, Emmanuel; Muswamba-Kayembe, Chloe; Makangara-Cigolo, Jean-Claude; Cikaya-Kankolongo, Fiston; Luakanda-Ndelemo, Gradi; Lawanga, Leader; Mabika-Bope, Elzedek; Lumembe-Numbi, Raphael; Kabamba-Lungenyi, Gabriel; Kelvin, D. J.; Pratt, Catherine; Ayouba, Ahidjo; Tessema, Sofonias; Mukadi-Bamuleka, Daniel; Jansen, Daan; Halbrook, Megan; Merrit, Sydney; Hensley, Lisa; Delaporte, Eric; Mwamba, Dieudonne; Liesenborghs, Laurens; Hoff, Nicole; Peeters, Martine; Low, Nicola; Rimoin, Anne; Kindrachuk, Jason; Vercauteren, Koen; Rambaut, Andrew; Ahuka-Mundeke, Steve; Muyembe-Tamfum, Jean-Jacques"
PP_004BBNL,Ia,None,Democratic Republic of the Congo,Mongala,2025-03-25,187433,0.9101055225674284,2025-10-21,"Mapenzi-Kashali, Nelson; Citenga, Andre; Mbala-Kingebeni, Placide; Wawina-Bokalanga, Tony; Kinganda-Lusamaki, Eddy; Pukuta-Simbu, Elisabeth; Hasivirwe-Vakaniaki, Emmanuel; Ola-Mpumbe, Rilia; Kwete-Mbokama, Papy; Akil-Bandali, Prince; Kacita, Cris; Ponga-Museme, Ange; Vakaniaki, Gloria; Amuri-Aziza, Adrienne; Kenye, Kelly-Michel; Muyamuna, Elisabeth; Kavira-Bapitani, Sifa; Mukadi, Patrick; OToole, Aine; Tshiani-Mbaya, Olivier; Paku-Tshambu, Princesse; Lokilo-Lofiko, Emmanuel; Muswamba-Kayembe, Chloe; Makangara-Cigolo, Jean-Claude; Cikaya-Kankolongo, Fiston; Luakanda-Ndelemo, Gradi; Lawanga, Leader; Mabika-Bope, Elzedek; Lumembe-Numbi, Raphael; Kabamba-Lungenyi, Gabriel; Kelvin, D. J.; Pratt, Catherine; Ayouba, Ahidjo; Tessema, Sofonias; Mukadi-Bamuleka, Daniel; Jansen, Daan; Halbrook, Megan; Merrit, Sydney; Hensley, Lisa; Delaporte, Eric; Mwamba, Dieudonne; Liesenborghs, Laurens; Hoff, Nicole; Peeters, Martine; Low, Nicola; Rimoin, Anne; Kindrachuk, Jason; Vercauteren, Koen; Rambaut, Andrew; Ahuka-Mundeke, Steve; Muyembe-Tamfum, Jean-Jacques"
PP_004BBPJ,Ib,A.1,Democratic Republic of the Congo,Kinshasa,2025-04-15,187398,0.8821757627694476,2025-10-21,"Amuri-Aziza, Adrienne; Mbala-Kingebeni, Placide; Wawina-Bokalanga, Tony; Kinganda-Lusamaki, Eddy; Pukuta-Simbu, Elisabeth; Hasivirwe-Vakaniaki, Emmanuel; Ola-Mpumbe, Rilia; Kwete-Mbokama, Papy; Akil-Bandali, Prince; Kacita, Cris; Ponga-Museme, Ange; Mapenzi-Kashali, Nelson; Vakaniaki, Gloria; Kenye, Kelly-Michel; Muyamuna, Elisabeth; Kavira-Bapitani, Sifa; Mukadi, Patrick; OToole, Aine; Tshiani-Mbaya, Olivier; Paku-Tshambu, Princesse; Lokilo-Lofiko, Emmanuel; Muswamba-Kayembe, Chloe; Makangara-Cigolo, Jean-Claude; Cikaya-Kankolongo, Fiston; Luakanda-Ndelemo, Gradi; Lawanga, Leader; Mabika-Bope, Elzedek; Lumembe-Numbi, Raphael; Kabamba-Lungenyi, Gabriel; Citenga, Andre; Kelvin, D. J.; Pratt, Catherine; Ayouba, Ahidjo; Tessema, Sofonias; Mukadi-Bamuleka, Daniel; Jansen, Daan; Halbrook, Megan; Merrit, Sydney; Hensley, Lisa; Delaporte, Eric; Mwamba, Dieudonne; Liesenborghs, Laurens; Hoff, Nicole; Peeters, Martine; Low, Nicola; Rimoin, Anne; Kindrachuk, Jason; Vercauteren, Koen; Rambaut, Andrew; Ahuka-Mundeke, Steve; Muyembe-Tamfum, Jean-Jacques"
PP_004BBQG,Ib,A.1,Democratic Republic of the Congo,Kinshasa,2025-04-17,187409,0.9028086953435188,2025-10-21,"Amuri-Aziza, Adrienne; Mbala-Kingebeni, Placide; Wawina-Bokalanga, Tony; Kinganda-Lusamaki, Eddy; Pukuta-Simbu, Elisabeth; Hasivirwe-Vakaniaki, Emmanuel; Ola-Mpumbe, Rilia; Kwete-Mbokama, Papy; Akil-Bandali, Prince; Kacita, Cris; Ponga-Museme, Ange; Mapenzi-Kashali, Nelson; Vakaniaki, Gloria; Kenye, Kelly-Michel; Muyamuna, Elisabeth; Kavira-Bapitani, Sifa; Mukadi, Patrick; OToole, Aine; Tshiani-Mbaya, Olivier; Paku-Tshambu, Princesse; Lokilo-Lofiko, Emmanuel; Muswamba-Kayembe, Chloe; Makangara-Cigolo, Jean-Claude; Cikaya-Kankolongo, Fiston; Luakanda-Ndelemo, Gradi; Lawanga, Leader; Mabika-Bope, Elzedek; Lumembe-Numbi, Raphael; Kabamba-Lungenyi, Gabriel; Citenga, Andre; Kelvin, D. J.; Pratt, Catherine; Ayouba, Ahidjo; Tessema, Sofonias; Mukadi-Bamuleka, Daniel; Jansen, Daan; Halbrook, Megan; Merrit, Sydney; Hensley, Lisa; Delaporte, Eric; Mwamba, Dieudonne; Liesenborghs, Laurens; Hoff, Nicole; Peeters, Martine; Low, Nicola; Rimoin, Anne; Kindrachuk, Jason; Vercauteren, Koen; Rambaut, Andrew; Ahuka-Mundeke, Steve; Muyembe-Tamfum, Jean-Jacques"
PP_004BBRE,Ib,A.1,Democratic Republic of the Congo,Kinshasa,2025-04-11,187378,0.9182187425523176,2025-10-21,"Amuri-Aziza, Adrienne; Mbala-Kingebeni, Placide; Wawina-Bokalanga, Tony; Kinganda-Lusamaki, Eddy; Pukuta-Simbu, Elisabeth; Hasivirwe-Vakaniaki, Emmanuel; Ola-Mpumbe, Rilia; Kwete-Mbokama, Papy; Akil-Bandali, Prince; Kacita, Cris; Ponga-Museme, Ange; Mapenzi-Kashali, Nelson; Vakaniaki, Gloria; Kenye, Kelly-Michel; Muyamuna, Elisabeth; Kavira-Bapitani, Sifa; Mukadi, Patrick; OToole, Aine; Tshiani-Mbaya, Olivier; Paku-Tshambu, Princesse; Lokilo-Lofiko, Emmanuel; Muswamba-Kayembe, Chloe; Makangara-Cigolo, Jean-Claude; Cikaya-Kankolongo, Fiston; Luakanda-Ndelemo, Gradi; Lawanga, Leader; Mabika-Bope, Elzedek; Lumembe-Numbi, Raphael; Kabamba-Lungenyi, Gabriel; Citenga, Andre; Kelvin, D. J.; Pratt, Catherine; Ayouba, Ahidjo; Tessema, Sofonias; Mukadi-Bamuleka, Daniel; Jansen, Daan; Halbrook, Megan; Merrit, Sydney; Hensley, Lisa; Delaporte, Eric; Mwamba, Dieudonne; Liesenborghs, Laurens; Hoff, Nicole; Peeters, Martine; Low, Nicola; Rimoin, Anne; Kindrachuk, Jason; Vercauteren, Koen; Rambaut, Andrew; Ahuka-Mundeke, Steve; Muyembe-Tamfum, Jean-Jacques"
PP_004BBSC,Ib,A.1,Democratic Republic of the Congo,Kinshasa,2025-04-14,187363,0.9140049389226658,2025-10-21,"Amuri-Aziza, Adrienne; Mbala-Kingebeni, Placide; Wawina-Bokalanga, Tony; Kinganda-Lusamaki, Eddy; Pukuta-Simbu, Elisabeth; Hasivirwe-Vakaniaki, Emmanuel; Ola-Mpumbe, Rilia; Kwete-Mbokama, Papy; Akil-Bandali, Prince; Kacita, Cris; Ponga-Museme, Ange; Mapenzi-Kashali, Nelson; Vakaniaki, Gloria; Kenye, Kelly-Michel; Muyamuna, Elisabeth; Kavira-Bapitani, Sifa; Mukadi, Patrick; OToole, Aine; Tshiani-Mbaya, Olivier; Paku-Tshambu, Princesse; Lokilo-Lofiko, Emmanuel; Muswamba-Kayembe, Chloe; Makangara-Cigolo, Jean-Claude; Cikaya-Kankolongo, Fiston; Luakanda-Ndelemo, Gradi; Lawanga, Leader; Mabika-Bope, Elzedek; Lumembe-Numbi, Raphael; Kabamba-Lungenyi, Gabriel; Citenga, Andre; Kelvin, D. J.; Pratt, Catherine; Ayouba, Ahidjo; Tessema, Sofonias; Mukadi-Bamuleka, Daniel; Jansen, Daan; Halbrook, Megan; Merrit, Sydney; Hensley, Lisa; Delaporte, Eric; Mwamba, Dieudonne; Liesenborghs, Laurens; Hoff, Nicole; Peeters, Martine; Low, Nicola; Rimoin, Anne; Kindrachuk, Jason; Vercauteren, Koen; Rambaut, Andrew; Ahuka-Mundeke, Steve; Muyembe-Tamfum, Jean-Jacques"
PP_004BBTA,Ia,None,Democratic Republic of the Congo,Kinshasa,2025-04-15,187404,0.9184114315269588,2025-10-21,"Amuri-Aziza, Adrienne; Mbala-Kingebeni, Placide; Wawina-Bokalanga, Tony; Kinganda-Lusamaki, Eddy; Pukuta-Simbu, Elisabeth; Hasivirwe-Vakaniaki, Emmanuel; Ola-Mpumbe, Rilia; Kwete-Mbokama, Papy; Akil-Bandali, Prince; Kacita, Cris; Ponga-Museme, Ange; Mapenzi-Kashali, Nelson; Vakaniaki, Gloria; Kenye, Kelly-Michel; Muyamuna, Elisabeth; Kavira-Bapitani, Sifa; Mukadi, Patrick; OToole, Aine; Tshiani-Mbaya, Olivier; Paku-Tshambu, Princesse; Lokilo-Lofiko, Emmanuel; Muswamba-Kayembe, Chloe; Makangara-Cigolo, Jean-Claude; Cikaya-Kankolongo, Fiston; Luakanda-Ndelemo, Gradi; Lawanga, Leader; Mabika-Bope, Elzedek; Lumembe-Numbi, Raphael; Kabamba-Lungenyi, Gabriel; Citenga, Andre; Kelvin, D. J.; Pratt, Catherine; Ayouba, Ahidjo; Tessema, Sofonias; Mukadi-Bamuleka, Daniel; Jansen, Daan; Halbrook, Megan; Merrit, Sydney; Hensley, Lisa; Delaporte, Eric; Mwamba, Dieudonne; Liesenborghs, Laurens; Hoff, Nicole; Peeters, Martine; Low, Nicola; Rimoin, Anne; Kindrachuk, Jason; Vercauteren, Koen; Rambaut, Andrew; Ahuka-Mundeke, Steve; Muyembe-Tamfum, Jean-Jacques"
PP_004BBU8,Ib,A.1,Democratic Republic of the Congo,Kinshasa,2025-04-14,187388,0.8613045043583204,2025-10-21,"Amuri-Aziza, Adrienne; Mbala-Kingebeni, Placide; Wawina-Bokalanga, Tony; Kinganda-Lusamaki, Eddy; Pukuta-Simbu, Elisabeth; Hasivirwe-Vakaniaki, Emmanuel; Ola-Mpumbe, Rilia; Kwete-Mbokama, Papy; Akil-Bandali, Prince; Kacita, Cris; Ponga-Museme, Ange; Mapenzi-Kashali, Nelson; Vakaniaki, Gloria; Kenye, Kelly-Michel; Muyamuna, Elisabeth; Kavira-Bapitani, Sifa; Mukadi, Patrick; OToole, Aine; Tshiani-Mbaya, Olivier; Paku-Tshambu, Princesse; Lokilo-Lofiko, Emmanuel; Muswamba-Kayembe, Chloe; Makangara-Cigolo, Jean-Claude; Cikaya-Kankolongo, Fiston; Luakanda-Ndelemo, Gradi; Lawanga, Leader; Mabika-Bope, Elzedek; Lumembe-Numbi, Raphael; Kabamba-Lungenyi, Gabriel; Citenga, Andre; Kelvin, D. J.; Pratt, Catherine; Ayouba, Ahidjo; Tessema, Sofonias; Mukadi-Bamuleka, Daniel; Jansen, Daan; Halbrook, Megan; Merrit, Sydney; Hensley, Lisa; Delaporte, Eric; Mwamba, Dieudonne; Liesenborghs, Laurens; Hoff, Nicole; Peeters, Martine; Low, Nicola; Rimoin, Anne; Kindrachuk, Jason; Vercauteren, Koen; Rambaut, Andrew; Ahuka-Mundeke, Steve; Muyembe-Tamfum, Jean-Jacques"
PP_004BBV6,Ib,A.1,Democratic Republic of the Congo,Kinshasa,2025-04-10,187381,0.8993656476124314,2025-10-21,"Amuri-Aziza, Adrienne; Mbala-Kingebeni, Placide; Wawina-Bokalanga, Tony; Kinganda-Lusamaki, Eddy; Pukuta-Simbu, Elisabeth; Hasivirwe-Vakaniaki, Emmanuel; Ola-Mpumbe, Rilia; Kwete-Mbokama, Papy; Akil-Bandali, Prince; Kacita, Cris; Ponga-Museme, Ange; Mapenzi-Kashali, Nelson; Vakaniaki, Gloria; Kenye, Kelly-Michel; Muyamuna, Elisabeth; Kavira-Bapitani, Sifa; Mukadi, Patrick; OToole, Aine; Tshiani-Mbaya, Olivier; Paku-Tshambu, Princesse; Lokilo-Lofiko, Emmanuel; Muswamba-Kayembe, Chloe; Makangara-Cigolo, Jean-Claude; Cikaya-Kankolongo, Fiston; Luakanda-Ndelemo, Gradi; Lawanga, Leader; Mabika-Bope, Elzedek; Lumembe-Numbi, Raphael; Kabamba-Lungenyi, Gabriel; Citenga, Andre; Kelvin, D. J.; Pratt, Catherine; Ayouba, Ahidjo; Tessema, Sofonias; Mukadi-Bamuleka, Daniel; Jansen, Daan; Halbrook, Megan; Merrit, Sydney; Hensley, Lisa; Delaporte, Eric; Mwamba, Dieudonne; Liesenborghs, Laurens; Hoff, Nicole; Peeters, Martine; Low, Nicola; Rimoin, Anne; Kindrachuk, Jason; Vercauteren, Koen; Rambaut, Andrew; Ahuka-Mundeke, Steve; Muyembe-Tamfum, Jean-Jacques"
PP_004BBW4,Ib,A.1,Democratic Republic of the Congo,Kinshasa,2025-04-10,187402,0.8703101785415472,2025-10-21,"Amuri-Aziza, Adrienne; Mbala-Kingebeni, Placide; Wawina-Bokalanga, Tony; Kinganda-Lusamaki, Eddy; Pukuta-Simbu, Elisabeth; Hasivirwe-Vakaniaki, Emmanuel; Ola-Mpumbe, Rilia; Kwete-Mbokama, Papy; Akil-Bandali, Prince; Kacita, Cris; Ponga-Museme, Ange; Mapenzi-Kashali, Nelson; Vakaniaki, Gloria; Kenye, Kelly-Michel; Muyamuna, Elisabeth; Kavira-Bapitani, Sifa; Mukadi, Patrick; OToole, Aine; Tshiani-Mbaya, Olivier; Paku-Tshambu, Princesse; Lokilo-Lofiko, Emmanuel; Muswamba-Kayembe, Chloe; Makangara-Cigolo, Jean-Claude; Cikaya-Kankolongo, Fiston; Luakanda-Ndelemo, Gradi; Lawanga, Leader; Mabika-Bope, Elzedek; Lumembe-Numbi, Raphael; Kabamba-Lungenyi, Gabriel; Citenga, Andre; Kelvin, D. J.; Pratt, Catherine; Ayouba, Ahidjo; Tessema, Sofonias; Mukadi-Bamuleka, Daniel; Jansen, Daan; Halbrook, Megan; Merrit, Sydney; Hensley, Lisa; Delaporte, Eric; Mwamba, Dieudonne; Liesenborghs, Laurens; Hoff, Nicole; Peeters, Martine; Low, Nicola; Rimoin, Anne; Kindrachuk, Jason; Vercauteren, Koen; Rambaut, Andrew; Ahuka-Mundeke, Steve; Muyembe-Tamfum, Jean-Jacques"
PP_004BBX2,Ib,A.1,Democratic Republic of the Congo,Kinshasa,2025-04-14,187407,0.9002124649483543,2025-10-21,"Amuri-Aziza, Adrienne; Mbala-Kingebeni, Placide; Wawina-Bokalanga, Tony; Kinganda-Lusamaki, Eddy; Pukuta-Simbu, Elisabeth; Hasivirwe-Vakaniaki, Emmanuel; Ola-Mpumbe, Rilia; Kwete-Mbokama, Papy; Akil-Bandali, Prince; Kacita, Cris; Ponga-Museme, Ange; Mapenzi-Kashali, Nelson; Vakaniaki, Gloria; Kenye, Kelly-Michel; Muyamuna, Elisabeth; Kavira-Bapitani, Sifa; Mukadi, Patrick; OToole, Aine; Tshiani-Mbaya, Olivier; Paku-Tshambu, Princesse; Lokilo-Lofiko, Emmanuel; Muswamba-Kayembe, Chloe; Makangara-Cigolo, Jean-Claude; Cikaya-Kankolongo, Fiston; Luakanda-Ndelemo, Gradi; Lawanga, Leader; Mabika-Bope, Elzedek; Lumembe-Numbi, Raphael; Kabamba-Lungenyi, Gabriel; Citenga, Andre; Kelvin, D. J.; Pratt, Catherine; Ayouba, Ahidjo; Tessema, Sofonias; Mukadi-Bamuleka, Daniel; Jansen, Daan; Halbrook, Megan; Merrit, Sydney; Hensley, Lisa; Delaporte, Eric; Mwamba, Dieudonne; Liesenborghs, Laurens; Hoff, Nicole; Peeters, Martine; Low, Nicola; Rimoin, Anne; Kindrachuk, Jason; Vercauteren, Koen; Rambaut, Andrew; Ahuka-Mundeke, Steve; Muyembe-Tamfum, Jean-Jacques"
PP_004BBY0,Ib,A.1,Democratic Republic of the Congo,Kinshasa,2025-04-14,187418,0.893539341510783,2025-10-21,"Amuri-Aziza, Adrienne; Mbala-Kingebeni, Placide; Wawina-Bokalanga, Tony; Kinganda-Lusamaki, Eddy; Pukuta-Simbu, Elisabeth; Hasivirwe-Vakaniaki, Emmanuel; Ola-Mpumbe, Rilia; Kwete-Mbokama, Papy; Akil-Bandali, Prince; Kacita, Cris; Ponga-Museme, Ange; Mapenzi-Kashali, Nelson; Vakaniaki, Gloria; Kenye, Kelly-Michel; Muyamuna, Elisabeth; Kavira-Bapitani, Sifa; Mukadi, Patrick; OToole, Aine; Tshiani-Mbaya, Olivier; Paku-Tshambu, Princesse; Lokilo-Lofiko, Emmanuel; Muswamba-Kayembe, Chloe; Makangara-Cigolo, Jean-Claude; Cikaya-Kankolongo, Fiston; Luakanda-Ndelemo, Gradi; Lawanga, Leader; Mabika-Bope, Elzedek; Lumembe-Numbi, Raphael; Kabamba-Lungenyi, Gabriel; Citenga, Andre; Kelvin, D. J.; Pratt, Catherine; Ayouba, Ahidjo; Tessema, Sofonias; Mukadi-Bamuleka, Daniel; Jansen, Daan; Halbrook, Megan; Merrit, Sydney; Hensley, Lisa; Delaporte, Eric; Mwamba, Dieudonne; Liesenborghs, Laurens; Hoff, Nicole; Peeters, Martine; Low, Nicola; Rimoin, Anne; Kindrachuk, Jason; Vercauteren, Koen; Rambaut, Andrew; Ahuka-Mundeke, Steve; Muyembe-Tamfum, Jean-Jacques"
PP_004BBZY,Ib,A.1,Democratic Republic of the Congo,Kinshasa,2025-04-15,187411,0.5162543291634764,2025-10-21,"Amuri-Aziza, Adrienne; Mbala-Kingebeni, Placide; Wawina-Bokalanga, Tony; Kinganda-Lusamaki, Eddy; Pukuta-Simbu, Elisabeth; Hasivirwe-Vakaniaki, Emmanuel; Ola-Mpumbe, Rilia; Kwete-Mbokama, Papy; Akil-Bandali, Prince; Kacita, Cris; Ponga-Museme, Ange; Mapenzi-Kashali, Nelson; Vakaniaki, Gloria; Kenye, Kelly-Michel; Muyamuna, Elisabeth; Kavira-Bapitani, Sifa; Mukadi, Patrick; OToole, Aine; Tshiani-Mbaya, Olivier; Paku-Tshambu, Princesse; Lokilo-Lofiko, Emmanuel; Muswamba-Kayembe, Chloe; Makangara-Cigolo, Jean-Claude; Cikaya-Kankolongo, Fiston; Luakanda-Ndelemo, Gradi; Lawanga, Leader; Mabika-Bope, Elzedek; Lumembe-Numbi, Raphael; Kabamba-Lungenyi, Gabriel; Citenga, Andre; Kelvin, D. J.; Pratt, Catherine; Ayouba, Ahidjo; Tessema, Sofonias; Mukadi-Bamuleka, Daniel; Jansen, Daan; Halbrook, Megan; Merrit, Sydney; Hensley, Lisa; Delaporte, Eric; Mwamba, Dieudonne; Liesenborghs, Laurens; Hoff, Nicole; Peeters, Martine; Low, Nicola; Rimoin, Anne; Kindrachuk, Jason; Vercauteren, Koen; Rambaut, Andrew; Ahuka-Mundeke, Steve; Muyembe-Tamfum, Jean-Jacques"
PP_004BC0W,Ib,A.1,Democratic Republic of the Congo,Kinshasa,2025-04-14,187377,0.8512187577646051,2025-10-21,"Amuri-Aziza, Adrienne; Mbala-Kingebeni, Placide; Wawina-Bokalanga, Tony; Kinganda-Lusamaki, Eddy; Pukuta-Simbu, Elisabeth; Hasivirwe-Vakaniaki, Emmanuel; Ola-Mpumbe, Rilia; Kwete-Mbokama, Papy; Akil-Bandali, Prince; Kacita, Cris; Ponga-Museme, Ange; Mapenzi-Kashali, Nelson; Vakaniaki, Gloria; Kenye, Kelly-Michel; Muyamuna, Elisabeth; Kavira-Bapitani, Sifa; Mukadi, Patrick; OToole, Aine; Tshiani-Mbaya, Olivier; Paku-Tshambu, Princesse; Lokilo-Lofiko, Emmanuel; Muswamba-Kayembe, Chloe; Makangara-Cigolo, Jean-Claude; Cikaya-Kankolongo, Fiston; Luakanda-Ndelemo, Gradi; Lawanga, Leader; Mabika-Bope, Elzedek; Lumembe-Numbi, Raphael; Kabamba-Lungenyi, Gabriel; Citenga, Andre; Kelvin, D. J.; Pratt, Catherine; Ayouba, Ahidjo; Tessema, Sofonias; Mukadi-Bamuleka, Daniel; Jansen, Daan; Halbrook, Megan; Merrit, Sydney; Hensley, Lisa; Delaporte, Eric; Mwamba, Dieudonne; Liesenborghs, Laurens; Hoff, Nicole; Peeters, Martine; Low, Nicola; Rimoin, Anne; Kindrachuk, Jason; Vercauteren, Koen; Rambaut, Andrew; Ahuka-Mundeke, Steve; Muyembe-Tamfum, Jean-Jacques"
PP_004BC1U,Ib,A.1,Democratic Republic of the Congo,Kinshasa,2025-04-05,187401,0.9001516157984676,2025-10-21,"Amuri-Aziza, Adrienne; Mbala-Kingebeni, Placide; Wawina-Bokalanga, Tony; Kinganda-Lusamaki, Eddy; Pukuta-Simbu, Elisabeth; Hasivirwe-Vakaniaki, Emmanuel; Ola-Mpumbe, Rilia; Kwete-Mbokama, Papy; Akil-Bandali, Prince; Kacita, Cris; Ponga-Museme, Ange; Mapenzi-Kashali, Nelson; Vakaniaki, Gloria; Kenye, Kelly-Michel; Muyamuna, Elisabeth; Kavira-Bapitani, Sifa; Mukadi, Patrick; OToole, Aine; Tshiani-Mbaya, Olivier; Paku-Tshambu, Princesse; Lokilo-Lofiko, Emmanuel; Muswamba-Kayembe, Chloe; Makangara-Cigolo, Jean-Claude; Cikaya-Kankolongo, Fiston; Luakanda-Ndelemo, Gradi; Lawanga, Leader; Mabika-Bope, Elzedek; Lumembe-Numbi, Raphael; Kabamba-Lungenyi, Gabriel; Citenga, Andre; Kelvin, D. J.; Pratt, Catherine; Ayouba, Ahidjo; Tessema, Sofonias; Mukadi-Bamuleka, Daniel; Jansen, Daan; Halbrook, Megan; Merrit, Sydney; Hensley, Lisa; Delaporte, Eric; Mwamba, Dieudonne; Liesenborghs, Laurens; Hoff, Nicole; Peeters, Martine; Low, Nicola; Rimoin, Anne; Kindrachuk, Jason; Vercauteren, Koen; Rambaut, Andrew; Ahuka-Mundeke, Steve; Muyembe-Tamfum, Jean-Jacques"
PP_004BC2S,Ib,A.1,Democratic Republic of the Congo,Kinshasa,2025-04-15,187406,0.8988991374633003,2025-10-21,"Amuri-Aziza, Adrienne; Mbala-Kingebeni, Placide; Wawina-Bokalanga, Tony; Kinganda-Lusamaki, Eddy; Pukuta-Simbu, Elisabeth; Hasivirwe-Vakaniaki, Emmanuel; Ola-Mpumbe, Rilia; Kwete-Mbokama, Papy; Akil-Bandali, Prince; Kacita, Cris; Ponga-Museme, Ange; Mapenzi-Kashali, Nelson; Vakaniaki, Gloria; Kenye, Kelly-Michel; Muyamuna, Elisabeth; Kavira-Bapitani, Sifa; Mukadi, Patrick; OToole, Aine; Tshiani-Mbaya, Olivier; Paku-Tshambu, Princesse; Lokilo-Lofiko, Emmanuel; Muswamba-Kayembe, Chloe; Makangara-Cigolo, Jean-Claude; Cikaya-Kankolongo, Fiston; Luakanda-Ndelemo, Gradi; Lawanga, Leader; Mabika-Bope, Elzedek; Lumembe-Numbi, Raphael; Kabamba-Lungenyi, Gabriel; Citenga, Andre; Kelvin, D. J.; Pratt, Catherine; Ayouba, Ahidjo; Tessema, Sofonias; Mukadi-Bamuleka, Daniel; Jansen, Daan; Halbrook, Megan; Merrit, Sydney; Hensley, Lisa; Delaporte, Eric; Mwamba, Dieudonne; Liesenborghs, Laurens; Hoff, Nicole; Peeters, Martine; Low, Nicola; Rimoin, Anne; Kindrachuk, Jason; Vercauteren, Koen; Rambaut, Andrew; Ahuka-Mundeke, Steve; Muyembe-Tamfum, Jean-Jacques"
PP_004BC3Q,Ia,None,Democratic Republic of the Congo,Mongala,2025-04-18,187437,0.9157644935068886,2025-10-21,"Mapenzi-Kashali, Nelson; Citenga, Andre; Mbala-Kingebeni, Placide; Wawina-Bokalanga, Tony; Kinganda-Lusamaki, Eddy; Pukuta-Simbu, Elisabeth; Hasivirwe-Vakaniaki, Emmanuel; Ola-Mpumbe, Rilia; Kwete-Mbokama, Papy; Akil-Bandali, Prince; Kacita, Cris; Ponga-Museme, Ange; Vakaniaki, Gloria; Amuri-Aziza, Adrienne; Kenye, Kelly-Michel; Muyamuna, Elisabeth; Kavira-Bapitani, Sifa; Mukadi, Patrick; OToole, Aine; Tshiani-Mbaya, Olivier; Paku-Tshambu, Princesse; Lokilo-Lofiko, Emmanuel; Muswamba-Kayembe, Chloe; Makangara-Cigolo, Jean-Claude; Cikaya-Kankolongo, Fiston; Luakanda-Ndelemo, Gradi; Lawanga, Leader; Mabika-Bope, Elzedek; Lumembe-Numbi, Raphael; Kabamba-Lungenyi, Gabriel; Kelvin, D. J.; Pratt, Catherine; Ayouba, Ahidjo; Tessema, Sofonias; Mukadi-Bamuleka, Daniel; Jansen, Daan; Halbrook, Megan; Merrit, Sydney; Hensley, Lisa; Delaporte, Eric; Mwamba, Dieudonne; Liesenborghs, Laurens; Hoff, Nicole; Peeters, Martine; Low, Nicola; Rimoin, Anne; Kindrachuk, Jason; Vercauteren, Koen; Rambaut, Andrew; Ahuka-Mundeke, Steve; Muyembe-Tamfum, Jean-Jacques"
PP_004BC4N,Ia,None,Democratic Republic of the Congo,Mongala,2025-04-18,187437,0.9182288840772987,2025-10-21,"Mapenzi-Kashali, Nelson; Citenga, Andre; Mbala-Kingebeni, Placide; Wawina-Bokalanga, Tony; Kinganda-Lusamaki, Eddy; Pukuta-Simbu, Elisabeth; Hasivirwe-Vakaniaki, Emmanuel; Ola-Mpumbe, Rilia; Kwete-Mbokama, Papy; Akil-Bandali, Prince; Kacita, Cris; Ponga-Museme, Ange; Vakaniaki, Gloria; Amuri-Aziza, Adrienne; Kenye, Kelly-Michel; Muyamuna, Elisabeth; Kavira-Bapitani, Sifa; Mukadi, Patrick; OToole, Aine; Tshiani-Mbaya, Olivier; Paku-Tshambu, Princesse; Lokilo-Lofiko, Emmanuel; Muswamba-Kayembe, Chloe; Makangara-Cigolo, Jean-Claude; Cikaya-Kankolongo, Fiston; Luakanda-Ndelemo, Gradi; Lawanga, Leader; Mabika-Bope, Elzedek; Lumembe-Numbi, Raphael; Kabamba-Lungenyi, Gabriel; Kelvin, D. J.; Pratt, Catherine; Ayouba, Ahidjo; Tessema, Sofonias; Mukadi-Bamuleka, Daniel; Jansen, Daan; Halbrook, Megan; Merrit, Sydney; Hensley, Lisa; Delaporte, Eric; Mwamba, Dieudonne; Liesenborghs, Laurens; Hoff, Nicole; Peeters, Martine; Low, Nicola; Rimoin, Anne; Kindrachuk, Jason; Vercauteren, Koen; Rambaut, Andrew; Ahuka-Mundeke, Steve; Muyembe-Tamfum, Jean-Jacques"
PP_004BC5L,Ia,None,Democratic Republic of the Congo,Mongala,2025-04-18,187435,0.9042386503658556,2025-10-21,"Mapenzi-Kashali, Nelson; Citenga, Andre; Mbala-Kingebeni, Placide; Wawina-Bokalanga, Tony; Kinganda-Lusamaki, Eddy; Pukuta-Simbu, Elisabeth; Hasivirwe-Vakaniaki, Emmanuel; Ola-Mpumbe, Rilia; Kwete-Mbokama, Papy; Akil-Bandali, Prince; Kacita, Cris; Ponga-Museme, Ange; Vakaniaki, Gloria; Amuri-Aziza, Adrienne; Kenye, Kelly-Michel; Muyamuna, Elisabeth; Kavira-Bapitani, Sifa; Mukadi, Patrick; OToole, Aine; Tshiani-Mbaya, Olivier; Paku-Tshambu, Princesse; Lokilo-Lofiko, Emmanuel; Muswamba-Kayembe, Chloe; Makangara-Cigolo, Jean-Claude; Cikaya-Kankolongo, Fiston; Luakanda-Ndelemo, Gradi; Lawanga, Leader; Mabika-Bope, Elzedek; Lumembe-Numbi, Raphael; Kabamba-Lungenyi, Gabriel; Kelvin, D. J.; Pratt, Catherine; Ayouba, Ahidjo; Tessema, Sofonias; Mukadi-Bamuleka, Daniel; Jansen, Daan; Halbrook, Megan; Merrit, Sydney; Hensley, Lisa; Delaporte, Eric; Mwamba, Dieudonne; Liesenborghs, Laurens; Hoff, Nicole; Peeters, Martine; Low, Nicola; Rimoin, Anne; Kindrachuk, Jason; Vercauteren, Koen; Rambaut, Andrew; Ahuka-Mundeke, Steve; Muyembe-Tamfum, Jean-Jacques"
PP_004BC6J,Ia,None,Democratic Republic of the Congo,Mongala,2025-04-18,187442,0.903194073292801,2025-10-21,"Mapenzi-Kashali, Nelson; Citenga, Andre; Mbala-Kingebeni, Placide; Wawina-Bokalanga, Tony; Kinganda-Lusamaki, Eddy; Pukuta-Simbu, Elisabeth; Hasivirwe-Vakaniaki, Emmanuel; Ola-Mpumbe, Rilia; Kwete-Mbokama, Papy; Akil-Bandali, Prince; Kacita, Cris; Ponga-Museme, Ange; Vakaniaki, Gloria; Amuri-Aziza, Adrienne; Kenye, Kelly-Michel; Muyamuna, Elisabeth; Kavira-Bapitani, Sifa; Mukadi, Patrick; OToole, Aine; Tshiani-Mbaya, Olivier; Paku-Tshambu, Princesse; Lokilo-Lofiko, Emmanuel; Muswamba-Kayembe, Chloe; Makangara-Cigolo, Jean-Claude; Cikaya-Kankolongo, Fiston; Luakanda-Ndelemo, Gradi; Lawanga, Leader; Mabika-Bope, Elzedek; Lumembe-Numbi, Raphael; Kabamba-Lungenyi, Gabriel; Kelvin, D. J.; Pratt, Catherine; Ayouba, Ahidjo; Tessema, Sofonias; Mukadi-Bamuleka, Daniel; Jansen, Daan; Halbrook, Megan; Merrit, Sydney; Hensley, Lisa; Delaporte, Eric; Mwamba, Dieudonne; Liesenborghs, Laurens; Hoff, Nicole; Peeters, Martine; Low, Nicola; Rimoin, Anne; Kindrachuk, Jason; Vercauteren, Koen; Rambaut, Andrew; Ahuka-Mundeke, Steve; Muyembe-Tamfum, Jean-Jacques"
PP_004BC7G,Ia,None,Democratic Republic of the Congo,Mongala,2025-04-15,187439,0.917949992140318,2025-10-21,"Mapenzi-Kashali, Nelson; Citenga, Andre; Mbala-Kingebeni, Placide; Wawina-Bokalanga, Tony; Kinganda-Lusamaki, Eddy; Pukuta-Simbu, Elisabeth; Hasivirwe-Vakaniaki, Emmanuel; Ola-Mpumbe, Rilia; Kwete-Mbokama, Papy; Akil-Bandali, Prince; Kacita, Cris; Ponga-Museme, Ange; Vakaniaki, Gloria; Amuri-Aziza, Adrienne; Kenye, Kelly-Michel; Muyamuna, Elisabeth; Kavira-Bapitani, Sifa; Mukadi, Patrick; OToole, Aine; Tshiani-Mbaya, Olivier; Paku-Tshambu, Princesse; Lokilo-Lofiko, Emmanuel; Muswamba-Kayembe, Chloe; Makangara-Cigolo, Jean-Claude; Cikaya-Kankolongo, Fiston; Luakanda-Ndelemo, Gradi; Lawanga, Leader; Mabika-Bope, Elzedek; Lumembe-Numbi, Raphael; Kabamba-Lungenyi, Gabriel; Kelvin, D. J.; Pratt, Catherine; Ayouba, Ahidjo; Tessema, Sofonias; Mukadi-Bamuleka, Daniel; Jansen, Daan; Halbrook, Megan; Merrit, Sydney; Hensley, Lisa; Delaporte, Eric; Mwamba, Dieudonne; Liesenborghs, Laurens; Hoff, Nicole; Peeters, Martine; Low, Nicola; Rimoin, Anne; Kindrachuk, Jason; Vercauteren, Koen; Rambaut, Andrew; Ahuka-Mundeke, Steve; Muyembe-Tamfum, Jean-Jacques"
PP_004BC8E,Ia,None,Democratic Republic of the Congo,Mongala,2025-04-15,187430,0.9175950387659793,2025-10-21,"Mapenzi-Kashali, Nelson; Citenga, Andre; Mbala-Kingebeni, Placide; Wawina-Bokalanga, Tony; Kinganda-Lusamaki, Eddy; Pukuta-Simbu, Elisabeth; Hasivirwe-Vakaniaki, Emmanuel; Ola-Mpumbe, Rilia; Kwete-Mbokama, Papy; Akil-Bandali, Prince; Kacita, Cris; Ponga-Museme, Ange; Vakaniaki, Gloria; Amuri-Aziza, Adrienne; Kenye, Kelly-Michel; Muyamuna, Elisabeth; Kavira-Bapitani, Sifa; Mukadi, Patrick; OToole, Aine; Tshiani-Mbaya, Olivier; Paku-Tshambu, Princesse; Lokilo-Lofiko, Emmanuel; Muswamba-Kayembe, Chloe; Makangara-Cigolo, Jean-Claude; Cikaya-Kankolongo, Fiston; Luakanda-Ndelemo, Gradi; Lawanga, Leader; Mabika-Bope, Elzedek; Lumembe-Numbi, Raphael; Kabamba-Lungenyi, Gabriel; Kelvin, D. J.; Pratt, Catherine; Ayouba, Ahidjo; Tessema, Sofonias; Mukadi-Bamuleka, Daniel; Jansen, Daan; Halbrook, Megan; Merrit, Sydney; Hensley, Lisa; Delaporte, Eric; Mwamba, Dieudonne; Liesenborghs, Laurens; Hoff, Nicole; Peeters, Martine; Low, Nicola; Rimoin, Anne; Kindrachuk, Jason; Vercauteren, Koen; Rambaut, Andrew; Ahuka-Mundeke, Steve; Muyembe-Tamfum, Jean-Jacques"
PP_004BC9C,Ia,None,Democratic Republic of the Congo,Mongala,2025-04-15,187417,0.5086583269526239,2025-10-21,"Mapenzi-Kashali, Nelson; Citenga, Andre; Mbala-Kingebeni, Placide; Wawina-Bokalanga, Tony; Kinganda-Lusamaki, Eddy; Pukuta-Simbu, Elisabeth; Hasivirwe-Vakaniaki, Emmanuel; Ola-Mpumbe, Rilia; Kwete-Mbokama, Papy; Akil-Bandali, Prince; Kacita, Cris; Ponga-Museme, Ange; Vakaniaki, Gloria; Amuri-Aziza, Adrienne; Kenye, Kelly-Michel; Muyamuna, Elisabeth; Kavira-Bapitani, Sifa; Mukadi, Patrick; OToole, Aine; Tshiani-Mbaya, Olivier; Paku-Tshambu, Princesse; Lokilo-Lofiko, Emmanuel; Muswamba-Kayembe, Chloe; Makangara-Cigolo, Jean-Claude; Cikaya-Kankolongo, Fiston; Luakanda-Ndelemo, Gradi; Lawanga, Leader; Mabika-Bope, Elzedek; Lumembe-Numbi, Raphael; Kabamba-Lungenyi, Gabriel; Kelvin, D. J.; Pratt, Catherine; Ayouba, Ahidjo; Tessema, Sofonias; Mukadi-Bamuleka, Daniel; Jansen, Daan; Halbrook, Megan; Merrit, Sydney; Hensley, Lisa; Delaporte, Eric; Mwamba, Dieudonne; Liesenborghs, Laurens; Hoff, Nicole; Peeters, Martine; Low, Nicola; Rimoin, Anne; Kindrachuk, Jason; Vercauteren, Koen; Rambaut, Andrew; Ahuka-Mundeke, Steve; Muyembe-Tamfum, Jean-Jacques"
PP_004BCAA,Ia,None,Democratic Republic of the Congo,Mongala,2025-04-15,187416,0.9182491671272608,2025-10-21,"Mapenzi-Kashali, Nelson; Citenga, Andre; Mbala-Kingebeni, Placide; Wawina-Bokalanga, Tony; Kinganda-Lusamaki, Eddy; Pukuta-Simbu, Elisabeth; Hasivirwe-Vakaniaki, Emmanuel; Ola-Mpumbe, Rilia; Kwete-Mbokama, Papy; Akil-Bandali, Prince; Kacita, Cris; Ponga-Museme, Ange; Vakaniaki, Gloria; Amuri-Aziza, Adrienne; Kenye, Kelly-Michel; Muyamuna, Elisabeth; Kavira-Bapitani, Sifa; Mukadi, Patrick; OToole, Aine; Tshiani-Mbaya, Olivier; Paku-Tshambu, Princesse; Lokilo-Lofiko, Emmanuel; Muswamba-Kayembe, Chloe; Makangara-Cigolo, Jean-Claude; Cikaya-Kankolongo, Fiston; Luakanda-Ndelemo, Gradi; Lawanga, Leader; Mabika-Bope, Elzedek; Lumembe-Numbi, Raphael; Kabamba-Lungenyi, Gabriel; Kelvin, D. J.; Pratt, Catherine; Ayouba, Ahidjo; Tessema, Sofonias; Mukadi-Bamuleka, Daniel; Jansen, Daan; Halbrook, Megan; Merrit, Sydney; Hensley, Lisa; Delaporte, Eric; Mwamba, Dieudonne; Liesenborghs, Laurens; Hoff, Nicole; Peeters, Martine; Low, Nicola; Rimoin, Anne; Kindrachuk, Jason; Vercauteren, Koen; Rambaut, Andrew; Ahuka-Mundeke, Steve; Muyembe-Tamfum, Jean-Jacques"
PP_004BCB8,Ia,None,Democratic Republic of the Congo,Mongala,2025-04-15,187418,0.8516599141012834,2025-10-21,"Mapenzi-Kashali, Nelson; Citenga, Andre; Mbala-Kingebeni, Placide; Wawina-Bokalanga, Tony; Kinganda-Lusamaki, Eddy; Pukuta-Simbu, Elisabeth; Hasivirwe-Vakaniaki, Emmanuel; Ola-Mpumbe, Rilia; Kwete-Mbokama, Papy; Akil-Bandali, Prince; Kacita, Cris; Ponga-Museme, Ange; Vakaniaki, Gloria; Amuri-Aziza, Adrienne; Kenye, Kelly-Michel; Muyamuna, Elisabeth; Kavira-Bapitani, Sifa; Mukadi, Patrick; OToole, Aine; Tshiani-Mbaya, Olivier; Paku-Tshambu, Princesse; Lokilo-Lofiko, Emmanuel; Muswamba-Kayembe, Chloe; Makangara-Cigolo, Jean-Claude; Cikaya-Kankolongo, Fiston; Luakanda-Ndelemo, Gradi; Lawanga, Leader; Mabika-Bope, Elzedek; Lumembe-Numbi, Raphael; Kabamba-Lungenyi, Gabriel; Kelvin, D. J.; Pratt, Catherine; Ayouba, Ahidjo; Tessema, Sofonias; Mukadi-Bamuleka, Daniel; Jansen, Daan; Halbrook, Megan; Merrit, Sydney; Hensley, Lisa; Delaporte, Eric; Mwamba, Dieudonne; Liesenborghs, Laurens; Hoff, Nicole; Peeters, Martine; Low, Nicola; Rimoin, Anne; Kindrachuk, Jason; Vercauteren, Koen; Rambaut, Andrew; Ahuka-Mundeke, Steve; Muyembe-Tamfum, Jean-Jacques"
PP_004BCC6,Ia,None,Democratic Republic of the Congo,Mongala,2025-04-15,187416,0.915064728283192,2025-10-21,"Mapenzi-Kashali, Nelson; Citenga, Andre; Mbala-Kingebeni, Placide; Wawina-Bokalanga, Tony; Kinganda-Lusamaki, Eddy; Pukuta-Simbu, Elisabeth; Hasivirwe-Vakaniaki, Emmanuel; Ola-Mpumbe, Rilia; Kwete-Mbokama, Papy; Akil-Bandali, Prince; Kacita, Cris; Ponga-Museme, Ange; Vakaniaki, Gloria; Amuri-Aziza, Adrienne; Kenye, Kelly-Michel; Muyamuna, Elisabeth; Kavira-Bapitani, Sifa; Mukadi, Patrick; OToole, Aine; Tshiani-Mbaya, Olivier; Paku-Tshambu, Princesse; Lokilo-Lofiko, Emmanuel; Muswamba-Kayembe, Chloe; Makangara-Cigolo, Jean-Claude; Cikaya-Kankolongo, Fiston; Luakanda-Ndelemo, Gradi; Lawanga, Leader; Mabika-Bope, Elzedek; Lumembe-Numbi, Raphael; Kabamba-Lungenyi, Gabriel; Kelvin, D. J.; Pratt, Catherine; Ayouba, Ahidjo; Tessema, Sofonias; Mukadi-Bamuleka, Daniel; Jansen, Daan; Halbrook, Megan; Merrit, Sydney; Hensley, Lisa; Delaporte, Eric; Mwamba, Dieudonne; Liesenborghs, Laurens; Hoff, Nicole; Peeters, Martine; Low, Nicola; Rimoin, Anne; Kindrachuk, Jason; Vercauteren, Koen; Rambaut, Andrew; Ahuka-Mundeke, Steve; Muyembe-Tamfum, Jean-Jacques"
PP_004BCD4,Ia,None,Democratic Republic of the Congo,Mongala,2025-04-15,187429,0.9072658955727172,2025-10-21,"Mapenzi-Kashali, Nelson; Citenga, Andre; Mbala-Kingebeni, Placide; Wawina-Bokalanga, Tony; Kinganda-Lusamaki, Eddy; Pukuta-Simbu, Elisabeth; Hasivirwe-Vakaniaki, Emmanuel; Ola-Mpumbe, Rilia; Kwete-Mbokama, Papy; Akil-Bandali, Prince; Kacita, Cris; Ponga-Museme, Ange; Vakaniaki, Gloria; Amuri-Aziza, Adrienne; Kenye, Kelly-Michel; Muyamuna, Elisabeth; Kavira-Bapitani, Sifa; Mukadi, Patrick; OToole, Aine; Tshiani-Mbaya, Olivier; Paku-Tshambu, Princesse; Lokilo-Lofiko, Emmanuel; Muswamba-Kayembe, Chloe; Makangara-Cigolo, Jean-Claude; Cikaya-Kankolongo, Fiston; Luakanda-Ndelemo, Gradi; Lawanga, Leader; Mabika-Bope, Elzedek; Lumembe-Numbi, Raphael; Kabamba-Lungenyi, Gabriel; Kelvin, D. J.; Pratt, Catherine; Ayouba, Ahidjo; Tessema, Sofonias; Mukadi-Bamuleka, Daniel; Jansen, Daan; Halbrook, Megan; Merrit, Sydney; Hensley, Lisa; Delaporte, Eric; Mwamba, Dieudonne; Liesenborghs, Laurens; Hoff, Nicole; Peeters, Martine; Low, Nicola; Rimoin, Anne; Kindrachuk, Jason; Vercauteren, Koen; Rambaut, Andrew; Ahuka-Mundeke, Steve; Muyembe-Tamfum, Jean-Jacques"
PP_004BCE2,Ia,None,Democratic Republic of the Congo,Kinshasa,2025-04-17,187406,0.9085082323829036,2025-10-21,"Amuri-Aziza, Adrienne; Mbala-Kingebeni, Placide; Wawina-Bokalanga, Tony; Kinganda-Lusamaki, Eddy; Pukuta-Simbu, Elisabeth; Hasivirwe-Vakaniaki, Emmanuel; Ola-Mpumbe, Rilia; Kwete-Mbokama, Papy; Akil-Bandali, Prince; Kacita, Cris; Ponga-Museme, Ange; Mapenzi-Kashali, Nelson; Vakaniaki, Gloria; Kenye, Kelly-Michel; Muyamuna, Elisabeth; Kavira-Bapitani, Sifa; Mukadi, Patrick; OToole, Aine; Tshiani-Mbaya, Olivier; Paku-Tshambu, Princesse; Lokilo-Lofiko, Emmanuel; Muswamba-Kayembe, Chloe; Makangara-Cigolo, Jean-Claude; Cikaya-Kankolongo, Fiston; Luakanda-Ndelemo, Gradi; Lawanga, Leader; Mabika-Bope, Elzedek; Lumembe-Numbi, Raphael; Kabamba-Lungenyi, Gabriel; Citenga, Andre; Kelvin, D. J.; Pratt, Catherine; Ayouba, Ahidjo; Tessema, Sofonias; Mukadi-Bamuleka, Daniel; Jansen, Daan; Halbrook, Megan; Merrit, Sydney; Hensley, Lisa; Delaporte, Eric; Mwamba, Dieudonne; Liesenborghs, Laurens; Hoff, Nicole; Peeters, Martine; Low, Nicola; Rimoin, Anne; Kindrachuk, Jason; Vercauteren, Koen; Rambaut, Andrew; Ahuka-Mundeke, Steve; Muyembe-Tamfum, Jean-Jacques"
PP_004BCF0,Ia,None,Democratic Republic of the Congo,Kinshasa,2025-04-17,187431,0.9106734479663708,2025-10-21,"Amuri-Aziza, Adrienne; Mbala-Kingebeni, Placide; Wawina-Bokalanga, Tony; Kinganda-Lusamaki, Eddy; Pukuta-Simbu, Elisabeth; Hasivirwe-Vakaniaki, Emmanuel; Ola-Mpumbe, Rilia; Kwete-Mbokama, Papy; Akil-Bandali, Prince; Kacita, Cris; Ponga-Museme, Ange; Mapenzi-Kashali, Nelson; Vakaniaki, Gloria; Kenye, Kelly-Michel; Muyamuna, Elisabeth; Kavira-Bapitani, Sifa; Mukadi, Patrick; OToole, Aine; Tshiani-Mbaya, Olivier; Paku-Tshambu, Princesse; Lokilo-Lofiko, Emmanuel; Muswamba-Kayembe, Chloe; Makangara-Cigolo, Jean-Claude; Cikaya-Kankolongo, Fiston; Luakanda-Ndelemo, Gradi; Lawanga, Leader; Mabika-Bope, Elzedek; Lumembe-Numbi, Raphael; Kabamba-Lungenyi, Gabriel; Citenga, Andre; Kelvin, D. J.; Pratt, Catherine; Ayouba, Ahidjo; Tessema, Sofonias; Mukadi-Bamuleka, Daniel; Jansen, Daan; Halbrook, Megan; Merrit, Sydney; Hensley, Lisa; Delaporte, Eric; Mwamba, Dieudonne; Liesenborghs, Laurens; Hoff, Nicole; Peeters, Martine; Low, Nicola; Rimoin, Anne; Kindrachuk, Jason; Vercauteren, Koen; Rambaut, Andrew; Ahuka-Mundeke, Steve; Muyembe-Tamfum, Jean-Jacques"
PP_004BCGY,Ia,None,Democratic Republic of the Congo,Kinshasa,2025-04-17,187420,0.8933466525361419,2025-10-21,"Amuri-Aziza, Adrienne; Mbala-Kingebeni, Placide; Wawina-Bokalanga, Tony; Kinganda-Lusamaki, Eddy; Pukuta-Simbu, Elisabeth; Hasivirwe-Vakaniaki, Emmanuel; Ola-Mpumbe, Rilia; Kwete-Mbokama, Papy; Akil-Bandali, Prince; Kacita, Cris; Ponga-Museme, Ange; Mapenzi-Kashali, Nelson; Vakaniaki, Gloria; Kenye, Kelly-Michel; Muyamuna, Elisabeth; Kavira-Bapitani, Sifa; Mukadi, Patrick; OToole, Aine; Tshiani-Mbaya, Olivier; Paku-Tshambu, Princesse; Lokilo-Lofiko, Emmanuel; Muswamba-Kayembe, Chloe; Makangara-Cigolo, Jean-Claude; Cikaya-Kankolongo, Fiston; Luakanda-Ndelemo, Gradi; Lawanga, Leader; Mabika-Bope, Elzedek; Lumembe-Numbi, Raphael; Kabamba-Lungenyi, Gabriel; Citenga, Andre; Kelvin, D. J.; Pratt, Catherine; Ayouba, Ahidjo; Tessema, Sofonias; Mukadi-Bamuleka, Daniel; Jansen, Daan; Halbrook, Megan; Merrit, Sydney; Hensley, Lisa; Delaporte, Eric; Mwamba, Dieudonne; Liesenborghs, Laurens; Hoff, Nicole; Peeters, Martine; Low, Nicola; Rimoin, Anne; Kindrachuk, Jason; Vercauteren, Koen; Rambaut, Andrew; Ahuka-Mundeke, Steve; Muyembe-Tamfum, Jean-Jacques"
PP_004BCHV,Ia,None,Democratic Republic of the Congo,Kinshasa,2025-04-17,187414,0.888803249344604,2025-10-21,"Amuri-Aziza, Adrienne; Mbala-Kingebeni, Placide; Wawina-Bokalanga, Tony; Kinganda-Lusamaki, Eddy; Pukuta-Simbu, Elisabeth; Hasivirwe-Vakaniaki, Emmanuel; Ola-Mpumbe, Rilia; Kwete-Mbokama, Papy; Akil-Bandali, Prince; Kacita, Cris; Ponga-Museme, Ange; Mapenzi-Kashali, Nelson; Vakaniaki, Gloria; Kenye, Kelly-Michel; Muyamuna, Elisabeth; Kavira-Bapitani, Sifa; Mukadi, Patrick; OToole, Aine; Tshiani-Mbaya, Olivier; Paku-Tshambu, Princesse; Lokilo-Lofiko, Emmanuel; Muswamba-Kayembe, Chloe; Makangara-Cigolo, Jean-Claude; Cikaya-Kankolongo, Fiston; Luakanda-Ndelemo, Gradi; Lawanga, Leader; Mabika-Bope, Elzedek; Lumembe-Numbi, Raphael; Kabamba-Lungenyi, Gabriel; Citenga, Andre; Kelvin, D. J.; Pratt, Catherine; Ayouba, Ahidjo; Tessema, Sofonias; Mukadi-Bamuleka, Daniel; Jansen, Daan; Halbrook, Megan; Merrit, Sydney; Hensley, Lisa; Delaporte, Eric; Mwamba, Dieudonne; Liesenborghs, Laurens; Hoff, Nicole; Peeters, Martine; Low, Nicola; Rimoin, Anne; Kindrachuk, Jason; Vercauteren, Koen; Rambaut, Andrew; Ahuka-Mundeke, Steve; Muyembe-Tamfum, Jean-Jacques"
PP_004BCJT,Ia,None,Democratic Republic of the Congo,Kinshasa,2025-04-06,187414,0.8516294895263401,2025-10-21,"Amuri-Aziza, Adrienne; Mbala-Kingebeni, Placide; Wawina-Bokalanga, Tony; Kinganda-Lusamaki, Eddy; Pukuta-Simbu, Elisabeth; Hasivirwe-Vakaniaki, Emmanuel; Ola-Mpumbe, Rilia; Kwete-Mbokama, Papy; Akil-Bandali, Prince; Kacita, Cris; Ponga-Museme, Ange; Mapenzi-Kashali, Nelson; Vakaniaki, Gloria; Kenye, Kelly-Michel; Muyamuna, Elisabeth; Kavira-Bapitani, Sifa; Mukadi, Patrick; OToole, Aine; Tshiani-Mbaya, Olivier; Paku-Tshambu, Princesse; Lokilo-Lofiko, Emmanuel; Muswamba-Kayembe, Chloe; Makangara-Cigolo, Jean-Claude; Cikaya-Kankolongo, Fiston; Luakanda-Ndelemo, Gradi; Lawanga, Leader; Mabika-Bope, Elzedek; Lumembe-Numbi, Raphael; Kabamba-Lungenyi, Gabriel; Citenga, Andre; Kelvin, D. J.; Pratt, Catherine; Ayouba, Ahidjo; Tessema, Sofonias; Mukadi-Bamuleka, Daniel; Jansen, Daan; Halbrook, Megan; Merrit, Sydney; Hensley, Lisa; Delaporte, Eric; Mwamba, Dieudonne; Liesenborghs, Laurens; Hoff, Nicole; Peeters, Martine; Low, Nicola; Rimoin, Anne; Kindrachuk, Jason; Vercauteren, Koen; Rambaut, Andrew; Ahuka-Mundeke, Steve; Muyembe-Tamfum, Jean-Jacques"
PP_004BCKR,Ia,None,Democratic Republic of the Congo,Kinshasa,2025-04-17,187430,0.9103083530670508,2025-10-21,"Amuri-Aziza, Adrienne; Mbala-Kingebeni, Placide; Wawina-Bokalanga, Tony; Kinganda-Lusamaki, Eddy; Pukuta-Simbu, Elisabeth; Hasivirwe-Vakaniaki, Emmanuel; Ola-Mpumbe, Rilia; Kwete-Mbokama, Papy; Akil-Bandali, Prince; Kacita, Cris; Ponga-Museme, Ange; Mapenzi-Kashali, Nelson; Vakaniaki, Gloria; Kenye, Kelly-Michel; Muyamuna, Elisabeth; Kavira-Bapitani, Sifa; Mukadi, Patrick; OToole, Aine; Tshiani-Mbaya, Olivier; Paku-Tshambu, Princesse; Lokilo-Lofiko, Emmanuel; Muswamba-Kayembe, Chloe; Makangara-Cigolo, Jean-Claude; Cikaya-Kankolongo, Fiston; Luakanda-Ndelemo, Gradi; Lawanga, Leader; Mabika-Bope, Elzedek; Lumembe-Numbi, Raphael; Kabamba-Lungenyi, Gabriel; Citenga, Andre; Kelvin, D. J.; Pratt, Catherine; Ayouba, Ahidjo; Tessema, Sofonias; Mukadi-Bamuleka, Daniel; Jansen, Daan; Halbrook, Megan; Merrit, Sydney; Hensley, Lisa; Delaporte, Eric; Mwamba, Dieudonne; Liesenborghs, Laurens; Hoff, Nicole; Peeters, Martine; Low, Nicola; Rimoin, Anne; Kindrachuk, Jason; Vercauteren, Koen; Rambaut, Andrew; Ahuka-Mundeke, Steve; Muyembe-Tamfum, Jean-Jacques"
PP_004BCLP,Ia,None,Democratic Republic of the Congo,Kinshasa,2025-04-17,187419,0.9063125922244928,2025-10-21,"Amuri-Aziza, Adrienne; Mbala-Kingebeni, Placide; Wawina-Bokalanga, Tony; Kinganda-Lusamaki, Eddy; Pukuta-Simbu, Elisabeth; Hasivirwe-Vakaniaki, Emmanuel; Ola-Mpumbe, Rilia; Kwete-Mbokama, Papy; Akil-Bandali, Prince; Kacita, Cris; Ponga-Museme, Ange; Mapenzi-Kashali, Nelson; Vakaniaki, Gloria; Kenye, Kelly-Michel; Muyamuna, Elisabeth; Kavira-Bapitani, Sifa; Mukadi, Patrick; OToole, Aine; Tshiani-Mbaya, Olivier; Paku-Tshambu, Princesse; Lokilo-Lofiko, Emmanuel; Muswamba-Kayembe, Chloe; Makangara-Cigolo, Jean-Claude; Cikaya-Kankolongo, Fiston; Luakanda-Ndelemo, Gradi; Lawanga, Leader; Mabika-Bope, Elzedek; Lumembe-Numbi, Raphael; Kabamba-Lungenyi, Gabriel; Citenga, Andre; Kelvin, D. J.; Pratt, Catherine; Ayouba, Ahidjo; Tessema, Sofonias; Mukadi-Bamuleka, Daniel; Jansen, Daan; Halbrook, Megan; Merrit, Sydney; Hensley, Lisa; Delaporte, Eric; Mwamba, Dieudonne; Liesenborghs, Laurens; Hoff, Nicole; Peeters, Martine; Low, Nicola; Rimoin, Anne; Kindrachuk, Jason; Vercauteren, Koen; Rambaut, Andrew; Ahuka-Mundeke, Steve; Muyembe-Tamfum, Jean-Jacques"
PP_004BCMM,Ia,None,Democratic Republic of the Congo,Kinshasa,2025-04-17,187430,0.910658235678899,2025-10-21,"Amuri-Aziza, Adrienne; Mbala-Kingebeni, Placide; Wawina-Bokalanga, Tony; Kinganda-Lusamaki, Eddy; Pukuta-Simbu, Elisabeth; Hasivirwe-Vakaniaki, Emmanuel; Ola-Mpumbe, Rilia; Kwete-Mbokama, Papy; Akil-Bandali, Prince; Kacita, Cris; Ponga-Museme, Ange; Mapenzi-Kashali, Nelson; Vakaniaki, Gloria; Kenye, Kelly-Michel; Muyamuna, Elisabeth; Kavira-Bapitani, Sifa; Mukadi, Patrick; OToole, Aine; Tshiani-Mbaya, Olivier; Paku-Tshambu, Princesse; Lokilo-Lofiko, Emmanuel; Muswamba-Kayembe, Chloe; Makangara-Cigolo, Jean-Claude; Cikaya-Kankolongo, Fiston; Luakanda-Ndelemo, Gradi; Lawanga, Leader; Mabika-Bope, Elzedek; Lumembe-Numbi, Raphael; Kabamba-Lungenyi, Gabriel; Citenga, Andre; Kelvin, D. J.; Pratt, Catherine; Ayouba, Ahidjo; Tessema, Sofonias; Mukadi-Bamuleka, Daniel; Jansen, Daan; Halbrook, Megan; Merrit, Sydney; Hensley, Lisa; Delaporte, Eric; Mwamba, Dieudonne; Liesenborghs, Laurens; Hoff, Nicole; Peeters, Martine; Low, Nicola; Rimoin, Anne; Kindrachuk, Jason; Vercauteren, Koen; Rambaut, Andrew; Ahuka-Mundeke, Steve; Muyembe-Tamfum, Jean-Jacques"
PP_004BCNK,Ia,None,Democratic Republic of the Congo,Kinshasa,2025-04-17,187425,0.9105720327165596,2025-10-21,"Amuri-Aziza, Adrienne; Mbala-Kingebeni, Placide; Wawina-Bokalanga, Tony; Kinganda-Lusamaki, Eddy; Pukuta-Simbu, Elisabeth; Hasivirwe-Vakaniaki, Emmanuel; Ola-Mpumbe, Rilia; Kwete-Mbokama, Papy; Akil-Bandali, Prince; Kacita, Cris; Ponga-Museme, Ange; Mapenzi-Kashali, Nelson; Vakaniaki, Gloria; Kenye, Kelly-Michel; Muyamuna, Elisabeth; Kavira-Bapitani, Sifa; Mukadi, Patrick; OToole, Aine; Tshiani-Mbaya, Olivier; Paku-Tshambu, Princesse; Lokilo-Lofiko, Emmanuel; Muswamba-Kayembe, Chloe; Makangara-Cigolo, Jean-Claude; Cikaya-Kankolongo, Fiston; Luakanda-Ndelemo, Gradi; Lawanga, Leader; Mabika-Bope, Elzedek; Lumembe-Numbi, Raphael; Kabamba-Lungenyi, Gabriel; Citenga, Andre; Kelvin, D. J.; Pratt, Catherine; Ayouba, Ahidjo; Tessema, Sofonias; Mukadi-Bamuleka, Daniel; Jansen, Daan; Halbrook, Megan; Merrit, Sydney; Hensley, Lisa; Delaporte, Eric; Mwamba, Dieudonne; Liesenborghs, Laurens; Hoff, Nicole; Peeters, Martine; Low, Nicola; Rimoin, Anne; Kindrachuk, Jason; Vercauteren, Koen; Rambaut, Andrew; Ahuka-Mundeke, Steve; Muyembe-Tamfum, Jean-Jacques"
PP_004BCPH,Ia,None,Democratic Republic of the Congo,Kinshasa,2025-04-17,187421,0.9044668346779304,2025-10-21,"Amuri-Aziza, Adrienne; Mbala-Kingebeni, Placide; Wawina-Bokalanga, Tony; Kinganda-Lusamaki, Eddy; Pukuta-Simbu, Elisabeth; Hasivirwe-Vakaniaki, Emmanuel; Ola-Mpumbe, Rilia; Kwete-Mbokama, Papy; Akil-Bandali, Prince; Kacita, Cris; Ponga-Museme, Ange; Mapenzi-Kashali, Nelson; Vakaniaki, Gloria; Kenye, Kelly-Michel; Muyamuna, Elisabeth; Kavira-Bapitani, Sifa; Mukadi, Patrick; OToole, Aine; Tshiani-Mbaya, Olivier; Paku-Tshambu, Princesse; Lokilo-Lofiko, Emmanuel; Muswamba-Kayembe, Chloe; Makangara-Cigolo, Jean-Claude; Cikaya-Kankolongo, Fiston; Luakanda-Ndelemo, Gradi; Lawanga, Leader; Mabika-Bope, Elzedek; Lumembe-Numbi, Raphael; Kabamba-Lungenyi, Gabriel; Citenga, Andre; Kelvin, D. J.; Pratt, Catherine; Ayouba, Ahidjo; Tessema, Sofonias; Mukadi-Bamuleka, Daniel; Jansen, Daan; Halbrook, Megan; Merrit, Sydney; Hensley, Lisa; Delaporte, Eric; Mwamba, Dieudonne; Liesenborghs, Laurens; Hoff, Nicole; Peeters, Martine; Low, Nicola; Rimoin, Anne; Kindrachuk, Jason; Vercauteren, Koen; Rambaut, Andrew; Ahuka-Mundeke, Steve; Muyembe-Tamfum, Jean-Jacques"
PP_004BCQF,Ia,None,Democratic Republic of the Congo,Kinshasa,2025-04-17,187421,0.9038177770791394,2025-10-21,"Amuri-Aziza, Adrienne; Mbala-Kingebeni, Placide; Wawina-Bokalanga, Tony; Kinganda-Lusamaki, Eddy; Pukuta-Simbu, Elisabeth; Hasivirwe-Vakaniaki, Emmanuel; Ola-Mpumbe, Rilia; Kwete-Mbokama, Papy; Akil-Bandali, Prince; Kacita, Cris; Ponga-Museme, Ange; Mapenzi-Kashali, Nelson; Vakaniaki, Gloria; Kenye, Kelly-Michel; Muyamuna, Elisabeth; Kavira-Bapitani, Sifa; Mukadi, Patrick; OToole, Aine; Tshiani-Mbaya, Olivier; Paku-Tshambu, Princesse; Lokilo-Lofiko, Emmanuel; Muswamba-Kayembe, Chloe; Makangara-Cigolo, Jean-Claude; Cikaya-Kankolongo, Fiston; Luakanda-Ndelemo, Gradi; Lawanga, Leader; Mabika-Bope, Elzedek; Lumembe-Numbi, Raphael; Kabamba-Lungenyi, Gabriel; Citenga, Andre; Kelvin, D. J.; Pratt, Catherine; Ayouba, Ahidjo; Tessema, Sofonias; Mukadi-Bamuleka, Daniel; Jansen, Daan; Halbrook, Megan; Merrit, Sydney; Hensley, Lisa; Delaporte, Eric; Mwamba, Dieudonne; Liesenborghs, Laurens; Hoff, Nicole; Peeters, Martine; Low, Nicola; Rimoin, Anne; Kindrachuk, Jason; Vercauteren, Koen; Rambaut, Andrew; Ahuka-Mundeke, Steve; Muyembe-Tamfum, Jean-Jacques"
PP_004BCRD,Ia,None,Democratic Republic of the Congo,Kinshasa,2025-04-17,187448,0.7186487432115167,2025-10-21,"Amuri-Aziza, Adrienne; Mbala-Kingebeni, Placide; Wawina-Bokalanga, Tony; Kinganda-Lusamaki, Eddy; Pukuta-Simbu, Elisabeth; Hasivirwe-Vakaniaki, Emmanuel; Ola-Mpumbe, Rilia; Kwete-Mbokama, Papy; Akil-Bandali, Prince; Kacita, Cris; Ponga-Museme, Ange; Mapenzi-Kashali, Nelson; Vakaniaki, Gloria; Kenye, Kelly-Michel; Muyamuna, Elisabeth; Kavira-Bapitani, Sifa; Mukadi, Patrick; OToole, Aine; Tshiani-Mbaya, Olivier; Paku-Tshambu, Princesse; Lokilo-Lofiko, Emmanuel; Muswamba-Kayembe, Chloe; Makangara-Cigolo, Jean-Claude; Cikaya-Kankolongo, Fiston; Luakanda-Ndelemo, Gradi; Lawanga, Leader; Mabika-Bope, Elzedek; Lumembe-Numbi, Raphael; Kabamba-Lungenyi, Gabriel; Citenga, Andre; Kelvin, D. J.; Pratt, Catherine; Ayouba, Ahidjo; Tessema, Sofonias; Mukadi-Bamuleka, Daniel; Jansen, Daan; Halbrook, Megan; Merrit, Sydney; Hensley, Lisa; Delaporte, Eric; Mwamba, Dieudonne; Liesenborghs, Laurens; Hoff, Nicole; Peeters, Martine; Low, Nicola; Rimoin, Anne; Kindrachuk, Jason; Vercauteren, Koen; Rambaut, Andrew; Ahuka-Mundeke, Steve; Muyembe-Tamfum, Jean-Jacques"
PP_004BCSB,Ia,None,Democratic Republic of the Congo,Kinshasa,2025-04-18,187448,0.7008909329695906,2025-10-21,"Amuri-Aziza, Adrienne; Mbala-Kingebeni, Placide; Wawina-Bokalanga, Tony; Kinganda-Lusamaki, Eddy; Pukuta-Simbu, Elisabeth; Hasivirwe-Vakaniaki, Emmanuel; Ola-Mpumbe, Rilia; Kwete-Mbokama, Papy; Akil-Bandali, Prince; Kacita, Cris; Ponga-Museme, Ange; Mapenzi-Kashali, Nelson; Vakaniaki, Gloria; Kenye, Kelly-Michel; Muyamuna, Elisabeth; Kavira-Bapitani, Sifa; Mukadi, Patrick; OToole, Aine; Tshiani-Mbaya, Olivier; Paku-Tshambu, Princesse; Lokilo-Lofiko, Emmanuel; Muswamba-Kayembe, Chloe; Makangara-Cigolo, Jean-Claude; Cikaya-Kankolongo, Fiston; Luakanda-Ndelemo, Gradi; Lawanga, Leader; Mabika-Bope, Elzedek; Lumembe-Numbi, Raphael; Kabamba-Lungenyi, Gabriel; Citenga, Andre; Kelvin, D. J.; Pratt, Catherine; Ayouba, Ahidjo; Tessema, Sofonias; Mukadi-Bamuleka, Daniel; Jansen, Daan; Halbrook, Megan; Merrit, Sydney; Hensley, Lisa; Delaporte, Eric; Mwamba, Dieudonne; Liesenborghs, Laurens; Hoff, Nicole; Peeters, Martine; Low, Nicola; Rimoin, Anne; Kindrachuk, Jason; Vercauteren, Koen; Rambaut, Andrew; Ahuka-Mundeke, Steve; Muyembe-Tamfum, Jean-Jacques"
PP_004BCT9,Ia,None,Democratic Republic of the Congo,Kinshasa,2025-04-18,187416,0.7451586895121419,2025-10-21,"Amuri-Aziza, Adrienne; Mbala-Kingebeni, Placide; Wawina-Bokalanga, Tony; Kinganda-Lusamaki, Eddy; Pukuta-Simbu, Elisabeth; Hasivirwe-Vakaniaki, Emmanuel; Ola-Mpumbe, Rilia; Kwete-Mbokama, Papy; Akil-Bandali, Prince; Kacita, Cris; Ponga-Museme, Ange; Mapenzi-Kashali, Nelson; Vakaniaki, Gloria; Kenye, Kelly-Michel; Muyamuna, Elisabeth; Kavira-Bapitani, Sifa; Mukadi, Patrick; OToole, Aine; Tshiani-Mbaya, Olivier; Paku-Tshambu, Princesse; Lokilo-Lofiko, Emmanuel; Muswamba-Kayembe, Chloe; Makangara-Cigolo, Jean-Claude; Cikaya-Kankolongo, Fiston; Luakanda-Ndelemo, Gradi; Lawanga, Leader; Mabika-Bope, Elzedek; Lumembe-Numbi, Raphael; Kabamba-Lungenyi, Gabriel; Citenga, Andre; Kelvin, D. J.; Pratt, Catherine; Ayouba, Ahidjo; Tessema, Sofonias; Mukadi-Bamuleka, Daniel; Jansen, Daan; Halbrook, Megan; Merrit, Sydney; Hensley, Lisa; Delaporte, Eric; Mwamba, Dieudonne; Liesenborghs, Laurens; Hoff, Nicole; Peeters, Martine; Low, Nicola; Rimoin, Anne; Kindrachuk, Jason; Vercauteren, Koen; Rambaut, Andrew; Ahuka-Mundeke, Steve; Muyembe-Tamfum, Jean-Jacques"
PP_004BCU7,Ia,None,Democratic Republic of the Congo,Kinshasa,2025-04-21,187449,0.7149166620184677,2025-10-21,"Amuri-Aziza, Adrienne; Mbala-Kingebeni, Placide; Wawina-Bokalanga, Tony; Kinganda-Lusamaki, Eddy; Pukuta-Simbu, Elisabeth; Hasivirwe-Vakaniaki, Emmanuel; Ola-Mpumbe, Rilia; Kwete-Mbokama, Papy; Akil-Bandali, Prince; Kacita, Cris; Ponga-Museme, Ange; Mapenzi-Kashali, Nelson; Vakaniaki, Gloria; Kenye, Kelly-Michel; Muyamuna, Elisabeth; Kavira-Bapitani, Sifa; Mukadi, Patrick; OToole, Aine; Tshiani-Mbaya, Olivier; Paku-Tshambu, Princesse; Lokilo-Lofiko, Emmanuel; Muswamba-Kayembe, Chloe; Makangara-Cigolo, Jean-Claude; Cikaya-Kankolongo, Fiston; Luakanda-Ndelemo, Gradi; Lawanga, Leader; Mabika-Bope, Elzedek; Lumembe-Numbi, Raphael; Kabamba-Lungenyi, Gabriel; Citenga, Andre; Kelvin, D. J.; Pratt, Catherine; Ayouba, Ahidjo; Tessema, Sofonias; Mukadi-Bamuleka, Daniel; Jansen, Daan; Halbrook, Megan; Merrit, Sydney; Hensley, Lisa; Delaporte, Eric; Mwamba, Dieudonne; Liesenborghs, Laurens; Hoff, Nicole; Peeters, Martine; Low, Nicola; Rimoin, Anne; Kindrachuk, Jason; Vercauteren, Koen; Rambaut, Andrew; Ahuka-Mundeke, Steve; Muyembe-Tamfum, Jean-Jacques"
PP_004BCV5,Ia,None,Democratic Republic of the Congo,Kinshasa,2025-04-15,187447,0.804380124639342,2025-10-21,"Amuri-Aziza, Adrienne; Mbala-Kingebeni, Placide; Wawina-Bokalanga, Tony; Kinganda-Lusamaki, Eddy; Pukuta-Simbu, Elisabeth; Hasivirwe-Vakaniaki, Emmanuel; Ola-Mpumbe, Rilia; Kwete-Mbokama, Papy; Akil-Bandali, Prince; Kacita, Cris; Ponga-Museme, Ange; Mapenzi-Kashali, Nelson; Vakaniaki, Gloria; Kenye, Kelly-Michel; Muyamuna, Elisabeth; Kavira-Bapitani, Sifa; Mukadi, Patrick; OToole, Aine; Tshiani-Mbaya, Olivier; Paku-Tshambu, Princesse; Lokilo-Lofiko, Emmanuel; Muswamba-Kayembe, Chloe; Makangara-Cigolo, Jean-Claude; Cikaya-Kankolongo, Fiston; Luakanda-Ndelemo, Gradi; Lawanga, Leader; Mabika-Bope, Elzedek; Lumembe-Numbi, Raphael; Kabamba-Lungenyi, Gabriel; Citenga, Andre; Kelvin, D. J.; Pratt, Catherine; Ayouba, Ahidjo; Tessema, Sofonias; Mukadi-Bamuleka, Daniel; Jansen, Daan; Halbrook, Megan; Merrit, Sydney; Hensley, Lisa; Delaporte, Eric; Mwamba, Dieudonne; Liesenborghs, Laurens; Hoff, Nicole; Peeters, Martine; Low, Nicola; Rimoin, Anne; Kindrachuk, Jason; Vercauteren, Koen; Rambaut, Andrew; Ahuka-Mundeke, Steve; Muyembe-Tamfum, Jean-Jacques"
PP_004BCW3,Ib,A.1,Democratic Republic of the Congo,Kinshasa,2025-04-21,187434,0.5331247559695551,2025-10-21,"Amuri-Aziza, Adrienne; Mbala-Kingebeni, Placide; Wawina-Bokalanga, Tony; Kinganda-Lusamaki, Eddy; Pukuta-Simbu, Elisabeth; Hasivirwe-Vakaniaki, Emmanuel; Ola-Mpumbe, Rilia; Kwete-Mbokama, Papy; Akil-Bandali, Prince; Kacita, Cris; Ponga-Museme, Ange; Mapenzi-Kashali, Nelson; Vakaniaki, Gloria; Kenye, Kelly-Michel; Muyamuna, Elisabeth; Kavira-Bapitani, Sifa; Mukadi, Patrick; OToole, Aine; Tshiani-Mbaya, Olivier; Paku-Tshambu, Princesse; Lokilo-Lofiko, Emmanuel; Muswamba-Kayembe, Chloe; Makangara-Cigolo, Jean-Claude; Cikaya-Kankolongo, Fiston; Luakanda-Ndelemo, Gradi; Lawanga, Leader; Mabika-Bope, Elzedek; Lumembe-Numbi, Raphael; Kabamba-Lungenyi, Gabriel; Citenga, Andre; Kelvin, D. J.; Pratt, Catherine; Ayouba, Ahidjo; Tessema, Sofonias; Mukadi-Bamuleka, Daniel; Jansen, Daan; Halbrook, Megan; Merrit, Sydney; Hensley, Lisa; Delaporte, Eric; Mwamba, Dieudonne; Liesenborghs, Laurens; Hoff, Nicole; Peeters, Martine; Low, Nicola; Rimoin, Anne; Kindrachuk, Jason; Vercauteren, Koen; Rambaut, Andrew; Ahuka-Mundeke, Steve; Muyembe-Tamfum, Jean-Jacques"
PP_004BCX1,Ia,None,Democratic Republic of the Congo,Kinshasa,2025-04-17,187438,0.8397740468234208,2025-10-21,"Amuri-Aziza, Adrienne; Mbala-Kingebeni, Placide; Wawina-Bokalanga, Tony; Kinganda-Lusamaki, Eddy; Pukuta-Simbu, Elisabeth; Hasivirwe-Vakaniaki, Emmanuel; Ola-Mpumbe, Rilia; Kwete-Mbokama, Papy; Akil-Bandali, Prince; Kacita, Cris; Ponga-Museme, Ange; Mapenzi-Kashali, Nelson; Vakaniaki, Gloria; Kenye, Kelly-Michel; Muyamuna, Elisabeth; Kavira-Bapitani, Sifa; Mukadi, Patrick; OToole, Aine; Tshiani-Mbaya, Olivier; Paku-Tshambu, Princesse; Lokilo-Lofiko, Emmanuel; Muswamba-Kayembe, Chloe; Makangara-Cigolo, Jean-Claude; Cikaya-Kankolongo, Fiston; Luakanda-Ndelemo, Gradi; Lawanga, Leader; Mabika-Bope, Elzedek; Lumembe-Numbi, Raphael; Kabamba-Lungenyi, Gabriel; Citenga, Andre; Kelvin, D. J.; Pratt, Catherine; Ayouba, Ahidjo; Tessema, Sofonias; Mukadi-Bamuleka, Daniel; Jansen, Daan; Halbrook, Megan; Merrit, Sydney; Hensley, Lisa; Delaporte, Eric; Mwamba, Dieudonne; Liesenborghs, Laurens; Hoff, Nicole; Peeters, Martine; Low, Nicola; Rimoin, Anne; Kindrachuk, Jason; Vercauteren, Koen; Rambaut, Andrew; Ahuka-Mundeke, Steve; Muyembe-Tamfum, Jean-Jacques"
PP_004BCYZ,Ia,None,Democratic Republic of the Congo,Kinshasa,2025-04-08,187440,0.5186578705839997,2025-10-21,"Amuri-Aziza, Adrienne; Mbala-Kingebeni, Placide; Wawina-Bokalanga, Tony; Kinganda-Lusamaki, Eddy; Pukuta-Simbu, Elisabeth; Hasivirwe-Vakaniaki, Emmanuel; Ola-Mpumbe, Rilia; Kwete-Mbokama, Papy; Akil-Bandali, Prince; Kacita, Cris; Ponga-Museme, Ange; Mapenzi-Kashali, Nelson; Vakaniaki, Gloria; Kenye, Kelly-Michel; Muyamuna, Elisabeth; Kavira-Bapitani, Sifa; Mukadi, Patrick; OToole, Aine; Tshiani-Mbaya, Olivier; Paku-Tshambu, Princesse; Lokilo-Lofiko, Emmanuel; Muswamba-Kayembe, Chloe; Makangara-Cigolo, Jean-Claude; Cikaya-Kankolongo, Fiston; Luakanda-Ndelemo, Gradi; Lawanga, Leader; Mabika-Bope, Elzedek; Lumembe-Numbi, Raphael; Kabamba-Lungenyi, Gabriel; Citenga, Andre; Kelvin, D. J.; Pratt, Catherine; Ayouba, Ahidjo; Tessema, Sofonias; Mukadi-Bamuleka, Daniel; Jansen, Daan; Halbrook, Megan; Merrit, Sydney; Hensley, Lisa; Delaporte, Eric; Mwamba, Dieudonne; Liesenborghs, Laurens; Hoff, Nicole; Peeters, Martine; Low, Nicola; Rimoin, Anne; Kindrachuk, Jason; Vercauteren, Koen; Rambaut, Andrew; Ahuka-Mundeke, Steve; Muyembe-Tamfum, Jean-Jacques"
PP_004BCZX,Ia,None,Democratic Republic of the Congo,Kinshasa,2025-04-07,187412,0.8854717583883088,2025-10-21,"Amuri-Aziza, Adrienne; Mbala-Kingebeni, Placide; Wawina-Bokalanga, Tony; Kinganda-Lusamaki, Eddy; Pukuta-Simbu, Elisabeth; Hasivirwe-Vakaniaki, Emmanuel; Ola-Mpumbe, Rilia; Kwete-Mbokama, Papy; Akil-Bandali, Prince; Kacita, Cris; Ponga-Museme, Ange; Mapenzi-Kashali, Nelson; Vakaniaki, Gloria; Kenye, Kelly-Michel; Muyamuna, Elisabeth; Kavira-Bapitani, Sifa; Mukadi, Patrick; OToole, Aine; Tshiani-Mbaya, Olivier; Paku-Tshambu, Princesse; Lokilo-Lofiko, Emmanuel; Muswamba-Kayembe, Chloe; Makangara-Cigolo, Jean-Claude; Cikaya-Kankolongo, Fiston; Luakanda-Ndelemo, Gradi; Lawanga, Leader; Mabika-Bope, Elzedek; Lumembe-Numbi, Raphael; Kabamba-Lungenyi, Gabriel; Citenga, Andre; Kelvin, D. J.; Pratt, Catherine; Ayouba, Ahidjo; Tessema, Sofonias; Mukadi-Bamuleka, Daniel; Jansen, Daan; Halbrook, Megan; Merrit, Sydney; Hensley, Lisa; Delaporte, Eric; Mwamba, Dieudonne; Liesenborghs, Laurens; Hoff, Nicole; Peeters, Martine; Low, Nicola; Rimoin, Anne; Kindrachuk, Jason; Vercauteren, Koen; Rambaut, Andrew; Ahuka-Mundeke, Steve; Muyembe-Tamfum, Jean-Jacques"
PP_004BD0V,Ia,None,Democratic Republic of the Congo,Kinshasa,2025-04-07,187383,0.8588756091253442,2025-10-21,"Amuri-Aziza, Adrienne; Mbala-Kingebeni, Placide; Wawina-Bokalanga, Tony; Kinganda-Lusamaki, Eddy; Pukuta-Simbu, Elisabeth; Hasivirwe-Vakaniaki, Emmanuel; Ola-Mpumbe, Rilia; Kwete-Mbokama, Papy; Akil-Bandali, Prince; Kacita, Cris; Ponga-Museme, Ange; Mapenzi-Kashali, Nelson; Vakaniaki, Gloria; Kenye, Kelly-Michel; Muyamuna, Elisabeth; Kavira-Bapitani, Sifa; Mukadi, Patrick; OToole, Aine; Tshiani-Mbaya, Olivier; Paku-Tshambu, Princesse; Lokilo-Lofiko, Emmanuel; Muswamba-Kayembe, Chloe; Makangara-Cigolo, Jean-Claude; Cikaya-Kankolongo, Fiston; Luakanda-Ndelemo, Gradi; Lawanga, Leader; Mabika-Bope, Elzedek; Lumembe-Numbi, Raphael; Kabamba-Lungenyi, Gabriel; Citenga, Andre; Kelvin, D. J.; Pratt, Catherine; Ayouba, Ahidjo; Tessema, Sofonias; Mukadi-Bamuleka, Daniel; Jansen, Daan; Halbrook, Megan; Merrit, Sydney; Hensley, Lisa; Delaporte, Eric; Mwamba, Dieudonne; Liesenborghs, Laurens; Hoff, Nicole; Peeters, Martine; Low, Nicola; Rimoin, Anne; Kindrachuk, Jason; Vercauteren, Koen; Rambaut, Andrew; Ahuka-Mundeke, Steve; Muyembe-Tamfum, Jean-Jacques"
PP_004BD1T,Ia,None,Democratic Republic of the Congo,Kinshasa,2025-04-07,184958,0.7276138512948191,2025-10-21,"Amuri-Aziza, Adrienne; Mbala-Kingebeni, Placide; Wawina-Bokalanga, Tony; Kinganda-Lusamaki, Eddy; Pukuta-Simbu, Elisabeth; Hasivirwe-Vakaniaki, Emmanuel; Ola-Mpumbe, Rilia; Kwete-Mbokama, Papy; Akil-Bandali, Prince; Kacita, Cris; Ponga-Museme, Ange; Mapenzi-Kashali, Nelson; Vakaniaki, Gloria; Kenye, Kelly-Michel; Muyamuna, Elisabeth; Kavira-Bapitani, Sifa; Mukadi, Patrick; OToole, Aine; Tshiani-Mbaya, Olivier; Paku-Tshambu, Princesse; Lokilo-Lofiko, Emmanuel; Muswamba-Kayembe, Chloe; Makangara-Cigolo, Jean-Claude; Cikaya-Kankolongo, Fiston; Luakanda-Ndelemo, Gradi; Lawanga, Leader; Mabika-Bope, Elzedek; Lumembe-Numbi, Raphael; Kabamba-Lungenyi, Gabriel; Citenga, Andre; Kelvin, D. J.; Pratt, Catherine; Ayouba, Ahidjo; Tessema, Sofonias; Mukadi-Bamuleka, Daniel; Jansen, Daan; Halbrook, Megan; Merrit, Sydney; Hensley, Lisa; Delaporte, Eric; Mwamba, Dieudonne; Liesenborghs, Laurens; Hoff, Nicole; Peeters, Martine; Low, Nicola; Rimoin, Anne; Kindrachuk, Jason; Vercauteren, Koen; Rambaut, Andrew; Ahuka-Mundeke, Steve; Muyembe-Tamfum, Jean-Jacques"
PP_004BD2R,Ib,A.1,Democratic Republic of the Congo,Kinshasa,2025-04-08,187427,0.8777996947400981,2025-10-21,"Amuri-Aziza, Adrienne; Mbala-Kingebeni, Placide; Wawina-Bokalanga, Tony; Kinganda-Lusamaki, Eddy; Pukuta-Simbu, Elisabeth; Hasivirwe-Vakaniaki, Emmanuel; Ola-Mpumbe, Rilia; Kwete-Mbokama, Papy; Akil-Bandali, Prince; Kacita, Cris; Ponga-Museme, Ange; Mapenzi-Kashali, Nelson; Vakaniaki, Gloria; Kenye, Kelly-Michel; Muyamuna, Elisabeth; Kavira-Bapitani, Sifa; Mukadi, Patrick; OToole, Aine; Tshiani-Mbaya, Olivier; Paku-Tshambu, Princesse; Lokilo-Lofiko, Emmanuel; Muswamba-Kayembe, Chloe; Makangara-Cigolo, Jean-Claude; Cikaya-Kankolongo, Fiston; Luakanda-Ndelemo, Gradi; Lawanga, Leader; Mabika-Bope, Elzedek; Lumembe-Numbi, Raphael; Kabamba-Lungenyi, Gabriel; Citenga, Andre; Kelvin, D. J.; Pratt, Catherine; Ayouba, Ahidjo; Tessema, Sofonias; Mukadi-Bamuleka, Daniel; Jansen, Daan; Halbrook, Megan; Merrit, Sydney; Hensley, Lisa; Delaporte, Eric; Mwamba, Dieudonne; Liesenborghs, Laurens; Hoff, Nicole; Peeters, Martine; Low, Nicola; Rimoin, Anne; Kindrachuk, Jason; Vercauteren, Koen; Rambaut, Andrew; Ahuka-Mundeke, Steve; Muyembe-Tamfum, Jean-Jacques"
PP_004BD3P,Ib,A.1,Democratic Republic of the Congo,Kinshasa,2025-04-08,187411,0.8830935707802382,2025-10-21,"Amuri-Aziza, Adrienne; Mbala-Kingebeni, Placide; Wawina-Bokalanga, Tony; Kinganda-Lusamaki, Eddy; Pukuta-Simbu, Elisabeth; Hasivirwe-Vakaniaki, Emmanuel; Ola-Mpumbe, Rilia; Kwete-Mbokama, Papy; Akil-Bandali, Prince; Kacita, Cris; Ponga-Museme, Ange; Mapenzi-Kashali, Nelson; Vakaniaki, Gloria; Kenye, Kelly-Michel; Muyamuna, Elisabeth; Kavira-Bapitani, Sifa; Mukadi, Patrick; OToole, Aine; Tshiani-Mbaya, Olivier; Paku-Tshambu, Princesse; Lokilo-Lofiko, Emmanuel; Muswamba-Kayembe, Chloe; Makangara-Cigolo, Jean-Claude; Cikaya-Kankolongo, Fiston; Luakanda-Ndelemo, Gradi; Lawanga, Leader; Mabika-Bope, Elzedek; Lumembe-Numbi, Raphael; Kabamba-Lungenyi, Gabriel; Citenga, Andre; Kelvin, D. J.; Pratt, Catherine; Ayouba, Ahidjo; Tessema, Sofonias; Mukadi-Bamuleka, Daniel; Jansen, Daan; Halbrook, Megan; Merrit, Sydney; Hensley, Lisa; Delaporte, Eric; Mwamba, Dieudonne; Liesenborghs, Laurens; Hoff, Nicole; Peeters, Martine; Low, Nicola; Rimoin, Anne; Kindrachuk, Jason; Vercauteren, Koen; Rambaut, Andrew; Ahuka-Mundeke, Steve; Muyembe-Tamfum, Jean-Jacques"
PP_004BD4M,Ib,A.1,Democratic Republic of the Congo,Kinshasa,2025-04-08,184068,0.44340775522415304,2025-10-21,"Amuri-Aziza, Adrienne; Mbala-Kingebeni, Placide; Wawina-Bokalanga, Tony; Kinganda-Lusamaki, Eddy; Pukuta-Simbu, Elisabeth; Hasivirwe-Vakaniaki, Emmanuel; Ola-Mpumbe, Rilia; Kwete-Mbokama, Papy; Akil-Bandali, Prince; Kacita, Cris; Ponga-Museme, Ange; Mapenzi-Kashali, Nelson; Vakaniaki, Gloria; Kenye, Kelly-Michel; Muyamuna, Elisabeth; Kavira-Bapitani, Sifa; Mukadi, Patrick; OToole, Aine; Tshiani-Mbaya, Olivier; Paku-Tshambu, Princesse; Lokilo-Lofiko, Emmanuel; Muswamba-Kayembe, Chloe; Makangara-Cigolo, Jean-Claude; Cikaya-Kankolongo, Fiston; Luakanda-Ndelemo, Gradi; Lawanga, Leader; Mabika-Bope, Elzedek; Lumembe-Numbi, Raphael; Kabamba-Lungenyi, Gabriel; Citenga, Andre; Kelvin, D. J.; Pratt, Catherine; Ayouba, Ahidjo; Tessema, Sofonias; Mukadi-Bamuleka, Daniel; Jansen, Daan; Halbrook, Megan; Merrit, Sydney; Hensley, Lisa; Delaporte, Eric; Mwamba, Dieudonne; Liesenborghs, Laurens; Hoff, Nicole; Peeters, Martine; Low, Nicola; Rimoin, Anne; Kindrachuk, Jason; Vercauteren, Koen; Rambaut, Andrew; Ahuka-Mundeke, Steve; Muyembe-Tamfum, Jean-Jacques"
PP_004BD5K,Ia,None,Democratic Republic of the Congo,Kinshasa,2025-04-08,187414,0.8801829531106593,2025-10-21,"Amuri-Aziza, Adrienne; Mbala-Kingebeni, Placide; Wawina-Bokalanga, Tony; Kinganda-Lusamaki, Eddy; Pukuta-Simbu, Elisabeth; Hasivirwe-Vakaniaki, Emmanuel; Ola-Mpumbe, Rilia; Kwete-Mbokama, Papy; Akil-Bandali, Prince; Kacita, Cris; Ponga-Museme, Ange; Mapenzi-Kashali, Nelson; Vakaniaki, Gloria; Kenye, Kelly-Michel; Muyamuna, Elisabeth; Kavira-Bapitani, Sifa; Mukadi, Patrick; OToole, Aine; Tshiani-Mbaya, Olivier; Paku-Tshambu, Princesse; Lokilo-Lofiko, Emmanuel; Muswamba-Kayembe, Chloe; Makangara-Cigolo, Jean-Claude; Cikaya-Kankolongo, Fiston; Luakanda-Ndelemo, Gradi; Lawanga, Leader; Mabika-Bope, Elzedek; Lumembe-Numbi, Raphael; Kabamba-Lungenyi, Gabriel; Citenga, Andre; Kelvin, D. J.; Pratt, Catherine; Ayouba, Ahidjo; Tessema, Sofonias; Mukadi-Bamuleka, Daniel; Jansen, Daan; Halbrook, Megan; Merrit, Sydney; Hensley, Lisa; Delaporte, Eric; Mwamba, Dieudonne; Liesenborghs, Laurens; Hoff, Nicole; Peeters, Martine; Low, Nicola; Rimoin, Anne; Kindrachuk, Jason; Vercauteren, Koen; Rambaut, Andrew; Ahuka-Mundeke, Steve; Muyembe-Tamfum, Jean-Jacques"
PP_004BD6H,Ib,A.1,Democratic Republic of the Congo,Kinshasa,2025-04-08,187402,0.8932148127113874,2025-10-21,"Amuri-Aziza, Adrienne; Mbala-Kingebeni, Placide; Wawina-Bokalanga, Tony; Kinganda-Lusamaki, Eddy; Pukuta-Simbu, Elisabeth; Hasivirwe-Vakaniaki, Emmanuel; Ola-Mpumbe, Rilia; Kwete-Mbokama, Papy; Akil-Bandali, Prince; Kacita, Cris; Ponga-Museme, Ange; Mapenzi-Kashali, Nelson; Vakaniaki, Gloria; Kenye, Kelly-Michel; Muyamuna, Elisabeth; Kavira-Bapitani, Sifa; Mukadi, Patrick; OToole, Aine; Tshiani-Mbaya, Olivier; Paku-Tshambu, Princesse; Lokilo-Lofiko, Emmanuel; Muswamba-Kayembe, Chloe; Makangara-Cigolo, Jean-Claude; Cikaya-Kankolongo, Fiston; Luakanda-Ndelemo, Gradi; Lawanga, Leader; Mabika-Bope, Elzedek; Lumembe-Numbi, Raphael; Kabamba-Lungenyi, Gabriel; Citenga, Andre; Kelvin, D. J.; Pratt, Catherine; Ayouba, Ahidjo; Tessema, Sofonias; Mukadi-Bamuleka, Daniel; Jansen, Daan; Halbrook, Megan; Merrit, Sydney; Hensley, Lisa; Delaporte, Eric; Mwamba, Dieudonne; Liesenborghs, Laurens; Hoff, Nicole; Peeters, Martine; Low, Nicola; Rimoin, Anne; Kindrachuk, Jason; Vercauteren, Koen; Rambaut, Andrew; Ahuka-Mundeke, Steve; Muyembe-Tamfum, Jean-Jacques"
PP_004BD7F,Ia,None,Democratic Republic of the Congo,Kinshasa,2025-04-08,187412,0.9085538692453184,2025-10-21,"Amuri-Aziza, Adrienne; Mbala-Kingebeni, Placide; Wawina-Bokalanga, Tony; Kinganda-Lusamaki, Eddy; Pukuta-Simbu, Elisabeth; Hasivirwe-Vakaniaki, Emmanuel; Ola-Mpumbe, Rilia; Kwete-Mbokama, Papy; Akil-Bandali, Prince; Kacita, Cris; Ponga-Museme, Ange; Mapenzi-Kashali, Nelson; Vakaniaki, Gloria; Kenye, Kelly-Michel; Muyamuna, Elisabeth; Kavira-Bapitani, Sifa; Mukadi, Patrick; OToole, Aine; Tshiani-Mbaya, Olivier; Paku-Tshambu, Princesse; Lokilo-Lofiko, Emmanuel; Muswamba-Kayembe, Chloe; Makangara-Cigolo, Jean-Claude; Cikaya-Kankolongo, Fiston; Luakanda-Ndelemo, Gradi; Lawanga, Leader; Mabika-Bope, Elzedek; Lumembe-Numbi, Raphael; Kabamba-Lungenyi, Gabriel; Citenga, Andre; Kelvin, D. J.; Pratt, Catherine; Ayouba, Ahidjo; Tessema, Sofonias; Mukadi-Bamuleka, Daniel; Jansen, Daan; Halbrook, Megan; Merrit, Sydney; Hensley, Lisa; Delaporte, Eric; Mwamba, Dieudonne; Liesenborghs, Laurens; Hoff, Nicole; Peeters, Martine; Low, Nicola; Rimoin, Anne; Kindrachuk, Jason; Vercauteren, Koen; Rambaut, Andrew; Ahuka-Mundeke, Steve; Muyembe-Tamfum, Jean-Jacques"
PP_004BD8D,Ia,None,Democratic Republic of the Congo,Kinshasa,2025-04-08,187399,0.879341206537227,2025-10-21,"Amuri-Aziza, Adrienne; Mbala-Kingebeni, Placide; Wawina-Bokalanga, Tony; Kinganda-Lusamaki, Eddy; Pukuta-Simbu, Elisabeth; Hasivirwe-Vakaniaki, Emmanuel; Ola-Mpumbe, Rilia; Kwete-Mbokama, Papy; Akil-Bandali, Prince; Kacita, Cris; Ponga-Museme, Ange; Mapenzi-Kashali, Nelson; Vakaniaki, Gloria; Kenye, Kelly-Michel; Muyamuna, Elisabeth; Kavira-Bapitani, Sifa; Mukadi, Patrick; OToole, Aine; Tshiani-Mbaya, Olivier; Paku-Tshambu, Princesse; Lokilo-Lofiko, Emmanuel; Muswamba-Kayembe, Chloe; Makangara-Cigolo, Jean-Claude; Cikaya-Kankolongo, Fiston; Luakanda-Ndelemo, Gradi; Lawanga, Leader; Mabika-Bope, Elzedek; Lumembe-Numbi, Raphael; Kabamba-Lungenyi, Gabriel; Citenga, Andre; Kelvin, D. J.; Pratt, Catherine; Ayouba, Ahidjo; Tessema, Sofonias; Mukadi-Bamuleka, Daniel; Jansen, Daan; Halbrook, Megan; Merrit, Sydney; Hensley, Lisa; Delaporte, Eric; Mwamba, Dieudonne; Liesenborghs, Laurens; Hoff, Nicole; Peeters, Martine; Low, Nicola; Rimoin, Anne; Kindrachuk, Jason; Vercauteren, Koen; Rambaut, Andrew; Ahuka-Mundeke, Steve; Muyembe-Tamfum, Jean-Jacques"
PP_004BD9B,Ia,None,Democratic Republic of the Congo,Kinshasa,2025-04-08,187418,0.9039445461414032,2025-10-21,"Amuri-Aziza, Adrienne; Mbala-Kingebeni, Placide; Wawina-Bokalanga, Tony; Kinganda-Lusamaki, Eddy; Pukuta-Simbu, Elisabeth; Hasivirwe-Vakaniaki, Emmanuel; Ola-Mpumbe, Rilia; Kwete-Mbokama, Papy; Akil-Bandali, Prince; Kacita, Cris; Ponga-Museme, Ange; Mapenzi-Kashali, Nelson; Vakaniaki, Gloria; Kenye, Kelly-Michel; Muyamuna, Elisabeth; Kavira-Bapitani, Sifa; Mukadi, Patrick; OToole, Aine; Tshiani-Mbaya, Olivier; Paku-Tshambu, Princesse; Lokilo-Lofiko, Emmanuel; Muswamba-Kayembe, Chloe; Makangara-Cigolo, Jean-Claude; Cikaya-Kankolongo, Fiston; Luakanda-Ndelemo, Gradi; Lawanga, Leader; Mabika-Bope, Elzedek; Lumembe-Numbi, Raphael; Kabamba-Lungenyi, Gabriel; Citenga, Andre; Kelvin, D. J.; Pratt, Catherine; Ayouba, Ahidjo; Tessema, Sofonias; Mukadi-Bamuleka, Daniel; Jansen, Daan; Halbrook, Megan; Merrit, Sydney; Hensley, Lisa; Delaporte, Eric; Mwamba, Dieudonne; Liesenborghs, Laurens; Hoff, Nicole; Peeters, Martine; Low, Nicola; Rimoin, Anne; Kindrachuk, Jason; Vercauteren, Koen; Rambaut, Andrew; Ahuka-Mundeke, Steve; Muyembe-Tamfum, Jean-Jacques"
PP_004BDA9,Ib,A.1,Democratic Republic of the Congo,Kinshasa,2025-04-08,184063,0.45322982216835944,2025-10-21,"Amuri-Aziza, Adrienne; Mbala-Kingebeni, Placide; Wawina-Bokalanga, Tony; Kinganda-Lusamaki, Eddy; Pukuta-Simbu, Elisabeth; Hasivirwe-Vakaniaki, Emmanuel; Ola-Mpumbe, Rilia; Kwete-Mbokama, Papy; Akil-Bandali, Prince; Kacita, Cris; Ponga-Museme, Ange; Mapenzi-Kashali, Nelson; Vakaniaki, Gloria; Kenye, Kelly-Michel; Muyamuna, Elisabeth; Kavira-Bapitani, Sifa; Mukadi, Patrick; OToole, Aine; Tshiani-Mbaya, Olivier; Paku-Tshambu, Princesse; Lokilo-Lofiko, Emmanuel; Muswamba-Kayembe, Chloe; Makangara-Cigolo, Jean-Claude; Cikaya-Kankolongo, Fiston; Luakanda-Ndelemo, Gradi; Lawanga, Leader; Mabika-Bope, Elzedek; Lumembe-Numbi, Raphael; Kabamba-Lungenyi, Gabriel; Citenga, Andre; Kelvin, D. J.; Pratt, Catherine; Ayouba, Ahidjo; Tessema, Sofonias; Mukadi-Bamuleka, Daniel; Jansen, Daan; Halbrook, Megan; Merrit, Sydney; Hensley, Lisa; Delaporte, Eric; Mwamba, Dieudonne; Liesenborghs, Laurens; Hoff, Nicole; Peeters, Martine; Low, Nicola; Rimoin, Anne; Kindrachuk, Jason; Vercauteren, Koen; Rambaut, Andrew; Ahuka-Mundeke, Steve; Muyembe-Tamfum, Jean-Jacques"
PP_004BDB7,Ib,A.1,Democratic Republic of the Congo,Kinshasa,2025-04-08,187416,0.8964448884178714,2025-10-21,"Amuri-Aziza, Adrienne; Mbala-Kingebeni, Placide; Wawina-Bokalanga, Tony; Kinganda-Lusamaki, Eddy; Pukuta-Simbu, Elisabeth; Hasivirwe-Vakaniaki, Emmanuel; Ola-Mpumbe, Rilia; Kwete-Mbokama, Papy; Akil-Bandali, Prince; Kacita, Cris; Ponga-Museme, Ange; Mapenzi-Kashali, Nelson; Vakaniaki, Gloria; Kenye, Kelly-Michel; Muyamuna, Elisabeth; Kavira-Bapitani, Sifa; Mukadi, Patrick; OToole, Aine; Tshiani-Mbaya, Olivier; Paku-Tshambu, Princesse; Lokilo-Lofiko, Emmanuel; Muswamba-Kayembe, Chloe; Makangara-Cigolo, Jean-Claude; Cikaya-Kankolongo, Fiston; Luakanda-Ndelemo, Gradi; Lawanga, Leader; Mabika-Bope, Elzedek; Lumembe-Numbi, Raphael; Kabamba-Lungenyi, Gabriel; Citenga, Andre; Kelvin, D. J.; Pratt, Catherine; Ayouba, Ahidjo; Tessema, Sofonias; Mukadi-Bamuleka, Daniel; Jansen, Daan; Halbrook, Megan; Merrit, Sydney; Hensley, Lisa; Delaporte, Eric; Mwamba, Dieudonne; Liesenborghs, Laurens; Hoff, Nicole; Peeters, Martine; Low, Nicola; Rimoin, Anne; Kindrachuk, Jason; Vercauteren, Koen; Rambaut, Andrew; Ahuka-Mundeke, Steve; Muyembe-Tamfum, Jean-Jacques"
PP_004BDC5,Ia,None,Democratic Republic of the Congo,Kinshasa,2025-04-08,187418,0.8827589004558616,2025-10-21,"Amuri-Aziza, Adrienne; Mbala-Kingebeni, Placide; Wawina-Bokalanga, Tony; Kinganda-Lusamaki, Eddy; Pukuta-Simbu, Elisabeth; Hasivirwe-Vakaniaki, Emmanuel; Ola-Mpumbe, Rilia; Kwete-Mbokama, Papy; Akil-Bandali, Prince; Kacita, Cris; Ponga-Museme, Ange; Mapenzi-Kashali, Nelson; Vakaniaki, Gloria; Kenye, Kelly-Michel; Muyamuna, Elisabeth; Kavira-Bapitani, Sifa; Mukadi, Patrick; OToole, Aine; Tshiani-Mbaya, Olivier; Paku-Tshambu, Princesse; Lokilo-Lofiko, Emmanuel; Muswamba-Kayembe, Chloe; Makangara-Cigolo, Jean-Claude; Cikaya-Kankolongo, Fiston; Luakanda-Ndelemo, Gradi; Lawanga, Leader; Mabika-Bope, Elzedek; Lumembe-Numbi, Raphael; Kabamba-Lungenyi, Gabriel; Citenga, Andre; Kelvin, D. J.; Pratt, Catherine; Ayouba, Ahidjo; Tessema, Sofonias; Mukadi-Bamuleka, Daniel; Jansen, Daan; Halbrook, Megan; Merrit, Sydney; Hensley, Lisa; Delaporte, Eric; Mwamba, Dieudonne; Liesenborghs, Laurens; Hoff, Nicole; Peeters, Martine; Low, Nicola; Rimoin, Anne; Kindrachuk, Jason; Vercauteren, Koen; Rambaut, Andrew; Ahuka-Mundeke, Steve; Muyembe-Tamfum, Jean-Jacques"
PP_004BDD3,Ib,A.1,Democratic Republic of the Congo,Kinshasa,2025-04-08,187446,0.8615884670577915,2025-10-21,"Amuri-Aziza, Adrienne; Mbala-Kingebeni, Placide; Wawina-Bokalanga, Tony; Kinganda-Lusamaki, Eddy; Pukuta-Simbu, Elisabeth; Hasivirwe-Vakaniaki, Emmanuel; Ola-Mpumbe, Rilia; Kwete-Mbokama, Papy; Akil-Bandali, Prince; Kacita, Cris; Ponga-Museme, Ange; Mapenzi-Kashali, Nelson; Vakaniaki, Gloria; Kenye, Kelly-Michel; Muyamuna, Elisabeth; Kavira-Bapitani, Sifa; Mukadi, Patrick; OToole, Aine; Tshiani-Mbaya, Olivier; Paku-Tshambu, Princesse; Lokilo-Lofiko, Emmanuel; Muswamba-Kayembe, Chloe; Makangara-Cigolo, Jean-Claude; Cikaya-Kankolongo, Fiston; Luakanda-Ndelemo, Gradi; Lawanga, Leader; Mabika-Bope, Elzedek; Lumembe-Numbi, Raphael; Kabamba-Lungenyi, Gabriel; Citenga, Andre; Kelvin, D. J.; Pratt, Catherine; Ayouba, Ahidjo; Tessema, Sofonias; Mukadi-Bamuleka, Daniel; Jansen, Daan; Halbrook, Megan; Merrit, Sydney; Hensley, Lisa; Delaporte, Eric; Mwamba, Dieudonne; Liesenborghs, Laurens; Hoff, Nicole; Peeters, Martine; Low, Nicola; Rimoin, Anne; Kindrachuk, Jason; Vercauteren, Koen; Rambaut, Andrew; Ahuka-Mundeke, Steve; Muyembe-Tamfum, Jean-Jacques"
PP_004BDE1,Ia,None,Democratic Republic of the Congo,Kinshasa,2025-04-08,187416,0.8971700074540209,2025-10-21,"Amuri-Aziza, Adrienne; Mbala-Kingebeni, Placide; Wawina-Bokalanga, Tony; Kinganda-Lusamaki, Eddy; Pukuta-Simbu, Elisabeth; Hasivirwe-Vakaniaki, Emmanuel; Ola-Mpumbe, Rilia; Kwete-Mbokama, Papy; Akil-Bandali, Prince; Kacita, Cris; Ponga-Museme, Ange; Mapenzi-Kashali, Nelson; Vakaniaki, Gloria; Kenye, Kelly-Michel; Muyamuna, Elisabeth; Kavira-Bapitani, Sifa; Mukadi, Patrick; OToole, Aine; Tshiani-Mbaya, Olivier; Paku-Tshambu, Princesse; Lokilo-Lofiko, Emmanuel; Muswamba-Kayembe, Chloe; Makangara-Cigolo, Jean-Claude; Cikaya-Kankolongo, Fiston; Luakanda-Ndelemo, Gradi; Lawanga, Leader; Mabika-Bope, Elzedek; Lumembe-Numbi, Raphael; Kabamba-Lungenyi, Gabriel; Citenga, Andre; Kelvin, D. J.; Pratt, Catherine; Ayouba, Ahidjo; Tessema, Sofonias; Mukadi-Bamuleka, Daniel; Jansen, Daan; Halbrook, Megan; Merrit, Sydney; Hensley, Lisa; Delaporte, Eric; Mwamba, Dieudonne; Liesenborghs, Laurens; Hoff, Nicole; Peeters, Martine; Low, Nicola; Rimoin, Anne; Kindrachuk, Jason; Vercauteren, Koen; Rambaut, Andrew; Ahuka-Mundeke, Steve; Muyembe-Tamfum, Jean-Jacques"
PP_004BDFZ,Ia,None,Democratic Republic of the Congo,Kinshasa,2025-04-08,187429,0.8638703101785415,2025-10-21,"Amuri-Aziza, Adrienne; Mbala-Kingebeni, Placide; Wawina-Bokalanga, Tony; Kinganda-Lusamaki, Eddy; Pukuta-Simbu, Elisabeth; Hasivirwe-Vakaniaki, Emmanuel; Ola-Mpumbe, Rilia; Kwete-Mbokama, Papy; Akil-Bandali, Prince; Kacita, Cris; Ponga-Museme, Ange; Mapenzi-Kashali, Nelson; Vakaniaki, Gloria; Kenye, Kelly-Michel; Muyamuna, Elisabeth; Kavira-Bapitani, Sifa; Mukadi, Patrick; OToole, Aine; Tshiani-Mbaya, Olivier; Paku-Tshambu, Princesse; Lokilo-Lofiko, Emmanuel; Muswamba-Kayembe, Chloe; Makangara-Cigolo, Jean-Claude; Cikaya-Kankolongo, Fiston; Luakanda-Ndelemo, Gradi; Lawanga, Leader; Mabika-Bope, Elzedek; Lumembe-Numbi, Raphael; Kabamba-Lungenyi, Gabriel; Citenga, Andre; Kelvin, D. J.; Pratt, Catherine; Ayouba, Ahidjo; Tessema, Sofonias; Mukadi-Bamuleka, Daniel; Jansen, Daan; Halbrook, Megan; Merrit, Sydney; Hensley, Lisa; Delaporte, Eric; Mwamba, Dieudonne; Liesenborghs, Laurens; Hoff, Nicole; Peeters, Martine; Low, Nicola; Rimoin, Anne; Kindrachuk, Jason; Vercauteren, Koen; Rambaut, Andrew; Ahuka-Mundeke, Steve; Muyembe-Tamfum, Jean-Jacques"
PP_004BDGX,Ib,A.1,Democratic Republic of the Congo,Mai-Ndombe,2025-04-08,187405,0.8575065032528941,2025-10-21,"Kenye, Kelly-Michel; Mbala-Kingebeni, Placide; Wawina-Bokalanga, Tony; Kinganda-Lusamaki, Eddy; Pukuta-Simbu, Elisabeth; Hasivirwe-Vakaniaki, Emmanuel; Ola-Mpumbe, Rilia; Kwete-Mbokama, Papy; Akil-Bandali, Prince; Kacita, Cris; Ponga-Museme, Ange; Mapenzi-Kashali, Nelson; Vakaniaki, Gloria; Amuri-Aziza, Adrienne; Muyamuna, Elisabeth; Kavira-Bapitani, Sifa; Mukadi, Patrick; OToole, Aine; Tshiani-Mbaya, Olivier; Paku-Tshambu, Princesse; Lokilo-Lofiko, Emmanuel; Muswamba-Kayembe, Chloe; Makangara-Cigolo, Jean-Claude; Cikaya-Kankolongo, Fiston; Luakanda-Ndelemo, Gradi; Lawanga, Leader; Mabika-Bope, Elzedek; Lumembe-Numbi, Raphael; Kabamba-Lungenyi, Gabriel; Citenga, Andre; Kelvin, D. J.; Pratt, Catherine; Ayouba, Ahidjo; Tessema, Sofonias; Mukadi-Bamuleka, Daniel; Jansen, Daan; Halbrook, Megan; Merrit, Sydney; Hensley, Lisa; Delaporte, Eric; Mwamba, Dieudonne; Liesenborghs, Laurens; Hoff, Nicole; Peeters, Martine; Low, Nicola; Rimoin, Anne; Kindrachuk, Jason; Vercauteren, Koen; Rambaut, Andrew; Ahuka-Mundeke, Steve; Muyembe-Tamfum, Jean-Jacques"
PP_004BDHU,Ia,None,Democratic Republic of the Congo,Kinshasa,2025-04-08,187417,0.8694785734930962,2025-10-21,"Amuri-Aziza, Adrienne; Mbala-Kingebeni, Placide; Wawina-Bokalanga, Tony; Kinganda-Lusamaki, Eddy; Pukuta-Simbu, Elisabeth; Hasivirwe-Vakaniaki, Emmanuel; Ola-Mpumbe, Rilia; Kwete-Mbokama, Papy; Akil-Bandali, Prince; Kacita, Cris; Ponga-Museme, Ange; Mapenzi-Kashali, Nelson; Vakaniaki, Gloria; Kenye, Kelly-Michel; Muyamuna, Elisabeth; Kavira-Bapitani, Sifa; Mukadi, Patrick; OToole, Aine; Tshiani-Mbaya, Olivier; Paku-Tshambu, Princesse; Lokilo-Lofiko, Emmanuel; Muswamba-Kayembe, Chloe; Makangara-Cigolo, Jean-Claude; Cikaya-Kankolongo, Fiston; Luakanda-Ndelemo, Gradi; Lawanga, Leader; Mabika-Bope, Elzedek; Lumembe-Numbi, Raphael; Kabamba-Lungenyi, Gabriel; Citenga, Andre; Kelvin, D. J.; Pratt, Catherine; Ayouba, Ahidjo; Tessema, Sofonias; Mukadi-Bamuleka, Daniel; Jansen, Daan; Halbrook, Megan; Merrit, Sydney; Hensley, Lisa; Delaporte, Eric; Mwamba, Dieudonne; Liesenborghs, Laurens; Hoff, Nicole; Peeters, Martine; Low, Nicola; Rimoin, Anne; Kindrachuk, Jason; Vercauteren, Koen; Rambaut, Andrew; Ahuka-Mundeke, Steve; Muyembe-Tamfum, Jean-Jacques"
PP_004BDJS,Ib,A.1,Democratic Republic of the Congo,Kinshasa,2025-04-08,187373,0.8118493577879305,2025-10-21,"Amuri-Aziza, Adrienne; Mbala-Kingebeni, Placide; Wawina-Bokalanga, Tony; Kinganda-Lusamaki, Eddy; Pukuta-Simbu, Elisabeth; Hasivirwe-Vakaniaki, Emmanuel; Ola-Mpumbe, Rilia; Kwete-Mbokama, Papy; Akil-Bandali, Prince; Kacita, Cris; Ponga-Museme, Ange; Mapenzi-Kashali, Nelson; Vakaniaki, Gloria; Kenye, Kelly-Michel; Muyamuna, Elisabeth; Kavira-Bapitani, Sifa; Mukadi, Patrick; OToole, Aine; Tshiani-Mbaya, Olivier; Paku-Tshambu, Princesse; Lokilo-Lofiko, Emmanuel; Muswamba-Kayembe, Chloe; Makangara-Cigolo, Jean-Claude; Cikaya-Kankolongo, Fiston; Luakanda-Ndelemo, Gradi; Lawanga, Leader; Mabika-Bope, Elzedek; Lumembe-Numbi, Raphael; Kabamba-Lungenyi, Gabriel; Citenga, Andre; Kelvin, D. J.; Pratt, Catherine; Ayouba, Ahidjo; Tessema, Sofonias; Mukadi-Bamuleka, Daniel; Jansen, Daan; Halbrook, Megan; Merrit, Sydney; Hensley, Lisa; Delaporte, Eric; Mwamba, Dieudonne; Liesenborghs, Laurens; Hoff, Nicole; Peeters, Martine; Low, Nicola; Rimoin, Anne; Kindrachuk, Jason; Vercauteren, Koen; Rambaut, Andrew; Ahuka-Mundeke, Steve; Muyembe-Tamfum, Jean-Jacques"
PP_004BDKQ,Ia,None,Democratic Republic of the Congo,Bas-Uele,2017-03-11,196719,0.9992444563889072,2025-10-21,"Paku-Tshambu, Princesse; Mbala-Kingebeni, Placide; Wawina-Bokalanga, Tony; Kinganda-Lusamaki, Eddy; Pukuta-Simbu, Elisabeth; Hasivirwe-Vakaniaki, Emmanuel; Ola-Mpumbe, Rilia; Kwete-Mbokama, Papy; Akil-Bandali, Prince; Kacita, Cris; Ponga-Museme, Ange; Mapenzi-Kashali, Nelson; Vakaniaki, Gloria; Amuri-Aziza, Adrienne; Kenye, Kelly-Michel; Muyamuna, Elisabeth; Kavira-Bapitani, Sifa; Mukadi, Patrick; OToole, Aine; Tshiani-Mbaya, Olivier; Lokilo-Lofiko, Emmanuel; Muswamba-Kayembe, Chloe; Makangara-Cigolo, Jean-Claude; Cikaya-Kankolongo, Fiston; Luakanda-Ndelemo, Gradi; Lawanga, Leader; Mabika-Bope, Elzedek; Lumembe-Numbi, Raphael; Kabamba-Lungenyi, Gabriel; Citenga, Andre; Kelvin, D. J.; Pratt, Catherine; Ayouba, Ahidjo; Tessema, Sofonias; Mukadi-Bamuleka, Daniel; Jansen, Daan; Halbrook, Megan; Merrit, Sydney; Hensley, Lisa; Delaporte, Eric; Mwamba, Dieudonne; Liesenborghs, Laurens; Hoff, Nicole; Peeters, Martine; Low, Nicola; Rimoin, Anne; Kindrachuk, Jason; Vercauteren, Koen; Rambaut, Andrew; Ahuka-Mundeke, Steve; Muyembe-Tamfum, Jean-Jacques"
PP_004BDLN,Ia,None,Democratic Republic of the Congo,Tshopo,2025-03-10,187409,0.8650416563138599,2025-10-21,"Luakanda-Ndelemo, Gradi; Mbala-Kingebeni, Placide; Wawina-Bokalanga, Tony; Kinganda-Lusamaki, Eddy; Pukuta-Simbu, Elisabeth; Hasivirwe-Vakaniaki, Emmanuel; Ola-Mpumbe, Rilia; Kwete-Mbokama, Papy; Akil-Bandali, Prince; Kacita, Cris; Ponga-Museme, Ange; Mapenzi-Kashali, Nelson; Vakaniaki, Gloria; Amuri-Aziza, Adrienne; Kenye, Kelly-Michel; Muyamuna, Elisabeth; Kavira-Bapitani, Sifa; Mukadi, Patrick; OToole, Aine; Tshiani-Mbaya, Olivier; Paku-Tshambu, Princesse; Lokilo-Lofiko, Emmanuel; Muswamba-Kayembe, Chloe; Makangara-Cigolo, Jean-Claude; Cikaya-Kankolongo, Fiston; Lawanga, Leader; Mabika-Bope, Elzedek; Lumembe-Numbi, Raphael; Kabamba-Lungenyi, Gabriel; Citenga, Andre; Kelvin, D. J.; Pratt, Catherine; Ayouba, Ahidjo; Tessema, Sofonias; Mukadi-Bamuleka, Daniel; Jansen, Daan; Halbrook, Megan; Merrit, Sydney; Hensley, Lisa; Delaporte, Eric; Mwamba, Dieudonne; Liesenborghs, Laurens; Hoff, Nicole; Peeters, Martine; Low, Nicola; Rimoin, Anne; Kindrachuk, Jason; Vercauteren, Koen; Rambaut, Andrew; Ahuka-Mundeke, Steve; Muyembe-Tamfum, Jean-Jacques"
PP_004BDML,Ib,A.5,Democratic Republic of the Congo,Ituri,2025-03-11,187390,0.8681703167705328,2025-10-21,"Pukuta-Simbu, Elisabeth; Mbala-Kingebeni, Placide; Wawina-Bokalanga, Tony; Kinganda-Lusamaki, Eddy; Hasivirwe-Vakaniaki, Emmanuel; Ola-Mpumbe, Rilia; Kwete-Mbokama, Papy; Akil-Bandali, Prince; Kacita, Cris; Ponga-Museme, Ange; Mapenzi-Kashali, Nelson; Vakaniaki, Gloria; Amuri-Aziza, Adrienne; Kenye, Kelly-Michel; Muyamuna, Elisabeth; Kavira-Bapitani, Sifa; Mukadi, Patrick; OToole, Aine; Tshiani-Mbaya, Olivier; Paku-Tshambu, Princesse; Lokilo-Lofiko, Emmanuel; Muswamba-Kayembe, Chloe; Makangara-Cigolo, Jean-Claude; Cikaya-Kankolongo, Fiston; Luakanda-Ndelemo, Gradi; Lawanga, Leader; Mabika-Bope, Elzedek; Lumembe-Numbi, Raphael; Kabamba-Lungenyi, Gabriel; Citenga, Andre; Kelvin, D. J.; Pratt, Catherine; Ayouba, Ahidjo; Tessema, Sofonias; Mukadi-Bamuleka, Daniel; Jansen, Daan; Halbrook, Megan; Merrit, Sydney; Hensley, Lisa; Delaporte, Eric; Mwamba, Dieudonne; Liesenborghs, Laurens; Hoff, Nicole; Peeters, Martine; Low, Nicola; Rimoin, Anne; Kindrachuk, Jason; Vercauteren, Koen; Rambaut, Andrew; Ahuka-Mundeke, Steve; Muyembe-Tamfum, Jean-Jacques"
PP_004BDNJ,Ia,None,Democratic Republic of the Congo,Ituri,2025-03-25,187413,0.8614566272330371,2025-10-21,"Pukuta-Simbu, Elisabeth; Mbala-Kingebeni, Placide; Wawina-Bokalanga, Tony; Kinganda-Lusamaki, Eddy; Hasivirwe-Vakaniaki, Emmanuel; Ola-Mpumbe, Rilia; Kwete-Mbokama, Papy; Akil-Bandali, Prince; Kacita, Cris; Ponga-Museme, Ange; Mapenzi-Kashali, Nelson; Vakaniaki, Gloria; Amuri-Aziza, Adrienne; Kenye, Kelly-Michel; Muyamuna, Elisabeth; Kavira-Bapitani, Sifa; Mukadi, Patrick; OToole, Aine; Tshiani-Mbaya, Olivier; Paku-Tshambu, Princesse; Lokilo-Lofiko, Emmanuel; Muswamba-Kayembe, Chloe; Makangara-Cigolo, Jean-Claude; Cikaya-Kankolongo, Fiston; Luakanda-Ndelemo, Gradi; Lawanga, Leader; Mabika-Bope, Elzedek; Lumembe-Numbi, Raphael; Kabamba-Lungenyi, Gabriel; Citenga, Andre; Kelvin, D. J.; Pratt, Catherine; Ayouba, Ahidjo; Tessema, Sofonias; Mukadi-Bamuleka, Daniel; Jansen, Daan; Halbrook, Megan; Merrit, Sydney; Hensley, Lisa; Delaporte, Eric; Mwamba, Dieudonne; Liesenborghs, Laurens; Hoff, Nicole; Peeters, Martine; Low, Nicola; Rimoin, Anne; Kindrachuk, Jason; Vercauteren, Koen; Rambaut, Andrew; Ahuka-Mundeke, Steve; Muyembe-Tamfum, Jean-Jacques"
PP_004BDPG,Ia,None,Democratic Republic of the Congo,Tshopo,2025-03-19,187383,0.796915962253244,2025-10-21,"Luakanda-Ndelemo, Gradi; Mbala-Kingebeni, Placide; Wawina-Bokalanga, Tony; Kinganda-Lusamaki, Eddy; Pukuta-Simbu, Elisabeth; Hasivirwe-Vakaniaki, Emmanuel; Ola-Mpumbe, Rilia; Kwete-Mbokama, Papy; Akil-Bandali, Prince; Kacita, Cris; Ponga-Museme, Ange; Mapenzi-Kashali, Nelson; Vakaniaki, Gloria; Amuri-Aziza, Adrienne; Kenye, Kelly-Michel; Muyamuna, Elisabeth; Kavira-Bapitani, Sifa; Mukadi, Patrick; OToole, Aine; Tshiani-Mbaya, Olivier; Paku-Tshambu, Princesse; Lokilo-Lofiko, Emmanuel; Muswamba-Kayembe, Chloe; Makangara-Cigolo, Jean-Claude; Cikaya-Kankolongo, Fiston; Lawanga, Leader; Mabika-Bope, Elzedek; Lumembe-Numbi, Raphael; Kabamba-Lungenyi, Gabriel; Citenga, Andre; Kelvin, D. J.; Pratt, Catherine; Ayouba, Ahidjo; Tessema, Sofonias; Mukadi-Bamuleka, Daniel; Jansen, Daan; Halbrook, Megan; Merrit, Sydney; Hensley, Lisa; Delaporte, Eric; Mwamba, Dieudonne; Liesenborghs, Laurens; Hoff, Nicole; Peeters, Martine; Low, Nicola; Rimoin, Anne; Kindrachuk, Jason; Vercauteren, Koen; Rambaut, Andrew; Ahuka-Mundeke, Steve; Muyembe-Tamfum, Jean-Jacques"
PP_004BDQE,Ia,None,Democratic Republic of the Congo,Tshopo,2025-03-18,187400,0.8559599206932746,2025-10-21,"Luakanda-Ndelemo, Gradi; Mbala-Kingebeni, Placide; Wawina-Bokalanga, Tony; Kinganda-Lusamaki, Eddy; Pukuta-Simbu, Elisabeth; Hasivirwe-Vakaniaki, Emmanuel; Ola-Mpumbe, Rilia; Kwete-Mbokama, Papy; Akil-Bandali, Prince; Kacita, Cris; Ponga-Museme, Ange; Mapenzi-Kashali, Nelson; Vakaniaki, Gloria; Amuri-Aziza, Adrienne; Kenye, Kelly-Michel; Muyamuna, Elisabeth; Kavira-Bapitani, Sifa; Mukadi, Patrick; OToole, Aine; Tshiani-Mbaya, Olivier; Paku-Tshambu, Princesse; Lokilo-Lofiko, Emmanuel; Muswamba-Kayembe, Chloe; Makangara-Cigolo, Jean-Claude; Cikaya-Kankolongo, Fiston; Lawanga, Leader; Mabika-Bope, Elzedek; Lumembe-Numbi, Raphael; Kabamba-Lungenyi, Gabriel; Citenga, Andre; Kelvin, D. J.; Pratt, Catherine; Ayouba, Ahidjo; Tessema, Sofonias; Mukadi-Bamuleka, Daniel; Jansen, Daan; Halbrook, Megan; Merrit, Sydney; Hensley, Lisa; Delaporte, Eric; Mwamba, Dieudonne; Liesenborghs, Laurens; Hoff, Nicole; Peeters, Martine; Low, Nicola; Rimoin, Anne; Kindrachuk, Jason; Vercauteren, Koen; Rambaut, Andrew; Ahuka-Mundeke, Steve; Muyembe-Tamfum, Jean-Jacques"
PP_004BDRC,Ia,None,Democratic Republic of the Congo,Tshopo,2025-04-22,187448,0.7409651689324523,2025-10-21,"Luakanda-Ndelemo, Gradi; Mbala-Kingebeni, Placide; Wawina-Bokalanga, Tony; Kinganda-Lusamaki, Eddy; Pukuta-Simbu, Elisabeth; Hasivirwe-Vakaniaki, Emmanuel; Ola-Mpumbe, Rilia; Kwete-Mbokama, Papy; Akil-Bandali, Prince; Kacita, Cris; Ponga-Museme, Ange; Mapenzi-Kashali, Nelson; Vakaniaki, Gloria; Amuri-Aziza, Adrienne; Kenye, Kelly-Michel; Muyamuna, Elisabeth; Kavira-Bapitani, Sifa; Mukadi, Patrick; OToole, Aine; Tshiani-Mbaya, Olivier; Paku-Tshambu, Princesse; Lokilo-Lofiko, Emmanuel; Muswamba-Kayembe, Chloe; Makangara-Cigolo, Jean-Claude; Cikaya-Kankolongo, Fiston; Lawanga, Leader; Mabika-Bope, Elzedek; Lumembe-Numbi, Raphael; Kabamba-Lungenyi, Gabriel; Citenga, Andre; Kelvin, D. J.; Pratt, Catherine; Ayouba, Ahidjo; Tessema, Sofonias; Mukadi-Bamuleka, Daniel; Jansen, Daan; Halbrook, Megan; Merrit, Sydney; Hensley, Lisa; Delaporte, Eric; Mwamba, Dieudonne; Liesenborghs, Laurens; Hoff, Nicole; Peeters, Martine; Low, Nicola; Rimoin, Anne; Kindrachuk, Jason; Vercauteren, Koen; Rambaut, Andrew; Ahuka-Mundeke, Steve; Muyembe-Tamfum, Jean-Jacques"
PP_004BDSA,Ib,A.5,Democratic Republic of the Congo,Ituri,2025-03-20,187403,0.8506051955032479,2025-10-21,"Pukuta-Simbu, Elisabeth; Mbala-Kingebeni, Placide; Wawina-Bokalanga, Tony; Kinganda-Lusamaki, Eddy; Hasivirwe-Vakaniaki, Emmanuel; Ola-Mpumbe, Rilia; Kwete-Mbokama, Papy; Akil-Bandali, Prince; Kacita, Cris; Ponga-Museme, Ange; Mapenzi-Kashali, Nelson; Vakaniaki, Gloria; Amuri-Aziza, Adrienne; Kenye, Kelly-Michel; Muyamuna, Elisabeth; Kavira-Bapitani, Sifa; Mukadi, Patrick; OToole, Aine; Tshiani-Mbaya, Olivier; Paku-Tshambu, Princesse; Lokilo-Lofiko, Emmanuel; Muswamba-Kayembe, Chloe; Makangara-Cigolo, Jean-Claude; Cikaya-Kankolongo, Fiston; Luakanda-Ndelemo, Gradi; Lawanga, Leader; Mabika-Bope, Elzedek; Lumembe-Numbi, Raphael; Kabamba-Lungenyi, Gabriel; Citenga, Andre; Kelvin, D. J.; Pratt, Catherine; Ayouba, Ahidjo; Tessema, Sofonias; Mukadi-Bamuleka, Daniel; Jansen, Daan; Halbrook, Megan; Merrit, Sydney; Hensley, Lisa; Delaporte, Eric; Mwamba, Dieudonne; Liesenborghs, Laurens; Hoff, Nicole; Peeters, Martine; Low, Nicola; Rimoin, Anne; Kindrachuk, Jason; Vercauteren, Koen; Rambaut, Andrew; Ahuka-Mundeke, Steve; Muyembe-Tamfum, Jean-Jacques"
PP_004BDT8,Ia,None,Democratic Republic of the Congo,Ituri,2025-03-25,187416,0.8584547358386281,2025-10-21,"Pukuta-Simbu, Elisabeth; Mbala-Kingebeni, Placide; Wawina-Bokalanga, Tony; Kinganda-Lusamaki, Eddy; Hasivirwe-Vakaniaki, Emmanuel; Ola-Mpumbe, Rilia; Kwete-Mbokama, Papy; Akil-Bandali, Prince; Kacita, Cris; Ponga-Museme, Ange; Mapenzi-Kashali, Nelson; Vakaniaki, Gloria; Amuri-Aziza, Adrienne; Kenye, Kelly-Michel; Muyamuna, Elisabeth; Kavira-Bapitani, Sifa; Mukadi, Patrick; OToole, Aine; Tshiani-Mbaya, Olivier; Paku-Tshambu, Princesse; Lokilo-Lofiko, Emmanuel; Muswamba-Kayembe, Chloe; Makangara-Cigolo, Jean-Claude; Cikaya-Kankolongo, Fiston; Luakanda-Ndelemo, Gradi; Lawanga, Leader; Mabika-Bope, Elzedek; Lumembe-Numbi, Raphael; Kabamba-Lungenyi, Gabriel; Citenga, Andre; Kelvin, D. J.; Pratt, Catherine; Ayouba, Ahidjo; Tessema, Sofonias; Mukadi-Bamuleka, Daniel; Jansen, Daan; Halbrook, Megan; Merrit, Sydney; Hensley, Lisa; Delaporte, Eric; Mwamba, Dieudonne; Liesenborghs, Laurens; Hoff, Nicole; Peeters, Martine; Low, Nicola; Rimoin, Anne; Kindrachuk, Jason; Vercauteren, Koen; Rambaut, Andrew; Ahuka-Mundeke, Steve; Muyembe-Tamfum, Jean-Jacques"
PP_004BDU6,Ia,None,Democratic Republic of the Congo,Mai-Ndombe,2025-04-18,187412,0.8424564801809248,2025-10-21,"Kenye, Kelly-Michel; Mbala-Kingebeni, Placide; Wawina-Bokalanga, Tony; Kinganda-Lusamaki, Eddy; Pukuta-Simbu, Elisabeth; Hasivirwe-Vakaniaki, Emmanuel; Ola-Mpumbe, Rilia; Kwete-Mbokama, Papy; Akil-Bandali, Prince; Kacita, Cris; Ponga-Museme, Ange; Mapenzi-Kashali, Nelson; Vakaniaki, Gloria; Amuri-Aziza, Adrienne; Muyamuna, Elisabeth; Kavira-Bapitani, Sifa; Mukadi, Patrick; OToole, Aine; Tshiani-Mbaya, Olivier; Paku-Tshambu, Princesse; Lokilo-Lofiko, Emmanuel; Muswamba-Kayembe, Chloe; Makangara-Cigolo, Jean-Claude; Cikaya-Kankolongo, Fiston; Luakanda-Ndelemo, Gradi; Lawanga, Leader; Mabika-Bope, Elzedek; Lumembe-Numbi, Raphael; Kabamba-Lungenyi, Gabriel; Citenga, Andre; Kelvin, D. J.; Pratt, Catherine; Ayouba, Ahidjo; Tessema, Sofonias; Mukadi-Bamuleka, Daniel; Jansen, Daan; Halbrook, Megan; Merrit, Sydney; Hensley, Lisa; Delaporte, Eric; Mwamba, Dieudonne; Liesenborghs, Laurens; Hoff, Nicole; Peeters, Martine; Low, Nicola; Rimoin, Anne; Kindrachuk, Jason; Vercauteren, Koen; Rambaut, Andrew; Ahuka-Mundeke, Steve; Muyembe-Tamfum, Jean-Jacques"
PP_004BDV4,Ia,None,Democratic Republic of the Congo,Kinshasa,2025-04-18,187407,0.8326496255241901,2025-10-21,"Amuri-Aziza, Adrienne; Mbala-Kingebeni, Placide; Wawina-Bokalanga, Tony; Kinganda-Lusamaki, Eddy; Pukuta-Simbu, Elisabeth; Hasivirwe-Vakaniaki, Emmanuel; Ola-Mpumbe, Rilia; Kwete-Mbokama, Papy; Akil-Bandali, Prince; Kacita, Cris; Ponga-Museme, Ange; Mapenzi-Kashali, Nelson; Vakaniaki, Gloria; Kenye, Kelly-Michel; Muyamuna, Elisabeth; Kavira-Bapitani, Sifa; Mukadi, Patrick; OToole, Aine; Tshiani-Mbaya, Olivier; Paku-Tshambu, Princesse; Lokilo-Lofiko, Emmanuel; Muswamba-Kayembe, Chloe; Makangara-Cigolo, Jean-Claude; Cikaya-Kankolongo, Fiston; Luakanda-Ndelemo, Gradi; Lawanga, Leader; Mabika-Bope, Elzedek; Lumembe-Numbi, Raphael; Kabamba-Lungenyi, Gabriel; Citenga, Andre; Kelvin, D. J.; Pratt, Catherine; Ayouba, Ahidjo; Tessema, Sofonias; Mukadi-Bamuleka, Daniel; Jansen, Daan; Halbrook, Megan; Merrit, Sydney; Hensley, Lisa; Delaporte, Eric; Mwamba, Dieudonne; Liesenborghs, Laurens; Hoff, Nicole; Peeters, Martine; Low, Nicola; Rimoin, Anne; Kindrachuk, Jason; Vercauteren, Koen; Rambaut, Andrew; Ahuka-Mundeke, Steve; Muyembe-Tamfum, Jean-Jacques"
PP_004BDW2,Ia,None,Democratic Republic of the Congo,Kinshasa,2025-04-22,187402,0.8678762125460806,2025-10-21,"Amuri-Aziza, Adrienne; Mbala-Kingebeni, Placide; Wawina-Bokalanga, Tony; Kinganda-Lusamaki, Eddy; Pukuta-Simbu, Elisabeth; Hasivirwe-Vakaniaki, Emmanuel; Ola-Mpumbe, Rilia; Kwete-Mbokama, Papy; Akil-Bandali, Prince; Kacita, Cris; Ponga-Museme, Ange; Mapenzi-Kashali, Nelson; Vakaniaki, Gloria; Kenye, Kelly-Michel; Muyamuna, Elisabeth; Kavira-Bapitani, Sifa; Mukadi, Patrick; OToole, Aine; Tshiani-Mbaya, Olivier; Paku-Tshambu, Princesse; Lokilo-Lofiko, Emmanuel; Muswamba-Kayembe, Chloe; Makangara-Cigolo, Jean-Claude; Cikaya-Kankolongo, Fiston; Luakanda-Ndelemo, Gradi; Lawanga, Leader; Mabika-Bope, Elzedek; Lumembe-Numbi, Raphael; Kabamba-Lungenyi, Gabriel; Citenga, Andre; Kelvin, D. J.; Pratt, Catherine; Ayouba, Ahidjo; Tessema, Sofonias; Mukadi-Bamuleka, Daniel; Jansen, Daan; Halbrook, Megan; Merrit, Sydney; Hensley, Lisa; Delaporte, Eric; Mwamba, Dieudonne; Liesenborghs, Laurens; Hoff, Nicole; Peeters, Martine; Low, Nicola; Rimoin, Anne; Kindrachuk, Jason; Vercauteren, Koen; Rambaut, Andrew; Ahuka-Mundeke, Steve; Muyembe-Tamfum, Jean-Jacques"
PP_004BDX0,Ib,A,Democratic Republic of the Congo,Kinshasa,2025-04-17,183745,0.135997849996704,2025-10-21,"Wawina-Bokalanga, Tony; Amuri-Aziza, Adrienne; Mbala-Kingebeni, Placide; Kinganda-Lusamaki, Eddy; Pukuta-Simbu, Elisabeth; Hasivirwe-Vakaniaki, Emmanuel; Ola-Mpumbe, Rilia; Kwete-Mbokama, Papy; Akil-Bandali, Prince; Kacita, Cris; Ponga-Museme, Ange; Mapenzi-Kashali, Nelson; Vakaniaki, Gloria; Kenye, Kelly-Michel; Muyamuna, Elisabeth; Kavira-Bapitani, Sifa; Mukadi, Patrick; OToole, Aine; Tshiani-Mbaya, Olivier; Paku-Tshambu, Princesse; Lokilo-Lofiko, Emmanuel; Muswamba-Kayembe, Chloe; Makangara-Cigolo, Jean-Claude; Cikaya-Kankolongo, Fiston; Luakanda-Ndelemo, Gradi; Lawanga, Leader; Mabika-Bope, Elzedek; Lumembe-Numbi, Raphael; Kabamba-Lungenyi, Gabriel; Citenga, Andre; Kelvin, D. J.; Pratt, Catherine; Ayouba, Ahidjo; Tessema, Sofonias; Mukadi-Bamuleka, Daniel; Jansen, Daan; Halbrook, Megan; Merrit, Sydney; Hensley, Lisa; Delaporte, Eric; Mwamba, Dieudonne; Liesenborghs, Laurens; Hoff, Nicole; Peeters, Martine; Low, Nicola; Rimoin, Anne; Kindrachuk, Jason; Vercauteren, Koen; Rambaut, Andrew; Ahuka-Mundeke, Steve; Muyembe-Tamfum, Jean-Jacques"
PP_004BDYY,Ib,A.1,Democratic Republic of the Congo,Mongala,2025-04-22,187384,0.8064946325979038,2025-10-21,"Mapenzi-Kashali, Nelson; Citenga, Andre; Mbala-Kingebeni, Placide; Wawina-Bokalanga, Tony; Kinganda-Lusamaki, Eddy; Pukuta-Simbu, Elisabeth; Hasivirwe-Vakaniaki, Emmanuel; Ola-Mpumbe, Rilia; Kwete-Mbokama, Papy; Akil-Bandali, Prince; Kacita, Cris; Ponga-Museme, Ange; Vakaniaki, Gloria; Amuri-Aziza, Adrienne; Kenye, Kelly-Michel; Muyamuna, Elisabeth; Kavira-Bapitani, Sifa; Mukadi, Patrick; OToole, Aine; Tshiani-Mbaya, Olivier; Paku-Tshambu, Princesse; Lokilo-Lofiko, Emmanuel; Muswamba-Kayembe, Chloe; Makangara-Cigolo, Jean-Claude; Cikaya-Kankolongo, Fiston; Luakanda-Ndelemo, Gradi; Lawanga, Leader; Mabika-Bope, Elzedek; Lumembe-Numbi, Raphael; Kabamba-Lungenyi, Gabriel; Kelvin, D. J.; Pratt, Catherine; Ayouba, Ahidjo; Tessema, Sofonias; Mukadi-Bamuleka, Daniel; Jansen, Daan; Halbrook, Megan; Merrit, Sydney; Hensley, Lisa; Delaporte, Eric; Mwamba, Dieudonne; Liesenborghs, Laurens; Hoff, Nicole; Peeters, Martine; Low, Nicola; Rimoin, Anne; Kindrachuk, Jason; Vercauteren, Koen; Rambaut, Andrew; Ahuka-Mundeke, Steve; Muyembe-Tamfum, Jean-Jacques"
PP_004BDZW,Ia,None,Democratic Republic of the Congo,Kinshasa,2025-04-21,187405,0.8709592361403384,2025-10-21,"Wawina-Bokalanga, Tony; Amuri-Aziza, Adrienne; Mbala-Kingebeni, Placide; Kinganda-Lusamaki, Eddy; Pukuta-Simbu, Elisabeth; Hasivirwe-Vakaniaki, Emmanuel; Ola-Mpumbe, Rilia; Kwete-Mbokama, Papy; Akil-Bandali, Prince; Kacita, Cris; Ponga-Museme, Ange; Mapenzi-Kashali, Nelson; Vakaniaki, Gloria; Kenye, Kelly-Michel; Muyamuna, Elisabeth; Kavira-Bapitani, Sifa; Mukadi, Patrick; OToole, Aine; Tshiani-Mbaya, Olivier; Paku-Tshambu, Princesse; Lokilo-Lofiko, Emmanuel; Muswamba-Kayembe, Chloe; Makangara-Cigolo, Jean-Claude; Cikaya-Kankolongo, Fiston; Luakanda-Ndelemo, Gradi; Lawanga, Leader; Mabika-Bope, Elzedek; Lumembe-Numbi, Raphael; Kabamba-Lungenyi, Gabriel; Citenga, Andre; Kelvin, D. J.; Pratt, Catherine; Ayouba, Ahidjo; Tessema, Sofonias; Mukadi-Bamuleka, Daniel; Jansen, Daan; Halbrook, Megan; Merrit, Sydney; Hensley, Lisa; Delaporte, Eric; Mwamba, Dieudonne; Liesenborghs, Laurens; Hoff, Nicole; Peeters, Martine; Low, Nicola; Rimoin, Anne; Kindrachuk, Jason; Vercauteren, Koen; Rambaut, Andrew; Ahuka-Mundeke, Steve; Muyembe-Tamfum, Jean-Jacques"
PP_004BE0U,Ia,None,Democratic Republic of the Congo,Kinshasa,2025-04-23,187407,0.8320664878377761,2025-10-21,"Wawina-Bokalanga, Tony; Amuri-Aziza, Adrienne; Mbala-Kingebeni, Placide; Kinganda-Lusamaki, Eddy; Pukuta-Simbu, Elisabeth; Hasivirwe-Vakaniaki, Emmanuel; Ola-Mpumbe, Rilia; Kwete-Mbokama, Papy; Akil-Bandali, Prince; Kacita, Cris; Ponga-Museme, Ange; Mapenzi-Kashali, Nelson; Vakaniaki, Gloria; Kenye, Kelly-Michel; Muyamuna, Elisabeth; Kavira-Bapitani, Sifa; Mukadi, Patrick; OToole, Aine; Tshiani-Mbaya, Olivier; Paku-Tshambu, Princesse; Lokilo-Lofiko, Emmanuel; Muswamba-Kayembe, Chloe; Makangara-Cigolo, Jean-Claude; Cikaya-Kankolongo, Fiston; Luakanda-Ndelemo, Gradi; Lawanga, Leader; Mabika-Bope, Elzedek; Lumembe-Numbi, Raphael; Kabamba-Lungenyi, Gabriel; Citenga, Andre; Kelvin, D. J.; Pratt, Catherine; Ayouba, Ahidjo; Tessema, Sofonias; Mukadi-Bamuleka, Daniel; Jansen, Daan; Halbrook, Megan; Merrit, Sydney; Hensley, Lisa; Delaporte, Eric; Mwamba, Dieudonne; Liesenborghs, Laurens; Hoff, Nicole; Peeters, Martine; Low, Nicola; Rimoin, Anne; Kindrachuk, Jason; Vercauteren, Koen; Rambaut, Andrew; Ahuka-Mundeke, Steve; Muyembe-Tamfum, Jean-Jacques"
PP_004BE1S,Ib,A.1,Democratic Republic of the Congo,Kinshasa,2025-04-23,187404,0.7279789461941392,2025-10-21,"Wawina-Bokalanga, Tony; Amuri-Aziza, Adrienne; Mbala-Kingebeni, Placide; Kinganda-Lusamaki, Eddy; Pukuta-Simbu, Elisabeth; Hasivirwe-Vakaniaki, Emmanuel; Ola-Mpumbe, Rilia; Kwete-Mbokama, Papy; Akil-Bandali, Prince; Kacita, Cris; Ponga-Museme, Ange; Mapenzi-Kashali, Nelson; Vakaniaki, Gloria; Kenye, Kelly-Michel; Muyamuna, Elisabeth; Kavira-Bapitani, Sifa; Mukadi, Patrick; OToole, Aine; Tshiani-Mbaya, Olivier; Paku-Tshambu, Princesse; Lokilo-Lofiko, Emmanuel; Muswamba-Kayembe, Chloe; Makangara-Cigolo, Jean-Claude; Cikaya-Kankolongo, Fiston; Luakanda-Ndelemo, Gradi; Lawanga, Leader; Mabika-Bope, Elzedek; Lumembe-Numbi, Raphael; Kabamba-Lungenyi, Gabriel; Citenga, Andre; Kelvin, D. J.; Pratt, Catherine; Ayouba, Ahidjo; Tessema, Sofonias; Mukadi-Bamuleka, Daniel; Jansen, Daan; Halbrook, Megan; Merrit, Sydney; Hensley, Lisa; Delaporte, Eric; Mwamba, Dieudonne; Liesenborghs, Laurens; Hoff, Nicole; Peeters, Martine; Low, Nicola; Rimoin, Anne; Kindrachuk, Jason; Vercauteren, Koen; Rambaut, Andrew; Ahuka-Mundeke, Steve; Muyembe-Tamfum, Jean-Jacques"
PP_004BE2Q,Ia,None,Democratic Republic of the Congo,Kinshasa,2025-04-23,187411,0.8272543342342388,2025-10-21,"Wawina-Bokalanga, Tony; Amuri-Aziza, Adrienne; Mbala-Kingebeni, Placide; Kinganda-Lusamaki, Eddy; Pukuta-Simbu, Elisabeth; Hasivirwe-Vakaniaki, Emmanuel; Ola-Mpumbe, Rilia; Kwete-Mbokama, Papy; Akil-Bandali, Prince; Kacita, Cris; Ponga-Museme, Ange; Mapenzi-Kashali, Nelson; Vakaniaki, Gloria; Kenye, Kelly-Michel; Muyamuna, Elisabeth; Kavira-Bapitani, Sifa; Mukadi, Patrick; OToole, Aine; Tshiani-Mbaya, Olivier; Paku-Tshambu, Princesse; Lokilo-Lofiko, Emmanuel; Muswamba-Kayembe, Chloe; Makangara-Cigolo, Jean-Claude; Cikaya-Kankolongo, Fiston; Luakanda-Ndelemo, Gradi; Lawanga, Leader; Mabika-Bope, Elzedek; Lumembe-Numbi, Raphael; Kabamba-Lungenyi, Gabriel; Citenga, Andre; Kelvin, D. J.; Pratt, Catherine; Ayouba, Ahidjo; Tessema, Sofonias; Mukadi-Bamuleka, Daniel; Jansen, Daan; Halbrook, Megan; Merrit, Sydney; Hensley, Lisa; Delaporte, Eric; Mwamba, Dieudonne; Liesenborghs, Laurens; Hoff, Nicole; Peeters, Martine; Low, Nicola; Rimoin, Anne; Kindrachuk, Jason; Vercauteren, Koen; Rambaut, Andrew; Ahuka-Mundeke, Steve; Muyembe-Tamfum, Jean-Jacques"
PP_004BE3N,Ia,None,Democratic Republic of the Congo,Mongala,2025-04-23,187429,0.8203580972470831,2025-10-21,"Mapenzi-Kashali, Nelson; Citenga, Andre; Mbala-Kingebeni, Placide; Wawina-Bokalanga, Tony; Kinganda-Lusamaki, Eddy; Pukuta-Simbu, Elisabeth; Hasivirwe-Vakaniaki, Emmanuel; Ola-Mpumbe, Rilia; Kwete-Mbokama, Papy; Akil-Bandali, Prince; Kacita, Cris; Ponga-Museme, Ange; Vakaniaki, Gloria; Amuri-Aziza, Adrienne; Kenye, Kelly-Michel; Muyamuna, Elisabeth; Kavira-Bapitani, Sifa; Mukadi, Patrick; OToole, Aine; Tshiani-Mbaya, Olivier; Paku-Tshambu, Princesse; Lokilo-Lofiko, Emmanuel; Muswamba-Kayembe, Chloe; Makangara-Cigolo, Jean-Claude; Cikaya-Kankolongo, Fiston; Luakanda-Ndelemo, Gradi; Lawanga, Leader; Mabika-Bope, Elzedek; Lumembe-Numbi, Raphael; Kabamba-Lungenyi, Gabriel; Kelvin, D. J.; Pratt, Catherine; Ayouba, Ahidjo; Tessema, Sofonias; Mukadi-Bamuleka, Daniel; Jansen, Daan; Halbrook, Megan; Merrit, Sydney; Hensley, Lisa; Delaporte, Eric; Mwamba, Dieudonne; Liesenborghs, Laurens; Hoff, Nicole; Peeters, Martine; Low, Nicola; Rimoin, Anne; Kindrachuk, Jason; Vercauteren, Koen; Rambaut, Andrew; Ahuka-Mundeke, Steve; Muyembe-Tamfum, Jean-Jacques"
PP_004BE4L,Ia,None,Democratic Republic of the Congo,Mongala,2025-04-10,187396,0.7839905886648175,2025-10-21,"Mapenzi-Kashali, Nelson; Citenga, Andre; Mbala-Kingebeni, Placide; Wawina-Bokalanga, Tony; Kinganda-Lusamaki, Eddy; Pukuta-Simbu, Elisabeth; Hasivirwe-Vakaniaki, Emmanuel; Ola-Mpumbe, Rilia; Kwete-Mbokama, Papy; Akil-Bandali, Prince; Kacita, Cris; Ponga-Museme, Ange; Vakaniaki, Gloria; Amuri-Aziza, Adrienne; Kenye, Kelly-Michel; Muyamuna, Elisabeth; Kavira-Bapitani, Sifa; Mukadi, Patrick; OToole, Aine; Tshiani-Mbaya, Olivier; Paku-Tshambu, Princesse; Lokilo-Lofiko, Emmanuel; Muswamba-Kayembe, Chloe; Makangara-Cigolo, Jean-Claude; Cikaya-Kankolongo, Fiston; Luakanda-Ndelemo, Gradi; Lawanga, Leader; Mabika-Bope, Elzedek; Lumembe-Numbi, Raphael; Kabamba-Lungenyi, Gabriel; Kelvin, D. J.; Pratt, Catherine; Ayouba, Ahidjo; Tessema, Sofonias; Mukadi-Bamuleka, Daniel; Jansen, Daan; Halbrook, Megan; Merrit, Sydney; Hensley, Lisa; Delaporte, Eric; Mwamba, Dieudonne; Liesenborghs, Laurens; Hoff, Nicole; Peeters, Martine; Low, Nicola; Rimoin, Anne; Kindrachuk, Jason; Vercauteren, Koen; Rambaut, Andrew; Ahuka-Mundeke, Steve; Muyembe-Tamfum, Jean-Jacques"
PP_004BE5J,Ib,A.5,Democratic Republic of the Congo,Kinshasa,2025-04-21,187412,0.7784837406000741,2025-10-21,"Wawina-Bokalanga, Tony; Amuri-Aziza, Adrienne; Mbala-Kingebeni, Placide; Kinganda-Lusamaki, Eddy; Pukuta-Simbu, Elisabeth; Hasivirwe-Vakaniaki, Emmanuel; Ola-Mpumbe, Rilia; Kwete-Mbokama, Papy; Akil-Bandali, Prince; Kacita, Cris; Ponga-Museme, Ange; Mapenzi-Kashali, Nelson; Vakaniaki, Gloria; Kenye, Kelly-Michel; Muyamuna, Elisabeth; Kavira-Bapitani, Sifa; Mukadi, Patrick; OToole, Aine; Tshiani-Mbaya, Olivier; Paku-Tshambu, Princesse; Lokilo-Lofiko, Emmanuel; Muswamba-Kayembe, Chloe; Makangara-Cigolo, Jean-Claude; Cikaya-Kankolongo, Fiston; Luakanda-Ndelemo, Gradi; Lawanga, Leader; Mabika-Bope, Elzedek; Lumembe-Numbi, Raphael; Kabamba-Lungenyi, Gabriel; Citenga, Andre; Kelvin, D. J.; Pratt, Catherine; Ayouba, Ahidjo; Tessema, Sofonias; Mukadi-Bamuleka, Daniel; Jansen, Daan; Halbrook, Megan; Merrit, Sydney; Hensley, Lisa; Delaporte, Eric; Mwamba, Dieudonne; Liesenborghs, Laurens; Hoff, Nicole; Peeters, Martine; Low, Nicola; Rimoin, Anne; Kindrachuk, Jason; Vercauteren, Koen; Rambaut, Andrew; Ahuka-Mundeke, Steve; Muyembe-Tamfum, Jean-Jacques"
PP_004BE6G,Ia,None,Democratic Republic of the Congo,Kinshasa,2025-04-24,82978,0.2298678052218712,2025-10-21,"Wawina-Bokalanga, Tony; Amuri-Aziza, Adrienne; Mbala-Kingebeni, Placide; Kinganda-Lusamaki, Eddy; Pukuta-Simbu, Elisabeth; Hasivirwe-Vakaniaki, Emmanuel; Ola-Mpumbe, Rilia; Kwete-Mbokama, Papy; Akil-Bandali, Prince; Kacita, Cris; Ponga-Museme, Ange; Mapenzi-Kashali, Nelson; Vakaniaki, Gloria; Kenye, Kelly-Michel; Muyamuna, Elisabeth; Kavira-Bapitani, Sifa; Mukadi, Patrick; OToole, Aine; Tshiani-Mbaya, Olivier; Paku-Tshambu, Princesse; Lokilo-Lofiko, Emmanuel; Muswamba-Kayembe, Chloe; Makangara-Cigolo, Jean-Claude; Cikaya-Kankolongo, Fiston; Luakanda-Ndelemo, Gradi; Lawanga, Leader; Mabika-Bope, Elzedek; Lumembe-Numbi, Raphael; Kabamba-Lungenyi, Gabriel; Citenga, Andre; Kelvin, D. J.; Pratt, Catherine; Ayouba, Ahidjo; Tessema, Sofonias; Mukadi-Bamuleka, Daniel; Jansen, Daan; Halbrook, Megan; Merrit, Sydney; Hensley, Lisa; Delaporte, Eric; Mwamba, Dieudonne; Liesenborghs, Laurens; Hoff, Nicole; Peeters, Martine; Low, Nicola; Rimoin, Anne; Kindrachuk, Jason; Vercauteren, Koen; Rambaut, Andrew; Ahuka-Mundeke, Steve; Muyembe-Tamfum, Jean-Jacques"
PP_004BE7E,Ia,None,Democratic Republic of the Congo,Kinshasa,2025-04-24,187420,0.6612781363933695,2025-10-21,"Wawina-Bokalanga, Tony; Amuri-Aziza, Adrienne; Mbala-Kingebeni, Placide; Kinganda-Lusamaki, Eddy; Pukuta-Simbu, Elisabeth; Hasivirwe-Vakaniaki, Emmanuel; Ola-Mpumbe, Rilia; Kwete-Mbokama, Papy; Akil-Bandali, Prince; Kacita, Cris; Ponga-Museme, Ange; Mapenzi-Kashali, Nelson; Vakaniaki, Gloria; Kenye, Kelly-Michel; Muyamuna, Elisabeth; Kavira-Bapitani, Sifa; Mukadi, Patrick; OToole, Aine; Tshiani-Mbaya, Olivier; Paku-Tshambu, Princesse; Lokilo-Lofiko, Emmanuel; Muswamba-Kayembe, Chloe; Makangara-Cigolo, Jean-Claude; Cikaya-Kankolongo, Fiston; Luakanda-Ndelemo, Gradi; Lawanga, Leader; Mabika-Bope, Elzedek; Lumembe-Numbi, Raphael; Kabamba-Lungenyi, Gabriel; Citenga, Andre; Kelvin, D. J.; Pratt, Catherine; Ayouba, Ahidjo; Tessema, Sofonias; Mukadi-Bamuleka, Daniel; Jansen, Daan; Halbrook, Megan; Merrit, Sydney; Hensley, Lisa; Delaporte, Eric; Mwamba, Dieudonne; Liesenborghs, Laurens; Hoff, Nicole; Peeters, Martine; Low, Nicola; Rimoin, Anne; Kindrachuk, Jason; Vercauteren, Koen; Rambaut, Andrew; Ahuka-Mundeke, Steve; Muyembe-Tamfum, Jean-Jacques"
PP_004BE8C,Ib,A.1,Democratic Republic of the Congo,Kinshasa,2025-04-18,187404,0.8728455597868251,2025-10-21,"Wawina-Bokalanga, Tony; Amuri-Aziza, Adrienne; Mbala-Kingebeni, Placide; Kinganda-Lusamaki, Eddy; Pukuta-Simbu, Elisabeth; Hasivirwe-Vakaniaki, Emmanuel; Ola-Mpumbe, Rilia; Kwete-Mbokama, Papy; Akil-Bandali, Prince; Kacita, Cris; Ponga-Museme, Ange; Mapenzi-Kashali, Nelson; Vakaniaki, Gloria; Kenye, Kelly-Michel; Muyamuna, Elisabeth; Kavira-Bapitani, Sifa; Mukadi, Patrick; OToole, Aine; Tshiani-Mbaya, Olivier; Paku-Tshambu, Princesse; Lokilo-Lofiko, Emmanuel; Muswamba-Kayembe, Chloe; Makangara-Cigolo, Jean-Claude; Cikaya-Kankolongo, Fiston; Luakanda-Ndelemo, Gradi; Lawanga, Leader; Mabika-Bope, Elzedek; Lumembe-Numbi, Raphael; Kabamba-Lungenyi, Gabriel; Citenga, Andre; Kelvin, D. J.; Pratt, Catherine; Ayouba, Ahidjo; Tessema, Sofonias; Mukadi-Bamuleka, Daniel; Jansen, Daan; Halbrook, Megan; Merrit, Sydney; Hensley, Lisa; Delaporte, Eric; Mwamba, Dieudonne; Liesenborghs, Laurens; Hoff, Nicole; Peeters, Martine; Low, Nicola; Rimoin, Anne; Kindrachuk, Jason; Vercauteren, Koen; Rambaut, Andrew; Ahuka-Mundeke, Steve; Muyembe-Tamfum, Jean-Jacques"
PP_004BE9A,Ib,A.1,Democratic Republic of the Congo,Kinshasa,2025-04-25,187401,0.8712279865523379,2025-10-21,"Wawina-Bokalanga, Tony; Amuri-Aziza, Adrienne; Mbala-Kingebeni, Placide; Kinganda-Lusamaki, Eddy; Pukuta-Simbu, Elisabeth; Hasivirwe-Vakaniaki, Emmanuel; Ola-Mpumbe, Rilia; Kwete-Mbokama, Papy; Akil-Bandali, Prince; Kacita, Cris; Ponga-Museme, Ange; Mapenzi-Kashali, Nelson; Vakaniaki, Gloria; Kenye, Kelly-Michel; Muyamuna, Elisabeth; Kavira-Bapitani, Sifa; Mukadi, Patrick; OToole, Aine; Tshiani-Mbaya, Olivier; Paku-Tshambu, Princesse; Lokilo-Lofiko, Emmanuel; Muswamba-Kayembe, Chloe; Makangara-Cigolo, Jean-Claude; Cikaya-Kankolongo, Fiston; Luakanda-Ndelemo, Gradi; Lawanga, Leader; Mabika-Bope, Elzedek; Lumembe-Numbi, Raphael; Kabamba-Lungenyi, Gabriel; Citenga, Andre; Kelvin, D. J.; Pratt, Catherine; Ayouba, Ahidjo; Tessema, Sofonias; Mukadi-Bamuleka, Daniel; Jansen, Daan; Halbrook, Megan; Merrit, Sydney; Hensley, Lisa; Delaporte, Eric; Mwamba, Dieudonne; Liesenborghs, Laurens; Hoff, Nicole; Peeters, Martine; Low, Nicola; Rimoin, Anne; Kindrachuk, Jason; Vercauteren, Koen; Rambaut, Andrew; Ahuka-Mundeke, Steve; Muyembe-Tamfum, Jean-Jacques"
PP_004BEA8,Ib,A.1,Democratic Republic of the Congo,Kinshasa,2025-04-25,187400,0.8893153963561501,2025-10-21,"Wawina-Bokalanga, Tony; Amuri-Aziza, Adrienne; Mbala-Kingebeni, Placide; Kinganda-Lusamaki, Eddy; Pukuta-Simbu, Elisabeth; Hasivirwe-Vakaniaki, Emmanuel; Ola-Mpumbe, Rilia; Kwete-Mbokama, Papy; Akil-Bandali, Prince; Kacita, Cris; Ponga-Museme, Ange; Mapenzi-Kashali, Nelson; Vakaniaki, Gloria; Kenye, Kelly-Michel; Muyamuna, Elisabeth; Kavira-Bapitani, Sifa; Mukadi, Patrick; OToole, Aine; Tshiani-Mbaya, Olivier; Paku-Tshambu, Princesse; Lokilo-Lofiko, Emmanuel; Muswamba-Kayembe, Chloe; Makangara-Cigolo, Jean-Claude; Cikaya-Kankolongo, Fiston; Luakanda-Ndelemo, Gradi; Lawanga, Leader; Mabika-Bope, Elzedek; Lumembe-Numbi, Raphael; Kabamba-Lungenyi, Gabriel; Citenga, Andre; Kelvin, D. J.; Pratt, Catherine; Ayouba, Ahidjo; Tessema, Sofonias; Mukadi-Bamuleka, Daniel; Jansen, Daan; Halbrook, Megan; Merrit, Sydney; Hensley, Lisa; Delaporte, Eric; Mwamba, Dieudonne; Liesenborghs, Laurens; Hoff, Nicole; Peeters, Martine; Low, Nicola; Rimoin, Anne; Kindrachuk, Jason; Vercauteren, Koen; Rambaut, Andrew; Ahuka-Mundeke, Steve; Muyembe-Tamfum, Jean-Jacques"
PP_004BEB6,Ia,None,Democratic Republic of the Congo,Kinshasa,2025-04-26,187413,0.8808167984219787,2025-10-21,"Wawina-Bokalanga, Tony; Amuri-Aziza, Adrienne; Mbala-Kingebeni, Placide; Kinganda-Lusamaki, Eddy; Pukuta-Simbu, Elisabeth; Hasivirwe-Vakaniaki, Emmanuel; Ola-Mpumbe, Rilia; Kwete-Mbokama, Papy; Akil-Bandali, Prince; Kacita, Cris; Ponga-Museme, Ange; Mapenzi-Kashali, Nelson; Vakaniaki, Gloria; Kenye, Kelly-Michel; Muyamuna, Elisabeth; Kavira-Bapitani, Sifa; Mukadi, Patrick; OToole, Aine; Tshiani-Mbaya, Olivier; Paku-Tshambu, Princesse; Lokilo-Lofiko, Emmanuel; Muswamba-Kayembe, Chloe; Makangara-Cigolo, Jean-Claude; Cikaya-Kankolongo, Fiston; Luakanda-Ndelemo, Gradi; Lawanga, Leader; Mabika-Bope, Elzedek; Lumembe-Numbi, Raphael; Kabamba-Lungenyi, Gabriel; Citenga, Andre; Kelvin, D. J.; Pratt, Catherine; Ayouba, Ahidjo; Tessema, Sofonias; Mukadi-Bamuleka, Daniel; Jansen, Daan; Halbrook, Megan; Merrit, Sydney; Hensley, Lisa; Delaporte, Eric; Mwamba, Dieudonne; Liesenborghs, Laurens; Hoff, Nicole; Peeters, Martine; Low, Nicola; Rimoin, Anne; Kindrachuk, Jason; Vercauteren, Koen; Rambaut, Andrew; Ahuka-Mundeke, Steve; Muyembe-Tamfum, Jean-Jacques"
PP_004BEC4,Ia,None,Democratic Republic of the Congo,Kinshasa,2025-04-26,187417,0.8907960590033923,2025-10-21,"Wawina-Bokalanga, Tony; Amuri-Aziza, Adrienne; Mbala-Kingebeni, Placide; Kinganda-Lusamaki, Eddy; Pukuta-Simbu, Elisabeth; Hasivirwe-Vakaniaki, Emmanuel; Ola-Mpumbe, Rilia; Kwete-Mbokama, Papy; Akil-Bandali, Prince; Kacita, Cris; Ponga-Museme, Ange; Mapenzi-Kashali, Nelson; Vakaniaki, Gloria; Kenye, Kelly-Michel; Muyamuna, Elisabeth; Kavira-Bapitani, Sifa; Mukadi, Patrick; OToole, Aine; Tshiani-Mbaya, Olivier; Paku-Tshambu, Princesse; Lokilo-Lofiko, Emmanuel; Muswamba-Kayembe, Chloe; Makangara-Cigolo, Jean-Claude; Cikaya-Kankolongo, Fiston; Luakanda-Ndelemo, Gradi; Lawanga, Leader; Mabika-Bope, Elzedek; Lumembe-Numbi, Raphael; Kabamba-Lungenyi, Gabriel; Citenga, Andre; Kelvin, D. J.; Pratt, Catherine; Ayouba, Ahidjo; Tessema, Sofonias; Mukadi-Bamuleka, Daniel; Jansen, Daan; Halbrook, Megan; Merrit, Sydney; Hensley, Lisa; Delaporte, Eric; Mwamba, Dieudonne; Liesenborghs, Laurens; Hoff, Nicole; Peeters, Martine; Low, Nicola; Rimoin, Anne; Kindrachuk, Jason; Vercauteren, Koen; Rambaut, Andrew; Ahuka-Mundeke, Steve; Muyembe-Tamfum, Jean-Jacques"
PP_004BED2,Ia,None,Democratic Republic of the Congo,Kinshasa,2025-04-26,187405,0.8479024790957816,2025-10-21,"Wawina-Bokalanga, Tony; Amuri-Aziza, Adrienne; Mbala-Kingebeni, Placide; Kinganda-Lusamaki, Eddy; Pukuta-Simbu, Elisabeth; Hasivirwe-Vakaniaki, Emmanuel; Ola-Mpumbe, Rilia; Kwete-Mbokama, Papy; Akil-Bandali, Prince; Kacita, Cris; Ponga-Museme, Ange; Mapenzi-Kashali, Nelson; Vakaniaki, Gloria; Kenye, Kelly-Michel; Muyamuna, Elisabeth; Kavira-Bapitani, Sifa; Mukadi, Patrick; OToole, Aine; Tshiani-Mbaya, Olivier; Paku-Tshambu, Princesse; Lokilo-Lofiko, Emmanuel; Muswamba-Kayembe, Chloe; Makangara-Cigolo, Jean-Claude; Cikaya-Kankolongo, Fiston; Luakanda-Ndelemo, Gradi; Lawanga, Leader; Mabika-Bope, Elzedek; Lumembe-Numbi, Raphael; Kabamba-Lungenyi, Gabriel; Citenga, Andre; Kelvin, D. J.; Pratt, Catherine; Ayouba, Ahidjo; Tessema, Sofonias; Mukadi-Bamuleka, Daniel; Jansen, Daan; Halbrook, Megan; Merrit, Sydney; Hensley, Lisa; Delaporte, Eric; Mwamba, Dieudonne; Liesenborghs, Laurens; Hoff, Nicole; Peeters, Martine; Low, Nicola; Rimoin, Anne; Kindrachuk, Jason; Vercauteren, Koen; Rambaut, Andrew; Ahuka-Mundeke, Steve; Muyembe-Tamfum, Jean-Jacques"
PP_004BEE0,Ib,A.1,Democratic Republic of the Congo,Kinshasa,2025-04-26,190073,0.8859433392999305,2025-10-21,"Wawina-Bokalanga, Tony; Amuri-Aziza, Adrienne; Mbala-Kingebeni, Placide; Kinganda-Lusamaki, Eddy; Pukuta-Simbu, Elisabeth; Hasivirwe-Vakaniaki, Emmanuel; Ola-Mpumbe, Rilia; Kwete-Mbokama, Papy; Akil-Bandali, Prince; Kacita, Cris; Ponga-Museme, Ange; Mapenzi-Kashali, Nelson; Vakaniaki, Gloria; Kenye, Kelly-Michel; Muyamuna, Elisabeth; Kavira-Bapitani, Sifa; Mukadi, Patrick; OToole, Aine; Tshiani-Mbaya, Olivier; Paku-Tshambu, Princesse; Lokilo-Lofiko, Emmanuel; Muswamba-Kayembe, Chloe; Makangara-Cigolo, Jean-Claude; Cikaya-Kankolongo, Fiston; Luakanda-Ndelemo, Gradi; Lawanga, Leader; Mabika-Bope, Elzedek; Lumembe-Numbi, Raphael; Kabamba-Lungenyi, Gabriel; Citenga, Andre; Kelvin, D. J.; Pratt, Catherine; Ayouba, Ahidjo; Tessema, Sofonias; Mukadi-Bamuleka, Daniel; Jansen, Daan; Halbrook, Megan; Merrit, Sydney; Hensley, Lisa; Delaporte, Eric; Mwamba, Dieudonne; Liesenborghs, Laurens; Hoff, Nicole; Peeters, Martine; Low, Nicola; Rimoin, Anne; Kindrachuk, Jason; Vercauteren, Koen; Rambaut, Andrew; Ahuka-Mundeke, Steve; Muyembe-Tamfum, Jean-Jacques"
PP_004BEFY,Ia,None,Democratic Republic of the Congo,Kinshasa,2025-04-25,187420,0.8829668017179744,2025-10-21,"Wawina-Bokalanga, Tony; Amuri-Aziza, Adrienne; Mbala-Kingebeni, Placide; Kinganda-Lusamaki, Eddy; Pukuta-Simbu, Elisabeth; Hasivirwe-Vakaniaki, Emmanuel; Ola-Mpumbe, Rilia; Kwete-Mbokama, Papy; Akil-Bandali, Prince; Kacita, Cris; Ponga-Museme, Ange; Mapenzi-Kashali, Nelson; Vakaniaki, Gloria; Kenye, Kelly-Michel; Muyamuna, Elisabeth; Kavira-Bapitani, Sifa; Mukadi, Patrick; OToole, Aine; Tshiani-Mbaya, Olivier; Paku-Tshambu, Princesse; Lokilo-Lofiko, Emmanuel; Muswamba-Kayembe, Chloe; Makangara-Cigolo, Jean-Claude; Cikaya-Kankolongo, Fiston; Luakanda-Ndelemo, Gradi; Lawanga, Leader; Mabika-Bope, Elzedek; Lumembe-Numbi, Raphael; Kabamba-Lungenyi, Gabriel; Citenga, Andre; Kelvin, D. J.; Pratt, Catherine; Ayouba, Ahidjo; Tessema, Sofonias; Mukadi-Bamuleka, Daniel; Jansen, Daan; Halbrook, Megan; Merrit, Sydney; Hensley, Lisa; Delaporte, Eric; Mwamba, Dieudonne; Liesenborghs, Laurens; Hoff, Nicole; Peeters, Martine; Low, Nicola; Rimoin, Anne; Kindrachuk, Jason; Vercauteren, Koen; Rambaut, Andrew; Ahuka-Mundeke, Steve; Muyembe-Tamfum, Jean-Jacques"
PP_004BEGW,Ib,A.1,Democratic Republic of the Congo,Kinshasa,2025-04-22,187384,0.8820489937071837,2025-10-21,"Wawina-Bokalanga, Tony; Amuri-Aziza, Adrienne; Mbala-Kingebeni, Placide; Kinganda-Lusamaki, Eddy; Pukuta-Simbu, Elisabeth; Hasivirwe-Vakaniaki, Emmanuel; Ola-Mpumbe, Rilia; Kwete-Mbokama, Papy; Akil-Bandali, Prince; Kacita, Cris; Ponga-Museme, Ange; Mapenzi-Kashali, Nelson; Vakaniaki, Gloria; Kenye, Kelly-Michel; Muyamuna, Elisabeth; Kavira-Bapitani, Sifa; Mukadi, Patrick; OToole, Aine; Tshiani-Mbaya, Olivier; Paku-Tshambu, Princesse; Lokilo-Lofiko, Emmanuel; Muswamba-Kayembe, Chloe; Makangara-Cigolo, Jean-Claude; Cikaya-Kankolongo, Fiston; Luakanda-Ndelemo, Gradi; Lawanga, Leader; Mabika-Bope, Elzedek; Lumembe-Numbi, Raphael; Kabamba-Lungenyi, Gabriel; Citenga, Andre; Kelvin, D. J.; Pratt, Catherine; Ayouba, Ahidjo; Tessema, Sofonias; Mukadi-Bamuleka, Daniel; Jansen, Daan; Halbrook, Megan; Merrit, Sydney; Hensley, Lisa; Delaporte, Eric; Mwamba, Dieudonne; Liesenborghs, Laurens; Hoff, Nicole; Peeters, Martine; Low, Nicola; Rimoin, Anne; Kindrachuk, Jason; Vercauteren, Koen; Rambaut, Andrew; Ahuka-Mundeke, Steve; Muyembe-Tamfum, Jean-Jacques"
PP_004BEHT,Ib,A.1,Democratic Republic of the Congo,Kinshasa,2025-04-26,187401,0.8719328225385251,2025-10-21,"Wawina-Bokalanga, Tony; Amuri-Aziza, Adrienne; Mbala-Kingebeni, Placide; Kinganda-Lusamaki, Eddy; Pukuta-Simbu, Elisabeth; Hasivirwe-Vakaniaki, Emmanuel; Ola-Mpumbe, Rilia; Kwete-Mbokama, Papy; Akil-Bandali, Prince; Kacita, Cris; Ponga-Museme, Ange; Mapenzi-Kashali, Nelson; Vakaniaki, Gloria; Kenye, Kelly-Michel; Muyamuna, Elisabeth; Kavira-Bapitani, Sifa; Mukadi, Patrick; OToole, Aine; Tshiani-Mbaya, Olivier; Paku-Tshambu, Princesse; Lokilo-Lofiko, Emmanuel; Muswamba-Kayembe, Chloe; Makangara-Cigolo, Jean-Claude; Cikaya-Kankolongo, Fiston; Luakanda-Ndelemo, Gradi; Lawanga, Leader; Mabika-Bope, Elzedek; Lumembe-Numbi, Raphael; Kabamba-Lungenyi, Gabriel; Citenga, Andre; Kelvin, D. J.; Pratt, Catherine; Ayouba, Ahidjo; Tessema, Sofonias; Mukadi-Bamuleka, Daniel; Jansen, Daan; Halbrook, Megan; Merrit, Sydney; Hensley, Lisa; Delaporte, Eric; Mwamba, Dieudonne; Liesenborghs, Laurens; Hoff, Nicole; Peeters, Martine; Low, Nicola; Rimoin, Anne; Kindrachuk, Jason; Vercauteren, Koen; Rambaut, Andrew; Ahuka-Mundeke, Steve; Muyembe-Tamfum, Jean-Jacques"
PP_004BEJR,Ia,None,Democratic Republic of the Congo,Kinshasa,2025-04-26,187406,0.881612908132996,2025-10-21,"Wawina-Bokalanga, Tony; Amuri-Aziza, Adrienne; Mbala-Kingebeni, Placide; Kinganda-Lusamaki, Eddy; Pukuta-Simbu, Elisabeth; Hasivirwe-Vakaniaki, Emmanuel; Ola-Mpumbe, Rilia; Kwete-Mbokama, Papy; Akil-Bandali, Prince; Kacita, Cris; Ponga-Museme, Ange; Mapenzi-Kashali, Nelson; Vakaniaki, Gloria; Kenye, Kelly-Michel; Muyamuna, Elisabeth; Kavira-Bapitani, Sifa; Mukadi, Patrick; OToole, Aine; Tshiani-Mbaya, Olivier; Paku-Tshambu, Princesse; Lokilo-Lofiko, Emmanuel; Muswamba-Kayembe, Chloe; Makangara-Cigolo, Jean-Claude; Cikaya-Kankolongo, Fiston; Luakanda-Ndelemo, Gradi; Lawanga, Leader; Mabika-Bope, Elzedek; Lumembe-Numbi, Raphael; Kabamba-Lungenyi, Gabriel; Citenga, Andre; Kelvin, D. J.; Pratt, Catherine; Ayouba, Ahidjo; Tessema, Sofonias; Mukadi-Bamuleka, Daniel; Jansen, Daan; Halbrook, Megan; Merrit, Sydney; Hensley, Lisa; Delaporte, Eric; Mwamba, Dieudonne; Liesenborghs, Laurens; Hoff, Nicole; Peeters, Martine; Low, Nicola; Rimoin, Anne; Kindrachuk, Jason; Vercauteren, Koen; Rambaut, Andrew; Ahuka-Mundeke, Steve; Muyembe-Tamfum, Jean-Jacques"
PP_004BEKP,Ib,A.1,Democratic Republic of the Congo,Kinshasa,2025-04-28,187419,0.8636319843414855,2025-10-21,"Wawina-Bokalanga, Tony; Amuri-Aziza, Adrienne; Mbala-Kingebeni, Placide; Kinganda-Lusamaki, Eddy; Pukuta-Simbu, Elisabeth; Hasivirwe-Vakaniaki, Emmanuel; Ola-Mpumbe, Rilia; Kwete-Mbokama, Papy; Akil-Bandali, Prince; Kacita, Cris; Ponga-Museme, Ange; Mapenzi-Kashali, Nelson; Vakaniaki, Gloria; Kenye, Kelly-Michel; Muyamuna, Elisabeth; Kavira-Bapitani, Sifa; Mukadi, Patrick; OToole, Aine; Tshiani-Mbaya, Olivier; Paku-Tshambu, Princesse; Lokilo-Lofiko, Emmanuel; Muswamba-Kayembe, Chloe; Makangara-Cigolo, Jean-Claude; Cikaya-Kankolongo, Fiston; Luakanda-Ndelemo, Gradi; Lawanga, Leader; Mabika-Bope, Elzedek; Lumembe-Numbi, Raphael; Kabamba-Lungenyi, Gabriel; Citenga, Andre; Kelvin, D. J.; Pratt, Catherine; Ayouba, Ahidjo; Tessema, Sofonias; Mukadi-Bamuleka, Daniel; Jansen, Daan; Halbrook, Megan; Merrit, Sydney; Hensley, Lisa; Delaporte, Eric; Mwamba, Dieudonne; Liesenborghs, Laurens; Hoff, Nicole; Peeters, Martine; Low, Nicola; Rimoin, Anne; Kindrachuk, Jason; Vercauteren, Koen; Rambaut, Andrew; Ahuka-Mundeke, Steve; Muyembe-Tamfum, Jean-Jacques"
PP_004BELM,Ib,A.1,Democratic Republic of the Congo,Kinshasa,2025-04-28,187358,0.8896652789679984,2025-10-21,"Wawina-Bokalanga, Tony; Amuri-Aziza, Adrienne; Mbala-Kingebeni, Placide; Kinganda-Lusamaki, Eddy; Pukuta-Simbu, Elisabeth; Hasivirwe-Vakaniaki, Emmanuel; Ola-Mpumbe, Rilia; Kwete-Mbokama, Papy; Akil-Bandali, Prince; Kacita, Cris; Ponga-Museme, Ange; Mapenzi-Kashali, Nelson; Vakaniaki, Gloria; Kenye, Kelly-Michel; Muyamuna, Elisabeth; Kavira-Bapitani, Sifa; Mukadi, Patrick; OToole, Aine; Tshiani-Mbaya, Olivier; Paku-Tshambu, Princesse; Lokilo-Lofiko, Emmanuel; Muswamba-Kayembe, Chloe; Makangara-Cigolo, Jean-Claude; Cikaya-Kankolongo, Fiston; Luakanda-Ndelemo, Gradi; Lawanga, Leader; Mabika-Bope, Elzedek; Lumembe-Numbi, Raphael; Kabamba-Lungenyi, Gabriel; Citenga, Andre; Kelvin, D. J.; Pratt, Catherine; Ayouba, Ahidjo; Tessema, Sofonias; Mukadi-Bamuleka, Daniel; Jansen, Daan; Halbrook, Megan; Merrit, Sydney; Hensley, Lisa; Delaporte, Eric; Mwamba, Dieudonne; Liesenborghs, Laurens; Hoff, Nicole; Peeters, Martine; Low, Nicola; Rimoin, Anne; Kindrachuk, Jason; Vercauteren, Koen; Rambaut, Andrew; Ahuka-Mundeke, Steve; Muyembe-Tamfum, Jean-Jacques"
PP_004BEMK,Ia,None,Democratic Republic of the Congo,Sankuru,2025-04-26,190104,0.8863794248741184,2025-10-21,"Ahuka-Mundeke, Steve; Lumembe-Numbi, Raphael; Mbala-Kingebeni, Placide; Wawina-Bokalanga, Tony; Kinganda-Lusamaki, Eddy; Pukuta-Simbu, Elisabeth; Hasivirwe-Vakaniaki, Emmanuel; Ola-Mpumbe, Rilia; Kwete-Mbokama, Papy; Akil-Bandali, Prince; Kacita, Cris; Ponga-Museme, Ange; Mapenzi-Kashali, Nelson; Vakaniaki, Gloria; Amuri-Aziza, Adrienne; Kenye, Kelly-Michel; Muyamuna, Elisabeth; Kavira-Bapitani, Sifa; Mukadi, Patrick; OToole, Aine; Tshiani-Mbaya, Olivier; Paku-Tshambu, Princesse; Lokilo-Lofiko, Emmanuel; Muswamba-Kayembe, Chloe; Makangara-Cigolo, Jean-Claude; Cikaya-Kankolongo, Fiston; Luakanda-Ndelemo, Gradi; Lawanga, Leader; Mabika-Bope, Elzedek; Kabamba-Lungenyi, Gabriel; Citenga, Andre; Kelvin, D. J.; Pratt, Catherine; Ayouba, Ahidjo; Tessema, Sofonias; Mukadi-Bamuleka, Daniel; Jansen, Daan; Halbrook, Megan; Merrit, Sydney; Hensley, Lisa; Delaporte, Eric; Mwamba, Dieudonne; Liesenborghs, Laurens; Hoff, Nicole; Peeters, Martine; Low, Nicola; Rimoin, Anne; Kindrachuk, Jason; Vercauteren, Koen; Rambaut, Andrew; Muyembe-Tamfum, Jean-Jacques"
PP_004BENH,Ib,A.1,Democratic Republic of the Congo,Kinshasa,2025-04-30,187399,0.8641542728780127,2025-10-21,"Wawina-Bokalanga, Tony; Amuri-Aziza, Adrienne; Mbala-Kingebeni, Placide; Kinganda-Lusamaki, Eddy; Pukuta-Simbu, Elisabeth; Hasivirwe-Vakaniaki, Emmanuel; Ola-Mpumbe, Rilia; Kwete-Mbokama, Papy; Akil-Bandali, Prince; Kacita, Cris; Ponga-Museme, Ange; Mapenzi-Kashali, Nelson; Vakaniaki, Gloria; Kenye, Kelly-Michel; Muyamuna, Elisabeth; Kavira-Bapitani, Sifa; Mukadi, Patrick; OToole, Aine; Tshiani-Mbaya, Olivier; Paku-Tshambu, Princesse; Lokilo-Lofiko, Emmanuel; Muswamba-Kayembe, Chloe; Makangara-Cigolo, Jean-Claude; Cikaya-Kankolongo, Fiston; Luakanda-Ndelemo, Gradi; Lawanga, Leader; Mabika-Bope, Elzedek; Lumembe-Numbi, Raphael; Kabamba-Lungenyi, Gabriel; Citenga, Andre; Kelvin, D. J.; Pratt, Catherine; Ayouba, Ahidjo; Tessema, Sofonias; Mukadi-Bamuleka, Daniel; Jansen, Daan; Halbrook, Megan; Merrit, Sydney; Hensley, Lisa; Delaporte, Eric; Mwamba, Dieudonne; Liesenborghs, Laurens; Hoff, Nicole; Peeters, Martine; Low, Nicola; Rimoin, Anne; Kindrachuk, Jason; Vercauteren, Koen; Rambaut, Andrew; Ahuka-Mundeke, Steve; Muyembe-Tamfum, Jean-Jacques"
PP_004BEPF,Ia,None,Democratic Republic of the Congo,Kinshasa,2025-04-21,187420,0.8786059459760964,2025-10-21,"Wawina-Bokalanga, Tony; Amuri-Aziza, Adrienne; Mbala-Kingebeni, Placide; Kinganda-Lusamaki, Eddy; Pukuta-Simbu, Elisabeth; Hasivirwe-Vakaniaki, Emmanuel; Ola-Mpumbe, Rilia; Kwete-Mbokama, Papy; Akil-Bandali, Prince; Kacita, Cris; Ponga-Museme, Ange; Mapenzi-Kashali, Nelson; Vakaniaki, Gloria; Kenye, Kelly-Michel; Muyamuna, Elisabeth; Kavira-Bapitani, Sifa; Mukadi, Patrick; OToole, Aine; Tshiani-Mbaya, Olivier; Paku-Tshambu, Princesse; Lokilo-Lofiko, Emmanuel; Muswamba-Kayembe, Chloe; Makangara-Cigolo, Jean-Claude; Cikaya-Kankolongo, Fiston; Luakanda-Ndelemo, Gradi; Lawanga, Leader; Mabika-Bope, Elzedek; Lumembe-Numbi, Raphael; Kabamba-Lungenyi, Gabriel; Citenga, Andre; Kelvin, D. J.; Pratt, Catherine; Ayouba, Ahidjo; Tessema, Sofonias; Mukadi-Bamuleka, Daniel; Jansen, Daan; Halbrook, Megan; Merrit, Sydney; Hensley, Lisa; Delaporte, Eric; Mwamba, Dieudonne; Liesenborghs, Laurens; Hoff, Nicole; Peeters, Martine; Low, Nicola; Rimoin, Anne; Kindrachuk, Jason; Vercauteren, Koen; Rambaut, Andrew; Ahuka-Mundeke, Steve; Muyembe-Tamfum, Jean-Jacques"
PP_004BEQD,Ia,None,Democratic Republic of the Congo,Kinshasa,2025-05-02,187416,0.8943405219842908,2025-10-21,"Wawina-Bokalanga, Tony; Amuri-Aziza, Adrienne; Mbala-Kingebeni, Placide; Kinganda-Lusamaki, Eddy; Pukuta-Simbu, Elisabeth; Hasivirwe-Vakaniaki, Emmanuel; Ola-Mpumbe, Rilia; Kwete-Mbokama, Papy; Akil-Bandali, Prince; Kacita, Cris; Ponga-Museme, Ange; Mapenzi-Kashali, Nelson; Vakaniaki, Gloria; Kenye, Kelly-Michel; Muyamuna, Elisabeth; Kavira-Bapitani, Sifa; Mukadi, Patrick; OToole, Aine; Tshiani-Mbaya, Olivier; Paku-Tshambu, Princesse; Lokilo-Lofiko, Emmanuel; Muswamba-Kayembe, Chloe; Makangara-Cigolo, Jean-Claude; Cikaya-Kankolongo, Fiston; Luakanda-Ndelemo, Gradi; Lawanga, Leader; Mabika-Bope, Elzedek; Lumembe-Numbi, Raphael; Kabamba-Lungenyi, Gabriel; Citenga, Andre; Kelvin, D. J.; Pratt, Catherine; Ayouba, Ahidjo; Tessema, Sofonias; Mukadi-Bamuleka, Daniel; Jansen, Daan; Halbrook, Megan; Merrit, Sydney; Hensley, Lisa; Delaporte, Eric; Mwamba, Dieudonne; Liesenborghs, Laurens; Hoff, Nicole; Peeters, Martine; Low, Nicola; Rimoin, Anne; Kindrachuk, Jason; Vercauteren, Koen; Rambaut, Andrew; Ahuka-Mundeke, Steve; Muyembe-Tamfum, Jean-Jacques"
PP_004BERB,Ia,None,Democratic Republic of the Congo,Kinshasa,2025-04-30,187418,0.8841837847157077,2025-10-21,"Wawina-Bokalanga, Tony; Amuri-Aziza, Adrienne; Mbala-Kingebeni, Placide; Kinganda-Lusamaki, Eddy; Pukuta-Simbu, Elisabeth; Hasivirwe-Vakaniaki, Emmanuel; Ola-Mpumbe, Rilia; Kwete-Mbokama, Papy; Akil-Bandali, Prince; Kacita, Cris; Ponga-Museme, Ange; Mapenzi-Kashali, Nelson; Vakaniaki, Gloria; Kenye, Kelly-Michel; Muyamuna, Elisabeth; Kavira-Bapitani, Sifa; Mukadi, Patrick; OToole, Aine; Tshiani-Mbaya, Olivier; Paku-Tshambu, Princesse; Lokilo-Lofiko, Emmanuel; Muswamba-Kayembe, Chloe; Makangara-Cigolo, Jean-Claude; Cikaya-Kankolongo, Fiston; Luakanda-Ndelemo, Gradi; Lawanga, Leader; Mabika-Bope, Elzedek; Lumembe-Numbi, Raphael; Kabamba-Lungenyi, Gabriel; Citenga, Andre; Kelvin, D. J.; Pratt, Catherine; Ayouba, Ahidjo; Tessema, Sofonias; Mukadi-Bamuleka, Daniel; Jansen, Daan; Halbrook, Megan; Merrit, Sydney; Hensley, Lisa; Delaporte, Eric; Mwamba, Dieudonne; Liesenborghs, Laurens; Hoff, Nicole; Peeters, Martine; Low, Nicola; Rimoin, Anne; Kindrachuk, Jason; Vercauteren, Koen; Rambaut, Andrew; Ahuka-Mundeke, Steve; Muyembe-Tamfum, Jean-Jacques"
PP_004BES9,Ib,A.1,Democratic Republic of the Congo,Kinshasa,2025-04-25,187400,0.8818816585449955,2025-10-21,"Wawina-Bokalanga, Tony; Amuri-Aziza, Adrienne; Mbala-Kingebeni, Placide; Kinganda-Lusamaki, Eddy; Pukuta-Simbu, Elisabeth; Hasivirwe-Vakaniaki, Emmanuel; Ola-Mpumbe, Rilia; Kwete-Mbokama, Papy; Akil-Bandali, Prince; Kacita, Cris; Ponga-Museme, Ange; Mapenzi-Kashali, Nelson; Vakaniaki, Gloria; Kenye, Kelly-Michel; Muyamuna, Elisabeth; Kavira-Bapitani, Sifa; Mukadi, Patrick; OToole, Aine; Tshiani-Mbaya, Olivier; Paku-Tshambu, Princesse; Lokilo-Lofiko, Emmanuel; Muswamba-Kayembe, Chloe; Makangara-Cigolo, Jean-Claude; Cikaya-Kankolongo, Fiston; Luakanda-Ndelemo, Gradi; Lawanga, Leader; Mabika-Bope, Elzedek; Lumembe-Numbi, Raphael; Kabamba-Lungenyi, Gabriel; Citenga, Andre; Kelvin, D. J.; Pratt, Catherine; Ayouba, Ahidjo; Tessema, Sofonias; Mukadi-Bamuleka, Daniel; Jansen, Daan; Halbrook, Megan; Merrit, Sydney; Hensley, Lisa; Delaporte, Eric; Mwamba, Dieudonne; Liesenborghs, Laurens; Hoff, Nicole; Peeters, Martine; Low, Nicola; Rimoin, Anne; Kindrachuk, Jason; Vercauteren, Koen; Rambaut, Andrew; Ahuka-Mundeke, Steve; Muyembe-Tamfum, Jean-Jacques"
PP_004BET7,Ia,None,Democratic Republic of the Congo,Kongo-Central,2025-04-25,187417,0.8847010024897444,2025-10-21,"Mbala-Kingebeni, Placide; Wawina-Bokalanga, Tony; Kinganda-Lusamaki, Eddy; Pukuta-Simbu, Elisabeth; Hasivirwe-Vakaniaki, Emmanuel; Ola-Mpumbe, Rilia; Kwete-Mbokama, Papy; Akil-Bandali, Prince; Kacita, Cris; Ponga-Museme, Ange; Mapenzi-Kashali, Nelson; Vakaniaki, Gloria; Amuri-Aziza, Adrienne; Kenye, Kelly-Michel; Muyamuna, Elisabeth; Kavira-Bapitani, Sifa; Mukadi, Patrick; OToole, Aine; Tshiani-Mbaya, Olivier; Paku-Tshambu, Princesse; Lokilo-Lofiko, Emmanuel; Muswamba-Kayembe, Chloe; Makangara-Cigolo, Jean-Claude; Cikaya-Kankolongo, Fiston; Luakanda-Ndelemo, Gradi; Lawanga, Leader; Mabika-Bope, Elzedek; Lumembe-Numbi, Raphael; Kabamba-Lungenyi, Gabriel; Citenga, Andre; Kelvin, D. J.; Pratt, Catherine; Ayouba, Ahidjo; Tessema, Sofonias; Mukadi-Bamuleka, Daniel; Jansen, Daan; Halbrook, Megan; Merrit, Sydney; Hensley, Lisa; Delaporte, Eric; Mwamba, Dieudonne; Liesenborghs, Laurens; Hoff, Nicole; Peeters, Martine; Low, Nicola; Rimoin, Anne; Kindrachuk, Jason; Vercauteren, Koen; Rambaut, Andrew; Ahuka-Mundeke, Steve; Muyembe-Tamfum, Jean-Jacques"
PP_004BEU5,Ia,None,Democratic Republic of the Congo,Kinshasa,2025-05-05,187413,0.8783625493765498,2025-10-21,"Wawina-Bokalanga, Tony; Amuri-Aziza, Adrienne; Mbala-Kingebeni, Placide; Kinganda-Lusamaki, Eddy; Pukuta-Simbu, Elisabeth; Hasivirwe-Vakaniaki, Emmanuel; Ola-Mpumbe, Rilia; Kwete-Mbokama, Papy; Akil-Bandali, Prince; Kacita, Cris; Ponga-Museme, Ange; Mapenzi-Kashali, Nelson; Vakaniaki, Gloria; Kenye, Kelly-Michel; Muyamuna, Elisabeth; Kavira-Bapitani, Sifa; Mukadi, Patrick; OToole, Aine; Tshiani-Mbaya, Olivier; Paku-Tshambu, Princesse; Lokilo-Lofiko, Emmanuel; Muswamba-Kayembe, Chloe; Makangara-Cigolo, Jean-Claude; Cikaya-Kankolongo, Fiston; Luakanda-Ndelemo, Gradi; Lawanga, Leader; Mabika-Bope, Elzedek; Lumembe-Numbi, Raphael; Kabamba-Lungenyi, Gabriel; Citenga, Andre; Kelvin, D. J.; Pratt, Catherine; Ayouba, Ahidjo; Tessema, Sofonias; Mukadi-Bamuleka, Daniel; Jansen, Daan; Halbrook, Megan; Merrit, Sydney; Hensley, Lisa; Delaporte, Eric; Mwamba, Dieudonne; Liesenborghs, Laurens; Hoff, Nicole; Peeters, Martine; Low, Nicola; Rimoin, Anne; Kindrachuk, Jason; Vercauteren, Koen; Rambaut, Andrew; Ahuka-Mundeke, Steve; Muyembe-Tamfum, Jean-Jacques"
PP_004BEV3,Ia,None,Democratic Republic of the Congo,Mai-Ndombe,2025-04-23,187435,0.8750057046078019,2025-10-21,"Kenye, Kelly-Michel; Mbala-Kingebeni, Placide; Wawina-Bokalanga, Tony; Kinganda-Lusamaki, Eddy; Pukuta-Simbu, Elisabeth; Hasivirwe-Vakaniaki, Emmanuel; Ola-Mpumbe, Rilia; Kwete-Mbokama, Papy; Akil-Bandali, Prince; Kacita, Cris; Ponga-Museme, Ange; Mapenzi-Kashali, Nelson; Vakaniaki, Gloria; Amuri-Aziza, Adrienne; Muyamuna, Elisabeth; Kavira-Bapitani, Sifa; Mukadi, Patrick; OToole, Aine; Tshiani-Mbaya, Olivier; Paku-Tshambu, Princesse; Lokilo-Lofiko, Emmanuel; Muswamba-Kayembe, Chloe; Makangara-Cigolo, Jean-Claude; Cikaya-Kankolongo, Fiston; Luakanda-Ndelemo, Gradi; Lawanga, Leader; Mabika-Bope, Elzedek; Lumembe-Numbi, Raphael; Kabamba-Lungenyi, Gabriel; Citenga, Andre; Kelvin, D. J.; Pratt, Catherine; Ayouba, Ahidjo; Tessema, Sofonias; Mukadi-Bamuleka, Daniel; Jansen, Daan; Halbrook, Megan; Merrit, Sydney; Hensley, Lisa; Delaporte, Eric; Mwamba, Dieudonne; Liesenborghs, Laurens; Hoff, Nicole; Peeters, Martine; Low, Nicola; Rimoin, Anne; Kindrachuk, Jason; Vercauteren, Koen; Rambaut, Andrew; Ahuka-Mundeke, Steve; Muyembe-Tamfum, Jean-Jacques"
PP_004BEW1,Ia,None,Democratic Republic of the Congo,Mai-Ndombe,2025-04-15,187401,0.8739256321973136,2025-10-21,"Kenye, Kelly-Michel; Mbala-Kingebeni, Placide; Wawina-Bokalanga, Tony; Kinganda-Lusamaki, Eddy; Pukuta-Simbu, Elisabeth; Hasivirwe-Vakaniaki, Emmanuel; Ola-Mpumbe, Rilia; Kwete-Mbokama, Papy; Akil-Bandali, Prince; Kacita, Cris; Ponga-Museme, Ange; Mapenzi-Kashali, Nelson; Vakaniaki, Gloria; Amuri-Aziza, Adrienne; Muyamuna, Elisabeth; Kavira-Bapitani, Sifa; Mukadi, Patrick; OToole, Aine; Tshiani-Mbaya, Olivier; Paku-Tshambu, Princesse; Lokilo-Lofiko, Emmanuel; Muswamba-Kayembe, Chloe; Makangara-Cigolo, Jean-Claude; Cikaya-Kankolongo, Fiston; Luakanda-Ndelemo, Gradi; Lawanga, Leader; Mabika-Bope, Elzedek; Lumembe-Numbi, Raphael; Kabamba-Lungenyi, Gabriel; Citenga, Andre; Kelvin, D. J.; Pratt, Catherine; Ayouba, Ahidjo; Tessema, Sofonias; Mukadi-Bamuleka, Daniel; Jansen, Daan; Halbrook, Megan; Merrit, Sydney; Hensley, Lisa; Delaporte, Eric; Mwamba, Dieudonne; Liesenborghs, Laurens; Hoff, Nicole; Peeters, Martine; Low, Nicola; Rimoin, Anne; Kindrachuk, Jason; Vercauteren, Koen; Rambaut, Andrew; Ahuka-Mundeke, Steve; Muyembe-Tamfum, Jean-Jacques"
PP_004BEXZ,Ia,None,Democratic Republic of the Congo,Mai-Ndombe,2025-04-10,187439,0.5366945727629063,2025-10-21,"Kenye, Kelly-Michel; Mbala-Kingebeni, Placide; Wawina-Bokalanga, Tony; Kinganda-Lusamaki, Eddy; Pukuta-Simbu, Elisabeth; Hasivirwe-Vakaniaki, Emmanuel; Ola-Mpumbe, Rilia; Kwete-Mbokama, Papy; Akil-Bandali, Prince; Kacita, Cris; Ponga-Museme, Ange; Mapenzi-Kashali, Nelson; Vakaniaki, Gloria; Amuri-Aziza, Adrienne; Muyamuna, Elisabeth; Kavira-Bapitani, Sifa; Mukadi, Patrick; OToole, Aine; Tshiani-Mbaya, Olivier; Paku-Tshambu, Princesse; Lokilo-Lofiko, Emmanuel; Muswamba-Kayembe, Chloe; Makangara-Cigolo, Jean-Claude; Cikaya-Kankolongo, Fiston; Luakanda-Ndelemo, Gradi; Lawanga, Leader; Mabika-Bope, Elzedek; Lumembe-Numbi, Raphael; Kabamba-Lungenyi, Gabriel; Citenga, Andre; Kelvin, D. J.; Pratt, Catherine; Ayouba, Ahidjo; Tessema, Sofonias; Mukadi-Bamuleka, Daniel; Jansen, Daan; Halbrook, Megan; Merrit, Sydney; Hensley, Lisa; Delaporte, Eric; Mwamba, Dieudonne; Liesenborghs, Laurens; Hoff, Nicole; Peeters, Martine; Low, Nicola; Rimoin, Anne; Kindrachuk, Jason; Vercauteren, Koen; Rambaut, Andrew; Ahuka-Mundeke, Steve; Muyembe-Tamfum, Jean-Jacques"
PP_004BEYX,Ia,None,Democratic Republic of the Congo,Kinshasa,2025-05-07,187421,0.9037619986917432,2025-10-21,"Wawina-Bokalanga, Tony; Amuri-Aziza, Adrienne; Mbala-Kingebeni, Placide; Kinganda-Lusamaki, Eddy; Pukuta-Simbu, Elisabeth; Hasivirwe-Vakaniaki, Emmanuel; Ola-Mpumbe, Rilia; Kwete-Mbokama, Papy; Akil-Bandali, Prince; Kacita, Cris; Ponga-Museme, Ange; Mapenzi-Kashali, Nelson; Vakaniaki, Gloria; Kenye, Kelly-Michel; Muyamuna, Elisabeth; Kavira-Bapitani, Sifa; Mukadi, Patrick; OToole, Aine; Tshiani-Mbaya, Olivier; Paku-Tshambu, Princesse; Lokilo-Lofiko, Emmanuel; Muswamba-Kayembe, Chloe; Makangara-Cigolo, Jean-Claude; Cikaya-Kankolongo, Fiston; Luakanda-Ndelemo, Gradi; Lawanga, Leader; Mabika-Bope, Elzedek; Lumembe-Numbi, Raphael; Kabamba-Lungenyi, Gabriel; Citenga, Andre; Kelvin, D. J.; Pratt, Catherine; Ayouba, Ahidjo; Tessema, Sofonias; Mukadi-Bamuleka, Daniel; Jansen, Daan; Halbrook, Megan; Merrit, Sydney; Hensley, Lisa; Delaporte, Eric; Mwamba, Dieudonne; Liesenborghs, Laurens; Hoff, Nicole; Peeters, Martine; Low, Nicola; Rimoin, Anne; Kindrachuk, Jason; Vercauteren, Koen; Rambaut, Andrew; Ahuka-Mundeke, Steve; Muyembe-Tamfum, Jean-Jacques"
PP_004BEZV,Ia,None,Democratic Republic of the Congo,Kinshasa,2025-05-07,187427,0.8902027797919974,2025-10-21,"Wawina-Bokalanga, Tony; Amuri-Aziza, Adrienne; Mbala-Kingebeni, Placide; Kinganda-Lusamaki, Eddy; Pukuta-Simbu, Elisabeth; Hasivirwe-Vakaniaki, Emmanuel; Ola-Mpumbe, Rilia; Kwete-Mbokama, Papy; Akil-Bandali, Prince; Kacita, Cris; Ponga-Museme, Ange; Mapenzi-Kashali, Nelson; Vakaniaki, Gloria; Kenye, Kelly-Michel; Muyamuna, Elisabeth; Kavira-Bapitani, Sifa; Mukadi, Patrick; OToole, Aine; Tshiani-Mbaya, Olivier; Paku-Tshambu, Princesse; Lokilo-Lofiko, Emmanuel; Muswamba-Kayembe, Chloe; Makangara-Cigolo, Jean-Claude; Cikaya-Kankolongo, Fiston; Luakanda-Ndelemo, Gradi; Lawanga, Leader; Mabika-Bope, Elzedek; Lumembe-Numbi, Raphael; Kabamba-Lungenyi, Gabriel; Citenga, Andre; Kelvin, D. J.; Pratt, Catherine; Ayouba, Ahidjo; Tessema, Sofonias; Mukadi-Bamuleka, Daniel; Jansen, Daan; Halbrook, Megan; Merrit, Sydney; Hensley, Lisa; Delaporte, Eric; Mwamba, Dieudonne; Liesenborghs, Laurens; Hoff, Nicole; Peeters, Martine; Low, Nicola; Rimoin, Anne; Kindrachuk, Jason; Vercauteren, Koen; Rambaut, Andrew; Ahuka-Mundeke, Steve; Muyembe-Tamfum, Jean-Jacques"
PP_004BF0T,Ia,None,Democratic Republic of the Congo,Kinshasa,2025-05-07,187423,0.9033056300675932,2025-10-21,"Wawina-Bokalanga, Tony; Amuri-Aziza, Adrienne; Mbala-Kingebeni, Placide; Kinganda-Lusamaki, Eddy; Pukuta-Simbu, Elisabeth; Hasivirwe-Vakaniaki, Emmanuel; Ola-Mpumbe, Rilia; Kwete-Mbokama, Papy; Akil-Bandali, Prince; Kacita, Cris; Ponga-Museme, Ange; Mapenzi-Kashali, Nelson; Vakaniaki, Gloria; Kenye, Kelly-Michel; Muyamuna, Elisabeth; Kavira-Bapitani, Sifa; Mukadi, Patrick; OToole, Aine; Tshiani-Mbaya, Olivier; Paku-Tshambu, Princesse; Lokilo-Lofiko, Emmanuel; Muswamba-Kayembe, Chloe; Makangara-Cigolo, Jean-Claude; Cikaya-Kankolongo, Fiston; Luakanda-Ndelemo, Gradi; Lawanga, Leader; Mabika-Bope, Elzedek; Lumembe-Numbi, Raphael; Kabamba-Lungenyi, Gabriel; Citenga, Andre; Kelvin, D. J.; Pratt, Catherine; Ayouba, Ahidjo; Tessema, Sofonias; Mukadi-Bamuleka, Daniel; Jansen, Daan; Halbrook, Megan; Merrit, Sydney; Hensley, Lisa; Delaporte, Eric; Mwamba, Dieudonne; Liesenborghs, Laurens; Hoff, Nicole; Peeters, Martine; Low, Nicola; Rimoin, Anne; Kindrachuk, Jason; Vercauteren, Koen; Rambaut, Andrew; Ahuka-Mundeke, Steve; Muyembe-Tamfum, Jean-Jacques"
PP_004BF1R,Ia,None,Democratic Republic of the Congo,Kinshasa,2025-05-07,187420,0.8694582904431339,2025-10-21,"Wawina-Bokalanga, Tony; Amuri-Aziza, Adrienne; Mbala-Kingebeni, Placide; Kinganda-Lusamaki, Eddy; Pukuta-Simbu, Elisabeth; Hasivirwe-Vakaniaki, Emmanuel; Ola-Mpumbe, Rilia; Kwete-Mbokama, Papy; Akil-Bandali, Prince; Kacita, Cris; Ponga-Museme, Ange; Mapenzi-Kashali, Nelson; Vakaniaki, Gloria; Kenye, Kelly-Michel; Muyamuna, Elisabeth; Kavira-Bapitani, Sifa; Mukadi, Patrick; OToole, Aine; Tshiani-Mbaya, Olivier; Paku-Tshambu, Princesse; Lokilo-Lofiko, Emmanuel; Muswamba-Kayembe, Chloe; Makangara-Cigolo, Jean-Claude; Cikaya-Kankolongo, Fiston; Luakanda-Ndelemo, Gradi; Lawanga, Leader; Mabika-Bope, Elzedek; Lumembe-Numbi, Raphael; Kabamba-Lungenyi, Gabriel; Citenga, Andre; Kelvin, D. J.; Pratt, Catherine; Ayouba, Ahidjo; Tessema, Sofonias; Mukadi-Bamuleka, Daniel; Jansen, Daan; Halbrook, Megan; Merrit, Sydney; Hensley, Lisa; Delaporte, Eric; Mwamba, Dieudonne; Liesenborghs, Laurens; Hoff, Nicole; Peeters, Martine; Low, Nicola; Rimoin, Anne; Kindrachuk, Jason; Vercauteren, Koen; Rambaut, Andrew; Ahuka-Mundeke, Steve; Muyembe-Tamfum, Jean-Jacques"
PP_004BF2P,Ib,A.1,Democratic Republic of the Congo,Kinshasa,2025-05-06,187378,0.8777134917777586,2025-10-21,"Wawina-Bokalanga, Tony; Amuri-Aziza, Adrienne; Mbala-Kingebeni, Placide; Kinganda-Lusamaki, Eddy; Pukuta-Simbu, Elisabeth; Hasivirwe-Vakaniaki, Emmanuel; Ola-Mpumbe, Rilia; Kwete-Mbokama, Papy; Akil-Bandali, Prince; Kacita, Cris; Ponga-Museme, Ange; Mapenzi-Kashali, Nelson; Vakaniaki, Gloria; Kenye, Kelly-Michel; Muyamuna, Elisabeth; Kavira-Bapitani, Sifa; Mukadi, Patrick; OToole, Aine; Tshiani-Mbaya, Olivier; Paku-Tshambu, Princesse; Lokilo-Lofiko, Emmanuel; Muswamba-Kayembe, Chloe; Makangara-Cigolo, Jean-Claude; Cikaya-Kankolongo, Fiston; Luakanda-Ndelemo, Gradi; Lawanga, Leader; Mabika-Bope, Elzedek; Lumembe-Numbi, Raphael; Kabamba-Lungenyi, Gabriel; Citenga, Andre; Kelvin, D. J.; Pratt, Catherine; Ayouba, Ahidjo; Tessema, Sofonias; Mukadi-Bamuleka, Daniel; Jansen, Daan; Halbrook, Megan; Merrit, Sydney; Hensley, Lisa; Delaporte, Eric; Mwamba, Dieudonne; Liesenborghs, Laurens; Hoff, Nicole; Peeters, Martine; Low, Nicola; Rimoin, Anne; Kindrachuk, Jason; Vercauteren, Koen; Rambaut, Andrew; Ahuka-Mundeke, Steve; Muyembe-Tamfum, Jean-Jacques"
PP_004BF3M,Ia,None,Democratic Republic of the Congo,Mai-Ndombe,2025-04-17,187416,0.8278374719206527,2025-10-21,"Kenye, Kelly-Michel; Mbala-Kingebeni, Placide; Wawina-Bokalanga, Tony; Kinganda-Lusamaki, Eddy; Pukuta-Simbu, Elisabeth; Hasivirwe-Vakaniaki, Emmanuel; Ola-Mpumbe, Rilia; Kwete-Mbokama, Papy; Akil-Bandali, Prince; Kacita, Cris; Ponga-Museme, Ange; Mapenzi-Kashali, Nelson; Vakaniaki, Gloria; Amuri-Aziza, Adrienne; Muyamuna, Elisabeth; Kavira-Bapitani, Sifa; Mukadi, Patrick; OToole, Aine; Tshiani-Mbaya, Olivier; Paku-Tshambu, Princesse; Lokilo-Lofiko, Emmanuel; Muswamba-Kayembe, Chloe; Makangara-Cigolo, Jean-Claude; Cikaya-Kankolongo, Fiston; Luakanda-Ndelemo, Gradi; Lawanga, Leader; Mabika-Bope, Elzedek; Lumembe-Numbi, Raphael; Kabamba-Lungenyi, Gabriel; Citenga, Andre; Kelvin, D. J.; Pratt, Catherine; Ayouba, Ahidjo; Tessema, Sofonias; Mukadi-Bamuleka, Daniel; Jansen, Daan; Halbrook, Megan; Merrit, Sydney; Hensley, Lisa; Delaporte, Eric; Mwamba, Dieudonne; Liesenborghs, Laurens; Hoff, Nicole; Peeters, Martine; Low, Nicola; Rimoin, Anne; Kindrachuk, Jason; Vercauteren, Koen; Rambaut, Andrew; Ahuka-Mundeke, Steve; Muyembe-Tamfum, Jean-Jacques"
PP_004BF4K,Ia,None,Democratic Republic of the Congo,Mai-Ndombe,2025-04-17,187340,0.7645239314635742,2025-10-21,"Kenye, Kelly-Michel; Mbala-Kingebeni, Placide; Wawina-Bokalanga, Tony; Kinganda-Lusamaki, Eddy; Pukuta-Simbu, Elisabeth; Hasivirwe-Vakaniaki, Emmanuel; Ola-Mpumbe, Rilia; Kwete-Mbokama, Papy; Akil-Bandali, Prince; Kacita, Cris; Ponga-Museme, Ange; Mapenzi-Kashali, Nelson; Vakaniaki, Gloria; Amuri-Aziza, Adrienne; Muyamuna, Elisabeth; Kavira-Bapitani, Sifa; Mukadi, Patrick; OToole, Aine; Tshiani-Mbaya, Olivier; Paku-Tshambu, Princesse; Lokilo-Lofiko, Emmanuel; Muswamba-Kayembe, Chloe; Makangara-Cigolo, Jean-Claude; Cikaya-Kankolongo, Fiston; Luakanda-Ndelemo, Gradi; Lawanga, Leader; Mabika-Bope, Elzedek; Lumembe-Numbi, Raphael; Kabamba-Lungenyi, Gabriel; Citenga, Andre; Kelvin, D. J.; Pratt, Catherine; Ayouba, Ahidjo; Tessema, Sofonias; Mukadi-Bamuleka, Daniel; Jansen, Daan; Halbrook, Megan; Merrit, Sydney; Hensley, Lisa; Delaporte, Eric; Mwamba, Dieudonne; Liesenborghs, Laurens; Hoff, Nicole; Peeters, Martine; Low, Nicola; Rimoin, Anne; Kindrachuk, Jason; Vercauteren, Koen; Rambaut, Andrew; Ahuka-Mundeke, Steve; Muyembe-Tamfum, Jean-Jacques"
PP_004BF5H,Ib,A.1,Democratic Republic of the Congo,Kinshasa,2025-05-02,187398,0.8871806053476261,2025-10-21,"Wawina-Bokalanga, Tony; Amuri-Aziza, Adrienne; Mbala-Kingebeni, Placide; Kinganda-Lusamaki, Eddy; Pukuta-Simbu, Elisabeth; Hasivirwe-Vakaniaki, Emmanuel; Ola-Mpumbe, Rilia; Kwete-Mbokama, Papy; Akil-Bandali, Prince; Kacita, Cris; Ponga-Museme, Ange; Mapenzi-Kashali, Nelson; Vakaniaki, Gloria; Kenye, Kelly-Michel; Muyamuna, Elisabeth; Kavira-Bapitani, Sifa; Mukadi, Patrick; OToole, Aine; Tshiani-Mbaya, Olivier; Paku-Tshambu, Princesse; Lokilo-Lofiko, Emmanuel; Muswamba-Kayembe, Chloe; Makangara-Cigolo, Jean-Claude; Cikaya-Kankolongo, Fiston; Luakanda-Ndelemo, Gradi; Lawanga, Leader; Mabika-Bope, Elzedek; Lumembe-Numbi, Raphael; Kabamba-Lungenyi, Gabriel; Citenga, Andre; Kelvin, D. J.; Pratt, Catherine; Ayouba, Ahidjo; Tessema, Sofonias; Mukadi-Bamuleka, Daniel; Jansen, Daan; Halbrook, Megan; Merrit, Sydney; Hensley, Lisa; Delaporte, Eric; Mwamba, Dieudonne; Liesenborghs, Laurens; Hoff, Nicole; Peeters, Martine; Low, Nicola; Rimoin, Anne; Kindrachuk, Jason; Vercauteren, Koen; Rambaut, Andrew; Ahuka-Mundeke, Steve; Muyembe-Tamfum, Jean-Jacques"
PP_004BF6F,Ib,A.1,Democratic Republic of the Congo,Kinshasa,2025-05-09,187403,0.8700718527044912,2025-10-21,"Wawina-Bokalanga, Tony; Amuri-Aziza, Adrienne; Mbala-Kingebeni, Placide; Kinganda-Lusamaki, Eddy; Pukuta-Simbu, Elisabeth; Hasivirwe-Vakaniaki, Emmanuel; Ola-Mpumbe, Rilia; Kwete-Mbokama, Papy; Akil-Bandali, Prince; Kacita, Cris; Ponga-Museme, Ange; Mapenzi-Kashali, Nelson; Vakaniaki, Gloria; Kenye, Kelly-Michel; Muyamuna, Elisabeth; Kavira-Bapitani, Sifa; Mukadi, Patrick; OToole, Aine; Tshiani-Mbaya, Olivier; Paku-Tshambu, Princesse; Lokilo-Lofiko, Emmanuel; Muswamba-Kayembe, Chloe; Makangara-Cigolo, Jean-Claude; Cikaya-Kankolongo, Fiston; Luakanda-Ndelemo, Gradi; Lawanga, Leader; Mabika-Bope, Elzedek; Lumembe-Numbi, Raphael; Kabamba-Lungenyi, Gabriel; Citenga, Andre; Kelvin, D. J.; Pratt, Catherine; Ayouba, Ahidjo; Tessema, Sofonias; Mukadi-Bamuleka, Daniel; Jansen, Daan; Halbrook, Megan; Merrit, Sydney; Hensley, Lisa; Delaporte, Eric; Mwamba, Dieudonne; Liesenborghs, Laurens; Hoff, Nicole; Peeters, Martine; Low, Nicola; Rimoin, Anne; Kindrachuk, Jason; Vercauteren, Koen; Rambaut, Andrew; Ahuka-Mundeke, Steve; Muyembe-Tamfum, Jean-Jacques"
PP_004BF7D,Ib,A.1,Democratic Republic of the Congo,Kinshasa,2025-05-13,187421,0.8770644341789675,2025-10-21,"Wawina-Bokalanga, Tony; Amuri-Aziza, Adrienne; Mbala-Kingebeni, Placide; Kinganda-Lusamaki, Eddy; Pukuta-Simbu, Elisabeth; Hasivirwe-Vakaniaki, Emmanuel; Ola-Mpumbe, Rilia; Kwete-Mbokama, Papy; Akil-Bandali, Prince; Kacita, Cris; Ponga-Museme, Ange; Mapenzi-Kashali, Nelson; Vakaniaki, Gloria; Kenye, Kelly-Michel; Muyamuna, Elisabeth; Kavira-Bapitani, Sifa; Mukadi, Patrick; OToole, Aine; Tshiani-Mbaya, Olivier; Paku-Tshambu, Princesse; Lokilo-Lofiko, Emmanuel; Muswamba-Kayembe, Chloe; Makangara-Cigolo, Jean-Claude; Cikaya-Kankolongo, Fiston; Luakanda-Ndelemo, Gradi; Lawanga, Leader; Mabika-Bope, Elzedek; Lumembe-Numbi, Raphael; Kabamba-Lungenyi, Gabriel; Citenga, Andre; Kelvin, D. J.; Pratt, Catherine; Ayouba, Ahidjo; Tessema, Sofonias; Mukadi-Bamuleka, Daniel; Jansen, Daan; Halbrook, Megan; Merrit, Sydney; Hensley, Lisa; Delaporte, Eric; Mwamba, Dieudonne; Liesenborghs, Laurens; Hoff, Nicole; Peeters, Martine; Low, Nicola; Rimoin, Anne; Kindrachuk, Jason; Vercauteren, Koen; Rambaut, Andrew; Ahuka-Mundeke, Steve; Muyembe-Tamfum, Jean-Jacques"
PP_004BF8B,Ib,A.1,Democratic Republic of the Congo,Kinshasa,2025-05-10,187409,0.8808827183343559,2025-10-21,"Wawina-Bokalanga, Tony; Amuri-Aziza, Adrienne; Mbala-Kingebeni, Placide; Kinganda-Lusamaki, Eddy; Pukuta-Simbu, Elisabeth; Hasivirwe-Vakaniaki, Emmanuel; Ola-Mpumbe, Rilia; Kwete-Mbokama, Papy; Akil-Bandali, Prince; Kacita, Cris; Ponga-Museme, Ange; Mapenzi-Kashali, Nelson; Vakaniaki, Gloria; Kenye, Kelly-Michel; Muyamuna, Elisabeth; Kavira-Bapitani, Sifa; Mukadi, Patrick; OToole, Aine; Tshiani-Mbaya, Olivier; Paku-Tshambu, Princesse; Lokilo-Lofiko, Emmanuel; Muswamba-Kayembe, Chloe; Makangara-Cigolo, Jean-Claude; Cikaya-Kankolongo, Fiston; Luakanda-Ndelemo, Gradi; Lawanga, Leader; Mabika-Bope, Elzedek; Lumembe-Numbi, Raphael; Kabamba-Lungenyi, Gabriel; Citenga, Andre; Kelvin, D. J.; Pratt, Catherine; Ayouba, Ahidjo; Tessema, Sofonias; Mukadi-Bamuleka, Daniel; Jansen, Daan; Halbrook, Megan; Merrit, Sydney; Hensley, Lisa; Delaporte, Eric; Mwamba, Dieudonne; Liesenborghs, Laurens; Hoff, Nicole; Peeters, Martine; Low, Nicola; Rimoin, Anne; Kindrachuk, Jason; Vercauteren, Koen; Rambaut, Andrew; Ahuka-Mundeke, Steve; Muyembe-Tamfum, Jean-Jacques"
PP_004BF99,Ia,None,Democratic Republic of the Congo,Mai-Ndombe,2025-05-16,187442,0.7925906018488,2025-10-21,"Kenye, Kelly-Michel; Mbala-Kingebeni, Placide; Wawina-Bokalanga, Tony; Kinganda-Lusamaki, Eddy; Pukuta-Simbu, Elisabeth; Hasivirwe-Vakaniaki, Emmanuel; Ola-Mpumbe, Rilia; Kwete-Mbokama, Papy; Akil-Bandali, Prince; Kacita, Cris; Ponga-Museme, Ange; Mapenzi-Kashali, Nelson; Vakaniaki, Gloria; Amuri-Aziza, Adrienne; Muyamuna, Elisabeth; Kavira-Bapitani, Sifa; Mukadi, Patrick; OToole, Aine; Tshiani-Mbaya, Olivier; Paku-Tshambu, Princesse; Lokilo-Lofiko, Emmanuel; Muswamba-Kayembe, Chloe; Makangara-Cigolo, Jean-Claude; Cikaya-Kankolongo, Fiston; Luakanda-Ndelemo, Gradi; Lawanga, Leader; Mabika-Bope, Elzedek; Lumembe-Numbi, Raphael; Kabamba-Lungenyi, Gabriel; Citenga, Andre; Kelvin, D. J.; Pratt, Catherine; Ayouba, Ahidjo; Tessema, Sofonias; Mukadi-Bamuleka, Daniel; Jansen, Daan; Halbrook, Megan; Merrit, Sydney; Hensley, Lisa; Delaporte, Eric; Mwamba, Dieudonne; Liesenborghs, Laurens; Hoff, Nicole; Peeters, Martine; Low, Nicola; Rimoin, Anne; Kindrachuk, Jason; Vercauteren, Koen; Rambaut, Andrew; Ahuka-Mundeke, Steve; Muyembe-Tamfum, Jean-Jacques"
PP_004BFA7,Ia,None,Democratic Republic of the Congo,Kinshasa,2025-05-13,187398,0.883803477528916,2025-10-21,"Wawina-Bokalanga, Tony; Amuri-Aziza, Adrienne; Mbala-Kingebeni, Placide; Kinganda-Lusamaki, Eddy; Pukuta-Simbu, Elisabeth; Hasivirwe-Vakaniaki, Emmanuel; Ola-Mpumbe, Rilia; Kwete-Mbokama, Papy; Akil-Bandali, Prince; Kacita, Cris; Ponga-Museme, Ange; Mapenzi-Kashali, Nelson; Vakaniaki, Gloria; Kenye, Kelly-Michel; Muyamuna, Elisabeth; Kavira-Bapitani, Sifa; Mukadi, Patrick; OToole, Aine; Tshiani-Mbaya, Olivier; Paku-Tshambu, Princesse; Lokilo-Lofiko, Emmanuel; Muswamba-Kayembe, Chloe; Makangara-Cigolo, Jean-Claude; Cikaya-Kankolongo, Fiston; Luakanda-Ndelemo, Gradi; Lawanga, Leader; Mabika-Bope, Elzedek; Lumembe-Numbi, Raphael; Kabamba-Lungenyi, Gabriel; Citenga, Andre; Kelvin, D. J.; Pratt, Catherine; Ayouba, Ahidjo; Tessema, Sofonias; Mukadi-Bamuleka, Daniel; Jansen, Daan; Halbrook, Megan; Merrit, Sydney; Hensley, Lisa; Delaporte, Eric; Mwamba, Dieudonne; Liesenborghs, Laurens; Hoff, Nicole; Peeters, Martine; Low, Nicola; Rimoin, Anne; Kindrachuk, Jason; Vercauteren, Koen; Rambaut, Andrew; Ahuka-Mundeke, Steve; Muyembe-Tamfum, Jean-Jacques"
PP_004BFB5,Ia,None,Democratic Republic of the Congo,Kinshasa,2025-05-13,187417,0.90649513967415285,2025-10-21,"Wawina-Bokalanga, Tony; Amuri-Aziza, Adrienne; Mbala-Kingebeni, Placide; Kinganda-Lusamaki, Eddy; Pukuta-Simbu, Elisabeth; Hasivirwe-Vakaniaki, Emmanuel; Ola-Mpumbe, Rilia; Kwete-Mbokama, Papy; Akil-Bandali, Prince; Kacita, Cris; Ponga-Museme, Ange; Mapenzi-Kashali, Nelson; Vakaniaki, Gloria; Kenye, Kelly-Michel; Muyamuna, Elisabeth; Kavira-Bapitani, Sifa; Mukadi, Patrick; OToole, Aine; Tshiani-Mbaya, Olivier; Paku-Tshambu, Princesse; Lokilo-Lofiko, Emmanuel; Muswamba-Kayembe, Chloe; Makangara-Cigolo, Jean-Claude; Cikaya-Kankolongo, Fiston; Luakanda-Ndelemo, Gradi; Lawanga, Leader; Mabika-Bope, Elzedek; Lumembe-Numbi, Raphael; Kabamba-Lungenyi, Gabriel; Citenga, Andre; Kelvin, D. J.; Pratt, Catherine; Ayouba, Ahidjo; Tessema, Sofonias; Mukadi-Bamuleka, Daniel; Jansen, Daan; Halbrook, Megan; Merrit, Sydney; Hensley, Lisa; Delaporte, Eric; Mwamba, Dieudonne; Liesenborghs, Laurens; Hoff, Nicole; Peeters, Martine; Low, Nicola; Rimoin, Anne; Kindrachuk, Jason; Vercauteren, Koen; Rambaut, Andrew; Ahuka-Mundeke, Steve; Muyembe-Tamfum, Jean-Jacques"
PP_004BFC3,Ib,A.1,Democratic Republic of the Congo,Kinshasa,2025-05-14,187407,0.874341434721539,2025-10-21,"Wawina-Bokalanga, Tony; Amuri-Aziza, Adrienne; Mbala-Kingebeni, Placide; Kinganda-Lusamaki, Eddy; Pukuta-Simbu, Elisabeth; Hasivirwe-Vakaniaki, Emmanuel; Ola-Mpumbe, Rilia; Kwete-Mbokama, Papy; Akil-Bandali, Prince; Kacita, Cris; Ponga-Museme, Ange; Mapenzi-Kashali, Nelson; Vakaniaki, Gloria; Kenye, Kelly-Michel; Muyamuna, Elisabeth; Kavira-Bapitani, Sifa; Mukadi, Patrick; OToole, Aine; Tshiani-Mbaya, Olivier; Paku-Tshambu, Princesse; Lokilo-Lofiko, Emmanuel; Muswamba-Kayembe, Chloe; Makangara-Cigolo, Jean-Claude; Cikaya-Kankolongo, Fiston; Luakanda-Ndelemo, Gradi; Lawanga, Leader; Mabika-Bope, Elzedek; Lumembe-Numbi, Raphael; Kabamba-Lungenyi, Gabriel; Citenga, Andre; Kelvin, D. J.; Pratt, Catherine; Ayouba, Ahidjo; Tessema, Sofonias; Mukadi-Bamuleka, Daniel; Jansen, Daan; Halbrook, Megan; Merrit, Sydney; Hensley, Lisa; Delaporte, Eric; Mwamba, Dieudonne; Liesenborghs, Laurens; Hoff, Nicole; Peeters, Martine; Low, Nicola; Rimoin, Anne; Kindrachuk, Jason; Vercauteren, Koen; Rambaut, Andrew; Ahuka-Mundeke, Steve; Muyembe-Tamfum, Jean-Jacques"
PP_004BFD1,Ia,None,Democratic Republic of the Congo,Kinshasa,2025-05-14,187430,0.8990259065255642,2025-10-21,"Wawina-Bokalanga, Tony; Amuri-Aziza, Adrienne; Mbala-Kingebeni, Placide; Kinganda-Lusamaki, Eddy; Pukuta-Simbu, Elisabeth; Hasivirwe-Vakaniaki, Emmanuel; Ola-Mpumbe, Rilia; Kwete-Mbokama, Papy; Akil-Bandali, Prince; Kacita, Cris; Ponga-Museme, Ange; Mapenzi-Kashali, Nelson; Vakaniaki, Gloria; Kenye, Kelly-Michel; Muyamuna, Elisabeth; Kavira-Bapitani, Sifa; Mukadi, Patrick; OToole, Aine; Tshiani-Mbaya, Olivier; Paku-Tshambu, Princesse; Lokilo-Lofiko, Emmanuel; Muswamba-Kayembe, Chloe; Makangara-Cigolo, Jean-Claude; Cikaya-Kankolongo, Fiston; Luakanda-Ndelemo, Gradi; Lawanga, Leader; Mabika-Bope, Elzedek; Lumembe-Numbi, Raphael; Kabamba-Lungenyi, Gabriel; Citenga, Andre; Kelvin, D. J.; Pratt, Catherine; Ayouba, Ahidjo; Tessema, Sofonias; Mukadi-Bamuleka, Daniel; Jansen, Daan; Halbrook, Megan; Merrit, Sydney; Hensley, Lisa; Delaporte, Eric; Mwamba, Dieudonne; Liesenborghs, Laurens; Hoff, Nicole; Peeters, Martine; Low, Nicola; Rimoin, Anne; Kindrachuk, Jason; Vercauteren, Koen; Rambaut, Andrew; Ahuka-Mundeke, Steve; Muyembe-Tamfum, Jean-Jacques"
PP_004BFEZ,Ia,None,Democratic Republic of the Congo,Kinshasa,2025-05-13,187412,0.8970381676292664,2025-10-21,"Wawina-Bokalanga, Tony; Amuri-Aziza, Adrienne; Mbala-Kingebeni, Placide; Kinganda-Lusamaki, Eddy; Pukuta-Simbu, Elisabeth; Hasivirwe-Vakaniaki, Emmanuel; Ola-Mpumbe, Rilia; Kwete-Mbokama, Papy; Akil-Bandali, Prince; Kacita, Cris; Ponga-Museme, Ange; Mapenzi-Kashali, Nelson; Vakaniaki, Gloria; Kenye, Kelly-Michel; Muyamuna, Elisabeth; Kavira-Bapitani, Sifa; Mukadi, Patrick; OToole, Aine; Tshiani-Mbaya, Olivier; Paku-Tshambu, Princesse; Lokilo-Lofiko, Emmanuel; Muswamba-Kayembe, Chloe; Makangara-Cigolo, Jean-Claude; Cikaya-Kankolongo, Fiston; Luakanda-Ndelemo, Gradi; Lawanga, Leader; Mabika-Bope, Elzedek; Lumembe-Numbi, Raphael; Kabamba-Lungenyi, Gabriel; Citenga, Andre; Kelvin, D. J.; Pratt, Catherine; Ayouba, Ahidjo; Tessema, Sofonias; Mukadi-Bamuleka, Daniel; Jansen, Daan; Halbrook, Megan; Merrit, Sydney; Hensley, Lisa; Delaporte, Eric; Mwamba, Dieudonne; Liesenborghs, Laurens; Hoff, Nicole; Peeters, Martine; Low, Nicola; Rimoin, Anne; Kindrachuk, Jason; Vercauteren, Koen; Rambaut, Andrew; Ahuka-Mundeke, Steve; Muyembe-Tamfum, Jean-Jacques"
PP_004BFFX,Ib,A.1,Democratic Republic of the Congo,Kinshasa,2025-05-14,187389,0.8643723156651065,2025-10-21,"Wawina-Bokalanga, Tony; Amuri-Aziza, Adrienne; Mbala-Kingebeni, Placide; Kinganda-Lusamaki, Eddy; Pukuta-Simbu, Elisabeth; Hasivirwe-Vakaniaki, Emmanuel; Ola-Mpumbe, Rilia; Kwete-Mbokama, Papy; Akil-Bandali, Prince; Kacita, Cris; Ponga-Museme, Ange; Mapenzi-Kashali, Nelson; Vakaniaki, Gloria; Kenye, Kelly-Michel; Muyamuna, Elisabeth; Kavira-Bapitani, Sifa; Mukadi, Patrick; OToole, Aine; Tshiani-Mbaya, Olivier; Paku-Tshambu, Princesse; Lokilo-Lofiko, Emmanuel; Muswamba-Kayembe, Chloe; Makangara-Cigolo, Jean-Claude; Cikaya-Kankolongo, Fiston; Luakanda-Ndelemo, Gradi; Lawanga, Leader; Mabika-Bope, Elzedek; Lumembe-Numbi, Raphael; Kabamba-Lungenyi, Gabriel; Citenga, Andre; Kelvin, D. J.; Pratt, Catherine; Ayouba, Ahidjo; Tessema, Sofonias; Mukadi-Bamuleka, Daniel; Jansen, Daan; Halbrook, Megan; Merrit, Sydney; Hensley, Lisa; Delaporte, Eric; Mwamba, Dieudonne; Liesenborghs, Laurens; Hoff, Nicole; Peeters, Martine; Low, Nicola; Rimoin, Anne; Kindrachuk, Jason; Vercauteren, Koen; Rambaut, Andrew; Ahuka-Mundeke, Steve; Muyembe-Tamfum, Jean-Jacques"
PP_004BFGV,Ia,None,Democratic Republic of the Congo,Kinshasa,2025-05-16,187414,0.9086704967826011,2025-10-21,"Wawina-Bokalanga, Tony; Amuri-Aziza, Adrienne; Mbala-Kingebeni, Placide; Kinganda-Lusamaki, Eddy; Pukuta-Simbu, Elisabeth; Hasivirwe-Vakaniaki, Emmanuel; Ola-Mpumbe, Rilia; Kwete-Mbokama, Papy; Akil-Bandali, Prince; Kacita, Cris; Ponga-Museme, Ange; Mapenzi-Kashali, Nelson; Vakaniaki, Gloria; Kenye, Kelly-Michel; Muyamuna, Elisabeth; Kavira-Bapitani, Sifa; Mukadi, Patrick; OToole, Aine; Tshiani-Mbaya, Olivier; Paku-Tshambu, Princesse; Lokilo-Lofiko, Emmanuel; Muswamba-Kayembe, Chloe; Makangara-Cigolo, Jean-Claude; Cikaya-Kankolongo, Fiston; Luakanda-Ndelemo, Gradi; Lawanga, Leader; Mabika-Bope, Elzedek; Lumembe-Numbi, Raphael; Kabamba-Lungenyi, Gabriel; Citenga, Andre; Kelvin, D. J.; Pratt, Catherine; Ayouba, Ahidjo; Tessema, Sofonias; Mukadi-Bamuleka, Daniel; Jansen, Daan; Halbrook, Megan; Merrit, Sydney; Hensley, Lisa; Delaporte, Eric; Mwamba, Dieudonne; Liesenborghs, Laurens; Hoff, Nicole; Peeters, Martine; Low, Nicola; Rimoin, Anne; Kindrachuk, Jason; Vercauteren, Koen; Rambaut, Andrew; Ahuka-Mundeke, Steve; Muyembe-Tamfum, Jean-Jacques"
PP_004BFHS,Ia,None,Democratic Republic of the Congo,Kinshasa,2025-05-16,187415,0.8713902509520357,2025-10-21,"Wawina-Bokalanga, Tony; Amuri-Aziza, Adrienne; Mbala-Kingebeni, Placide; Kinganda-Lusamaki, Eddy; Pukuta-Simbu, Elisabeth; Hasivirwe-Vakaniaki, Emmanuel; Ola-Mpumbe, Rilia; Kwete-Mbokama, Papy; Akil-Bandali, Prince; Kacita, Cris; Ponga-Museme, Ange; Mapenzi-Kashali, Nelson; Vakaniaki, Gloria; Kenye, Kelly-Michel; Muyamuna, Elisabeth; Kavira-Bapitani, Sifa; Mukadi, Patrick; OToole, Aine; Tshiani-Mbaya, Olivier; Paku-Tshambu, Princesse; Lokilo-Lofiko, Emmanuel; Muswamba-Kayembe, Chloe; Makangara-Cigolo, Jean-Claude; Cikaya-Kankolongo, Fiston; Luakanda-Ndelemo, Gradi; Lawanga, Leader; Mabika-Bope, Elzedek; Lumembe-Numbi, Raphael; Kabamba-Lungenyi, Gabriel; Citenga, Andre; Kelvin, D. J.; Pratt, Catherine; Ayouba, Ahidjo; Tessema, Sofonias; Mukadi-Bamuleka, Daniel; Jansen, Daan; Halbrook, Megan; Merrit, Sydney; Hensley, Lisa; Delaporte, Eric; Mwamba, Dieudonne; Liesenborghs, Laurens; Hoff, Nicole; Peeters, Martine; Low, Nicola; Rimoin, Anne; Kindrachuk, Jason; Vercauteren, Koen; Rambaut, Andrew; Ahuka-Mundeke, Steve; Muyembe-Tamfum, Jean-Jacques"
PP_004BFJQ,Ia,None,Democratic Republic of the Congo,Kinshasa,2025-05-15,187428,0.8694227951057001,2025-10-21,"Wawina-Bokalanga, Tony; Amuri-Aziza, Adrienne; Mbala-Kingebeni, Placide; Kinganda-Lusamaki, Eddy; Pukuta-Simbu, Elisabeth; Hasivirwe-Vakaniaki, Emmanuel; Ola-Mpumbe, Rilia; Kwete-Mbokama, Papy; Akil-Bandali, Prince; Kacita, Cris; Ponga-Museme, Ange; Mapenzi-Kashali, Nelson; Vakaniaki, Gloria; Kenye, Kelly-Michel; Muyamuna, Elisabeth; Kavira-Bapitani, Sifa; Mukadi, Patrick; OToole, Aine; Tshiani-Mbaya, Olivier; Paku-Tshambu, Princesse; Lokilo-Lofiko, Emmanuel; Muswamba-Kayembe, Chloe; Makangara-Cigolo, Jean-Claude; Cikaya-Kankolongo, Fiston; Luakanda-Ndelemo, Gradi; Lawanga, Leader; Mabika-Bope, Elzedek; Lumembe-Numbi, Raphael; Kabamba-Lungenyi, Gabriel; Citenga, Andre; Kelvin, D. J.; Pratt, Catherine; Ayouba, Ahidjo; Tessema, Sofonias; Mukadi-Bamuleka, Daniel; Jansen, Daan; Halbrook, Megan; Merrit, Sydney; Hensley, Lisa; Delaporte, Eric; Mwamba, Dieudonne; Liesenborghs, Laurens; Hoff, Nicole; Peeters, Martine; Low, Nicola; Rimoin, Anne; Kindrachuk, Jason; Vercauteren, Koen; Rambaut, Andrew; Ahuka-Mundeke, Steve; Muyembe-Tamfum, Jean-Jacques"
PP_004BFKN,Ib,A.1,Democratic Republic of the Congo,Kinshasa,2025-05-17,187409,0.86604566728699,2025-10-21,"Wawina-Bokalanga, Tony; Amuri-Aziza, Adrienne; Mbala-Kingebeni, Placide; Kinganda-Lusamaki, Eddy; Pukuta-Simbu, Elisabeth; Hasivirwe-Vakaniaki, Emmanuel; Ola-Mpumbe, Rilia; Kwete-Mbokama, Papy; Akil-Bandali, Prince; Kacita, Cris; Ponga-Museme, Ange; Mapenzi-Kashali, Nelson; Vakaniaki, Gloria; Kenye, Kelly-Michel; Muyamuna, Elisabeth; Kavira-Bapitani, Sifa; Mukadi, Patrick; OToole, Aine; Tshiani-Mbaya, Olivier; Paku-Tshambu, Princesse; Lokilo-Lofiko, Emmanuel; Muswamba-Kayembe, Chloe; Makangara-Cigolo, Jean-Claude; Cikaya-Kankolongo, Fiston; Luakanda-Ndelemo, Gradi; Lawanga, Leader; Mabika-Bope, Elzedek; Lumembe-Numbi, Raphael; Kabamba-Lungenyi, Gabriel; Citenga, Andre; Kelvin, D. J.; Pratt, Catherine; Ayouba, Ahidjo; Tessema, Sofonias; Mukadi-Bamuleka, Daniel; Jansen, Daan; Halbrook, Megan; Merrit, Sydney; Hensley, Lisa; Delaporte, Eric; Mwamba, Dieudonne; Liesenborghs, Laurens; Hoff, Nicole; Peeters, Martine; Low, Nicola; Rimoin, Anne; Kindrachuk, Jason; Vercauteren, Koen; Rambaut, Andrew; Ahuka-Mundeke, Steve; Muyembe-Tamfum, Jean-Jacques"
PP_004BFLL,Ib,A.1,Democratic Republic of the Congo,Kinshasa,2025-05-19,187412,0.8945991308713092,2025-10-21,"Wawina-Bokalanga, Tony; Amuri-Aziza, Adrienne; Mbala-Kingebeni, Placide; Kinganda-Lusamaki, Eddy; Pukuta-Simbu, Elisabeth; Hasivirwe-Vakaniaki, Emmanuel; Ola-Mpumbe, Rilia; Kwete-Mbokama, Papy; Akil-Bandali, Prince; Kacita, Cris; Ponga-Museme, Ange; Mapenzi-Kashali, Nelson; Vakaniaki, Gloria; Kenye, Kelly-Michel; Muyamuna, Elisabeth; Kavira-Bapitani, Sifa; Mukadi, Patrick; OToole, Aine; Tshiani-Mbaya, Olivier; Paku-Tshambu, Princesse; Lokilo-Lofiko, Emmanuel; Muswamba-Kayembe, Chloe; Makangara-Cigolo, Jean-Claude; Cikaya-Kankolongo, Fiston; Luakanda-Ndelemo, Gradi; Lawanga, Leader; Mabika-Bope, Elzedek; Lumembe-Numbi, Raphael; Kabamba-Lungenyi, Gabriel; Citenga, Andre; Kelvin, D. J.; Pratt, Catherine; Ayouba, Ahidjo; Tessema, Sofonias; Mukadi-Bamuleka, Daniel; Jansen, Daan; Halbrook, Megan; Merrit, Sydney; Hensley, Lisa; Delaporte, Eric; Mwamba, Dieudonne; Liesenborghs, Laurens; Hoff, Nicole; Peeters, Martine; Low, Nicola; Rimoin, Anne; Kindrachuk, Jason; Vercauteren, Koen; Rambaut, Andrew; Ahuka-Mundeke, Steve; Muyembe-Tamfum, Jean-Jacques"
PP_004BFMJ,Ia,None,Democratic Republic of the Congo,Kinshasa,2025-05-16,187411,0.8973829794786242,2025-10-21,"Wawina-Bokalanga, Tony; Amuri-Aziza, Adrienne; Mbala-Kingebeni, Placide; Kinganda-Lusamaki, Eddy; Pukuta-Simbu, Elisabeth; Hasivirwe-Vakaniaki, Emmanuel; Ola-Mpumbe, Rilia; Kwete-Mbokama, Papy; Akil-Bandali, Prince; Kacita, Cris; Ponga-Museme, Ange; Mapenzi-Kashali, Nelson; Vakaniaki, Gloria; Kenye, Kelly-Michel; Muyamuna, Elisabeth; Kavira-Bapitani, Sifa; Mukadi, Patrick; OToole, Aine; Tshiani-Mbaya, Olivier; Paku-Tshambu, Princesse; Lokilo-Lofiko, Emmanuel; Muswamba-Kayembe, Chloe; Makangara-Cigolo, Jean-Claude; Cikaya-Kankolongo, Fiston; Luakanda-Ndelemo, Gradi; Lawanga, Leader; Mabika-Bope, Elzedek; Lumembe-Numbi, Raphael; Kabamba-Lungenyi, Gabriel; Citenga, Andre; Kelvin, D. J.; Pratt, Catherine; Ayouba, Ahidjo; Tessema, Sofonias; Mukadi-Bamuleka, Daniel; Jansen, Daan; Halbrook, Megan; Merrit, Sydney; Hensley, Lisa; Delaporte, Eric; Mwamba, Dieudonne; Liesenborghs, Laurens; Hoff, Nicole; Peeters, Martine; Low, Nicola; Rimoin, Anne; Kindrachuk, Jason; Vercauteren, Koen; Rambaut, Andrew; Ahuka-Mundeke, Steve; Muyembe-Tamfum, Jean-Jacques"
PP_004BFNG,Ia,None,Democratic Republic of the Congo,Kinshasa,2025-05-16,187418,0.8566546151544808,2025-10-21,"Wawina-Bokalanga, Tony; Amuri-Aziza, Adrienne; Mbala-Kingebeni, Placide; Kinganda-Lusamaki, Eddy; Pukuta-Simbu, Elisabeth; Hasivirwe-Vakaniaki, Emmanuel; Ola-Mpumbe, Rilia; Kwete-Mbokama, Papy; Akil-Bandali, Prince; Kacita, Cris; Ponga-Museme, Ange; Mapenzi-Kashali, Nelson; Vakaniaki, Gloria; Kenye, Kelly-Michel; Muyamuna, Elisabeth; Kavira-Bapitani, Sifa; Mukadi, Patrick; OToole, Aine; Tshiani-Mbaya, Olivier; Paku-Tshambu, Princesse; Lokilo-Lofiko, Emmanuel; Muswamba-Kayembe, Chloe; Makangara-Cigolo, Jean-Claude; Cikaya-Kankolongo, Fiston; Luakanda-Ndelemo, Gradi; Lawanga, Leader; Mabika-Bope, Elzedek; Lumembe-Numbi, Raphael; Kabamba-Lungenyi, Gabriel; Citenga, Andre; Kelvin, D. J.; Pratt, Catherine; Ayouba, Ahidjo; Tessema, Sofonias; Mukadi-Bamuleka, Daniel; Jansen, Daan; Halbrook, Megan; Merrit, Sydney; Hensley, Lisa; Delaporte, Eric; Mwamba, Dieudonne; Liesenborghs, Laurens; Hoff, Nicole; Peeters, Martine; Low, Nicola; Rimoin, Anne; Kindrachuk, Jason; Vercauteren, Koen; Rambaut, Andrew; Ahuka-Mundeke, Steve; Muyembe-Tamfum, Jean-Jacques"
PP_004BFPE,Ia,None,Democratic Republic of the Congo,Kinshasa,2025-05-16,187422,0.8946396969712336,2025-10-21,"Wawina-Bokalanga, Tony; Amuri-Aziza, Adrienne; Mbala-Kingebeni, Placide; Kinganda-Lusamaki, Eddy; Pukuta-Simbu, Elisabeth; Hasivirwe-Vakaniaki, Emmanuel; Ola-Mpumbe, Rilia; Kwete-Mbokama, Papy; Akil-Bandali, Prince; Kacita, Cris; Ponga-Museme, Ange; Mapenzi-Kashali, Nelson; Vakaniaki, Gloria; Kenye, Kelly-Michel; Muyamuna, Elisabeth; Kavira-Bapitani, Sifa; Mukadi, Patrick; OToole, Aine; Tshiani-Mbaya, Olivier; Paku-Tshambu, Princesse; Lokilo-Lofiko, Emmanuel; Muswamba-Kayembe, Chloe; Makangara-Cigolo, Jean-Claude; Cikaya-Kankolongo, Fiston; Luakanda-Ndelemo, Gradi; Lawanga, Leader; Mabika-Bope, Elzedek; Lumembe-Numbi, Raphael; Kabamba-Lungenyi, Gabriel; Citenga, Andre; Kelvin, D. J.; Pratt, Catherine; Ayouba, Ahidjo; Tessema, Sofonias; Mukadi-Bamuleka, Daniel; Jansen, Daan; Halbrook, Megan; Merrit, Sydney; Hensley, Lisa; Delaporte, Eric; Mwamba, Dieudonne; Liesenborghs, Laurens; Hoff, Nicole; Peeters, Martine; Low, Nicola; Rimoin, Anne; Kindrachuk, Jason; Vercauteren, Koen; Rambaut, Andrew; Ahuka-Mundeke, Steve; Muyembe-Tamfum, Jean-Jacques"
PP_004BFQC,Ia,None,Democratic Republic of the Congo,Kinshasa,2025-05-23,187408,0.923041037680836,2025-10-21,"Wawina-Bokalanga, Tony; Amuri-Aziza, Adrienne; Mbala-Kingebeni, Placide; Kinganda-Lusamaki, Eddy; Pukuta-Simbu, Elisabeth; Hasivirwe-Vakaniaki, Emmanuel; Ola-Mpumbe, Rilia; Kwete-Mbokama, Papy; Akil-Bandali, Prince; Kacita, Cris; Ponga-Museme, Ange; Mapenzi-Kashali, Nelson; Vakaniaki, Gloria; Kenye, Kelly-Michel; Muyamuna, Elisabeth; Kavira-Bapitani, Sifa; Mukadi, Patrick; OToole, Aine; Tshiani-Mbaya, Olivier; Paku-Tshambu, Princesse; Lokilo-Lofiko, Emmanuel; Muswamba-Kayembe, Chloe; Makangara-Cigolo, Jean-Claude; Cikaya-Kankolongo, Fiston; Luakanda-Ndelemo, Gradi; Lawanga, Leader; Mabika-Bope, Elzedek; Lumembe-Numbi, Raphael; Kabamba-Lungenyi, Gabriel; Citenga, Andre; Kelvin, D. J.; Pratt, Catherine; Ayouba, Ahidjo; Tessema, Sofonias; Mukadi-Bamuleka, Daniel; Jansen, Daan; Halbrook, Megan; Merrit, Sydney; Hensley, Lisa; Delaporte, Eric; Mwamba, Dieudonne; Liesenborghs, Laurens; Hoff, Nicole; Peeters, Martine; Low, Nicola; Rimoin, Anne; Kindrachuk, Jason; Vercauteren, Koen; Rambaut, Andrew; Ahuka-Mundeke, Steve; Muyembe-Tamfum, Jean-Jacques"
PP_004BFRA,Ia,None,Democratic Republic of the Congo,Kinshasa,2025-05-21,187410,0.9225238199067994,2025-10-21,"Wawina-Bokalanga, Tony; Amuri-Aziza, Adrienne; Mbala-Kingebeni, Placide; Kinganda-Lusamaki, Eddy; Pukuta-Simbu, Elisabeth; Hasivirwe-Vakaniaki, Emmanuel; Ola-Mpumbe, Rilia; Kwete-Mbokama, Papy; Akil-Bandali, Prince; Kacita, Cris; Ponga-Museme, Ange; Mapenzi-Kashali, Nelson; Vakaniaki, Gloria; Kenye, Kelly-Michel; Muyamuna, Elisabeth; Kavira-Bapitani, Sifa; Mukadi, Patrick; OToole, Aine; Tshiani-Mbaya, Olivier; Paku-Tshambu, Princesse; Lokilo-Lofiko, Emmanuel; Muswamba-Kayembe, Chloe; Makangara-Cigolo, Jean-Claude; Cikaya-Kankolongo, Fiston; Luakanda-Ndelemo, Gradi; Lawanga, Leader; Mabika-Bope, Elzedek; Lumembe-Numbi, Raphael; Kabamba-Lungenyi, Gabriel; Citenga, Andre; Kelvin, D. J.; Pratt, Catherine; Ayouba, Ahidjo; Tessema, Sofonias; Mukadi-Bamuleka, Daniel; Jansen, Daan; Halbrook, Megan; Merrit, Sydney; Hensley, Lisa; Delaporte, Eric; Mwamba, Dieudonne; Liesenborghs, Laurens; Hoff, Nicole; Peeters, Martine; Low, Nicola; Rimoin, Anne; Kindrachuk, Jason; Vercauteren, Koen; Rambaut, Andrew; Ahuka-Mundeke, Steve; Muyembe-Tamfum, Jean-Jacques"
PP_004BFS8,Ia,None,Democratic Republic of the Congo,Kinshasa,2025-05-23,187407,0.9227367919314028,2025-10-21,"Wawina-Bokalanga, Tony; Amuri-Aziza, Adrienne; Mbala-Kingebeni, Placide; Kinganda-Lusamaki, Eddy; Pukuta-Simbu, Elisabeth; Hasivirwe-Vakaniaki, Emmanuel; Ola-Mpumbe, Rilia; Kwete-Mbokama, Papy; Akil-Bandali, Prince; Kacita, Cris; Ponga-Museme, Ange; Mapenzi-Kashali, Nelson; Vakaniaki, Gloria; Kenye, Kelly-Michel; Muyamuna, Elisabeth; Kavira-Bapitani, Sifa; Mukadi, Patrick; OToole, Aine; Tshiani-Mbaya, Olivier; Paku-Tshambu, Princesse; Lokilo-Lofiko, Emmanuel; Muswamba-Kayembe, Chloe; Makangara-Cigolo, Jean-Claude; Cikaya-Kankolongo, Fiston; Luakanda-Ndelemo, Gradi; Lawanga, Leader; Mabika-Bope, Elzedek; Lumembe-Numbi, Raphael; Kabamba-Lungenyi, Gabriel; Citenga, Andre; Kelvin, D. J.; Pratt, Catherine; Ayouba, Ahidjo; Tessema, Sofonias; Mukadi-Bamuleka, Daniel; Jansen, Daan; Halbrook, Megan; Merrit, Sydney; Hensley, Lisa; Delaporte, Eric; Mwamba, Dieudonne; Liesenborghs, Laurens; Hoff, Nicole; Peeters, Martine; Low, Nicola; Rimoin, Anne; Kindrachuk, Jason; Vercauteren, Koen; Rambaut, Andrew; Ahuka-Mundeke, Steve; Muyembe-Tamfum, Jean-Jacques"
PP_004BFT6,Ia,None,Democratic Republic of the Congo,Kinshasa,2025-05-23,187408,0.9213017661465754,2025-10-21,"Wawina-Bokalanga, Tony; Amuri-Aziza, Adrienne; Mbala-Kingebeni, Placide; Kinganda-Lusamaki, Eddy; Pukuta-Simbu, Elisabeth; Hasivirwe-Vakaniaki, Emmanuel; Ola-Mpumbe, Rilia; Kwete-Mbokama, Papy; Akil-Bandali, Prince; Kacita, Cris; Ponga-Museme, Ange; Mapenzi-Kashali, Nelson; Vakaniaki, Gloria; Kenye, Kelly-Michel; Muyamuna, Elisabeth; Kavira-Bapitani, Sifa; Mukadi, Patrick; OToole, Aine; Tshiani-Mbaya, Olivier; Paku-Tshambu, Princesse; Lokilo-Lofiko, Emmanuel; Muswamba-Kayembe, Chloe; Makangara-Cigolo, Jean-Claude; Cikaya-Kankolongo, Fiston; Luakanda-Ndelemo, Gradi; Lawanga, Leader; Mabika-Bope, Elzedek; Lumembe-Numbi, Raphael; Kabamba-Lungenyi, Gabriel; Citenga, Andre; Kelvin, D. J.; Pratt, Catherine; Ayouba, Ahidjo; Tessema, Sofonias; Mukadi-Bamuleka, Daniel; Jansen, Daan; Halbrook, Megan; Merrit, Sydney; Hensley, Lisa; Delaporte, Eric; Mwamba, Dieudonne; Liesenborghs, Laurens; Hoff, Nicole; Peeters, Martine; Low, Nicola; Rimoin, Anne; Kindrachuk, Jason; Vercauteren, Koen; Rambaut, Andrew; Ahuka-Mundeke, Steve; Muyembe-Tamfum, Jean-Jacques"
PP_004BFU4,Ia,None,Democratic Republic of the Congo,Kinshasa,2025-05-23,187406,0.9195523530873336,2025-10-21,"Wawina-Bokalanga, Tony; Amuri-Aziza, Adrienne; Mbala-Kingebeni, Placide; Kinganda-Lusamaki, Eddy; Pukuta-Simbu, Elisabeth; Hasivirwe-Vakaniaki, Emmanuel; Ola-Mpumbe, Rilia; Kwete-Mbokama, Papy; Akil-Bandali, Prince; Kacita, Cris; Ponga-Museme, Ange; Mapenzi-Kashali, Nelson; Vakaniaki, Gloria; Kenye, Kelly-Michel; Muyamuna, Elisabeth; Kavira-Bapitani, Sifa; Mukadi, Patrick; OToole, Aine; Tshiani-Mbaya, Olivier; Paku-Tshambu, Princesse; Lokilo-Lofiko, Emmanuel; Muswamba-Kayembe, Chloe; Makangara-Cigolo, Jean-Claude; Cikaya-Kankolongo, Fiston; Luakanda-Ndelemo, Gradi; Lawanga, Leader; Mabika-Bope, Elzedek; Lumembe-Numbi, Raphael; Kabamba-Lungenyi, Gabriel; Citenga, Andre; Kelvin, D. J.; Pratt, Catherine; Ayouba, Ahidjo; Tessema, Sofonias; Mukadi-Bamuleka, Daniel; Jansen, Daan; Halbrook, Megan; Merrit, Sydney; Hensley, Lisa; Delaporte, Eric; Mwamba, Dieudonne; Liesenborghs, Laurens; Hoff, Nicole; Peeters, Martine; Low, Nicola; Rimoin, Anne; Kindrachuk, Jason; Vercauteren, Koen; Rambaut, Andrew; Ahuka-Mundeke, Steve; Muyembe-Tamfum, Jean-Jacques"
PP_004BFV2,Ia,None,Democratic Republic of the Congo,Kinshasa,2025-05-24,187403,0.918568625164166,2025-10-21,"Wawina-Bokalanga, Tony; Amuri-Aziza, Adrienne; Mbala-Kingebeni, Placide; Kinganda-Lusamaki, Eddy; Pukuta-Simbu, Elisabeth; Hasivirwe-Vakaniaki, Emmanuel; Ola-Mpumbe, Rilia; Kwete-Mbokama, Papy; Akil-Bandali, Prince; Kacita, Cris; Ponga-Museme, Ange; Mapenzi-Kashali, Nelson; Vakaniaki, Gloria; Kenye, Kelly-Michel; Muyamuna, Elisabeth; Kavira-Bapitani, Sifa; Mukadi, Patrick; OToole, Aine; Tshiani-Mbaya, Olivier; Paku-Tshambu, Princesse; Lokilo-Lofiko, Emmanuel; Muswamba-Kayembe, Chloe; Makangara-Cigolo, Jean-Claude; Cikaya-Kankolongo, Fiston; Luakanda-Ndelemo, Gradi; Lawanga, Leader; Mabika-Bope, Elzedek; Lumembe-Numbi, Raphael; Kabamba-Lungenyi, Gabriel; Citenga, Andre; Kelvin, D. J.; Pratt, Catherine; Ayouba, Ahidjo; Tessema, Sofonias; Mukadi-Bamuleka, Daniel; Jansen, Daan; Halbrook, Megan; Merrit, Sydney; Hensley, Lisa; Delaporte, Eric; Mwamba, Dieudonne; Liesenborghs, Laurens; Hoff, Nicole; Peeters, Martine; Low, Nicola; Rimoin, Anne; Kindrachuk, Jason; Vercauteren, Koen; Rambaut, Andrew; Ahuka-Mundeke, Steve; Muyembe-Tamfum, Jean-Jacques"
PP_004BFW0,Ib,A.1,Democratic Republic of the Congo,Kinshasa,2025-05-27,187411,0.9184469268643926,2025-10-21,"Wawina-Bokalanga, Tony; Amuri-Aziza, Adrienne; Mbala-Kingebeni, Placide; Kinganda-Lusamaki, Eddy; Pukuta-Simbu, Elisabeth; Hasivirwe-Vakaniaki, Emmanuel; Ola-Mpumbe, Rilia; Kwete-Mbokama, Papy; Akil-Bandali, Prince; Kacita, Cris; Ponga-Museme, Ange; Mapenzi-Kashali, Nelson; Vakaniaki, Gloria; Kenye, Kelly-Michel; Muyamuna, Elisabeth; Kavira-Bapitani, Sifa; Mukadi, Patrick; OToole, Aine; Tshiani-Mbaya, Olivier; Paku-Tshambu, Princesse; Lokilo-Lofiko, Emmanuel; Muswamba-Kayembe, Chloe; Makangara-Cigolo, Jean-Claude; Cikaya-Kankolongo, Fiston; Luakanda-Ndelemo, Gradi; Lawanga, Leader; Mabika-Bope, Elzedek; Lumembe-Numbi, Raphael; Kabamba-Lungenyi, Gabriel; Citenga, Andre; Kelvin, D. J.; Pratt, Catherine; Ayouba, Ahidjo; Tessema, Sofonias; Mukadi-Bamuleka, Daniel; Jansen, Daan; Halbrook, Megan; Merrit, Sydney; Hensley, Lisa; Delaporte, Eric; Mwamba, Dieudonne; Liesenborghs, Laurens; Hoff, Nicole; Peeters, Martine; Low, Nicola; Rimoin, Anne; Kindrachuk, Jason; Vercauteren, Koen; Rambaut, Andrew; Ahuka-Mundeke, Steve; Muyembe-Tamfum, Jean-Jacques"
PP_004BFXY,Ia,None,Democratic Republic of the Congo,Kinshasa,2025-05-26,187414,0.932822538525118,2025-10-21,"Wawina-Bokalanga, Tony; Amuri-Aziza, Adrienne; Mbala-Kingebeni, Placide; Kinganda-Lusamaki, Eddy; Pukuta-Simbu, Elisabeth; Hasivirwe-Vakaniaki, Emmanuel; Ola-Mpumbe, Rilia; Kwete-Mbokama, Papy; Akil-Bandali, Prince; Kacita, Cris; Ponga-Museme, Ange; Mapenzi-Kashali, Nelson; Vakaniaki, Gloria; Kenye, Kelly-Michel; Muyamuna, Elisabeth; Kavira-Bapitani, Sifa; Mukadi, Patrick; OToole, Aine; Tshiani-Mbaya, Olivier; Paku-Tshambu, Princesse; Lokilo-Lofiko, Emmanuel; Muswamba-Kayembe, Chloe; Makangara-Cigolo, Jean-Claude; Cikaya-Kankolongo, Fiston; Luakanda-Ndelemo, Gradi; Lawanga, Leader; Mabika-Bope, Elzedek; Lumembe-Numbi, Raphael; Kabamba-Lungenyi, Gabriel; Citenga, Andre; Kelvin, D. J.; Pratt, Catherine; Ayouba, Ahidjo; Tessema, Sofonias; Mukadi-Bamuleka, Daniel; Jansen, Daan; Halbrook, Megan; Merrit, Sydney; Hensley, Lisa; Delaporte, Eric; Mwamba, Dieudonne; Liesenborghs, Laurens; Hoff, Nicole; Peeters, Martine; Low, Nicola; Rimoin, Anne; Kindrachuk, Jason; Vercauteren, Koen; Rambaut, Andrew; Ahuka-Mundeke, Steve; Muyembe-Tamfum, Jean-Jacques"
PP_004BFYW,Ia,None,Democratic Republic of the Congo,Lomami,2025-05-26,187388,0.909106582356789,2025-10-21,"Lumembe-Numbi, Raphael; Ahuka-Mundeke, Steve; Mbala-Kingebeni, Placide; Wawina-Bokalanga, Tony; Kinganda-Lusamaki, Eddy; Pukuta-Simbu, Elisabeth; Hasivirwe-Vakaniaki, Emmanuel; Ola-Mpumbe, Rilia; Kwete-Mbokama, Papy; Akil-Bandali, Prince; Kacita, Cris; Ponga-Museme, Ange; Mapenzi-Kashali, Nelson; Vakaniaki, Gloria; Amuri-Aziza, Adrienne; Kenye, Kelly-Michel; Muyamuna, Elisabeth; Kavira-Bapitani, Sifa; Mukadi, Patrick; OToole, Aine; Tshiani-Mbaya, Olivier; Paku-Tshambu, Princesse; Lokilo-Lofiko, Emmanuel; Muswamba-Kayembe, Chloe; Makangara-Cigolo, Jean-Claude; Cikaya-Kankolongo, Fiston; Luakanda-Ndelemo, Gradi; Lawanga, Leader; Mabika-Bope, Elzedek; Kabamba-Lungenyi, Gabriel; Citenga, Andre; Kelvin, D. J.; Pratt, Catherine; Ayouba, Ahidjo; Tessema, Sofonias; Mukadi-Bamuleka, Daniel; Jansen, Daan; Halbrook, Megan; Merrit, Sydney; Hensley, Lisa; Delaporte, Eric; Mwamba, Dieudonne; Liesenborghs, Laurens; Hoff, Nicole; Peeters, Martine; Low, Nicola; Rimoin, Anne; Kindrachuk, Jason; Vercauteren, Koen; Rambaut, Andrew; Muyembe-Tamfum, Jean-Jacques"
PP_004BFZU,Ia,None,Democratic Republic of the Congo,Mongala,2025-05-26,187394,0.9174429158912626,2025-10-21,"Mapenzi-Kashali, Nelson; Citenga, Andre; Mbala-Kingebeni, Placide; Wawina-Bokalanga, Tony; Kinganda-Lusamaki, Eddy; Pukuta-Simbu, Elisabeth; Hasivirwe-Vakaniaki, Emmanuel; Ola-Mpumbe, Rilia; Kwete-Mbokama, Papy; Akil-Bandali, Prince; Kacita, Cris; Ponga-Museme, Ange; Vakaniaki, Gloria; Amuri-Aziza, Adrienne; Kenye, Kelly-Michel; Muyamuna, Elisabeth; Kavira-Bapitani, Sifa; Mukadi, Patrick; OToole, Aine; Tshiani-Mbaya, Olivier; Paku-Tshambu, Princesse; Lokilo-Lofiko, Emmanuel; Muswamba-Kayembe, Chloe; Makangara-Cigolo, Jean-Claude; Cikaya-Kankolongo, Fiston; Luakanda-Ndelemo, Gradi; Lawanga, Leader; Mabika-Bope, Elzedek; Lumembe-Numbi, Raphael; Kabamba-Lungenyi, Gabriel; Kelvin, D. J.; Pratt, Catherine; Ayouba, Ahidjo; Tessema, Sofonias; Mukadi-Bamuleka, Daniel; Jansen, Daan; Halbrook, Megan; Merrit, Sydney; Hensley, Lisa; Delaporte, Eric; Mwamba, Dieudonne; Liesenborghs, Laurens; Hoff, Nicole; Peeters, Martine; Low, Nicola; Rimoin, Anne; Kindrachuk, Jason; Vercauteren, Koen; Rambaut, Andrew; Ahuka-Mundeke, Steve; Muyembe-Tamfum, Jean-Jacques"
PP_004BG0S,Ia,None,Democratic Republic of the Congo,Mongala,2025-05-26,187425,0.9130820601493846,2025-10-21,"Mapenzi-Kashali, Nelson; Citenga, Andre; Mbala-Kingebeni, Placide; Wawina-Bokalanga, Tony; Kinganda-Lusamaki, Eddy; Pukuta-Simbu, Elisabeth; Hasivirwe-Vakaniaki, Emmanuel; Ola-Mpumbe, Rilia; Kwete-Mbokama, Papy; Akil-Bandali, Prince; Kacita, Cris; Ponga-Museme, Ange; Vakaniaki, Gloria; Amuri-Aziza, Adrienne; Kenye, Kelly-Michel; Muyamuna, Elisabeth; Kavira-Bapitani, Sifa; Mukadi, Patrick; OToole, Aine; Tshiani-Mbaya, Olivier; Paku-Tshambu, Princesse; Lokilo-Lofiko, Emmanuel; Muswamba-Kayembe, Chloe; Makangara-Cigolo, Jean-Claude; Cikaya-Kankolongo, Fiston; Luakanda-Ndelemo, Gradi; Lawanga, Leader; Mabika-Bope, Elzedek; Lumembe-Numbi, Raphael; Kabamba-Lungenyi, Gabriel; Kelvin, D. J.; Pratt, Catherine; Ayouba, Ahidjo; Tessema, Sofonias; Mukadi-Bamuleka, Daniel; Jansen, Daan; Halbrook, Megan; Merrit, Sydney; Hensley, Lisa; Delaporte, Eric; Mwamba, Dieudonne; Liesenborghs, Laurens; Hoff, Nicole; Peeters, Martine; Low, Nicola; Rimoin, Anne; Kindrachuk, Jason; Vercauteren, Koen; Rambaut, Andrew; Ahuka-Mundeke, Steve; Muyembe-Tamfum, Jean-Jacques"
PP_004BG1Q,Ia,None,Democratic Republic of the Congo,Mongala,2025-05-26,187432,0.9213828983464244,2025-10-21,"Mapenzi-Kashali, Nelson; Citenga, Andre; Mbala-Kingebeni, Placide; Wawina-Bokalanga, Tony; Kinganda-Lusamaki, Eddy; Pukuta-Simbu, Elisabeth; Hasivirwe-Vakaniaki, Emmanuel; Ola-Mpumbe, Rilia; Kwete-Mbokama, Papy; Akil-Bandali, Prince; Kacita, Cris; Ponga-Museme, Ange; Vakaniaki, Gloria; Amuri-Aziza, Adrienne; Kenye, Kelly-Michel; Muyamuna, Elisabeth; Kavira-Bapitani, Sifa; Mukadi, Patrick; OToole, Aine; Tshiani-Mbaya, Olivier; Paku-Tshambu, Princesse; Lokilo-Lofiko, Emmanuel; Muswamba-Kayembe, Chloe; Makangara-Cigolo, Jean-Claude; Cikaya-Kankolongo, Fiston; Luakanda-Ndelemo, Gradi; Lawanga, Leader; Mabika-Bope, Elzedek; Lumembe-Numbi, Raphael; Kabamba-Lungenyi, Gabriel; Kelvin, D. J.; Pratt, Catherine; Ayouba, Ahidjo; Tessema, Sofonias; Mukadi-Bamuleka, Daniel; Jansen, Daan; Halbrook, Megan; Merrit, Sydney; Hensley, Lisa; Delaporte, Eric; Mwamba, Dieudonne; Liesenborghs, Laurens; Hoff, Nicole; Peeters, Martine; Low, Nicola; Rimoin, Anne; Kindrachuk, Jason; Vercauteren, Koen; Rambaut, Andrew; Ahuka-Mundeke, Steve; Muyembe-Tamfum, Jean-Jacques"
PP_004BG2N,Ia,None,Democratic Republic of the Congo,Mongala,2025-05-26,187425,0.9115861852146708,2025-10-21,"Mapenzi-Kashali, Nelson; Citenga, Andre; Mbala-Kingebeni, Placide; Wawina-Bokalanga, Tony; Kinganda-Lusamaki, Eddy; Pukuta-Simbu, Elisabeth; Hasivirwe-Vakaniaki, Emmanuel; Ola-Mpumbe, Rilia; Kwete-Mbokama, Papy; Akil-Bandali, Prince; Kacita, Cris; Ponga-Museme, Ange; Vakaniaki, Gloria; Amuri-Aziza, Adrienne; Kenye, Kelly-Michel; Muyamuna, Elisabeth; Kavira-Bapitani, Sifa; Mukadi, Patrick; OToole, Aine; Tshiani-Mbaya, Olivier; Paku-Tshambu, Princesse; Lokilo-Lofiko, Emmanuel; Muswamba-Kayembe, Chloe; Makangara-Cigolo, Jean-Claude; Cikaya-Kankolongo, Fiston; Luakanda-Ndelemo, Gradi; Lawanga, Leader; Mabika-Bope, Elzedek; Lumembe-Numbi, Raphael; Kabamba-Lungenyi, Gabriel; Kelvin, D. J.; Pratt, Catherine; Ayouba, Ahidjo; Tessema, Sofonias; Mukadi-Bamuleka, Daniel; Jansen, Daan; Halbrook, Megan; Merrit, Sydney; Hensley, Lisa; Delaporte, Eric; Mwamba, Dieudonne; Liesenborghs, Laurens; Hoff, Nicole; Peeters, Martine; Low, Nicola; Rimoin, Anne; Kindrachuk, Jason; Vercauteren, Koen; Rambaut, Andrew; Ahuka-Mundeke, Steve; Muyembe-Tamfum, Jean-Jacques"
PP_004BG3L,Ia,None,Democratic Republic of the Congo,Mongala,2025-05-26,187437,0.9120679076512735,2025-10-21,"Mapenzi-Kashali, Nelson; Citenga, Andre; Mbala-Kingebeni, Placide; Wawina-Bokalanga, Tony; Kinganda-Lusamaki, Eddy; Pukuta-Simbu, Elisabeth; Hasivirwe-Vakaniaki, Emmanuel; Ola-Mpumbe, Rilia; Kwete-Mbokama, Papy; Akil-Bandali, Prince; Kacita, Cris; Ponga-Museme, Ange; Vakaniaki, Gloria; Amuri-Aziza, Adrienne; Kenye, Kelly-Michel; Muyamuna, Elisabeth; Kavira-Bapitani, Sifa; Mukadi, Patrick; OToole, Aine; Tshiani-Mbaya, Olivier; Paku-Tshambu, Princesse; Lokilo-Lofiko, Emmanuel; Muswamba-Kayembe, Chloe; Makangara-Cigolo, Jean-Claude; Cikaya-Kankolongo, Fiston; Luakanda-Ndelemo, Gradi; Lawanga, Leader; Mabika-Bope, Elzedek; Lumembe-Numbi, Raphael; Kabamba-Lungenyi, Gabriel; Kelvin, D. J.; Pratt, Catherine; Ayouba, Ahidjo; Tessema, Sofonias; Mukadi-Bamuleka, Daniel; Jansen, Daan; Halbrook, Megan; Merrit, Sydney; Hensley, Lisa; Delaporte, Eric; Mwamba, Dieudonne; Liesenborghs, Laurens; Hoff, Nicole; Peeters, Martine; Low, Nicola; Rimoin, Anne; Kindrachuk, Jason; Vercauteren, Koen; Rambaut, Andrew; Ahuka-Mundeke, Steve; Muyembe-Tamfum, Jean-Jacques"
PP_004BG4J,Ia,None,Democratic Republic of the Congo,Mongala,2025-05-26,187370,0.9157239274069642,2025-10-21,"Mapenzi-Kashali, Nelson; Citenga, Andre; Mbala-Kingebeni, Placide; Wawina-Bokalanga, Tony; Kinganda-Lusamaki, Eddy; Pukuta-Simbu, Elisabeth; Hasivirwe-Vakaniaki, Emmanuel; Ola-Mpumbe, Rilia; Kwete-Mbokama, Papy; Akil-Bandali, Prince; Kacita, Cris; Ponga-Museme, Ange; Vakaniaki, Gloria; Amuri-Aziza, Adrienne; Kenye, Kelly-Michel; Muyamuna, Elisabeth; Kavira-Bapitani, Sifa; Mukadi, Patrick; OToole, Aine; Tshiani-Mbaya, Olivier; Paku-Tshambu, Princesse; Lokilo-Lofiko, Emmanuel; Muswamba-Kayembe, Chloe; Makangara-Cigolo, Jean-Claude; Cikaya-Kankolongo, Fiston; Luakanda-Ndelemo, Gradi; Lawanga, Leader; Mabika-Bope, Elzedek; Lumembe-Numbi, Raphael; Kabamba-Lungenyi, Gabriel; Kelvin, D. J.; Pratt, Catherine; Ayouba, Ahidjo; Tessema, Sofonias; Mukadi-Bamuleka, Daniel; Jansen, Daan; Halbrook, Megan; Merrit, Sydney; Hensley, Lisa; Delaporte, Eric; Mwamba, Dieudonne; Liesenborghs, Laurens; Hoff, Nicole; Peeters, Martine; Low, Nicola; Rimoin, Anne; Kindrachuk, Jason; Vercauteren, Koen; Rambaut, Andrew; Ahuka-Mundeke, Steve; Muyembe-Tamfum, Jean-Jacques"
PP_004BG5G,Ia,None,Democratic Republic of the Congo,Mongala,2025-05-26,187437,0.9010592822842772,2025-10-21,"Mapenzi-Kashali, Nelson; Citenga, Andre; Mbala-Kingebeni, Placide; Wawina-Bokalanga, Tony; Kinganda-Lusamaki, Eddy; Pukuta-Simbu, Elisabeth; Hasivirwe-Vakaniaki, Emmanuel; Ola-Mpumbe, Rilia; Kwete-Mbokama, Papy; Akil-Bandali, Prince; Kacita, Cris; Ponga-Museme, Ange; Vakaniaki, Gloria; Amuri-Aziza, Adrienne; Kenye, Kelly-Michel; Muyamuna, Elisabeth; Kavira-Bapitani, Sifa; Mukadi, Patrick; OToole, Aine; Tshiani-Mbaya, Olivier; Paku-Tshambu, Princesse; Lokilo-Lofiko, Emmanuel; Muswamba-Kayembe, Chloe; Makangara-Cigolo, Jean-Claude; Cikaya-Kankolongo, Fiston; Luakanda-Ndelemo, Gradi; Lawanga, Leader; Mabika-Bope, Elzedek; Lumembe-Numbi, Raphael; Kabamba-Lungenyi, Gabriel; Kelvin, D. J.; Pratt, Catherine; Ayouba, Ahidjo; Tessema, Sofonias; Mukadi-Bamuleka, Daniel; Jansen, Daan; Halbrook, Megan; Merrit, Sydney; Hensley, Lisa; Delaporte, Eric; Mwamba, Dieudonne; Liesenborghs, Laurens; Hoff, Nicole; Peeters, Martine; Low, Nicola; Rimoin, Anne; Kindrachuk, Jason; Vercauteren, Koen; Rambaut, Andrew; Ahuka-Mundeke, Steve; Muyembe-Tamfum, Jean-Jacques"
PP_004BG6E,Ia,None,Democratic Republic of the Congo,Mongala,2025-05-26,187445,0.9175392603785832,2025-10-21,"Mapenzi-Kashali, Nelson; Citenga, Andre; Mbala-Kingebeni, Placide; Wawina-Bokalanga, Tony; Kinganda-Lusamaki, Eddy; Pukuta-Simbu, Elisabeth; Hasivirwe-Vakaniaki, Emmanuel; Ola-Mpumbe, Rilia; Kwete-Mbokama, Papy; Akil-Bandali, Prince; Kacita, Cris; Ponga-Museme, Ange; Vakaniaki, Gloria; Amuri-Aziza, Adrienne; Kenye, Kelly-Michel; Muyamuna, Elisabeth; Kavira-Bapitani, Sifa; Mukadi, Patrick; OToole, Aine; Tshiani-Mbaya, Olivier; Paku-Tshambu, Princesse; Lokilo-Lofiko, Emmanuel; Muswamba-Kayembe, Chloe; Makangara-Cigolo, Jean-Claude; Cikaya-Kankolongo, Fiston; Luakanda-Ndelemo, Gradi; Lawanga, Leader; Mabika-Bope, Elzedek; Lumembe-Numbi, Raphael; Kabamba-Lungenyi, Gabriel; Kelvin, D. J.; Pratt, Catherine; Ayouba, Ahidjo; Tessema, Sofonias; Mukadi-Bamuleka, Daniel; Jansen, Daan; Halbrook, Megan; Merrit, Sydney; Hensley, Lisa; Delaporte, Eric; Mwamba, Dieudonne; Liesenborghs, Laurens; Hoff, Nicole; Peeters, Martine; Low, Nicola; Rimoin, Anne; Kindrachuk, Jason; Vercauteren, Koen; Rambaut, Andrew; Ahuka-Mundeke, Steve; Muyembe-Tamfum, Jean-Jacques"
PP_004BG7C,Ia,None,Democratic Republic of the Congo,Mongala,2025-05-26,187435,0.9325588588756092,2025-10-21,"Mapenzi-Kashali, Nelson; Citenga, Andre; Mbala-Kingebeni, Placide; Wawina-Bokalanga, Tony; Kinganda-Lusamaki, Eddy; Pukuta-Simbu, Elisabeth; Hasivirwe-Vakaniaki, Emmanuel; Ola-Mpumbe, Rilia; Kwete-Mbokama, Papy; Akil-Bandali, Prince; Kacita, Cris; Ponga-Museme, Ange; Vakaniaki, Gloria; Amuri-Aziza, Adrienne; Kenye, Kelly-Michel; Muyamuna, Elisabeth; Kavira-Bapitani, Sifa; Mukadi, Patrick; OToole, Aine; Tshiani-Mbaya, Olivier; Paku-Tshambu, Princesse; Lokilo-Lofiko, Emmanuel; Muswamba-Kayembe, Chloe; Makangara-Cigolo, Jean-Claude; Cikaya-Kankolongo, Fiston; Luakanda-Ndelemo, Gradi; Lawanga, Leader; Mabika-Bope, Elzedek; Lumembe-Numbi, Raphael; Kabamba-Lungenyi, Gabriel; Kelvin, D. J.; Pratt, Catherine; Ayouba, Ahidjo; Tessema, Sofonias; Mukadi-Bamuleka, Daniel; Jansen, Daan; Halbrook, Megan; Merrit, Sydney; Hensley, Lisa; Delaporte, Eric; Mwamba, Dieudonne; Liesenborghs, Laurens; Hoff, Nicole; Peeters, Martine; Low, Nicola; Rimoin, Anne; Kindrachuk, Jason; Vercauteren, Koen; Rambaut, Andrew; Ahuka-Mundeke, Steve; Muyembe-Tamfum, Jean-Jacques"
PP_004BG8A,Ia,None,Democratic Republic of the Congo,Kinshasa,2025-05-16,187422,0.9122403135759524,2025-10-21,"Wawina-Bokalanga, Tony; Amuri-Aziza, Adrienne; Mbala-Kingebeni, Placide; Kinganda-Lusamaki, Eddy; Pukuta-Simbu, Elisabeth; Hasivirwe-Vakaniaki, Emmanuel; Ola-Mpumbe, Rilia; Kwete-Mbokama, Papy; Akil-Bandali, Prince; Kacita, Cris; Ponga-Museme, Ange; Mapenzi-Kashali, Nelson; Vakaniaki, Gloria; Kenye, Kelly-Michel; Muyamuna, Elisabeth; Kavira-Bapitani, Sifa; Mukadi, Patrick; OToole, Aine; Tshiani-Mbaya, Olivier; Paku-Tshambu, Princesse; Lokilo-Lofiko, Emmanuel; Muswamba-Kayembe, Chloe; Makangara-Cigolo, Jean-Claude; Cikaya-Kankolongo, Fiston; Luakanda-Ndelemo, Gradi; Lawanga, Leader; Mabika-Bope, Elzedek; Lumembe-Numbi, Raphael; Kabamba-Lungenyi, Gabriel; Citenga, Andre; Kelvin, D. J.; Pratt, Catherine; Ayouba, Ahidjo; Tessema, Sofonias; Mukadi-Bamuleka, Daniel; Jansen, Daan; Halbrook, Megan; Merrit, Sydney; Hensley, Lisa; Delaporte, Eric; Mwamba, Dieudonne; Liesenborghs, Laurens; Hoff, Nicole; Peeters, Martine; Low, Nicola; Rimoin, Anne; Kindrachuk, Jason; Vercauteren, Koen; Rambaut, Andrew; Ahuka-Mundeke, Steve; Muyembe-Tamfum, Jean-Jacques"
PP_004BG98,Ia,None,Democratic Republic of the Congo,Kinshasa,2025-05-19,187419,0.897955975640057,2025-10-21,"Wawina-Bokalanga, Tony; Amuri-Aziza, Adrienne; Mbala-Kingebeni, Placide; Kinganda-Lusamaki, Eddy; Pukuta-Simbu, Elisabeth; Hasivirwe-Vakaniaki, Emmanuel; Ola-Mpumbe, Rilia; Kwete-Mbokama, Papy; Akil-Bandali, Prince; Kacita, Cris; Ponga-Museme, Ange; Mapenzi-Kashali, Nelson; Vakaniaki, Gloria; Kenye, Kelly-Michel; Muyamuna, Elisabeth; Kavira-Bapitani, Sifa; Mukadi, Patrick; OToole, Aine; Tshiani-Mbaya, Olivier; Paku-Tshambu, Princesse; Lokilo-Lofiko, Emmanuel; Muswamba-Kayembe, Chloe; Makangara-Cigolo, Jean-Claude; Cikaya-Kankolongo, Fiston; Luakanda-Ndelemo, Gradi; Lawanga, Leader; Mabika-Bope, Elzedek; Lumembe-Numbi, Raphael; Kabamba-Lungenyi, Gabriel; Citenga, Andre; Kelvin, D. J.; Pratt, Catherine; Ayouba, Ahidjo; Tessema, Sofonias; Mukadi-Bamuleka, Daniel; Jansen, Daan; Halbrook, Megan; Merrit, Sydney; Hensley, Lisa; Delaporte, Eric; Mwamba, Dieudonne; Liesenborghs, Laurens; Hoff, Nicole; Peeters, Martine; Low, Nicola; Rimoin, Anne; Kindrachuk, Jason; Vercauteren, Koen; Rambaut, Andrew; Ahuka-Mundeke, Steve; Muyembe-Tamfum, Jean-Jacques"
PP_004BGA6,Ia,None,Democratic Republic of the Congo,Kinshasa,2025-05-19,187423,0.9097860645305236,2025-10-21,"Wawina-Bokalanga, Tony; Amuri-Aziza, Adrienne; Mbala-Kingebeni, Placide; Kinganda-Lusamaki, Eddy; Pukuta-Simbu, Elisabeth; Hasivirwe-Vakaniaki, Emmanuel; Ola-Mpumbe, Rilia; Kwete-Mbokama, Papy; Akil-Bandali, Prince; Kacita, Cris; Ponga-Museme, Ange; Mapenzi-Kashali, Nelson; Vakaniaki, Gloria; Kenye, Kelly-Michel; Muyamuna, Elisabeth; Kavira-Bapitani, Sifa; Mukadi, Patrick; OToole, Aine; Tshiani-Mbaya, Olivier; Paku-Tshambu, Princesse; Lokilo-Lofiko, Emmanuel; Muswamba-Kayembe, Chloe; Makangara-Cigolo, Jean-Claude; Cikaya-Kankolongo, Fiston; Luakanda-Ndelemo, Gradi; Lawanga, Leader; Mabika-Bope, Elzedek; Lumembe-Numbi, Raphael; Kabamba-Lungenyi, Gabriel; Citenga, Andre; Kelvin, D. J.; Pratt, Catherine; Ayouba, Ahidjo; Tessema, Sofonias; Mukadi-Bamuleka, Daniel; Jansen, Daan; Halbrook, Megan; Merrit, Sydney; Hensley, Lisa; Delaporte, Eric; Mwamba, Dieudonne; Liesenborghs, Laurens; Hoff, Nicole; Peeters, Martine; Low, Nicola; Rimoin, Anne; Kindrachuk, Jason; Vercauteren, Koen; Rambaut, Andrew; Ahuka-Mundeke, Steve; Muyembe-Tamfum, Jean-Jacques"
PP_004BGB4,Ia,None,Democratic Republic of the Congo,Kinshasa,2025-05-19,187418,0.9110486843906718,2025-10-21,"Wawina-Bokalanga, Tony; Amuri-Aziza, Adrienne; Mbala-Kingebeni, Placide; Kinganda-Lusamaki, Eddy; Pukuta-Simbu, Elisabeth; Hasivirwe-Vakaniaki, Emmanuel; Ola-Mpumbe, Rilia; Kwete-Mbokama, Papy; Akil-Bandali, Prince; Kacita, Cris; Ponga-Museme, Ange; Mapenzi-Kashali, Nelson; Vakaniaki, Gloria; Kenye, Kelly-Michel; Muyamuna, Elisabeth; Kavira-Bapitani, Sifa; Mukadi, Patrick; OToole, Aine; Tshiani-Mbaya, Olivier; Paku-Tshambu, Princesse; Lokilo-Lofiko, Emmanuel; Muswamba-Kayembe, Chloe; Makangara-Cigolo, Jean-Claude; Cikaya-Kankolongo, Fiston; Luakanda-Ndelemo, Gradi; Lawanga, Leader; Mabika-Bope, Elzedek; Lumembe-Numbi, Raphael; Kabamba-Lungenyi, Gabriel; Citenga, Andre; Kelvin, D. J.; Pratt, Catherine; Ayouba, Ahidjo; Tessema, Sofonias; Mukadi-Bamuleka, Daniel; Jansen, Daan; Halbrook, Megan; Merrit, Sydney; Hensley, Lisa; Delaporte, Eric; Mwamba, Dieudonne; Liesenborghs, Laurens; Hoff, Nicole; Peeters, Martine; Low, Nicola; Rimoin, Anne; Kindrachuk, Jason; Vercauteren, Koen; Rambaut, Andrew; Ahuka-Mundeke, Steve; Muyembe-Tamfum, Jean-Jacques"
PP_004BGC2,Ia,None,Democratic Republic of the Congo,Kinshasa,2025-05-19,187406,0.8771455663788164,2025-10-21,"Wawina-Bokalanga, Tony; Amuri-Aziza, Adrienne; Mbala-Kingebeni, Placide; Kinganda-Lusamaki, Eddy; Pukuta-Simbu, Elisabeth; Hasivirwe-Vakaniaki, Emmanuel; Ola-Mpumbe, Rilia; Kwete-Mbokama, Papy; Akil-Bandali, Prince; Kacita, Cris; Ponga-Museme, Ange; Mapenzi-Kashali, Nelson; Vakaniaki, Gloria; Kenye, Kelly-Michel; Muyamuna, Elisabeth; Kavira-Bapitani, Sifa; Mukadi, Patrick; OToole, Aine; Tshiani-Mbaya, Olivier; Paku-Tshambu, Princesse; Lokilo-Lofiko, Emmanuel; Muswamba-Kayembe, Chloe; Makangara-Cigolo, Jean-Claude; Cikaya-Kankolongo, Fiston; Luakanda-Ndelemo, Gradi; Lawanga, Leader; Mabika-Bope, Elzedek; Lumembe-Numbi, Raphael; Kabamba-Lungenyi, Gabriel; Citenga, Andre; Kelvin, D. J.; Pratt, Catherine; Ayouba, Ahidjo; Tessema, Sofonias; Mukadi-Bamuleka, Daniel; Jansen, Daan; Halbrook, Megan; Merrit, Sydney; Hensley, Lisa; Delaporte, Eric; Mwamba, Dieudonne; Liesenborghs, Laurens; Hoff, Nicole; Peeters, Martine; Low, Nicola; Rimoin, Anne; Kindrachuk, Jason; Vercauteren, Koen; Rambaut, Andrew; Ahuka-Mundeke, Steve; Muyembe-Tamfum, Jean-Jacques"
PP_004BGD0,Ia,None,Democratic Republic of the Congo,Kinshasa,2025-05-19,187417,0.9099229751177684,2025-10-21,"Wawina-Bokalanga, Tony; Amuri-Aziza, Adrienne; Mbala-Kingebeni, Placide; Kinganda-Lusamaki, Eddy; Pukuta-Simbu, Elisabeth; Hasivirwe-Vakaniaki, Emmanuel; Ola-Mpumbe, Rilia; Kwete-Mbokama, Papy; Akil-Bandali, Prince; Kacita, Cris; Ponga-Museme, Ange; Mapenzi-Kashali, Nelson; Vakaniaki, Gloria; Kenye, Kelly-Michel; Muyamuna, Elisabeth; Kavira-Bapitani, Sifa; Mukadi, Patrick; OToole, Aine; Tshiani-Mbaya, Olivier; Paku-Tshambu, Princesse; Lokilo-Lofiko, Emmanuel; Muswamba-Kayembe, Chloe; Makangara-Cigolo, Jean-Claude; Cikaya-Kankolongo, Fiston; Luakanda-Ndelemo, Gradi; Lawanga, Leader; Mabika-Bope, Elzedek; Lumembe-Numbi, Raphael; Kabamba-Lungenyi, Gabriel; Citenga, Andre; Kelvin, D. J.; Pratt, Catherine; Ayouba, Ahidjo; Tessema, Sofonias; Mukadi-Bamuleka, Daniel; Jansen, Daan; Halbrook, Megan; Merrit, Sydney; Hensley, Lisa; Delaporte, Eric; Mwamba, Dieudonne; Liesenborghs, Laurens; Hoff, Nicole; Peeters, Martine; Low, Nicola; Rimoin, Anne; Kindrachuk, Jason; Vercauteren, Koen; Rambaut, Andrew; Ahuka-Mundeke, Steve; Muyembe-Tamfum, Jean-Jacques"
PP_004BGEY,Ia,None,Democratic Republic of the Congo,Kinshasa,2025-05-19,187420,0.9047102312774772,2025-10-21,"Wawina-Bokalanga, Tony; Amuri-Aziza, Adrienne; Mbala-Kingebeni, Placide; Kinganda-Lusamaki, Eddy; Pukuta-Simbu, Elisabeth; Hasivirwe-Vakaniaki, Emmanuel; Ola-Mpumbe, Rilia; Kwete-Mbokama, Papy; Akil-Bandali, Prince; Kacita, Cris; Ponga-Museme, Ange; Mapenzi-Kashali, Nelson; Vakaniaki, Gloria; Kenye, Kelly-Michel; Muyamuna, Elisabeth; Kavira-Bapitani, Sifa; Mukadi, Patrick; OToole, Aine; Tshiani-Mbaya, Olivier; Paku-Tshambu, Princesse; Lokilo-Lofiko, Emmanuel; Muswamba-Kayembe, Chloe; Makangara-Cigolo, Jean-Claude; Cikaya-Kankolongo, Fiston; Luakanda-Ndelemo, Gradi; Lawanga, Leader; Mabika-Bope, Elzedek; Lumembe-Numbi, Raphael; Kabamba-Lungenyi, Gabriel; Citenga, Andre; Kelvin, D. J.; Pratt, Catherine; Ayouba, Ahidjo; Tessema, Sofonias; Mukadi-Bamuleka, Daniel; Jansen, Daan; Halbrook, Megan; Merrit, Sydney; Hensley, Lisa; Delaporte, Eric; Mwamba, Dieudonne; Liesenborghs, Laurens; Hoff, Nicole; Peeters, Martine; Low, Nicola; Rimoin, Anne; Kindrachuk, Jason; Vercauteren, Koen; Rambaut, Andrew; Ahuka-Mundeke, Steve; Muyembe-Tamfum, Jean-Jacques"
PP_004BGFW,Ia,None,Democratic Republic of the Congo,Kinshasa,2025-05-19,187424,0.90573959606306,2025-10-21,"Wawina-Bokalanga, Tony; Amuri-Aziza, Adrienne; Mbala-Kingebeni, Placide; Kinganda-Lusamaki, Eddy; Pukuta-Simbu, Elisabeth; Hasivirwe-Vakaniaki, Emmanuel; Ola-Mpumbe, Rilia; Kwete-Mbokama, Papy; Akil-Bandali, Prince; Kacita, Cris; Ponga-Museme, Ange; Mapenzi-Kashali, Nelson; Vakaniaki, Gloria; Kenye, Kelly-Michel; Muyamuna, Elisabeth; Kavira-Bapitani, Sifa; Mukadi, Patrick; OToole, Aine; Tshiani-Mbaya, Olivier; Paku-Tshambu, Princesse; Lokilo-Lofiko, Emmanuel; Muswamba-Kayembe, Chloe; Makangara-Cigolo, Jean-Claude; Cikaya-Kankolongo, Fiston; Luakanda-Ndelemo, Gradi; Lawanga, Leader; Mabika-Bope, Elzedek; Lumembe-Numbi, Raphael; Kabamba-Lungenyi, Gabriel; Citenga, Andre; Kelvin, D. J.; Pratt, Catherine; Ayouba, Ahidjo; Tessema, Sofonias; Mukadi-Bamuleka, Daniel; Jansen, Daan; Halbrook, Megan; Merrit, Sydney; Hensley, Lisa; Delaporte, Eric; Mwamba, Dieudonne; Liesenborghs, Laurens; Hoff, Nicole; Peeters, Martine; Low, Nicola; Rimoin, Anne; Kindrachuk, Jason; Vercauteren, Koen; Rambaut, Andrew; Ahuka-Mundeke, Steve; Muyembe-Tamfum, Jean-Jacques"
PP_004BGGU,Ib,A.1,Democratic Republic of the Congo,Kongo-Central,2025-05-06,187415,0.9077729718217727,2025-10-21,"Mbala-Kingebeni, Placide; Wawina-Bokalanga, Tony; Kinganda-Lusamaki, Eddy; Pukuta-Simbu, Elisabeth; Hasivirwe-Vakaniaki, Emmanuel; Ola-Mpumbe, Rilia; Kwete-Mbokama, Papy; Akil-Bandali, Prince; Kacita, Cris; Ponga-Museme, Ange; Mapenzi-Kashali, Nelson; Vakaniaki, Gloria; Amuri-Aziza, Adrienne; Kenye, Kelly-Michel; Muyamuna, Elisabeth; Kavira-Bapitani, Sifa; Mukadi, Patrick; OToole, Aine; Tshiani-Mbaya, Olivier; Paku-Tshambu, Princesse; Lokilo-Lofiko, Emmanuel; Muswamba-Kayembe, Chloe; Makangara-Cigolo, Jean-Claude; Cikaya-Kankolongo, Fiston; Luakanda-Ndelemo, Gradi; Lawanga, Leader; Mabika-Bope, Elzedek; Lumembe-Numbi, Raphael; Kabamba-Lungenyi, Gabriel; Citenga, Andre; Kelvin, D. J.; Pratt, Catherine; Ayouba, Ahidjo; Tessema, Sofonias; Mukadi-Bamuleka, Daniel; Jansen, Daan; Halbrook, Megan; Merrit, Sydney; Hensley, Lisa; Delaporte, Eric; Mwamba, Dieudonne; Liesenborghs, Laurens; Hoff, Nicole; Peeters, Martine; Low, Nicola; Rimoin, Anne; Kindrachuk, Jason; Vercauteren, Koen; Rambaut, Andrew; Ahuka-Mundeke, Steve; Muyembe-Tamfum, Jean-Jacques"
PP_004BGHR,Ib,A.1,Democratic Republic of the Congo,Kinshasa,2025-05-14,187399,0.9023168313819347,2025-10-21,"Wawina-Bokalanga, Tony; Amuri-Aziza, Adrienne; Mbala-Kingebeni, Placide; Kinganda-Lusamaki, Eddy; Pukuta-Simbu, Elisabeth; Hasivirwe-Vakaniaki, Emmanuel; Ola-Mpumbe, Rilia; Kwete-Mbokama, Papy; Akil-Bandali, Prince; Kacita, Cris; Ponga-Museme, Ange; Mapenzi-Kashali, Nelson; Vakaniaki, Gloria; Kenye, Kelly-Michel; Muyamuna, Elisabeth; Kavira-Bapitani, Sifa; Mukadi, Patrick; OToole, Aine; Tshiani-Mbaya, Olivier; Paku-Tshambu, Princesse; Lokilo-Lofiko, Emmanuel; Muswamba-Kayembe, Chloe; Makangara-Cigolo, Jean-Claude; Cikaya-Kankolongo, Fiston; Luakanda-Ndelemo, Gradi; Lawanga, Leader; Mabika-Bope, Elzedek; Lumembe-Numbi, Raphael; Kabamba-Lungenyi, Gabriel; Citenga, Andre; Kelvin, D. J.; Pratt, Catherine; Ayouba, Ahidjo; Tessema, Sofonias; Mukadi-Bamuleka, Daniel; Jansen, Daan; Halbrook, Megan; Merrit, Sydney; Hensley, Lisa; Delaporte, Eric; Mwamba, Dieudonne; Liesenborghs, Laurens; Hoff, Nicole; Peeters, Martine; Low, Nicola; Rimoin, Anne; Kindrachuk, Jason; Vercauteren, Koen; Rambaut, Andrew; Ahuka-Mundeke, Steve; Muyembe-Tamfum, Jean-Jacques"
PP_004BGJP,Ia,None,Democratic Republic of the Congo,Kinshasa,2025-05-20,187412,0.9139998681601752,2025-10-21,"Wawina-Bokalanga, Tony; Amuri-Aziza, Adrienne; Mbala-Kingebeni, Placide; Kinganda-Lusamaki, Eddy; Pukuta-Simbu, Elisabeth; Hasivirwe-Vakaniaki, Emmanuel; Ola-Mpumbe, Rilia; Kwete-Mbokama, Papy; Akil-Bandali, Prince; Kacita, Cris; Ponga-Museme, Ange; Mapenzi-Kashali, Nelson; Vakaniaki, Gloria; Kenye, Kelly-Michel; Muyamuna, Elisabeth; Kavira-Bapitani, Sifa; Mukadi, Patrick; OToole, Aine; Tshiani-Mbaya, Olivier; Paku-Tshambu, Princesse; Lokilo-Lofiko, Emmanuel; Muswamba-Kayembe, Chloe; Makangara-Cigolo, Jean-Claude; Cikaya-Kankolongo, Fiston; Luakanda-Ndelemo, Gradi; Lawanga, Leader; Mabika-Bope, Elzedek; Lumembe-Numbi, Raphael; Kabamba-Lungenyi, Gabriel; Citenga, Andre; Kelvin, D. J.; Pratt, Catherine; Ayouba, Ahidjo; Tessema, Sofonias; Mukadi-Bamuleka, Daniel; Jansen, Daan; Halbrook, Megan; Merrit, Sydney; Hensley, Lisa; Delaporte, Eric; Mwamba, Dieudonne; Liesenborghs, Laurens; Hoff, Nicole; Peeters, Martine; Low, Nicola; Rimoin, Anne; Kindrachuk, Jason; Vercauteren, Koen; Rambaut, Andrew; Ahuka-Mundeke, Steve; Muyembe-Tamfum, Jean-Jacques"
PP_004BGKM,Ia,None,Democratic Republic of the Congo,Kinshasa,2025-05-20,187420,0.9134167304737614,2025-10-21,"Wawina-Bokalanga, Tony; Amuri-Aziza, Adrienne; Mbala-Kingebeni, Placide; Kinganda-Lusamaki, Eddy; Pukuta-Simbu, Elisabeth; Hasivirwe-Vakaniaki, Emmanuel; Ola-Mpumbe, Rilia; Kwete-Mbokama, Papy; Akil-Bandali, Prince; Kacita, Cris; Ponga-Museme, Ange; Mapenzi-Kashali, Nelson; Vakaniaki, Gloria; Kenye, Kelly-Michel; Muyamuna, Elisabeth; Kavira-Bapitani, Sifa; Mukadi, Patrick; OToole, Aine; Tshiani-Mbaya, Olivier; Paku-Tshambu, Princesse; Lokilo-Lofiko, Emmanuel; Muswamba-Kayembe, Chloe; Makangara-Cigolo, Jean-Claude; Cikaya-Kankolongo, Fiston; Luakanda-Ndelemo, Gradi; Lawanga, Leader; Mabika-Bope, Elzedek; Lumembe-Numbi, Raphael; Kabamba-Lungenyi, Gabriel; Citenga, Andre; Kelvin, D. J.; Pratt, Catherine; Ayouba, Ahidjo; Tessema, Sofonias; Mukadi-Bamuleka, Daniel; Jansen, Daan; Halbrook, Megan; Merrit, Sydney; Hensley, Lisa; Delaporte, Eric; Mwamba, Dieudonne; Liesenborghs, Laurens; Hoff, Nicole; Peeters, Martine; Low, Nicola; Rimoin, Anne; Kindrachuk, Jason; Vercauteren, Koen; Rambaut, Andrew; Ahuka-Mundeke, Steve; Muyembe-Tamfum, Jean-Jacques"
PP_004BGLK,Ia,None,Democratic Republic of the Congo,Kinshasa,2025-05-20,187419,0.9056635346257016,2025-10-21,"Wawina-Bokalanga, Tony; Amuri-Aziza, Adrienne; Mbala-Kingebeni, Placide; Kinganda-Lusamaki, Eddy; Pukuta-Simbu, Elisabeth; Hasivirwe-Vakaniaki, Emmanuel; Ola-Mpumbe, Rilia; Kwete-Mbokama, Papy; Akil-Bandali, Prince; Kacita, Cris; Ponga-Museme, Ange; Mapenzi-Kashali, Nelson; Vakaniaki, Gloria; Kenye, Kelly-Michel; Muyamuna, Elisabeth; Kavira-Bapitani, Sifa; Mukadi, Patrick; OToole, Aine; Tshiani-Mbaya, Olivier; Paku-Tshambu, Princesse; Lokilo-Lofiko, Emmanuel; Muswamba-Kayembe, Chloe; Makangara-Cigolo, Jean-Claude; Cikaya-Kankolongo, Fiston; Luakanda-Ndelemo, Gradi; Lawanga, Leader; Mabika-Bope, Elzedek; Lumembe-Numbi, Raphael; Kabamba-Lungenyi, Gabriel; Citenga, Andre; Kelvin, D. J.; Pratt, Catherine; Ayouba, Ahidjo; Tessema, Sofonias; Mukadi-Bamuleka, Daniel; Jansen, Daan; Halbrook, Megan; Merrit, Sydney; Hensley, Lisa; Delaporte, Eric; Mwamba, Dieudonne; Liesenborghs, Laurens; Hoff, Nicole; Peeters, Martine; Low, Nicola; Rimoin, Anne; Kindrachuk, Jason; Vercauteren, Koen; Rambaut, Andrew; Ahuka-Mundeke, Steve; Muyembe-Tamfum, Jean-Jacques"
PP_004BGMH,Ia,None,Democratic Republic of the Congo,Kinshasa,2025-05-17,187411,0.9141317079849296,2025-10-21,"Wawina-Bokalanga, Tony; Amuri-Aziza, Adrienne; Mbala-Kingebeni, Placide; Kinganda-Lusamaki, Eddy; Pukuta-Simbu, Elisabeth; Hasivirwe-Vakaniaki, Emmanuel; Ola-Mpumbe, Rilia; Kwete-Mbokama, Papy; Akil-Bandali, Prince; Kacita, Cris; Ponga-Museme, Ange; Mapenzi-Kashali, Nelson; Vakaniaki, Gloria; Kenye, Kelly-Michel; Muyamuna, Elisabeth; Kavira-Bapitani, Sifa; Mukadi, Patrick; OToole, Aine; Tshiani-Mbaya, Olivier; Paku-Tshambu, Princesse; Lokilo-Lofiko, Emmanuel; Muswamba-Kayembe, Chloe; Makangara-Cigolo, Jean-Claude; Cikaya-Kankolongo, Fiston; Luakanda-Ndelemo, Gradi; Lawanga, Leader; Mabika-Bope, Elzedek; Lumembe-Numbi, Raphael; Kabamba-Lungenyi, Gabriel; Citenga, Andre; Kelvin, D. J.; Pratt, Catherine; Ayouba, Ahidjo; Tessema, Sofonias; Mukadi-Bamuleka, Daniel; Jansen, Daan; Halbrook, Megan; Merrit, Sydney; Hensley, Lisa; Delaporte, Eric; Mwamba, Dieudonne; Liesenborghs, Laurens; Hoff, Nicole; Peeters, Martine; Low, Nicola; Rimoin, Anne; Kindrachuk, Jason; Vercauteren, Koen; Rambaut, Andrew; Ahuka-Mundeke, Steve; Muyembe-Tamfum, Jean-Jacques"
PP_004BGNF,Ib,A.1,Democratic Republic of the Congo,Kinshasa,2025-05-20,187419,0.9050956092267596,2025-10-21,"Wawina-Bokalanga, Tony; Amuri-Aziza, Adrienne; Mbala-Kingebeni, Placide; Kinganda-Lusamaki, Eddy; Pukuta-Simbu, Elisabeth; Hasivirwe-Vakaniaki, Emmanuel; Ola-Mpumbe, Rilia; Kwete-Mbokama, Papy; Akil-Bandali, Prince; Kacita, Cris; Ponga-Museme, Ange; Mapenzi-Kashali, Nelson; Vakaniaki, Gloria; Kenye, Kelly-Michel; Muyamuna, Elisabeth; Kavira-Bapitani, Sifa; Mukadi, Patrick; OToole, Aine; Tshiani-Mbaya, Olivier; Paku-Tshambu, Princesse; Lokilo-Lofiko, Emmanuel; Muswamba-Kayembe, Chloe; Makangara-Cigolo, Jean-Claude; Cikaya-Kankolongo, Fiston; Luakanda-Ndelemo, Gradi; Lawanga, Leader; Mabika-Bope, Elzedek; Lumembe-Numbi, Raphael; Kabamba-Lungenyi, Gabriel; Citenga, Andre; Kelvin, D. J.; Pratt, Catherine; Ayouba, Ahidjo; Tessema, Sofonias; Mukadi-Bamuleka, Daniel; Jansen, Daan; Halbrook, Megan; Merrit, Sydney; Hensley, Lisa; Delaporte, Eric; Mwamba, Dieudonne; Liesenborghs, Laurens; Hoff, Nicole; Peeters, Martine; Low, Nicola; Rimoin, Anne; Kindrachuk, Jason; Vercauteren, Koen; Rambaut, Andrew; Ahuka-Mundeke, Steve; Muyembe-Tamfum, Jean-Jacques"
PP_004BGPD,Ib,A.1,Democratic Republic of the Congo,Kinshasa,2025-05-16,187411,0.8879209366712473,2025-10-21,"Wawina-Bokalanga, Tony; Amuri-Aziza, Adrienne; Mbala-Kingebeni, Placide; Kinganda-Lusamaki, Eddy; Pukuta-Simbu, Elisabeth; Hasivirwe-Vakaniaki, Emmanuel; Ola-Mpumbe, Rilia; Kwete-Mbokama, Papy; Akil-Bandali, Prince; Kacita, Cris; Ponga-Museme, Ange; Mapenzi-Kashali, Nelson; Vakaniaki, Gloria; Kenye, Kelly-Michel; Muyamuna, Elisabeth; Kavira-Bapitani, Sifa; Mukadi, Patrick; OToole, Aine; Tshiani-Mbaya, Olivier; Paku-Tshambu, Princesse; Lokilo-Lofiko, Emmanuel; Muswamba-Kayembe, Chloe; Makangara-Cigolo, Jean-Claude; Cikaya-Kankolongo, Fiston; Luakanda-Ndelemo, Gradi; Lawanga, Leader; Mabika-Bope, Elzedek; Lumembe-Numbi, Raphael; Kabamba-Lungenyi, Gabriel; Citenga, Andre; Kelvin, D. J.; Pratt, Catherine; Ayouba, Ahidjo; Tessema, Sofonias; Mukadi-Bamuleka, Daniel; Jansen, Daan; Halbrook, Megan; Merrit, Sydney; Hensley, Lisa; Delaporte, Eric; Mwamba, Dieudonne; Liesenborghs, Laurens; Hoff, Nicole; Peeters, Martine; Low, Nicola; Rimoin, Anne; Kindrachuk, Jason; Vercauteren, Koen; Rambaut, Andrew; Ahuka-Mundeke, Steve; Muyembe-Tamfum, Jean-Jacques"
PP_004BGQB,Ia,None,Democratic Republic of the Congo,Kinshasa,2025-05-21,187423,0.8879615027711717,2025-10-21,"Wawina-Bokalanga, Tony; Amuri-Aziza, Adrienne; Mbala-Kingebeni, Placide; Kinganda-Lusamaki, Eddy; Pukuta-Simbu, Elisabeth; Hasivirwe-Vakaniaki, Emmanuel; Ola-Mpumbe, Rilia; Kwete-Mbokama, Papy; Akil-Bandali, Prince; Kacita, Cris; Ponga-Museme, Ange; Mapenzi-Kashali, Nelson; Vakaniaki, Gloria; Kenye, Kelly-Michel; Muyamuna, Elisabeth; Kavira-Bapitani, Sifa; Mukadi, Patrick; OToole, Aine; Tshiani-Mbaya, Olivier; Paku-Tshambu, Princesse; Lokilo-Lofiko, Emmanuel; Muswamba-Kayembe, Chloe; Makangara-Cigolo, Jean-Claude; Cikaya-Kankolongo, Fiston; Luakanda-Ndelemo, Gradi; Lawanga, Leader; Mabika-Bope, Elzedek; Lumembe-Numbi, Raphael; Kabamba-Lungenyi, Gabriel; Citenga, Andre; Kelvin, D. J.; Pratt, Catherine; Ayouba, Ahidjo; Tessema, Sofonias; Mukadi-Bamuleka, Daniel; Jansen, Daan; Halbrook, Megan; Merrit, Sydney; Hensley, Lisa; Delaporte, Eric; Mwamba, Dieudonne; Liesenborghs, Laurens; Hoff, Nicole; Peeters, Martine; Low, Nicola; Rimoin, Anne; Kindrachuk, Jason; Vercauteren, Koen; Rambaut, Andrew; Ahuka-Mundeke, Steve; Muyembe-Tamfum, Jean-Jacques"
PP_004BGR9,Ib,A.1,Democratic Republic of the Congo,Kinshasa,2025-05-21,187403,0.9122605966259146,2025-10-21,"Wawina-Bokalanga, Tony; Amuri-Aziza, Adrienne; Mbala-Kingebeni, Placide; Kinganda-Lusamaki, Eddy; Pukuta-Simbu, Elisabeth; Hasivirwe-Vakaniaki, Emmanuel; Ola-Mpumbe, Rilia; Kwete-Mbokama, Papy; Akil-Bandali, Prince; Kacita, Cris; Ponga-Museme, Ange; Mapenzi-Kashali, Nelson; Vakaniaki, Gloria; Kenye, Kelly-Michel; Muyamuna, Elisabeth; Kavira-Bapitani, Sifa; Mukadi, Patrick; OToole, Aine; Tshiani-Mbaya, Olivier; Paku-Tshambu, Princesse; Lokilo-Lofiko, Emmanuel; Muswamba-Kayembe, Chloe; Makangara-Cigolo, Jean-Claude; Cikaya-Kankolongo, Fiston; Luakanda-Ndelemo, Gradi; Lawanga, Leader; Mabika-Bope, Elzedek; Lumembe-Numbi, Raphael; Kabamba-Lungenyi, Gabriel; Citenga, Andre; Kelvin, D. J.; Pratt, Catherine; Ayouba, Ahidjo; Tessema, Sofonias; Mukadi-Bamuleka, Daniel; Jansen, Daan; Halbrook, Megan; Merrit, Sydney; Hensley, Lisa; Delaporte, Eric; Mwamba, Dieudonne; Liesenborghs, Laurens; Hoff, Nicole; Peeters, Martine; Low, Nicola; Rimoin, Anne; Kindrachuk, Jason; Vercauteren, Koen; Rambaut, Andrew; Ahuka-Mundeke, Steve; Muyembe-Tamfum, Jean-Jacques"
PP_004BGS7,Ia,None,Democratic Republic of the Congo,Kinshasa,2025-05-21,187444,0.5319990466966518,2025-10-21,"Wawina-Bokalanga, Tony; Amuri-Aziza, Adrienne; Mbala-Kingebeni, Placide; Kinganda-Lusamaki, Eddy; Pukuta-Simbu, Elisabeth; Hasivirwe-Vakaniaki, Emmanuel; Ola-Mpumbe, Rilia; Kwete-Mbokama, Papy; Akil-Bandali, Prince; Kacita, Cris; Ponga-Museme, Ange; Mapenzi-Kashali, Nelson; Vakaniaki, Gloria; Kenye, Kelly-Michel; Muyamuna, Elisabeth; Kavira-Bapitani, Sifa; Mukadi, Patrick; OToole, Aine; Tshiani-Mbaya, Olivier; Paku-Tshambu, Princesse; Lokilo-Lofiko, Emmanuel; Muswamba-Kayembe, Chloe; Makangara-Cigolo, Jean-Claude; Cikaya-Kankolongo, Fiston; Luakanda-Ndelemo, Gradi; Lawanga, Leader; Mabika-Bope, Elzedek; Lumembe-Numbi, Raphael; Kabamba-Lungenyi, Gabriel; Citenga, Andre; Kelvin, D. J.; Pratt, Catherine; Ayouba, Ahidjo; Tessema, Sofonias; Mukadi-Bamuleka, Daniel; Jansen, Daan; Halbrook, Megan; Merrit, Sydney; Hensley, Lisa; Delaporte, Eric; Mwamba, Dieudonne; Liesenborghs, Laurens; Hoff, Nicole; Peeters, Martine; Low, Nicola; Rimoin, Anne; Kindrachuk, Jason; Vercauteren, Koen; Rambaut, Andrew; Ahuka-Mundeke, Steve; Muyembe-Tamfum, Jean-Jacques"
PP_004BGT5,Ia,None,Democratic Republic of the Congo,Mongala,2025-05-26,187439,0.8931843881364441,2025-10-21,"Mapenzi-Kashali, Nelson; Citenga, Andre; Mbala-Kingebeni, Placide; Wawina-Bokalanga, Tony; Kinganda-Lusamaki, Eddy; Pukuta-Simbu, Elisabeth; Hasivirwe-Vakaniaki, Emmanuel; Ola-Mpumbe, Rilia; Kwete-Mbokama, Papy; Akil-Bandali, Prince; Kacita, Cris; Ponga-Museme, Ange; Vakaniaki, Gloria; Amuri-Aziza, Adrienne; Kenye, Kelly-Michel; Muyamuna, Elisabeth; Kavira-Bapitani, Sifa; Mukadi, Patrick; OToole, Aine; Tshiani-Mbaya, Olivier; Paku-Tshambu, Princesse; Lokilo-Lofiko, Emmanuel; Muswamba-Kayembe, Chloe; Makangara-Cigolo, Jean-Claude; Cikaya-Kankolongo, Fiston; Luakanda-Ndelemo, Gradi; Lawanga, Leader; Mabika-Bope, Elzedek; Lumembe-Numbi, Raphael; Kabamba-Lungenyi, Gabriel; Kelvin, D. J.; Pratt, Catherine; Ayouba, Ahidjo; Tessema, Sofonias; Mukadi-Bamuleka, Daniel; Jansen, Daan; Halbrook, Megan; Merrit, Sydney; Hensley, Lisa; Delaporte, Eric; Mwamba, Dieudonne; Liesenborghs, Laurens; Hoff, Nicole; Peeters, Martine; Low, Nicola; Rimoin, Anne; Kindrachuk, Jason; Vercauteren, Koen; Rambaut, Andrew; Ahuka-Mundeke, Steve; Muyembe-Tamfum, Jean-Jacques"
PP_004BGU3,Ia,None,Democratic Republic of the Congo,Mongala,2025-05-26,187442,0.9128437343123286,2025-10-21,"Mapenzi-Kashali, Nelson; Citenga, Andre; Mbala-Kingebeni, Placide; Wawina-Bokalanga, Tony; Kinganda-Lusamaki, Eddy; Pukuta-Simbu, Elisabeth; Hasivirwe-Vakaniaki, Emmanuel; Ola-Mpumbe, Rilia; Kwete-Mbokama, Papy; Akil-Bandali, Prince; Kacita, Cris; Ponga-Museme, Ange; Vakaniaki, Gloria; Amuri-Aziza, Adrienne; Kenye, Kelly-Michel; Muyamuna, Elisabeth; Kavira-Bapitani, Sifa; Mukadi, Patrick; OToole, Aine; Tshiani-Mbaya, Olivier; Paku-Tshambu, Princesse; Lokilo-Lofiko, Emmanuel; Muswamba-Kayembe, Chloe; Makangara-Cigolo, Jean-Claude; Cikaya-Kankolongo, Fiston; Luakanda-Ndelemo, Gradi; Lawanga, Leader; Mabika-Bope, Elzedek; Lumembe-Numbi, Raphael; Kabamba-Lungenyi, Gabriel; Kelvin, D. J.; Pratt, Catherine; Ayouba, Ahidjo; Tessema, Sofonias; Mukadi-Bamuleka, Daniel; Jansen, Daan; Halbrook, Megan; Merrit, Sydney; Hensley, Lisa; Delaporte, Eric; Mwamba, Dieudonne; Liesenborghs, Laurens; Hoff, Nicole; Peeters, Martine; Low, Nicola; Rimoin, Anne; Kindrachuk, Jason; Vercauteren, Koen; Rambaut, Andrew; Ahuka-Mundeke, Steve; Muyembe-Tamfum, Jean-Jacques"
PP_004BGV1,Ia,None,Democratic Republic of the Congo,Mongala,2025-05-26,187442,0.880837081471941,2025-10-21,"Mapenzi-Kashali, Nelson; Citenga, Andre; Mbala-Kingebeni, Placide; Wawina-Bokalanga, Tony; Kinganda-Lusamaki, Eddy; Pukuta-Simbu, Elisabeth; Hasivirwe-Vakaniaki, Emmanuel; Ola-Mpumbe, Rilia; Kwete-Mbokama, Papy; Akil-Bandali, Prince; Kacita, Cris; Ponga-Museme, Ange; Vakaniaki, Gloria; Amuri-Aziza, Adrienne; Kenye, Kelly-Michel; Muyamuna, Elisabeth; Kavira-Bapitani, Sifa; Mukadi, Patrick; OToole, Aine; Tshiani-Mbaya, Olivier; Paku-Tshambu, Princesse; Lokilo-Lofiko, Emmanuel; Muswamba-Kayembe, Chloe; Makangara-Cigolo, Jean-Claude; Cikaya-Kankolongo, Fiston; Luakanda-Ndelemo, Gradi; Lawanga, Leader; Mabika-Bope, Elzedek; Lumembe-Numbi, Raphael; Kabamba-Lungenyi, Gabriel; Kelvin, D. J.; Pratt, Catherine; Ayouba, Ahidjo; Tessema, Sofonias; Mukadi-Bamuleka, Daniel; Jansen, Daan; Halbrook, Megan; Merrit, Sydney; Hensley, Lisa; Delaporte, Eric; Mwamba, Dieudonne; Liesenborghs, Laurens; Hoff, Nicole; Peeters, Martine; Low, Nicola; Rimoin, Anne; Kindrachuk, Jason; Vercauteren, Koen; Rambaut, Andrew; Ahuka-Mundeke, Steve; Muyembe-Tamfum, Jean-Jacques"
PP_004BGWZ,Ia,None,Democratic Republic of the Congo,Mongala,2025-05-26,187448,0.8850103190016683,2025-10-21,"Mapenzi-Kashali, Nelson; Citenga, Andre; Mbala-Kingebeni, Placide; Wawina-Bokalanga, Tony; Kinganda-Lusamaki, Eddy; Pukuta-Simbu, Elisabeth; Hasivirwe-Vakaniaki, Emmanuel; Ola-Mpumbe, Rilia; Kwete-Mbokama, Papy; Akil-Bandali, Prince; Kacita, Cris; Ponga-Museme, Ange; Vakaniaki, Gloria; Amuri-Aziza, Adrienne; Kenye, Kelly-Michel; Muyamuna, Elisabeth; Kavira-Bapitani, Sifa; Mukadi, Patrick; OToole, Aine; Tshiani-Mbaya, Olivier; Paku-Tshambu, Princesse; Lokilo-Lofiko, Emmanuel; Muswamba-Kayembe, Chloe; Makangara-Cigolo, Jean-Claude; Cikaya-Kankolongo, Fiston; Luakanda-Ndelemo, Gradi; Lawanga, Leader; Mabika-Bope, Elzedek; Lumembe-Numbi, Raphael; Kabamba-Lungenyi, Gabriel; Kelvin, D. J.; Pratt, Catherine; Ayouba, Ahidjo; Tessema, Sofonias; Mukadi-Bamuleka, Daniel; Jansen, Daan; Halbrook, Megan; Merrit, Sydney; Hensley, Lisa; Delaporte, Eric; Mwamba, Dieudonne; Liesenborghs, Laurens; Hoff, Nicole; Peeters, Martine; Low, Nicola; Rimoin, Anne; Kindrachuk, Jason; Vercauteren, Koen; Rambaut, Andrew; Ahuka-Mundeke, Steve; Muyembe-Tamfum, Jean-Jacques"
PP_004BGXX,Ia,None,Democratic Republic of the Congo,Mongala,2025-05-26,187447,0.8920586788635407,2025-10-21,"Mapenzi-Kashali, Nelson; Citenga, Andre; Mbala-Kingebeni, Placide; Wawina-Bokalanga, Tony; Kinganda-Lusamaki, Eddy; Pukuta-Simbu, Elisabeth; Hasivirwe-Vakaniaki, Emmanuel; Ola-Mpumbe, Rilia; Kwete-Mbokama, Papy; Akil-Bandali, Prince; Kacita, Cris; Ponga-Museme, Ange; Vakaniaki, Gloria; Amuri-Aziza, Adrienne; Kenye, Kelly-Michel; Muyamuna, Elisabeth; Kavira-Bapitani, Sifa; Mukadi, Patrick; OToole, Aine; Tshiani-Mbaya, Olivier; Paku-Tshambu, Princesse; Lokilo-Lofiko, Emmanuel; Muswamba-Kayembe, Chloe; Makangara-Cigolo, Jean-Claude; Cikaya-Kankolongo, Fiston; Luakanda-Ndelemo, Gradi; Lawanga, Leader; Mabika-Bope, Elzedek; Lumembe-Numbi, Raphael; Kabamba-Lungenyi, Gabriel; Kelvin, D. J.; Pratt, Catherine; Ayouba, Ahidjo; Tessema, Sofonias; Mukadi-Bamuleka, Daniel; Jansen, Daan; Halbrook, Megan; Merrit, Sydney; Hensley, Lisa; Delaporte, Eric; Mwamba, Dieudonne; Liesenborghs, Laurens; Hoff, Nicole; Peeters, Martine; Low, Nicola; Rimoin, Anne; Kindrachuk, Jason; Vercauteren, Koen; Rambaut, Andrew; Ahuka-Mundeke, Steve; Muyembe-Tamfum, Jean-Jacques"
PP_004BGYV,Ia,None,Democratic Republic of the Congo,Mongala,2025-05-26,187446,0.8898883925175829,2025-10-21,"Mapenzi-Kashali, Nelson; Citenga, Andre; Mbala-Kingebeni, Placide; Wawina-Bokalanga, Tony; Kinganda-Lusamaki, Eddy; Pukuta-Simbu, Elisabeth; Hasivirwe-Vakaniaki, Emmanuel; Ola-Mpumbe, Rilia; Kwete-Mbokama, Papy; Akil-Bandali, Prince; Kacita, Cris; Ponga-Museme, Ange; Vakaniaki, Gloria; Amuri-Aziza, Adrienne; Kenye, Kelly-Michel; Muyamuna, Elisabeth; Kavira-Bapitani, Sifa; Mukadi, Patrick; OToole, Aine; Tshiani-Mbaya, Olivier; Paku-Tshambu, Princesse; Lokilo-Lofiko, Emmanuel; Muswamba-Kayembe, Chloe; Makangara-Cigolo, Jean-Claude; Cikaya-Kankolongo, Fiston; Luakanda-Ndelemo, Gradi; Lawanga, Leader; Mabika-Bope, Elzedek; Lumembe-Numbi, Raphael; Kabamba-Lungenyi, Gabriel; Kelvin, D. J.; Pratt, Catherine; Ayouba, Ahidjo; Tessema, Sofonias; Mukadi-Bamuleka, Daniel; Jansen, Daan; Halbrook, Megan; Merrit, Sydney; Hensley, Lisa; Delaporte, Eric; Mwamba, Dieudonne; Liesenborghs, Laurens; Hoff, Nicole; Peeters, Martine; Low, Nicola; Rimoin, Anne; Kindrachuk, Jason; Vercauteren, Koen; Rambaut, Andrew; Ahuka-Mundeke, Steve; Muyembe-Tamfum, Jean-Jacques"
PP_004BGZT,Ia,None,Democratic Republic of the Congo,Mongala,2025-05-26,187434,0.8840367326034816,2025-10-21,"Mapenzi-Kashali, Nelson; Citenga, Andre; Mbala-Kingebeni, Placide; Wawina-Bokalanga, Tony; Kinganda-Lusamaki, Eddy; Pukuta-Simbu, Elisabeth; Hasivirwe-Vakaniaki, Emmanuel; Ola-Mpumbe, Rilia; Kwete-Mbokama, Papy; Akil-Bandali, Prince; Kacita, Cris; Ponga-Museme, Ange; Vakaniaki, Gloria; Amuri-Aziza, Adrienne; Kenye, Kelly-Michel; Muyamuna, Elisabeth; Kavira-Bapitani, Sifa; Mukadi, Patrick; OToole, Aine; Tshiani-Mbaya, Olivier; Paku-Tshambu, Princesse; Lokilo-Lofiko, Emmanuel; Muswamba-Kayembe, Chloe; Makangara-Cigolo, Jean-Claude; Cikaya-Kankolongo, Fiston; Luakanda-Ndelemo, Gradi; Lawanga, Leader; Mabika-Bope, Elzedek; Lumembe-Numbi, Raphael; Kabamba-Lungenyi, Gabriel; Kelvin, D. J.; Pratt, Catherine; Ayouba, Ahidjo; Tessema, Sofonias; Mukadi-Bamuleka, Daniel; Jansen, Daan; Halbrook, Megan; Merrit, Sydney; Hensley, Lisa; Delaporte, Eric; Mwamba, Dieudonne; Liesenborghs, Laurens; Hoff, Nicole; Peeters, Martine; Low, Nicola; Rimoin, Anne; Kindrachuk, Jason; Vercauteren, Koen; Rambaut, Andrew; Ahuka-Mundeke, Steve; Muyembe-Tamfum, Jean-Jacques"
PP_004BH0R,Ia,None,Democratic Republic of the Congo,Mongala,2025-05-26,187442,0.8950656410204403,2025-10-21,"Mapenzi-Kashali, Nelson; Citenga, Andre; Mbala-Kingebeni, Placide; Wawina-Bokalanga, Tony; Kinganda-Lusamaki, Eddy; Pukuta-Simbu, Elisabeth; Hasivirwe-Vakaniaki, Emmanuel; Ola-Mpumbe, Rilia; Kwete-Mbokama, Papy; Akil-Bandali, Prince; Kacita, Cris; Ponga-Museme, Ange; Vakaniaki, Gloria; Amuri-Aziza, Adrienne; Kenye, Kelly-Michel; Muyamuna, Elisabeth; Kavira-Bapitani, Sifa; Mukadi, Patrick; OToole, Aine; Tshiani-Mbaya, Olivier; Paku-Tshambu, Princesse; Lokilo-Lofiko, Emmanuel; Muswamba-Kayembe, Chloe; Makangara-Cigolo, Jean-Claude; Cikaya-Kankolongo, Fiston; Luakanda-Ndelemo, Gradi; Lawanga, Leader; Mabika-Bope, Elzedek; Lumembe-Numbi, Raphael; Kabamba-Lungenyi, Gabriel; Kelvin, D. J.; Pratt, Catherine; Ayouba, Ahidjo; Tessema, Sofonias; Mukadi-Bamuleka, Daniel; Jansen, Daan; Halbrook, Megan; Merrit, Sydney; Hensley, Lisa; Delaporte, Eric; Mwamba, Dieudonne; Liesenborghs, Laurens; Hoff, Nicole; Peeters, Martine; Low, Nicola; Rimoin, Anne; Kindrachuk, Jason; Vercauteren, Koen; Rambaut, Andrew; Ahuka-Mundeke, Steve; Muyembe-Tamfum, Jean-Jacques"
PP_004BH1P,Ia,None,Democratic Republic of the Congo,Mongala,2025-05-26,187435,0.8866126799486839,2025-10-21,"Mapenzi-Kashali, Nelson; Citenga, Andre; Mbala-Kingebeni, Placide; Wawina-Bokalanga, Tony; Kinganda-Lusamaki, Eddy; Pukuta-Simbu, Elisabeth; Hasivirwe-Vakaniaki, Emmanuel; Ola-Mpumbe, Rilia; Kwete-Mbokama, Papy; Akil-Bandali, Prince; Kacita, Cris; Ponga-Museme, Ange; Vakaniaki, Gloria; Amuri-Aziza, Adrienne; Kenye, Kelly-Michel; Muyamuna, Elisabeth; Kavira-Bapitani, Sifa; Mukadi, Patrick; OToole, Aine; Tshiani-Mbaya, Olivier; Paku-Tshambu, Princesse; Lokilo-Lofiko, Emmanuel; Muswamba-Kayembe, Chloe; Makangara-Cigolo, Jean-Claude; Cikaya-Kankolongo, Fiston; Luakanda-Ndelemo, Gradi; Lawanga, Leader; Mabika-Bope, Elzedek; Lumembe-Numbi, Raphael; Kabamba-Lungenyi, Gabriel; Kelvin, D. J.; Pratt, Catherine; Ayouba, Ahidjo; Tessema, Sofonias; Mukadi-Bamuleka, Daniel; Jansen, Daan; Halbrook, Megan; Merrit, Sydney; Hensley, Lisa; Delaporte, Eric; Mwamba, Dieudonne; Liesenborghs, Laurens; Hoff, Nicole; Peeters, Martine; Low, Nicola; Rimoin, Anne; Kindrachuk, Jason; Vercauteren, Koen; Rambaut, Andrew; Ahuka-Mundeke, Steve; Muyembe-Tamfum, Jean-Jacques"
PP_004BH2M,Ia,None,Democratic Republic of the Congo,Mongala,2025-05-26,187450,0.8883012438580389,2025-10-21,"Mapenzi-Kashali, Nelson; Citenga, Andre; Mbala-Kingebeni, Placide; Wawina-Bokalanga, Tony; Kinganda-Lusamaki, Eddy; Pukuta-Simbu, Elisabeth; Hasivirwe-Vakaniaki, Emmanuel; Ola-Mpumbe, Rilia; Kwete-Mbokama, Papy; Akil-Bandali, Prince; Kacita, Cris; Ponga-Museme, Ange; Vakaniaki, Gloria; Amuri-Aziza, Adrienne; Kenye, Kelly-Michel; Muyamuna, Elisabeth; Kavira-Bapitani, Sifa; Mukadi, Patrick; OToole, Aine; Tshiani-Mbaya, Olivier; Paku-Tshambu, Princesse; Lokilo-Lofiko, Emmanuel; Muswamba-Kayembe, Chloe; Makangara-Cigolo, Jean-Claude; Cikaya-Kankolongo, Fiston; Luakanda-Ndelemo, Gradi; Lawanga, Leader; Mabika-Bope, Elzedek; Lumembe-Numbi, Raphael; Kabamba-Lungenyi, Gabriel; Kelvin, D. J.; Pratt, Catherine; Ayouba, Ahidjo; Tessema, Sofonias; Mukadi-Bamuleka, Daniel; Jansen, Daan; Halbrook, Megan; Merrit, Sydney; Hensley, Lisa; Delaporte, Eric; Mwamba, Dieudonne; Liesenborghs, Laurens; Hoff, Nicole; Peeters, Martine; Low, Nicola; Rimoin, Anne; Kindrachuk, Jason; Vercauteren, Koen; Rambaut, Andrew; Ahuka-Mundeke, Steve; Muyembe-Tamfum, Jean-Jacques"
PP_004BH3K,Ia,None,Democratic Republic of the Congo,Mongala,2025-05-26,187446,0.8944470079965925,2025-10-21,"Mapenzi-Kashali, Nelson; Citenga, Andre; Mbala-Kingebeni, Placide; Wawina-Bokalanga, Tony; Kinganda-Lusamaki, Eddy; Pukuta-Simbu, Elisabeth; Hasivirwe-Vakaniaki, Emmanuel; Ola-Mpumbe, Rilia; Kwete-Mbokama, Papy; Akil-Bandali, Prince; Kacita, Cris; Ponga-Museme, Ange; Vakaniaki, Gloria; Amuri-Aziza, Adrienne; Kenye, Kelly-Michel; Muyamuna, Elisabeth; Kavira-Bapitani, Sifa; Mukadi, Patrick; OToole, Aine; Tshiani-Mbaya, Olivier; Paku-Tshambu, Princesse; Lokilo-Lofiko, Emmanuel; Muswamba-Kayembe, Chloe; Makangara-Cigolo, Jean-Claude; Cikaya-Kankolongo, Fiston; Luakanda-Ndelemo, Gradi; Lawanga, Leader; Mabika-Bope, Elzedek; Lumembe-Numbi, Raphael; Kabamba-Lungenyi, Gabriel; Kelvin, D. J.; Pratt, Catherine; Ayouba, Ahidjo; Tessema, Sofonias; Mukadi-Bamuleka, Daniel; Jansen, Daan; Halbrook, Megan; Merrit, Sydney; Hensley, Lisa; Delaporte, Eric; Mwamba, Dieudonne; Liesenborghs, Laurens; Hoff, Nicole; Peeters, Martine; Low, Nicola; Rimoin, Anne; Kindrachuk, Jason; Vercauteren, Koen; Rambaut, Andrew; Ahuka-Mundeke, Steve; Muyembe-Tamfum, Jean-Jacques"
PP_004BH4H,Ia,None,Democratic Republic of the Congo,Mongala,2025-05-26,187448,0.8981790891896414,2025-10-21,"Mapenzi-Kashali, Nelson; Citenga, Andre; Mbala-Kingebeni, Placide; Wawina-Bokalanga, Tony; Kinganda-Lusamaki, Eddy; Pukuta-Simbu, Elisabeth; Hasivirwe-Vakaniaki, Emmanuel; Ola-Mpumbe, Rilia; Kwete-Mbokama, Papy; Akil-Bandali, Prince; Kacita, Cris; Ponga-Museme, Ange; Vakaniaki, Gloria; Amuri-Aziza, Adrienne; Kenye, Kelly-Michel; Muyamuna, Elisabeth; Kavira-Bapitani, Sifa; Mukadi, Patrick; OToole, Aine; Tshiani-Mbaya, Olivier; Paku-Tshambu, Princesse; Lokilo-Lofiko, Emmanuel; Muswamba-Kayembe, Chloe; Makangara-Cigolo, Jean-Claude; Cikaya-Kankolongo, Fiston; Luakanda-Ndelemo, Gradi; Lawanga, Leader; Mabika-Bope, Elzedek; Lumembe-Numbi, Raphael; Kabamba-Lungenyi, Gabriel; Kelvin, D. J.; Pratt, Catherine; Ayouba, Ahidjo; Tessema, Sofonias; Mukadi-Bamuleka, Daniel; Jansen, Daan; Halbrook, Megan; Merrit, Sydney; Hensley, Lisa; Delaporte, Eric; Mwamba, Dieudonne; Liesenborghs, Laurens; Hoff, Nicole; Peeters, Martine; Low, Nicola; Rimoin, Anne; Kindrachuk, Jason; Vercauteren, Koen; Rambaut, Andrew; Ahuka-Mundeke, Steve; Muyembe-Tamfum, Jean-Jacques"
PP_004BH5F,Ia,None,Democratic Republic of the Congo,Mongala,2025-05-26,187445,0.8961761380058719,2025-10-21,"Mapenzi-Kashali, Nelson; Citenga, Andre; Mbala-Kingebeni, Placide; Wawina-Bokalanga, Tony; Kinganda-Lusamaki, Eddy; Pukuta-Simbu, Elisabeth; Hasivirwe-Vakaniaki, Emmanuel; Ola-Mpumbe, Rilia; Kwete-Mbokama, Papy; Akil-Bandali, Prince; Kacita, Cris; Ponga-Museme, Ange; Vakaniaki, Gloria; Amuri-Aziza, Adrienne; Kenye, Kelly-Michel; Muyamuna, Elisabeth; Kavira-Bapitani, Sifa; Mukadi, Patrick; OToole, Aine; Tshiani-Mbaya, Olivier; Paku-Tshambu, Princesse; Lokilo-Lofiko, Emmanuel; Muswamba-Kayembe, Chloe; Makangara-Cigolo, Jean-Claude; Cikaya-Kankolongo, Fiston; Luakanda-Ndelemo, Gradi; Lawanga, Leader; Mabika-Bope, Elzedek; Lumembe-Numbi, Raphael; Kabamba-Lungenyi, Gabriel; Kelvin, D. J.; Pratt, Catherine; Ayouba, Ahidjo; Tessema, Sofonias; Mukadi-Bamuleka, Daniel; Jansen, Daan; Halbrook, Megan; Merrit, Sydney; Hensley, Lisa; Delaporte, Eric; Mwamba, Dieudonne; Liesenborghs, Laurens; Hoff, Nicole; Peeters, Martine; Low, Nicola; Rimoin, Anne; Kindrachuk, Jason; Vercauteren, Koen; Rambaut, Andrew; Ahuka-Mundeke, Steve; Muyembe-Tamfum, Jean-Jacques"
PP_004BH6D,Ia,None,Democratic Republic of the Congo,Mongala,2025-05-26,187436,0.8958921753064009,2025-10-21,"Mapenzi-Kashali, Nelson; Citenga, Andre; Mbala-Kingebeni, Placide; Wawina-Bokalanga, Tony; Kinganda-Lusamaki, Eddy; Pukuta-Simbu, Elisabeth; Hasivirwe-Vakaniaki, Emmanuel; Ola-Mpumbe, Rilia; Kwete-Mbokama, Papy; Akil-Bandali, Prince; Kacita, Cris; Ponga-Museme, Ange; Vakaniaki, Gloria; Amuri-Aziza, Adrienne; Kenye, Kelly-Michel; Muyamuna, Elisabeth; Kavira-Bapitani, Sifa; Mukadi, Patrick; OToole, Aine; Tshiani-Mbaya, Olivier; Paku-Tshambu, Princesse; Lokilo-Lofiko, Emmanuel; Muswamba-Kayembe, Chloe; Makangara-Cigolo, Jean-Claude; Cikaya-Kankolongo, Fiston; Luakanda-Ndelemo, Gradi; Lawanga, Leader; Mabika-Bope, Elzedek; Lumembe-Numbi, Raphael; Kabamba-Lungenyi, Gabriel; Kelvin, D. J.; Pratt, Catherine; Ayouba, Ahidjo; Tessema, Sofonias; Mukadi-Bamuleka, Daniel; Jansen, Daan; Halbrook, Megan; Merrit, Sydney; Hensley, Lisa; Delaporte, Eric; Mwamba, Dieudonne; Liesenborghs, Laurens; Hoff, Nicole; Peeters, Martine; Low, Nicola; Rimoin, Anne; Kindrachuk, Jason; Vercauteren, Koen; Rambaut, Andrew; Ahuka-Mundeke, Steve; Muyembe-Tamfum, Jean-Jacques"
PP_004BH7B,Ia,None,Democratic Republic of the Congo,Mongala,2025-05-26,187449,0.8955220096445903,2025-10-21,"Mapenzi-Kashali, Nelson; Citenga, Andre; Mbala-Kingebeni, Placide; Wawina-Bokalanga, Tony; Kinganda-Lusamaki, Eddy; Pukuta-Simbu, Elisabeth; Hasivirwe-Vakaniaki, Emmanuel; Ola-Mpumbe, Rilia; Kwete-Mbokama, Papy; Akil-Bandali, Prince; Kacita, Cris; Ponga-Museme, Ange; Vakaniaki, Gloria; Amuri-Aziza, Adrienne; Kenye, Kelly-Michel; Muyamuna, Elisabeth; Kavira-Bapitani, Sifa; Mukadi, Patrick; OToole, Aine; Tshiani-Mbaya, Olivier; Paku-Tshambu, Princesse; Lokilo-Lofiko, Emmanuel; Muswamba-Kayembe, Chloe; Makangara-Cigolo, Jean-Claude; Cikaya-Kankolongo, Fiston; Luakanda-Ndelemo, Gradi; Lawanga, Leader; Mabika-Bope, Elzedek; Lumembe-Numbi, Raphael; Kabamba-Lungenyi, Gabriel; Kelvin, D. J.; Pratt, Catherine; Ayouba, Ahidjo; Tessema, Sofonias; Mukadi-Bamuleka, Daniel; Jansen, Daan; Halbrook, Megan; Merrit, Sydney; Hensley, Lisa; Delaporte, Eric; Mwamba, Dieudonne; Liesenborghs, Laurens; Hoff, Nicole; Peeters, Martine; Low, Nicola; Rimoin, Anne; Kindrachuk, Jason; Vercauteren, Koen; Rambaut, Andrew; Ahuka-Mundeke, Steve; Muyembe-Tamfum, Jean-Jacques"
PP_004BH89,Ia,None,Democratic Republic of the Congo,Mongala,2025-05-26,187434,0.8537997758722979,2025-10-21,"Mapenzi-Kashali, Nelson; Citenga, Andre; Mbala-Kingebeni, Placide; Wawina-Bokalanga, Tony; Kinganda-Lusamaki, Eddy; Pukuta-Simbu, Elisabeth; Hasivirwe-Vakaniaki, Emmanuel; Ola-Mpumbe, Rilia; Kwete-Mbokama, Papy; Akil-Bandali, Prince; Kacita, Cris; Ponga-Museme, Ange; Vakaniaki, Gloria; Amuri-Aziza, Adrienne; Kenye, Kelly-Michel; Muyamuna, Elisabeth; Kavira-Bapitani, Sifa; Mukadi, Patrick; OToole, Aine; Tshiani-Mbaya, Olivier; Paku-Tshambu, Princesse; Lokilo-Lofiko, Emmanuel; Muswamba-Kayembe, Chloe; Makangara-Cigolo, Jean-Claude; Cikaya-Kankolongo, Fiston; Luakanda-Ndelemo, Gradi; Lawanga, Leader; Mabika-Bope, Elzedek; Lumembe-Numbi, Raphael; Kabamba-Lungenyi, Gabriel; Kelvin, D. J.; Pratt, Catherine; Ayouba, Ahidjo; Tessema, Sofonias; Mukadi-Bamuleka, Daniel; Jansen, Daan; Halbrook, Megan; Merrit, Sydney; Hensley, Lisa; Delaporte, Eric; Mwamba, Dieudonne; Liesenborghs, Laurens; Hoff, Nicole; Peeters, Martine; Low, Nicola; Rimoin, Anne; Kindrachuk, Jason; Vercauteren, Koen; Rambaut, Andrew; Ahuka-Mundeke, Steve; Muyembe-Tamfum, Jean-Jacques"
PP_004BH97,Ia,None,Democratic Republic of the Congo,Mongala,2025-05-26,187427,0.8475373841964616,2025-10-21,"Mapenzi-Kashali, Nelson; Citenga, Andre; Mbala-Kingebeni, Placide; Wawina-Bokalanga, Tony; Kinganda-Lusamaki, Eddy; Pukuta-Simbu, Elisabeth; Hasivirwe-Vakaniaki, Emmanuel; Ola-Mpumbe, Rilia; Kwete-Mbokama, Papy; Akil-Bandali, Prince; Kacita, Cris; Ponga-Museme, Ange; Vakaniaki, Gloria; Amuri-Aziza, Adrienne; Kenye, Kelly-Michel; Muyamuna, Elisabeth; Kavira-Bapitani, Sifa; Mukadi, Patrick; OToole, Aine; Tshiani-Mbaya, Olivier; Paku-Tshambu, Princesse; Lokilo-Lofiko, Emmanuel; Muswamba-Kayembe, Chloe; Makangara-Cigolo, Jean-Claude; Cikaya-Kankolongo, Fiston; Luakanda-Ndelemo, Gradi; Lawanga, Leader; Mabika-Bope, Elzedek; Lumembe-Numbi, Raphael; Kabamba-Lungenyi, Gabriel; Kelvin, D. J.; Pratt, Catherine; Ayouba, Ahidjo; Tessema, Sofonias; Mukadi-Bamuleka, Daniel; Jansen, Daan; Halbrook, Megan; Merrit, Sydney; Hensley, Lisa; Delaporte, Eric; Mwamba, Dieudonne; Liesenborghs, Laurens; Hoff, Nicole; Peeters, Martine; Low, Nicola; Rimoin, Anne; Kindrachuk, Jason; Vercauteren, Koen; Rambaut, Andrew; Ahuka-Mundeke, Steve; Muyembe-Tamfum, Jean-Jacques"
PP_004BHA5,Ia,None,Democratic Republic of the Congo,Mongala,2025-05-26,187441,0.8920282542885973,2025-10-21,"Mapenzi-Kashali, Nelson; Citenga, Andre; Mbala-Kingebeni, Placide; Wawina-Bokalanga, Tony; Kinganda-Lusamaki, Eddy; Pukuta-Simbu, Elisabeth; Hasivirwe-Vakaniaki, Emmanuel; Ola-Mpumbe, Rilia; Kwete-Mbokama, Papy; Akil-Bandali, Prince; Kacita, Cris; Ponga-Museme, Ange; Vakaniaki, Gloria; Amuri-Aziza, Adrienne; Kenye, Kelly-Michel; Muyamuna, Elisabeth; Kavira-Bapitani, Sifa; Mukadi, Patrick; OToole, Aine; Tshiani-Mbaya, Olivier; Paku-Tshambu, Princesse; Lokilo-Lofiko, Emmanuel; Muswamba-Kayembe, Chloe; Makangara-Cigolo, Jean-Claude; Cikaya-Kankolongo, Fiston; Luakanda-Ndelemo, Gradi; Lawanga, Leader; Mabika-Bope, Elzedek; Lumembe-Numbi, Raphael; Kabamba-Lungenyi, Gabriel; Kelvin, D. J.; Pratt, Catherine; Ayouba, Ahidjo; Tessema, Sofonias; Mukadi-Bamuleka, Daniel; Jansen, Daan; Halbrook, Megan; Merrit, Sydney; Hensley, Lisa; Delaporte, Eric; Mwamba, Dieudonne; Liesenborghs, Laurens; Hoff, Nicole; Peeters, Martine; Low, Nicola; Rimoin, Anne; Kindrachuk, Jason; Vercauteren, Koen; Rambaut, Andrew; Ahuka-Mundeke, Steve; Muyembe-Tamfum, Jean-Jacques"
PP_004BHB3,Ia,None,Democratic Republic of the Congo,Mongala,2025-05-26,187452,0.8923071462255779,2025-10-21,"Mapenzi-Kashali, Nelson; Citenga, Andre; Mbala-Kingebeni, Placide; Wawina-Bokalanga, Tony; Kinganda-Lusamaki, Eddy; Pukuta-Simbu, Elisabeth; Hasivirwe-Vakaniaki, Emmanuel; Ola-Mpumbe, Rilia; Kwete-Mbokama, Papy; Akil-Bandali, Prince; Kacita, Cris; Ponga-Museme, Ange; Vakaniaki, Gloria; Amuri-Aziza, Adrienne; Kenye, Kelly-Michel; Muyamuna, Elisabeth; Kavira-Bapitani, Sifa; Mukadi, Patrick; OToole, Aine; Tshiani-Mbaya, Olivier; Paku-Tshambu, Princesse; Lokilo-Lofiko, Emmanuel; Muswamba-Kayembe, Chloe; Makangara-Cigolo, Jean-Claude; Cikaya-Kankolongo, Fiston; Luakanda-Ndelemo, Gradi; Lawanga, Leader; Mabika-Bope, Elzedek; Lumembe-Numbi, Raphael; Kabamba-Lungenyi, Gabriel; Kelvin, D. J.; Pratt, Catherine; Ayouba, Ahidjo; Tessema, Sofonias; Mukadi-Bamuleka, Daniel; Jansen, Daan; Halbrook, Megan; Merrit, Sydney; Hensley, Lisa; Delaporte, Eric; Mwamba, Dieudonne; Liesenborghs, Laurens; Hoff, Nicole; Peeters, Martine; Low, Nicola; Rimoin, Anne; Kindrachuk, Jason; Vercauteren, Koen; Rambaut, Andrew; Ahuka-Mundeke, Steve; Muyembe-Tamfum, Jean-Jacques"
PP_004BHC1,Ib,A.1,Democratic Republic of the Congo,Kinshasa,2025-05-27,187423,0.8767754007170058,2025-10-21,"Wawina-Bokalanga, Tony; Amuri-Aziza, Adrienne; Mbala-Kingebeni, Placide; Kinganda-Lusamaki, Eddy; Pukuta-Simbu, Elisabeth; Hasivirwe-Vakaniaki, Emmanuel; Ola-Mpumbe, Rilia; Kwete-Mbokama, Papy; Akil-Bandali, Prince; Kacita, Cris; Ponga-Museme, Ange; Mapenzi-Kashali, Nelson; Vakaniaki, Gloria; Kenye, Kelly-Michel; Muyamuna, Elisabeth; Kavira-Bapitani, Sifa; Mukadi, Patrick; OToole, Aine; Tshiani-Mbaya, Olivier; Paku-Tshambu, Princesse; Lokilo-Lofiko, Emmanuel; Muswamba-Kayembe, Chloe; Makangara-Cigolo, Jean-Claude; Cikaya-Kankolongo, Fiston; Luakanda-Ndelemo, Gradi; Lawanga, Leader; Mabika-Bope, Elzedek; Lumembe-Numbi, Raphael; Kabamba-Lungenyi, Gabriel; Citenga, Andre; Kelvin, D. J.; Pratt, Catherine; Ayouba, Ahidjo; Tessema, Sofonias; Mukadi-Bamuleka, Daniel; Jansen, Daan; Halbrook, Megan; Merrit, Sydney; Hensley, Lisa; Delaporte, Eric; Mwamba, Dieudonne; Liesenborghs, Laurens; Hoff, Nicole; Peeters, Martine; Low, Nicola; Rimoin, Anne; Kindrachuk, Jason; Vercauteren, Koen; Rambaut, Andrew; Ahuka-Mundeke, Steve; Muyembe-Tamfum, Jean-Jacques"
PP_004BHDZ,Ia,None,Democratic Republic of the Congo,Tanganyika,2025-05-26,187414,0.8916631593892773,2025-10-21,"Mbala-Kingebeni, Placide; Wawina-Bokalanga, Tony; Kinganda-Lusamaki, Eddy; Pukuta-Simbu, Elisabeth; Hasivirwe-Vakaniaki, Emmanuel; Ola-Mpumbe, Rilia; Kwete-Mbokama, Papy; Akil-Bandali, Prince; Kacita, Cris; Ponga-Museme, Ange; Mapenzi-Kashali, Nelson; Vakaniaki, Gloria; Amuri-Aziza, Adrienne; Kenye, Kelly-Michel; Muyamuna, Elisabeth; Kavira-Bapitani, Sifa; Mukadi, Patrick; OToole, Aine; Tshiani-Mbaya, Olivier; Paku-Tshambu, Princesse; Lokilo-Lofiko, Emmanuel; Muswamba-Kayembe, Chloe; Makangara-Cigolo, Jean-Claude; Cikaya-Kankolongo, Fiston; Luakanda-Ndelemo, Gradi; Lawanga, Leader; Mabika-Bope, Elzedek; Lumembe-Numbi, Raphael; Kabamba-Lungenyi, Gabriel; Citenga, Andre; Kelvin, D. J.; Pratt, Catherine; Ayouba, Ahidjo; Tessema, Sofonias; Mukadi-Bamuleka, Daniel; Jansen, Daan; Halbrook, Megan; Merrit, Sydney; Hensley, Lisa; Delaporte, Eric; Mwamba, Dieudonne; Liesenborghs, Laurens; Hoff, Nicole; Peeters, Martine; Low, Nicola; Rimoin, Anne; Kindrachuk, Jason; Vercauteren, Koen; Rambaut, Andrew; Ahuka-Mundeke, Steve; Muyembe-Tamfum, Jean-Jacques"
PP_004BHEX,Ib,A.1,Democratic Republic of the Congo,Kinshasa,2025-05-26,187407,0.901779330557936,2025-10-21,"Wawina-Bokalanga, Tony; Amuri-Aziza, Adrienne; Mbala-Kingebeni, Placide; Kinganda-Lusamaki, Eddy; Pukuta-Simbu, Elisabeth; Hasivirwe-Vakaniaki, Emmanuel; Ola-Mpumbe, Rilia; Kwete-Mbokama, Papy; Akil-Bandali, Prince; Kacita, Cris; Ponga-Museme, Ange; Mapenzi-Kashali, Nelson; Vakaniaki, Gloria; Kenye, Kelly-Michel; Muyamuna, Elisabeth; Kavira-Bapitani, Sifa; Mukadi, Patrick; OToole, Aine; Tshiani-Mbaya, Olivier; Paku-Tshambu, Princesse; Lokilo-Lofiko, Emmanuel; Muswamba-Kayembe, Chloe; Makangara-Cigolo, Jean-Claude; Cikaya-Kankolongo, Fiston; Luakanda-Ndelemo, Gradi; Lawanga, Leader; Mabika-Bope, Elzedek; Lumembe-Numbi, Raphael; Kabamba-Lungenyi, Gabriel; Citenga, Andre; Kelvin, D. J.; Pratt, Catherine; Ayouba, Ahidjo; Tessema, Sofonias; Mukadi-Bamuleka, Daniel; Jansen, Daan; Halbrook, Megan; Merrit, Sydney; Hensley, Lisa; Delaporte, Eric; Mwamba, Dieudonne; Liesenborghs, Laurens; Hoff, Nicole; Peeters, Martine; Low, Nicola; Rimoin, Anne; Kindrachuk, Jason; Vercauteren, Koen; Rambaut, Andrew; Ahuka-Mundeke, Steve; Muyembe-Tamfum, Jean-Jacques"
PP_004BHFV,Ia,None,Democratic Republic of the Congo,Kinshasa,2025-05-29,187420,0.8971700074540209,2025-10-21,"Wawina-Bokalanga, Tony; Amuri-Aziza, Adrienne; Mbala-Kingebeni, Placide; Kinganda-Lusamaki, Eddy; Pukuta-Simbu, Elisabeth; Hasivirwe-Vakaniaki, Emmanuel; Ola-Mpumbe, Rilia; Kwete-Mbokama, Papy; Akil-Bandali, Prince; Kacita, Cris; Ponga-Museme, Ange; Mapenzi-Kashali, Nelson; Vakaniaki, Gloria; Kenye, Kelly-Michel; Muyamuna, Elisabeth; Kavira-Bapitani, Sifa; Mukadi, Patrick; OToole, Aine; Tshiani-Mbaya, Olivier; Paku-Tshambu, Princesse; Lokilo-Lofiko, Emmanuel; Muswamba-Kayembe, Chloe; Makangara-Cigolo, Jean-Claude; Cikaya-Kankolongo, Fiston; Luakanda-Ndelemo, Gradi; Lawanga, Leader; Mabika-Bope, Elzedek; Lumembe-Numbi, Raphael; Kabamba-Lungenyi, Gabriel; Citenga, Andre; Kelvin, D. J.; Pratt, Catherine; Ayouba, Ahidjo; Tessema, Sofonias; Mukadi-Bamuleka, Daniel; Jansen, Daan; Halbrook, Megan; Merrit, Sydney; Hensley, Lisa; Delaporte, Eric; Mwamba, Dieudonne; Liesenborghs, Laurens; Hoff, Nicole; Peeters, Martine; Low, Nicola; Rimoin, Anne; Kindrachuk, Jason; Vercauteren, Koen; Rambaut, Andrew; Ahuka-Mundeke, Steve; Muyembe-Tamfum, Jean-Jacques"
PP_004BHGT,Ia,None,Democratic Republic of the Congo,Tshopo,2025-04-15,187423,0.8986151747638292,2025-10-21,"Luakanda-Ndelemo, Gradi; Mbala-Kingebeni, Placide; Wawina-Bokalanga, Tony; Kinganda-Lusamaki, Eddy; Pukuta-Simbu, Elisabeth; Hasivirwe-Vakaniaki, Emmanuel; Ola-Mpumbe, Rilia; Kwete-Mbokama, Papy; Akil-Bandali, Prince; Kacita, Cris; Ponga-Museme, Ange; Mapenzi-Kashali, Nelson; Vakaniaki, Gloria; Amuri-Aziza, Adrienne; Kenye, Kelly-Michel; Muyamuna, Elisabeth; Kavira-Bapitani, Sifa; Mukadi, Patrick; OToole, Aine; Tshiani-Mbaya, Olivier; Paku-Tshambu, Princesse; Lokilo-Lofiko, Emmanuel; Muswamba-Kayembe, Chloe; Makangara-Cigolo, Jean-Claude; Cikaya-Kankolongo, Fiston; Lawanga, Leader; Mabika-Bope, Elzedek; Lumembe-Numbi, Raphael; Kabamba-Lungenyi, Gabriel; Citenga, Andre; Kelvin, D. J.; Pratt, Catherine; Ayouba, Ahidjo; Tessema, Sofonias; Mukadi-Bamuleka, Daniel; Jansen, Daan; Halbrook, Megan; Merrit, Sydney; Hensley, Lisa; Delaporte, Eric; Mwamba, Dieudonne; Liesenborghs, Laurens; Hoff, Nicole; Peeters, Martine; Low, Nicola; Rimoin, Anne; Kindrachuk, Jason; Vercauteren, Koen; Rambaut, Andrew; Ahuka-Mundeke, Steve; Muyembe-Tamfum, Jean-Jacques"
PP_004BHHQ,Ia,None,Democratic Republic of the Congo,Tshopo,2025-06-03,187425,0.8986608116262442,2025-10-21,"Luakanda-Ndelemo, Gradi; Mbala-Kingebeni, Placide; Wawina-Bokalanga, Tony; Kinganda-Lusamaki, Eddy; Pukuta-Simbu, Elisabeth; Hasivirwe-Vakaniaki, Emmanuel; Ola-Mpumbe, Rilia; Kwete-Mbokama, Papy; Akil-Bandali, Prince; Kacita, Cris; Ponga-Museme, Ange; Mapenzi-Kashali, Nelson; Vakaniaki, Gloria; Amuri-Aziza, Adrienne; Kenye, Kelly-Michel; Muyamuna, Elisabeth; Kavira-Bapitani, Sifa; Mukadi, Patrick; OToole, Aine; Tshiani-Mbaya, Olivier; Paku-Tshambu, Princesse; Lokilo-Lofiko, Emmanuel; Muswamba-Kayembe, Chloe; Makangara-Cigolo, Jean-Claude; Cikaya-Kankolongo, Fiston; Lawanga, Leader; Mabika-Bope, Elzedek; Lumembe-Numbi, Raphael; Kabamba-Lungenyi, Gabriel; Citenga, Andre; Kelvin, D. J.; Pratt, Catherine; Ayouba, Ahidjo; Tessema, Sofonias; Mukadi-Bamuleka, Daniel; Jansen, Daan; Halbrook, Megan; Merrit, Sydney; Hensley, Lisa; Delaporte, Eric; Mwamba, Dieudonne; Liesenborghs, Laurens; Hoff, Nicole; Peeters, Martine; Low, Nicola; Rimoin, Anne; Kindrachuk, Jason; Vercauteren, Koen; Rambaut, Andrew; Ahuka-Mundeke, Steve; Muyembe-Tamfum, Jean-Jacques"
PP_004BHJN,Ia,None,Democratic Republic of the Congo,Tshopo,2025-06-03,187412,0.8956538494693447,2025-10-21,"Luakanda-Ndelemo, Gradi; Mbala-Kingebeni, Placide; Wawina-Bokalanga, Tony; Kinganda-Lusamaki, Eddy; Pukuta-Simbu, Elisabeth; Hasivirwe-Vakaniaki, Emmanuel; Ola-Mpumbe, Rilia; Kwete-Mbokama, Papy; Akil-Bandali, Prince; Kacita, Cris; Ponga-Museme, Ange; Mapenzi-Kashali, Nelson; Vakaniaki, Gloria; Amuri-Aziza, Adrienne; Kenye, Kelly-Michel; Muyamuna, Elisabeth; Kavira-Bapitani, Sifa; Mukadi, Patrick; OToole, Aine; Tshiani-Mbaya, Olivier; Paku-Tshambu, Princesse; Lokilo-Lofiko, Emmanuel; Muswamba-Kayembe, Chloe; Makangara-Cigolo, Jean-Claude; Cikaya-Kankolongo, Fiston; Lawanga, Leader; Mabika-Bope, Elzedek; Lumembe-Numbi, Raphael; Kabamba-Lungenyi, Gabriel; Citenga, Andre; Kelvin, D. J.; Pratt, Catherine; Ayouba, Ahidjo; Tessema, Sofonias; Mukadi-Bamuleka, Daniel; Jansen, Daan; Halbrook, Megan; Merrit, Sydney; Hensley, Lisa; Delaporte, Eric; Mwamba, Dieudonne; Liesenborghs, Laurens; Hoff, Nicole; Peeters, Martine; Low, Nicola; Rimoin, Anne; Kindrachuk, Jason; Vercauteren, Koen; Rambaut, Andrew; Ahuka-Mundeke, Steve; Muyembe-Tamfum, Jean-Jacques"
PP_004BHKL,Ib,A.1,Democratic Republic of the Congo,Kinshasa,2025-05-23,187412,0.8979001972526609,2025-10-21,"Wawina-Bokalanga, Tony; Amuri-Aziza, Adrienne; Mbala-Kingebeni, Placide; Kinganda-Lusamaki, Eddy; Pukuta-Simbu, Elisabeth; Hasivirwe-Vakaniaki, Emmanuel; Ola-Mpumbe, Rilia; Kwete-Mbokama, Papy; Akil-Bandali, Prince; Kacita, Cris; Ponga-Museme, Ange; Mapenzi-Kashali, Nelson; Vakaniaki, Gloria; Kenye, Kelly-Michel; Muyamuna, Elisabeth; Kavira-Bapitani, Sifa; Mukadi, Patrick; OToole, Aine; Tshiani-Mbaya, Olivier; Paku-Tshambu, Princesse; Lokilo-Lofiko, Emmanuel; Muswamba-Kayembe, Chloe; Makangara-Cigolo, Jean-Claude; Cikaya-Kankolongo, Fiston; Luakanda-Ndelemo, Gradi; Lawanga, Leader; Mabika-Bope, Elzedek; Lumembe-Numbi, Raphael; Kabamba-Lungenyi, Gabriel; Citenga, Andre; Kelvin, D. J.; Pratt, Catherine; Ayouba, Ahidjo; Tessema, Sofonias; Mukadi-Bamuleka, Daniel; Jansen, Daan; Halbrook, Megan; Merrit, Sydney; Hensley, Lisa; Delaporte, Eric; Mwamba, Dieudonne; Liesenborghs, Laurens; Hoff, Nicole; Peeters, Martine; Low, Nicola; Rimoin, Anne; Kindrachuk, Jason; Vercauteren, Koen; Rambaut, Andrew; Ahuka-Mundeke, Steve; Muyembe-Tamfum, Jean-Jacques"
PP_004BHLJ,Ib,A.1,Democratic Republic of the Congo,Kinshasa,2025-06-02,187398,0.8480444604455172,2025-10-21,"Wawina-Bokalanga, Tony; Amuri-Aziza, Adrienne; Mbala-Kingebeni, Placide; Kinganda-Lusamaki, Eddy; Pukuta-Simbu, Elisabeth; Hasivirwe-Vakaniaki, Emmanuel; Ola-Mpumbe, Rilia; Kwete-Mbokama, Papy; Akil-Bandali, Prince; Kacita, Cris; Ponga-Museme, Ange; Mapenzi-Kashali, Nelson; Vakaniaki, Gloria; Kenye, Kelly-Michel; Muyamuna, Elisabeth; Kavira-Bapitani, Sifa; Mukadi, Patrick; OToole, Aine; Tshiani-Mbaya, Olivier; Paku-Tshambu, Princesse; Lokilo-Lofiko, Emmanuel; Muswamba-Kayembe, Chloe; Makangara-Cigolo, Jean-Claude; Cikaya-Kankolongo, Fiston; Luakanda-Ndelemo, Gradi; Lawanga, Leader; Mabika-Bope, Elzedek; Lumembe-Numbi, Raphael; Kabamba-Lungenyi, Gabriel; Citenga, Andre; Kelvin, D. J.; Pratt, Catherine; Ayouba, Ahidjo; Tessema, Sofonias; Mukadi-Bamuleka, Daniel; Jansen, Daan; Halbrook, Megan; Merrit, Sydney; Hensley, Lisa; Delaporte, Eric; Mwamba, Dieudonne; Liesenborghs, Laurens; Hoff, Nicole; Peeters, Martine; Low, Nicola; Rimoin, Anne; Kindrachuk, Jason; Vercauteren, Koen; Rambaut, Andrew; Ahuka-Mundeke, Steve; Muyembe-Tamfum, Jean-Jacques"
PP_004BHMG,Ib,A.1,Democratic Republic of the Congo,Kinshasa,2025-06-04,187413,0.8665172481986116,2025-10-21,"Wawina-Bokalanga, Tony; Amuri-Aziza, Adrienne; Mbala-Kingebeni, Placide; Kinganda-Lusamaki, Eddy; Pukuta-Simbu, Elisabeth; Hasivirwe-Vakaniaki, Emmanuel; Ola-Mpumbe, Rilia; Kwete-Mbokama, Papy; Akil-Bandali, Prince; Kacita, Cris; Ponga-Museme, Ange; Mapenzi-Kashali, Nelson; Vakaniaki, Gloria; Kenye, Kelly-Michel; Muyamuna, Elisabeth; Kavira-Bapitani, Sifa; Mukadi, Patrick; OToole, Aine; Tshiani-Mbaya, Olivier; Paku-Tshambu, Princesse; Lokilo-Lofiko, Emmanuel; Muswamba-Kayembe, Chloe; Makangara-Cigolo, Jean-Claude; Cikaya-Kankolongo, Fiston; Luakanda-Ndelemo, Gradi; Lawanga, Leader; Mabika-Bope, Elzedek; Lumembe-Numbi, Raphael; Kabamba-Lungenyi, Gabriel; Citenga, Andre; Kelvin, D. J.; Pratt, Catherine; Ayouba, Ahidjo; Tessema, Sofonias; Mukadi-Bamuleka, Daniel; Jansen, Daan; Halbrook, Megan; Merrit, Sydney; Hensley, Lisa; Delaporte, Eric; Mwamba, Dieudonne; Liesenborghs, Laurens; Hoff, Nicole; Peeters, Martine; Low, Nicola; Rimoin, Anne; Kindrachuk, Jason; Vercauteren, Koen; Rambaut, Andrew; Ahuka-Mundeke, Steve; Muyembe-Tamfum, Jean-Jacques"
PP_004BHNE,Ia,None,Democratic Republic of the Congo,Kongo-Central,2025-05-28,187403,0.7450826280747836,2025-10-21,"Mbala-Kingebeni, Placide; Wawina-Bokalanga, Tony; Kinganda-Lusamaki, Eddy; Pukuta-Simbu, Elisabeth; Hasivirwe-Vakaniaki, Emmanuel; Ola-Mpumbe, Rilia; Kwete-Mbokama, Papy; Akil-Bandali, Prince; Kacita, Cris; Ponga-Museme, Ange; Mapenzi-Kashali, Nelson; Vakaniaki, Gloria; Amuri-Aziza, Adrienne; Kenye, Kelly-Michel; Muyamuna, Elisabeth; Kavira-Bapitani, Sifa; Mukadi, Patrick; OToole, Aine; Tshiani-Mbaya, Olivier; Paku-Tshambu, Princesse; Lokilo-Lofiko, Emmanuel; Muswamba-Kayembe, Chloe; Makangara-Cigolo, Jean-Claude; Cikaya-Kankolongo, Fiston; Luakanda-Ndelemo, Gradi; Lawanga, Leader; Mabika-Bope, Elzedek; Lumembe-Numbi, Raphael; Kabamba-Lungenyi, Gabriel; Citenga, Andre; Kelvin, D. J.; Pratt, Catherine; Ayouba, Ahidjo; Tessema, Sofonias; Mukadi-Bamuleka, Daniel; Jansen, Daan; Halbrook, Megan; Merrit, Sydney; Hensley, Lisa; Delaporte, Eric; Mwamba, Dieudonne; Liesenborghs, Laurens; Hoff, Nicole; Peeters, Martine; Low, Nicola; Rimoin, Anne; Kindrachuk, Jason; Vercauteren, Koen; Rambaut, Andrew; Ahuka-Mundeke, Steve; Muyembe-Tamfum, Jean-Jacques"
PP_004BHPC,Ib,A.1,Democratic Republic of the Congo,Kinshasa,2025-05-28,187384,0.9048167172897787,2025-10-21,"Wawina-Bokalanga, Tony; Amuri-Aziza, Adrienne; Mbala-Kingebeni, Placide; Kinganda-Lusamaki, Eddy; Pukuta-Simbu, Elisabeth; Hasivirwe-Vakaniaki, Emmanuel; Ola-Mpumbe, Rilia; Kwete-Mbokama, Papy; Akil-Bandali, Prince; Kacita, Cris; Ponga-Museme, Ange; Mapenzi-Kashali, Nelson; Vakaniaki, Gloria; Kenye, Kelly-Michel; Muyamuna, Elisabeth; Kavira-Bapitani, Sifa; Mukadi, Patrick; OToole, Aine; Tshiani-Mbaya, Olivier; Paku-Tshambu, Princesse; Lokilo-Lofiko, Emmanuel; Muswamba-Kayembe, Chloe; Makangara-Cigolo, Jean-Claude; Cikaya-Kankolongo, Fiston; Luakanda-Ndelemo, Gradi; Lawanga, Leader; Mabika-Bope, Elzedek; Lumembe-Numbi, Raphael; Kabamba-Lungenyi, Gabriel; Citenga, Andre; Kelvin, D. J.; Pratt, Catherine; Ayouba, Ahidjo; Tessema, Sofonias; Mukadi-Bamuleka, Daniel; Jansen, Daan; Halbrook, Megan; Merrit, Sydney; Hensley, Lisa; Delaporte, Eric; Mwamba, Dieudonne; Liesenborghs, Laurens; Hoff, Nicole; Peeters, Martine; Low, Nicola; Rimoin, Anne; Kindrachuk, Jason; Vercauteren, Koen; Rambaut, Andrew; Ahuka-Mundeke, Steve; Muyembe-Tamfum, Jean-Jacques"
PP_004BHQA,Ib,A.1,Democratic Republic of the Congo,Kinshasa,2025-06-04,187445,0.8810703365465065,2025-10-21,"Wawina-Bokalanga, Tony; Amuri-Aziza, Adrienne; Mbala-Kingebeni, Placide; Kinganda-Lusamaki, Eddy; Pukuta-Simbu, Elisabeth; Hasivirwe-Vakaniaki, Emmanuel; Ola-Mpumbe, Rilia; Kwete-Mbokama, Papy; Akil-Bandali, Prince; Kacita, Cris; Ponga-Museme, Ange; Mapenzi-Kashali, Nelson; Vakaniaki, Gloria; Kenye, Kelly-Michel; Muyamuna, Elisabeth; Kavira-Bapitani, Sifa; Mukadi, Patrick; OToole, Aine; Tshiani-Mbaya, Olivier; Paku-Tshambu, Princesse; Lokilo-Lofiko, Emmanuel; Muswamba-Kayembe, Chloe; Makangara-Cigolo, Jean-Claude; Cikaya-Kankolongo, Fiston; Luakanda-Ndelemo, Gradi; Lawanga, Leader; Mabika-Bope, Elzedek; Lumembe-Numbi, Raphael; Kabamba-Lungenyi, Gabriel; Citenga, Andre; Kelvin, D. J.; Pratt, Catherine; Ayouba, Ahidjo; Tessema, Sofonias; Mukadi-Bamuleka, Daniel; Jansen, Daan; Halbrook, Megan; Merrit, Sydney; Hensley, Lisa; Delaporte, Eric; Mwamba, Dieudonne; Liesenborghs, Laurens; Hoff, Nicole; Peeters, Martine; Low, Nicola; Rimoin, Anne; Kindrachuk, Jason; Vercauteren, Koen; Rambaut, Andrew; Ahuka-Mundeke, Steve; Muyembe-Tamfum, Jean-Jacques"
PP_004BHR8,Ib,A.1,Democratic Republic of the Congo,Kinshasa,2025-05-31,187403,0.7186538139740073,2025-10-21,"Wawina-Bokalanga, Tony; Amuri-Aziza, Adrienne; Mbala-Kingebeni, Placide; Kinganda-Lusamaki, Eddy; Pukuta-Simbu, Elisabeth; Hasivirwe-Vakaniaki, Emmanuel; Ola-Mpumbe, Rilia; Kwete-Mbokama, Papy; Akil-Bandali, Prince; Kacita, Cris; Ponga-Museme, Ange; Mapenzi-Kashali, Nelson; Vakaniaki, Gloria; Kenye, Kelly-Michel; Muyamuna, Elisabeth; Kavira-Bapitani, Sifa; Mukadi, Patrick; OToole, Aine; Tshiani-Mbaya, Olivier; Paku-Tshambu, Princesse; Lokilo-Lofiko, Emmanuel; Muswamba-Kayembe, Chloe; Makangara-Cigolo, Jean-Claude; Cikaya-Kankolongo, Fiston; Luakanda-Ndelemo, Gradi; Lawanga, Leader; Mabika-Bope, Elzedek; Lumembe-Numbi, Raphael; Kabamba-Lungenyi, Gabriel; Citenga, Andre; Kelvin, D. J.; Pratt, Catherine; Ayouba, Ahidjo; Tessema, Sofonias; Mukadi-Bamuleka, Daniel; Jansen, Daan; Halbrook, Megan; Merrit, Sydney; Hensley, Lisa; Delaporte, Eric; Mwamba, Dieudonne; Liesenborghs, Laurens; Hoff, Nicole; Peeters, Martine; Low, Nicola; Rimoin, Anne; Kindrachuk, Jason; Vercauteren, Koen; Rambaut, Andrew; Ahuka-Mundeke, Steve; Muyembe-Tamfum, Jean-Jacques"
PP_004BHS6,Ia,None,Democratic Republic of the Congo,Bas-Uele,2025-06-06,187444,0.9148618977835696,2025-10-21,"Paku-Tshambu, Princesse; Mbala-Kingebeni, Placide; Wawina-Bokalanga, Tony; Kinganda-Lusamaki, Eddy; Pukuta-Simbu, Elisabeth; Hasivirwe-Vakaniaki, Emmanuel; Ola-Mpumbe, Rilia; Kwete-Mbokama, Papy; Akil-Bandali, Prince; Kacita, Cris; Ponga-Museme, Ange; Mapenzi-Kashali, Nelson; Vakaniaki, Gloria; Amuri-Aziza, Adrienne; Kenye, Kelly-Michel; Muyamuna, Elisabeth; Kavira-Bapitani, Sifa; Mukadi, Patrick; OToole, Aine; Tshiani-Mbaya, Olivier; Lokilo-Lofiko, Emmanuel; Muswamba-Kayembe, Chloe; Makangara-Cigolo, Jean-Claude; Cikaya-Kankolongo, Fiston; Luakanda-Ndelemo, Gradi; Lawanga, Leader; Mabika-Bope, Elzedek; Lumembe-Numbi, Raphael; Kabamba-Lungenyi, Gabriel; Citenga, Andre; Kelvin, D. J.; Pratt, Catherine; Ayouba, Ahidjo; Tessema, Sofonias; Mukadi-Bamuleka, Daniel; Jansen, Daan; Halbrook, Megan; Merrit, Sydney; Hensley, Lisa; Delaporte, Eric; Mwamba, Dieudonne; Liesenborghs, Laurens; Hoff, Nicole; Peeters, Martine; Low, Nicola; Rimoin, Anne; Kindrachuk, Jason; Vercauteren, Koen; Rambaut, Andrew; Ahuka-Mundeke, Steve; Muyembe-Tamfum, Jean-Jacques"
PP_004BHT4,Ia,None,Democratic Republic of the Congo,Bas-Uele,2025-06-06,187403,0.8998068039491098,2025-10-21,"Paku-Tshambu, Princesse; Mbala-Kingebeni, Placide; Wawina-Bokalanga, Tony; Kinganda-Lusamaki, Eddy; Pukuta-Simbu, Elisabeth; Hasivirwe-Vakaniaki, Emmanuel; Ola-Mpumbe, Rilia; Kwete-Mbokama, Papy; Akil-Bandali, Prince; Kacita, Cris; Ponga-Museme, Ange; Mapenzi-Kashali, Nelson; Vakaniaki, Gloria; Amuri-Aziza, Adrienne; Kenye, Kelly-Michel; Muyamuna, Elisabeth; Kavira-Bapitani, Sifa; Mukadi, Patrick; OToole, Aine; Tshiani-Mbaya, Olivier; Lokilo-Lofiko, Emmanuel; Muswamba-Kayembe, Chloe; Makangara-Cigolo, Jean-Claude; Cikaya-Kankolongo, Fiston; Luakanda-Ndelemo, Gradi; Lawanga, Leader; Mabika-Bope, Elzedek; Lumembe-Numbi, Raphael; Kabamba-Lungenyi, Gabriel; Citenga, Andre; Kelvin, D. J.; Pratt, Catherine; Ayouba, Ahidjo; Tessema, Sofonias; Mukadi-Bamuleka, Daniel; Jansen, Daan; Halbrook, Megan; Merrit, Sydney; Hensley, Lisa; Delaporte, Eric; Mwamba, Dieudonne; Liesenborghs, Laurens; Hoff, Nicole; Peeters, Martine; Low, Nicola; Rimoin, Anne; Kindrachuk, Jason; Vercauteren, Koen; Rambaut, Andrew; Ahuka-Mundeke, Steve; Muyembe-Tamfum, Jean-Jacques"
PP_004BHU2,Ia,None,Democratic Republic of the Congo,Kinshasa,2025-06-10,187421,0.9050398308393632,2025-10-21,"Wawina-Bokalanga, Tony; Amuri-Aziza, Adrienne; Mbala-Kingebeni, Placide; Kinganda-Lusamaki, Eddy; Pukuta-Simbu, Elisabeth; Hasivirwe-Vakaniaki, Emmanuel; Ola-Mpumbe, Rilia; Kwete-Mbokama, Papy; Akil-Bandali, Prince; Kacita, Cris; Ponga-Museme, Ange; Mapenzi-Kashali, Nelson; Vakaniaki, Gloria; Kenye, Kelly-Michel; Muyamuna, Elisabeth; Kavira-Bapitani, Sifa; Mukadi, Patrick; OToole, Aine; Tshiani-Mbaya, Olivier; Paku-Tshambu, Princesse; Lokilo-Lofiko, Emmanuel; Muswamba-Kayembe, Chloe; Makangara-Cigolo, Jean-Claude; Cikaya-Kankolongo, Fiston; Luakanda-Ndelemo, Gradi; Lawanga, Leader; Mabika-Bope, Elzedek; Lumembe-Numbi, Raphael; Kabamba-Lungenyi, Gabriel; Citenga, Andre; Kelvin, D. J.; Pratt, Catherine; Ayouba, Ahidjo; Tessema, Sofonias; Mukadi-Bamuleka, Daniel; Jansen, Daan; Halbrook, Megan; Merrit, Sydney; Hensley, Lisa; Delaporte, Eric; Mwamba, Dieudonne; Liesenborghs, Laurens; Hoff, Nicole; Peeters, Martine; Low, Nicola; Rimoin, Anne; Kindrachuk, Jason; Vercauteren, Koen; Rambaut, Andrew; Ahuka-Mundeke, Steve; Muyembe-Tamfum, Jean-Jacques"
PP_004BHV0,Ib,A.1,Democratic Republic of the Congo,Kinshasa,2025-06-06,187391,0.9064038659493228,2025-10-21,"Wawina-Bokalanga, Tony; Amuri-Aziza, Adrienne; Mbala-Kingebeni, Placide; Kinganda-Lusamaki, Eddy; Pukuta-Simbu, Elisabeth; Hasivirwe-Vakaniaki, Emmanuel; Ola-Mpumbe, Rilia; Kwete-Mbokama, Papy; Akil-Bandali, Prince; Kacita, Cris; Ponga-Museme, Ange; Mapenzi-Kashali, Nelson; Vakaniaki, Gloria; Kenye, Kelly-Michel; Muyamuna, Elisabeth; Kavira-Bapitani, Sifa; Mukadi, Patrick; OToole, Aine; Tshiani-Mbaya, Olivier; Paku-Tshambu, Princesse; Lokilo-Lofiko, Emmanuel; Muswamba-Kayembe, Chloe; Makangara-Cigolo, Jean-Claude; Cikaya-Kankolongo, Fiston; Luakanda-Ndelemo, Gradi; Lawanga, Leader; Mabika-Bope, Elzedek; Lumembe-Numbi, Raphael; Kabamba-Lungenyi, Gabriel; Citenga, Andre; Kelvin, D. J.; Pratt, Catherine; Ayouba, Ahidjo; Tessema, Sofonias; Mukadi-Bamuleka, Daniel; Jansen, Daan; Halbrook, Megan; Merrit, Sydney; Hensley, Lisa; Delaporte, Eric; Mwamba, Dieudonne; Liesenborghs, Laurens; Hoff, Nicole; Peeters, Martine; Low, Nicola; Rimoin, Anne; Kindrachuk, Jason; Vercauteren, Koen; Rambaut, Andrew; Ahuka-Mundeke, Steve; Muyembe-Tamfum, Jean-Jacques"
PP_004BHWY,Ib,A.1,Democratic Republic of the Congo,Kinshasa,2025-06-09,187384,0.8859839053998549,2025-10-21,"Wawina-Bokalanga, Tony; Amuri-Aziza, Adrienne; Mbala-Kingebeni, Placide; Kinganda-Lusamaki, Eddy; Pukuta-Simbu, Elisabeth; Hasivirwe-Vakaniaki, Emmanuel; Ola-Mpumbe, Rilia; Kwete-Mbokama, Papy; Akil-Bandali, Prince; Kacita, Cris; Ponga-Museme, Ange; Mapenzi-Kashali, Nelson; Vakaniaki, Gloria; Kenye, Kelly-Michel; Muyamuna, Elisabeth; Kavira-Bapitani, Sifa; Mukadi, Patrick; OToole, Aine; Tshiani-Mbaya, Olivier; Paku-Tshambu, Princesse; Lokilo-Lofiko, Emmanuel; Muswamba-Kayembe, Chloe; Makangara-Cigolo, Jean-Claude; Cikaya-Kankolongo, Fiston; Luakanda-Ndelemo, Gradi; Lawanga, Leader; Mabika-Bope, Elzedek; Lumembe-Numbi, Raphael; Kabamba-Lungenyi, Gabriel; Citenga, Andre; Kelvin, D. J.; Pratt, Catherine; Ayouba, Ahidjo; Tessema, Sofonias; Mukadi-Bamuleka, Daniel; Jansen, Daan; Halbrook, Megan; Merrit, Sydney; Hensley, Lisa; Delaporte, Eric; Mwamba, Dieudonne; Liesenborghs, Laurens; Hoff, Nicole; Peeters, Martine; Low, Nicola; Rimoin, Anne; Kindrachuk, Jason; Vercauteren, Koen; Rambaut, Andrew; Ahuka-Mundeke, Steve; Muyembe-Tamfum, Jean-Jacques"
PP_004BHXW,Ia,None,Democratic Republic of the Congo,Kinshasa,2025-06-07,187412,0.810429544290575,2025-10-21,"Wawina-Bokalanga, Tony; Amuri-Aziza, Adrienne; Mbala-Kingebeni, Placide; Kinganda-Lusamaki, Eddy; Pukuta-Simbu, Elisabeth; Hasivirwe-Vakaniaki, Emmanuel; Ola-Mpumbe, Rilia; Kwete-Mbokama, Papy; Akil-Bandali, Prince; Kacita, Cris; Ponga-Museme, Ange; Mapenzi-Kashali, Nelson; Vakaniaki, Gloria; Kenye, Kelly-Michel; Muyamuna, Elisabeth; Kavira-Bapitani, Sifa; Mukadi, Patrick; OToole, Aine; Tshiani-Mbaya, Olivier; Paku-Tshambu, Princesse; Lokilo-Lofiko, Emmanuel; Muswamba-Kayembe, Chloe; Makangara-Cigolo, Jean-Claude; Cikaya-Kankolongo, Fiston; Luakanda-Ndelemo, Gradi; Lawanga, Leader; Mabika-Bope, Elzedek; Lumembe-Numbi, Raphael; Kabamba-Lungenyi, Gabriel; Citenga, Andre; Kelvin, D. J.; Pratt, Catherine; Ayouba, Ahidjo; Tessema, Sofonias; Mukadi-Bamuleka, Daniel; Jansen, Daan; Halbrook, Megan; Merrit, Sydney; Hensley, Lisa; Delaporte, Eric; Mwamba, Dieudonne; Liesenborghs, Laurens; Hoff, Nicole; Peeters, Martine; Low, Nicola; Rimoin, Anne; Kindrachuk, Jason; Vercauteren, Koen; Rambaut, Andrew; Ahuka-Mundeke, Steve; Muyembe-Tamfum, Jean-Jacques"
PP_004BHYU,Ib,A,Democratic Republic of the Congo,Ituri,2025-06-10,187438,0.8833217550923133,2025-10-21,"Pukuta-Simbu, Elisabeth; Mbala-Kingebeni, Placide; Wawina-Bokalanga, Tony; Kinganda-Lusamaki, Eddy; Hasivirwe-Vakaniaki, Emmanuel; Ola-Mpumbe, Rilia; Kwete-Mbokama, Papy; Akil-Bandali, Prince; Kacita, Cris; Ponga-Museme, Ange; Mapenzi-Kashali, Nelson; Vakaniaki, Gloria; Amuri-Aziza, Adrienne; Kenye, Kelly-Michel; Muyamuna, Elisabeth; Kavira-Bapitani, Sifa; Mukadi, Patrick; OToole, Aine; Tshiani-Mbaya, Olivier; Paku-Tshambu, Princesse; Lokilo-Lofiko, Emmanuel; Muswamba-Kayembe, Chloe; Makangara-Cigolo, Jean-Claude; Cikaya-Kankolongo, Fiston; Luakanda-Ndelemo, Gradi; Lawanga, Leader; Mabika-Bope, Elzedek; Lumembe-Numbi, Raphael; Kabamba-Lungenyi, Gabriel; Citenga, Andre; Kelvin, D. J.; Pratt, Catherine; Ayouba, Ahidjo; Tessema, Sofonias; Mukadi-Bamuleka, Daniel; Jansen, Daan; Halbrook, Megan; Merrit, Sydney; Hensley, Lisa; Delaporte, Eric; Mwamba, Dieudonne; Liesenborghs, Laurens; Hoff, Nicole; Peeters, Martine; Low, Nicola; Rimoin, Anne; Kindrachuk, Jason; Vercauteren, Koen; Rambaut, Andrew; Ahuka-Mundeke, Steve; Muyembe-Tamfum, Jean-Jacques"
PP_004BHZS,Ia,None,Democratic Republic of the Congo,Mai-Ndombe,2025-06-10,187458,0.7257731645107475,2025-10-21,"Kenye, Kelly-Michel; Mbala-Kingebeni, Placide; Wawina-Bokalanga, Tony; Kinganda-Lusamaki, Eddy; Pukuta-Simbu, Elisabeth; Hasivirwe-Vakaniaki, Emmanuel; Ola-Mpumbe, Rilia; Kwete-Mbokama, Papy; Akil-Bandali, Prince; Kacita, Cris; Ponga-Museme, Ange; Mapenzi-Kashali, Nelson; Vakaniaki, Gloria; Amuri-Aziza, Adrienne; Muyamuna, Elisabeth; Kavira-Bapitani, Sifa; Mukadi, Patrick; OToole, Aine; Tshiani-Mbaya, Olivier; Paku-Tshambu, Princesse; Lokilo-Lofiko, Emmanuel; Muswamba-Kayembe, Chloe; Makangara-Cigolo, Jean-Claude; Cikaya-Kankolongo, Fiston; Luakanda-Ndelemo, Gradi; Lawanga, Leader; Mabika-Bope, Elzedek; Lumembe-Numbi, Raphael; Kabamba-Lungenyi, Gabriel; Citenga, Andre; Kelvin, D. J.; Pratt, Catherine; Ayouba, Ahidjo; Tessema, Sofonias; Mukadi-Bamuleka, Daniel; Jansen, Daan; Halbrook, Megan; Merrit, Sydney; Hensley, Lisa; Delaporte, Eric; Mwamba, Dieudonne; Liesenborghs, Laurens; Hoff, Nicole; Peeters, Martine; Low, Nicola; Rimoin, Anne; Kindrachuk, Jason; Vercauteren, Koen; Rambaut, Andrew; Ahuka-Mundeke, Steve; Muyembe-Tamfum, Jean-Jacques"
PP_004BJ0Q,Ia,None,Democratic Republic of the Congo,Kinshasa,2025-06-02,187420,0.904334994853176,2025-10-21,"Wawina-Bokalanga, Tony; Amuri-Aziza, Adrienne; Mbala-Kingebeni, Placide; Kinganda-Lusamaki, Eddy; Pukuta-Simbu, Elisabeth; Hasivirwe-Vakaniaki, Emmanuel; Ola-Mpumbe, Rilia; Kwete-Mbokama, Papy; Akil-Bandali, Prince; Kacita, Cris; Ponga-Museme, Ange; Mapenzi-Kashali, Nelson; Vakaniaki, Gloria; Kenye, Kelly-Michel; Muyamuna, Elisabeth; Kavira-Bapitani, Sifa; Mukadi, Patrick; OToole, Aine; Tshiani-Mbaya, Olivier; Paku-Tshambu, Princesse; Lokilo-Lofiko, Emmanuel; Muswamba-Kayembe, Chloe; Makangara-Cigolo, Jean-Claude; Cikaya-Kankolongo, Fiston; Luakanda-Ndelemo, Gradi; Lawanga, Leader; Mabika-Bope, Elzedek; Lumembe-Numbi, Raphael; Kabamba-Lungenyi, Gabriel; Citenga, Andre; Kelvin, D. J.; Pratt, Catherine; Ayouba, Ahidjo; Tessema, Sofonias; Mukadi-Bamuleka, Daniel; Jansen, Daan; Halbrook, Megan; Merrit, Sydney; Hensley, Lisa; Delaporte, Eric; Mwamba, Dieudonne; Liesenborghs, Laurens; Hoff, Nicole; Peeters, Martine; Low, Nicola; Rimoin, Anne; Kindrachuk, Jason; Vercauteren, Koen; Rambaut, Andrew; Ahuka-Mundeke, Steve; Muyembe-Tamfum, Jean-Jacques"
PP_004BJ1N,Ia,None,Democratic Republic of the Congo,Kinshasa,2025-06-04,187421,0.9054505626010984,2025-10-21,"Wawina-Bokalanga, Tony; Amuri-Aziza, Adrienne; Mbala-Kingebeni, Placide; Kinganda-Lusamaki, Eddy; Pukuta-Simbu, Elisabeth; Hasivirwe-Vakaniaki, Emmanuel; Ola-Mpumbe, Rilia; Kwete-Mbokama, Papy; Akil-Bandali, Prince; Kacita, Cris; Ponga-Museme, Ange; Mapenzi-Kashali, Nelson; Vakaniaki, Gloria; Kenye, Kelly-Michel; Muyamuna, Elisabeth; Kavira-Bapitani, Sifa; Mukadi, Patrick; OToole, Aine; Tshiani-Mbaya, Olivier; Paku-Tshambu, Princesse; Lokilo-Lofiko, Emmanuel; Muswamba-Kayembe, Chloe; Makangara-Cigolo, Jean-Claude; Cikaya-Kankolongo, Fiston; Luakanda-Ndelemo, Gradi; Lawanga, Leader; Mabika-Bope, Elzedek; Lumembe-Numbi, Raphael; Kabamba-Lungenyi, Gabriel; Citenga, Andre; Kelvin, D. J.; Pratt, Catherine; Ayouba, Ahidjo; Tessema, Sofonias; Mukadi-Bamuleka, Daniel; Jansen, Daan; Halbrook, Megan; Merrit, Sydney; Hensley, Lisa; Delaporte, Eric; Mwamba, Dieudonne; Liesenborghs, Laurens; Hoff, Nicole; Peeters, Martine; Low, Nicola; Rimoin, Anne; Kindrachuk, Jason; Vercauteren, Koen; Rambaut, Andrew; Ahuka-Mundeke, Steve; Muyembe-Tamfum, Jean-Jacques"
PP_004BJ2L,Ib,A.1,Democratic Republic of the Congo,Kinshasa,2025-06-09,187418,0.8791079514626614,2025-10-21,"Wawina-Bokalanga, Tony; Amuri-Aziza, Adrienne; Mbala-Kingebeni, Placide; Kinganda-Lusamaki, Eddy; Pukuta-Simbu, Elisabeth; Hasivirwe-Vakaniaki, Emmanuel; Ola-Mpumbe, Rilia; Kwete-Mbokama, Papy; Akil-Bandali, Prince; Kacita, Cris; Ponga-Museme, Ange; Mapenzi-Kashali, Nelson; Vakaniaki, Gloria; Kenye, Kelly-Michel; Muyamuna, Elisabeth; Kavira-Bapitani, Sifa; Mukadi, Patrick; OToole, Aine; Tshiani-Mbaya, Olivier; Paku-Tshambu, Princesse; Lokilo-Lofiko, Emmanuel; Muswamba-Kayembe, Chloe; Makangara-Cigolo, Jean-Claude; Cikaya-Kankolongo, Fiston; Luakanda-Ndelemo, Gradi; Lawanga, Leader; Mabika-Bope, Elzedek; Lumembe-Numbi, Raphael; Kabamba-Lungenyi, Gabriel; Citenga, Andre; Kelvin, D. J.; Pratt, Catherine; Ayouba, Ahidjo; Tessema, Sofonias; Mukadi-Bamuleka, Daniel; Jansen, Daan; Halbrook, Megan; Merrit, Sydney; Hensley, Lisa; Delaporte, Eric; Mwamba, Dieudonne; Liesenborghs, Laurens; Hoff, Nicole; Peeters, Martine; Low, Nicola; Rimoin, Anne; Kindrachuk, Jason; Vercauteren, Koen; Rambaut, Andrew; Ahuka-Mundeke, Steve; Muyembe-Tamfum, Jean-Jacques"
PP_004BJ3J,Ia,None,Democratic Republic of the Congo,Kinshasa,2025-06-11,187414,0.906140186299814,2025-10-21,"Wawina-Bokalanga, Tony; Amuri-Aziza, Adrienne; Mbala-Kingebeni, Placide; Kinganda-Lusamaki, Eddy; Pukuta-Simbu, Elisabeth; Hasivirwe-Vakaniaki, Emmanuel; Ola-Mpumbe, Rilia; Kwete-Mbokama, Papy; Akil-Bandali, Prince; Kacita, Cris; Ponga-Museme, Ange; Mapenzi-Kashali, Nelson; Vakaniaki, Gloria; Kenye, Kelly-Michel; Muyamuna, Elisabeth; Kavira-Bapitani, Sifa; Mukadi, Patrick; OToole, Aine; Tshiani-Mbaya, Olivier; Paku-Tshambu, Princesse; Lokilo-Lofiko, Emmanuel; Muswamba-Kayembe, Chloe; Makangara-Cigolo, Jean-Claude; Cikaya-Kankolongo, Fiston; Luakanda-Ndelemo, Gradi; Lawanga, Leader; Mabika-Bope, Elzedek; Lumembe-Numbi, Raphael; Kabamba-Lungenyi, Gabriel; Citenga, Andre; Kelvin, D. J.; Pratt, Catherine; Ayouba, Ahidjo; Tessema, Sofonias; Mukadi-Bamuleka, Daniel; Jansen, Daan; Halbrook, Megan; Merrit, Sydney; Hensley, Lisa; Delaporte, Eric; Mwamba, Dieudonne; Liesenborghs, Laurens; Hoff, Nicole; Peeters, Martine; Low, Nicola; Rimoin, Anne; Kindrachuk, Jason; Vercauteren, Koen; Rambaut, Andrew; Ahuka-Mundeke, Steve; Muyembe-Tamfum, Jean-Jacques"
PP_004BJ4G,Ib,A.1,Democratic Republic of the Congo,Kinshasa,2025-06-11,187426,0.8762835367554219,2025-10-21,"Wawina-Bokalanga, Tony; Amuri-Aziza, Adrienne; Mbala-Kingebeni, Placide; Kinganda-Lusamaki, Eddy; Pukuta-Simbu, Elisabeth; Hasivirwe-Vakaniaki, Emmanuel; Ola-Mpumbe, Rilia; Kwete-Mbokama, Papy; Akil-Bandali, Prince; Kacita, Cris; Ponga-Museme, Ange; Mapenzi-Kashali, Nelson; Vakaniaki, Gloria; Kenye, Kelly-Michel; Muyamuna, Elisabeth; Kavira-Bapitani, Sifa; Mukadi, Patrick; OToole, Aine; Tshiani-Mbaya, Olivier; Paku-Tshambu, Princesse; Lokilo-Lofiko, Emmanuel; Muswamba-Kayembe, Chloe; Makangara-Cigolo, Jean-Claude; Cikaya-Kankolongo, Fiston; Luakanda-Ndelemo, Gradi; Lawanga, Leader; Mabika-Bope, Elzedek; Lumembe-Numbi, Raphael; Kabamba-Lungenyi, Gabriel; Citenga, Andre; Kelvin, D. J.; Pratt, Catherine; Ayouba, Ahidjo; Tessema, Sofonias; Mukadi-Bamuleka, Daniel; Jansen, Daan; Halbrook, Megan; Merrit, Sydney; Hensley, Lisa; Delaporte, Eric; Mwamba, Dieudonne; Liesenborghs, Laurens; Hoff, Nicole; Peeters, Martine; Low, Nicola; Rimoin, Anne; Kindrachuk, Jason; Vercauteren, Koen; Rambaut, Andrew; Ahuka-Mundeke, Steve; Muyembe-Tamfum, Jean-Jacques"
PP_004BJ5E,Ia,None,Democratic Republic of the Congo,Kinshasa,2025-06-12,187421,0.9057142422506071,2025-10-21,"Wawina-Bokalanga, Tony; Amuri-Aziza, Adrienne; Mbala-Kingebeni, Placide; Kinganda-Lusamaki, Eddy; Pukuta-Simbu, Elisabeth; Hasivirwe-Vakaniaki, Emmanuel; Ola-Mpumbe, Rilia; Kwete-Mbokama, Papy; Akil-Bandali, Prince; Kacita, Cris; Ponga-Museme, Ange; Mapenzi-Kashali, Nelson; Vakaniaki, Gloria; Kenye, Kelly-Michel; Muyamuna, Elisabeth; Kavira-Bapitani, Sifa; Mukadi, Patrick; OToole, Aine; Tshiani-Mbaya, Olivier; Paku-Tshambu, Princesse; Lokilo-Lofiko, Emmanuel; Muswamba-Kayembe, Chloe; Makangara-Cigolo, Jean-Claude; Cikaya-Kankolongo, Fiston; Luakanda-Ndelemo, Gradi; Lawanga, Leader; Mabika-Bope, Elzedek; Lumembe-Numbi, Raphael; Kabamba-Lungenyi, Gabriel; Citenga, Andre; Kelvin, D. J.; Pratt, Catherine; Ayouba, Ahidjo; Tessema, Sofonias; Mukadi-Bamuleka, Daniel; Jansen, Daan; Halbrook, Megan; Merrit, Sydney; Hensley, Lisa; Delaporte, Eric; Mwamba, Dieudonne; Liesenborghs, Laurens; Hoff, Nicole; Peeters, Martine; Low, Nicola; Rimoin, Anne; Kindrachuk, Jason; Vercauteren, Koen; Rambaut, Andrew; Ahuka-Mundeke, Steve; Muyembe-Tamfum, Jean-Jacques"
PP_004BJ6C,Ib,A.1,Democratic Republic of the Congo,Kinshasa,2025-06-10,187407,0.8776120765279475,2025-10-21,"Wawina-Bokalanga, Tony; Amuri-Aziza, Adrienne; Mbala-Kingebeni, Placide; Kinganda-Lusamaki, Eddy; Pukuta-Simbu, Elisabeth; Hasivirwe-Vakaniaki, Emmanuel; Ola-Mpumbe, Rilia; Kwete-Mbokama, Papy; Akil-Bandali, Prince; Kacita, Cris; Ponga-Museme, Ange; Mapenzi-Kashali, Nelson; Vakaniaki, Gloria; Kenye, Kelly-Michel; Muyamuna, Elisabeth; Kavira-Bapitani, Sifa; Mukadi, Patrick; OToole, Aine; Tshiani-Mbaya, Olivier; Paku-Tshambu, Princesse; Lokilo-Lofiko, Emmanuel; Muswamba-Kayembe, Chloe; Makangara-Cigolo, Jean-Claude; Cikaya-Kankolongo, Fiston; Luakanda-Ndelemo, Gradi; Lawanga, Leader; Mabika-Bope, Elzedek; Lumembe-Numbi, Raphael; Kabamba-Lungenyi, Gabriel; Citenga, Andre; Kelvin, D. J.; Pratt, Catherine; Ayouba, Ahidjo; Tessema, Sofonias; Mukadi-Bamuleka, Daniel; Jansen, Daan; Halbrook, Megan; Merrit, Sydney; Hensley, Lisa; Delaporte, Eric; Mwamba, Dieudonne; Liesenborghs, Laurens; Hoff, Nicole; Peeters, Martine; Low, Nicola; Rimoin, Anne; Kindrachuk, Jason; Vercauteren, Koen; Rambaut, Andrew; Ahuka-Mundeke, Steve; Muyembe-Tamfum, Jean-Jacques"
PP_004BJ7A,Ib,A.1,Democratic Republic of the Congo,Kinshasa,2025-06-10,187399,0.8704166645538489,2025-10-21,"Wawina-Bokalanga, Tony; Amuri-Aziza, Adrienne; Mbala-Kingebeni, Placide; Kinganda-Lusamaki, Eddy; Pukuta-Simbu, Elisabeth; Hasivirwe-Vakaniaki, Emmanuel; Ola-Mpumbe, Rilia; Kwete-Mbokama, Papy; Akil-Bandali, Prince; Kacita, Cris; Ponga-Museme, Ange; Mapenzi-Kashali, Nelson; Vakaniaki, Gloria; Kenye, Kelly-Michel; Muyamuna, Elisabeth; Kavira-Bapitani, Sifa; Mukadi, Patrick; OToole, Aine; Tshiani-Mbaya, Olivier; Paku-Tshambu, Princesse; Lokilo-Lofiko, Emmanuel; Muswamba-Kayembe, Chloe; Makangara-Cigolo, Jean-Claude; Cikaya-Kankolongo, Fiston; Luakanda-Ndelemo, Gradi; Lawanga, Leader; Mabika-Bope, Elzedek; Lumembe-Numbi, Raphael; Kabamba-Lungenyi, Gabriel; Citenga, Andre; Kelvin, D. J.; Pratt, Catherine; Ayouba, Ahidjo; Tessema, Sofonias; Mukadi-Bamuleka, Daniel; Jansen, Daan; Halbrook, Megan; Merrit, Sydney; Hensley, Lisa; Delaporte, Eric; Mwamba, Dieudonne; Liesenborghs, Laurens; Hoff, Nicole; Peeters, Martine; Low, Nicola; Rimoin, Anne; Kindrachuk, Jason; Vercauteren, Koen; Rambaut, Andrew; Ahuka-Mundeke, Steve; Muyembe-Tamfum, Jean-Jacques"
PP_004BJ88,Ia,None,Democratic Republic of the Congo,Kinshasa,2025-05-23,187412,0.8447586063516371,2025-10-21,"Wawina-Bokalanga, Tony; Amuri-Aziza, Adrienne; Mbala-Kingebeni, Placide; Kinganda-Lusamaki, Eddy; Pukuta-Simbu, Elisabeth; Hasivirwe-Vakaniaki, Emmanuel; Ola-Mpumbe, Rilia; Kwete-Mbokama, Papy; Akil-Bandali, Prince; Kacita, Cris; Ponga-Museme, Ange; Mapenzi-Kashali, Nelson; Vakaniaki, Gloria; Kenye, Kelly-Michel; Muyamuna, Elisabeth; Kavira-Bapitani, Sifa; Mukadi, Patrick; OToole, Aine; Tshiani-Mbaya, Olivier; Paku-Tshambu, Princesse; Lokilo-Lofiko, Emmanuel; Muswamba-Kayembe, Chloe; Makangara-Cigolo, Jean-Claude; Cikaya-Kankolongo, Fiston; Luakanda-Ndelemo, Gradi; Lawanga, Leader; Mabika-Bope, Elzedek; Lumembe-Numbi, Raphael; Kabamba-Lungenyi, Gabriel; Citenga, Andre; Kelvin, D. J.; Pratt, Catherine; Ayouba, Ahidjo; Tessema, Sofonias; Mukadi-Bamuleka, Daniel; Jansen, Daan; Halbrook, Megan; Merrit, Sydney; Hensley, Lisa; Delaporte, Eric; Mwamba, Dieudonne; Liesenborghs, Laurens; Hoff, Nicole; Peeters, Martine; Low, Nicola; Rimoin, Anne; Kindrachuk, Jason; Vercauteren, Koen; Rambaut, Andrew; Ahuka-Mundeke, Steve; Muyembe-Tamfum, Jean-Jacques"
PP_004BJ96,Ia,None,Democratic Republic of the Congo,Lomami,2025-06-09,187456,0.6413297567555233,2025-10-21,"Lumembe-Numbi, Raphael; Ahuka-Mundeke, Steve; Mbala-Kingebeni, Placide; Wawina-Bokalanga, Tony; Kinganda-Lusamaki, Eddy; Pukuta-Simbu, Elisabeth; Hasivirwe-Vakaniaki, Emmanuel; Ola-Mpumbe, Rilia; Kwete-Mbokama, Papy; Akil-Bandali, Prince; Kacita, Cris; Ponga-Museme, Ange; Mapenzi-Kashali, Nelson; Vakaniaki, Gloria; Amuri-Aziza, Adrienne; Kenye, Kelly-Michel; Muyamuna, Elisabeth; Kavira-Bapitani, Sifa; Mukadi, Patrick; OToole, Aine; Tshiani-Mbaya, Olivier; Paku-Tshambu, Princesse; Lokilo-Lofiko, Emmanuel; Muswamba-Kayembe, Chloe; Makangara-Cigolo, Jean-Claude; Cikaya-Kankolongo, Fiston; Luakanda-Ndelemo, Gradi; Lawanga, Leader; Mabika-Bope, Elzedek; Kabamba-Lungenyi, Gabriel; Citenga, Andre; Kelvin, D. J.; Pratt, Catherine; Ayouba, Ahidjo; Tessema, Sofonias; Mukadi-Bamuleka, Daniel; Jansen, Daan; Halbrook, Megan; Merrit, Sydney; Hensley, Lisa; Delaporte, Eric; Mwamba, Dieudonne; Liesenborghs, Laurens; Hoff, Nicole; Peeters, Martine; Low, Nicola; Rimoin, Anne; Kindrachuk, Jason; Vercauteren, Koen; Rambaut, Andrew; Muyembe-Tamfum, Jean-Jacques"
PP_004BJA4,Ib,A.3,Democratic Republic of the Congo,Lualaba,2025-06-06,187418,0.9084169586580734,2025-10-21,"Kinganda-Lusamaki, Eddy; Mbala-Kingebeni, Placide; Wawina-Bokalanga, Tony; Pukuta-Simbu, Elisabeth; Hasivirwe-Vakaniaki, Emmanuel; Ola-Mpumbe, Rilia; Kwete-Mbokama, Papy; Akil-Bandali, Prince; Kacita, Cris; Ponga-Museme, Ange; Mapenzi-Kashali, Nelson; Vakaniaki, Gloria; Amuri-Aziza, Adrienne; Kenye, Kelly-Michel; Muyamuna, Elisabeth; Kavira-Bapitani, Sifa; Mukadi, Patrick; OToole, Aine; Tshiani-Mbaya, Olivier; Paku-Tshambu, Princesse; Lokilo-Lofiko, Emmanuel; Muswamba-Kayembe, Chloe; Makangara-Cigolo, Jean-Claude; Cikaya-Kankolongo, Fiston; Luakanda-Ndelemo, Gradi; Lawanga, Leader; Mabika-Bope, Elzedek; Lumembe-Numbi, Raphael; Kabamba-Lungenyi, Gabriel; Citenga, Andre; Kelvin, D. J.; Pratt, Catherine; Ayouba, Ahidjo; Tessema, Sofonias; Mukadi-Bamuleka, Daniel; Jansen, Daan; Halbrook, Megan; Merrit, Sydney; Hensley, Lisa; Delaporte, Eric; Mwamba, Dieudonne; Liesenborghs, Laurens; Hoff, Nicole; Peeters, Martine; Low, Nicola; Rimoin, Anne; Kindrachuk, Jason; Vercauteren, Koen; Rambaut, Andrew; Ahuka-Mundeke, Steve; Muyembe-Tamfum, Jean-Jacques"
PP_004BJB2,Ia,None,Democratic Republic of the Congo,Mai-Ndombe,2025-05-31,187463,0.9012519712589182,2025-10-21,"Kenye, Kelly-Michel; Mbala-Kingebeni, Placide; Wawina-Bokalanga, Tony; Kinganda-Lusamaki, Eddy; Pukuta-Simbu, Elisabeth; Hasivirwe-Vakaniaki, Emmanuel; Ola-Mpumbe, Rilia; Kwete-Mbokama, Papy; Akil-Bandali, Prince; Kacita, Cris; Ponga-Museme, Ange; Mapenzi-Kashali, Nelson; Vakaniaki, Gloria; Amuri-Aziza, Adrienne; Muyamuna, Elisabeth; Kavira-Bapitani, Sifa; Mukadi, Patrick; OToole, Aine; Tshiani-Mbaya, Olivier; Paku-Tshambu, Princesse; Lokilo-Lofiko, Emmanuel; Muswamba-Kayembe, Chloe; Makangara-Cigolo, Jean-Claude; Cikaya-Kankolongo, Fiston; Luakanda-Ndelemo, Gradi; Lawanga, Leader; Mabika-Bope, Elzedek; Lumembe-Numbi, Raphael; Kabamba-Lungenyi, Gabriel; Citenga, Andre; Kelvin, D. J.; Pratt, Catherine; Ayouba, Ahidjo; Tessema, Sofonias; Mukadi-Bamuleka, Daniel; Jansen, Daan; Halbrook, Megan; Merrit, Sydney; Hensley, Lisa; Delaporte, Eric; Mwamba, Dieudonne; Liesenborghs, Laurens; Hoff, Nicole; Peeters, Martine; Low, Nicola; Rimoin, Anne; Kindrachuk, Jason; Vercauteren, Koen; Rambaut, Andrew; Ahuka-Mundeke, Steve; Muyembe-Tamfum, Jean-Jacques"
PP_004BJC0,Ia,None,Democratic Republic of the Congo,Mai-Ndombe,2025-06-09,187460,0.8998017331866193,2025-10-21,"Kenye, Kelly-Michel; Mbala-Kingebeni, Placide; Wawina-Bokalanga, Tony; Kinganda-Lusamaki, Eddy; Pukuta-Simbu, Elisabeth; Hasivirwe-Vakaniaki, Emmanuel; Ola-Mpumbe, Rilia; Kwete-Mbokama, Papy; Akil-Bandali, Prince; Kacita, Cris; Ponga-Museme, Ange; Mapenzi-Kashali, Nelson; Vakaniaki, Gloria; Amuri-Aziza, Adrienne; Muyamuna, Elisabeth; Kavira-Bapitani, Sifa; Mukadi, Patrick; OToole, Aine; Tshiani-Mbaya, Olivier; Paku-Tshambu, Princesse; Lokilo-Lofiko, Emmanuel; Muswamba-Kayembe, Chloe; Makangara-Cigolo, Jean-Claude; Cikaya-Kankolongo, Fiston; Luakanda-Ndelemo, Gradi; Lawanga, Leader; Mabika-Bope, Elzedek; Lumembe-Numbi, Raphael; Kabamba-Lungenyi, Gabriel; Citenga, Andre; Kelvin, D. J.; Pratt, Catherine; Ayouba, Ahidjo; Tessema, Sofonias; Mukadi-Bamuleka, Daniel; Jansen, Daan; Halbrook, Megan; Merrit, Sydney; Hensley, Lisa; Delaporte, Eric; Mwamba, Dieudonne; Liesenborghs, Laurens; Hoff, Nicole; Peeters, Martine; Low, Nicola; Rimoin, Anne; Kindrachuk, Jason; Vercauteren, Koen; Rambaut, Andrew; Ahuka-Mundeke, Steve; Muyembe-Tamfum, Jean-Jacques"
PP_004BJDY,Ia,None,Democratic Republic of the Congo,Mai-Ndombe,2025-06-09,187453,0.9150393744707392,2025-10-21,"Kenye, Kelly-Michel; Mbala-Kingebeni, Placide; Wawina-Bokalanga, Tony; Kinganda-Lusamaki, Eddy; Pukuta-Simbu, Elisabeth; Hasivirwe-Vakaniaki, Emmanuel; Ola-Mpumbe, Rilia; Kwete-Mbokama, Papy; Akil-Bandali, Prince; Kacita, Cris; Ponga-Museme, Ange; Mapenzi-Kashali, Nelson; Vakaniaki, Gloria; Amuri-Aziza, Adrienne; Muyamuna, Elisabeth; Kavira-Bapitani, Sifa; Mukadi, Patrick; OToole, Aine; Tshiani-Mbaya, Olivier; Paku-Tshambu, Princesse; Lokilo-Lofiko, Emmanuel; Muswamba-Kayembe, Chloe; Makangara-Cigolo, Jean-Claude; Cikaya-Kankolongo, Fiston; Luakanda-Ndelemo, Gradi; Lawanga, Leader; Mabika-Bope, Elzedek; Lumembe-Numbi, Raphael; Kabamba-Lungenyi, Gabriel; Citenga, Andre; Kelvin, D. J.; Pratt, Catherine; Ayouba, Ahidjo; Tessema, Sofonias; Mukadi-Bamuleka, Daniel; Jansen, Daan; Halbrook, Megan; Merrit, Sydney; Hensley, Lisa; Delaporte, Eric; Mwamba, Dieudonne; Liesenborghs, Laurens; Hoff, Nicole; Peeters, Martine; Low, Nicola; Rimoin, Anne; Kindrachuk, Jason; Vercauteren, Koen; Rambaut, Andrew; Ahuka-Mundeke, Steve; Muyembe-Tamfum, Jean-Jacques"
PP_004BJEW,Ia,None,Democratic Republic of the Congo,Lomami,2025-06-09,187442,0.8202262574223286,2025-10-21,"Lumembe-Numbi, Raphael; Ahuka-Mundeke, Steve; Mbala-Kingebeni, Placide; Wawina-Bokalanga, Tony; Kinganda-Lusamaki, Eddy; Pukuta-Simbu, Elisabeth; Hasivirwe-Vakaniaki, Emmanuel; Ola-Mpumbe, Rilia; Kwete-Mbokama, Papy; Akil-Bandali, Prince; Kacita, Cris; Ponga-Museme, Ange; Mapenzi-Kashali, Nelson; Vakaniaki, Gloria; Amuri-Aziza, Adrienne; Kenye, Kelly-Michel; Muyamuna, Elisabeth; Kavira-Bapitani, Sifa; Mukadi, Patrick; OToole, Aine; Tshiani-Mbaya, Olivier; Paku-Tshambu, Princesse; Lokilo-Lofiko, Emmanuel; Muswamba-Kayembe, Chloe; Makangara-Cigolo, Jean-Claude; Cikaya-Kankolongo, Fiston; Luakanda-Ndelemo, Gradi; Lawanga, Leader; Mabika-Bope, Elzedek; Kabamba-Lungenyi, Gabriel; Citenga, Andre; Kelvin, D. J.; Pratt, Catherine; Ayouba, Ahidjo; Tessema, Sofonias; Mukadi-Bamuleka, Daniel; Jansen, Daan; Halbrook, Megan; Merrit, Sydney; Hensley, Lisa; Delaporte, Eric; Mwamba, Dieudonne; Liesenborghs, Laurens; Hoff, Nicole; Peeters, Martine; Low, Nicola; Rimoin, Anne; Kindrachuk, Jason; Vercauteren, Koen; Rambaut, Andrew; Muyembe-Tamfum, Jean-Jacques"
PP_004BJFU,Ib,A.1,Democratic Republic of the Congo,Kinshasa,2025-06-14,187405,0.893275661861274,2025-10-21,"Wawina-Bokalanga, Tony; Amuri-Aziza, Adrienne; Mbala-Kingebeni, Placide; Kinganda-Lusamaki, Eddy; Pukuta-Simbu, Elisabeth; Hasivirwe-Vakaniaki, Emmanuel; Ola-Mpumbe, Rilia; Kwete-Mbokama, Papy; Akil-Bandali, Prince; Kacita, Cris; Ponga-Museme, Ange; Mapenzi-Kashali, Nelson; Vakaniaki, Gloria; Kenye, Kelly-Michel; Muyamuna, Elisabeth; Kavira-Bapitani, Sifa; Mukadi, Patrick; OToole, Aine; Tshiani-Mbaya, Olivier; Paku-Tshambu, Princesse; Lokilo-Lofiko, Emmanuel; Muswamba-Kayembe, Chloe; Makangara-Cigolo, Jean-Claude; Cikaya-Kankolongo, Fiston; Luakanda-Ndelemo, Gradi; Lawanga, Leader; Mabika-Bope, Elzedek; Lumembe-Numbi, Raphael; Kabamba-Lungenyi, Gabriel; Citenga, Andre; Kelvin, D. J.; Pratt, Catherine; Ayouba, Ahidjo; Tessema, Sofonias; Mukadi-Bamuleka, Daniel; Jansen, Daan; Halbrook, Megan; Merrit, Sydney; Hensley, Lisa; Delaporte, Eric; Mwamba, Dieudonne; Liesenborghs, Laurens; Hoff, Nicole; Peeters, Martine; Low, Nicola; Rimoin, Anne; Kindrachuk, Jason; Vercauteren, Koen; Rambaut, Andrew; Ahuka-Mundeke, Steve; Muyembe-Tamfum, Jean-Jacques"
PP_004BJGS,Ia,None,Democratic Republic of the Congo,Kinshasa,2025-06-17,187411,0.9106328818664464,2025-10-21,"Wawina-Bokalanga, Tony; Amuri-Aziza, Adrienne; Mbala-Kingebeni, Placide; Kinganda-Lusamaki, Eddy; Pukuta-Simbu, Elisabeth; Hasivirwe-Vakaniaki, Emmanuel; Ola-Mpumbe, Rilia; Kwete-Mbokama, Papy; Akil-Bandali, Prince; Kacita, Cris; Ponga-Museme, Ange; Mapenzi-Kashali, Nelson; Vakaniaki, Gloria; Kenye, Kelly-Michel; Muyamuna, Elisabeth; Kavira-Bapitani, Sifa; Mukadi, Patrick; OToole, Aine; Tshiani-Mbaya, Olivier; Paku-Tshambu, Princesse; Lokilo-Lofiko, Emmanuel; Muswamba-Kayembe, Chloe; Makangara-Cigolo, Jean-Claude; Cikaya-Kankolongo, Fiston; Luakanda-Ndelemo, Gradi; Lawanga, Leader; Mabika-Bope, Elzedek; Lumembe-Numbi, Raphael; Kabamba-Lungenyi, Gabriel; Citenga, Andre; Kelvin, D. J.; Pratt, Catherine; Ayouba, Ahidjo; Tessema, Sofonias; Mukadi-Bamuleka, Daniel; Jansen, Daan; Halbrook, Megan; Merrit, Sydney; Hensley, Lisa; Delaporte, Eric; Mwamba, Dieudonne; Liesenborghs, Laurens; Hoff, Nicole; Peeters, Martine; Low, Nicola; Rimoin, Anne; Kindrachuk, Jason; Vercauteren, Koen; Rambaut, Andrew; Ahuka-Mundeke, Steve; Muyembe-Tamfum, Jean-Jacques"
PP_004BJHP,Ib,A.1,Democratic Republic of the Congo,Kinshasa,2025-06-14,187413,0.8903599734292046,2025-10-21,"Wawina-Bokalanga, Tony; Amuri-Aziza, Adrienne; Mbala-Kingebeni, Placide; Kinganda-Lusamaki, Eddy; Pukuta-Simbu, Elisabeth; Hasivirwe-Vakaniaki, Emmanuel; Ola-Mpumbe, Rilia; Kwete-Mbokama, Papy; Akil-Bandali, Prince; Kacita, Cris; Ponga-Museme, Ange; Mapenzi-Kashali, Nelson; Vakaniaki, Gloria; Kenye, Kelly-Michel; Muyamuna, Elisabeth; Kavira-Bapitani, Sifa; Mukadi, Patrick; OToole, Aine; Tshiani-Mbaya, Olivier; Paku-Tshambu, Princesse; Lokilo-Lofiko, Emmanuel; Muswamba-Kayembe, Chloe; Makangara-Cigolo, Jean-Claude; Cikaya-Kankolongo, Fiston; Luakanda-Ndelemo, Gradi; Lawanga, Leader; Mabika-Bope, Elzedek; Lumembe-Numbi, Raphael; Kabamba-Lungenyi, Gabriel; Citenga, Andre; Kelvin, D. J.; Pratt, Catherine; Ayouba, Ahidjo; Tessema, Sofonias; Mukadi-Bamuleka, Daniel; Jansen, Daan; Halbrook, Megan; Merrit, Sydney; Hensley, Lisa; Delaporte, Eric; Mwamba, Dieudonne; Liesenborghs, Laurens; Hoff, Nicole; Peeters, Martine; Low, Nicola; Rimoin, Anne; Kindrachuk, Jason; Vercauteren, Koen; Rambaut, Andrew; Ahuka-Mundeke, Steve; Muyembe-Tamfum, Jean-Jacques"
PP_004BJJM,Ib,A.1,Democratic Republic of the Congo,Kinshasa,2025-06-16,187388,0.9004507907854103,2025-10-21,"Wawina-Bokalanga, Tony; Amuri-Aziza, Adrienne; Mbala-Kingebeni, Placide; Kinganda-Lusamaki, Eddy; Pukuta-Simbu, Elisabeth; Hasivirwe-Vakaniaki, Emmanuel; Ola-Mpumbe, Rilia; Kwete-Mbokama, Papy; Akil-Bandali, Prince; Kacita, Cris; Ponga-Museme, Ange; Mapenzi-Kashali, Nelson; Vakaniaki, Gloria; Kenye, Kelly-Michel; Muyamuna, Elisabeth; Kavira-Bapitani, Sifa; Mukadi, Patrick; OToole, Aine; Tshiani-Mbaya, Olivier; Paku-Tshambu, Princesse; Lokilo-Lofiko, Emmanuel; Muswamba-Kayembe, Chloe; Makangara-Cigolo, Jean-Claude; Cikaya-Kankolongo, Fiston; Luakanda-Ndelemo, Gradi; Lawanga, Leader; Mabika-Bope, Elzedek; Lumembe-Numbi, Raphael; Kabamba-Lungenyi, Gabriel; Citenga, Andre; Kelvin, D. J.; Pratt, Catherine; Ayouba, Ahidjo; Tessema, Sofonias; Mukadi-Bamuleka, Daniel; Jansen, Daan; Halbrook, Megan; Merrit, Sydney; Hensley, Lisa; Delaporte, Eric; Mwamba, Dieudonne; Liesenborghs, Laurens; Hoff, Nicole; Peeters, Martine; Low, Nicola; Rimoin, Anne; Kindrachuk, Jason; Vercauteren, Koen; Rambaut, Andrew; Ahuka-Mundeke, Steve; Muyembe-Tamfum, Jean-Jacques"
PP_004BJKK,Ia,None,Democratic Republic of the Congo,Kinshasa,2025-06-14,187438,0.529473806976355,2025-10-21,"Wawina-Bokalanga, Tony; Amuri-Aziza, Adrienne; Mbala-Kingebeni, Placide; Kinganda-Lusamaki, Eddy; Pukuta-Simbu, Elisabeth; Hasivirwe-Vakaniaki, Emmanuel; Ola-Mpumbe, Rilia; Kwete-Mbokama, Papy; Akil-Bandali, Prince; Kacita, Cris; Ponga-Museme, Ange; Mapenzi-Kashali, Nelson; Vakaniaki, Gloria; Kenye, Kelly-Michel; Muyamuna, Elisabeth; Kavira-Bapitani, Sifa; Mukadi, Patrick; OToole, Aine; Tshiani-Mbaya, Olivier; Paku-Tshambu, Princesse; Lokilo-Lofiko, Emmanuel; Muswamba-Kayembe, Chloe; Makangara-Cigolo, Jean-Claude; Cikaya-Kankolongo, Fiston; Luakanda-Ndelemo, Gradi; Lawanga, Leader; Mabika-Bope, Elzedek; Lumembe-Numbi, Raphael; Kabamba-Lungenyi, Gabriel; Citenga, Andre; Kelvin, D. J.; Pratt, Catherine; Ayouba, Ahidjo; Tessema, Sofonias; Mukadi-Bamuleka, Daniel; Jansen, Daan; Halbrook, Megan; Merrit, Sydney; Hensley, Lisa; Delaporte, Eric; Mwamba, Dieudonne; Liesenborghs, Laurens; Hoff, Nicole; Peeters, Martine; Low, Nicola; Rimoin, Anne; Kindrachuk, Jason; Vercauteren, Koen; Rambaut, Andrew; Ahuka-Mundeke, Steve; Muyembe-Tamfum, Jean-Jacques"
PP_004BJLH,Ib,A.1,Democratic Republic of the Congo,Kinshasa,2025-06-11,187415,0.9092637759939962,2025-10-21,"Wawina-Bokalanga, Tony; Amuri-Aziza, Adrienne; Mbala-Kingebeni, Placide; Kinganda-Lusamaki, Eddy; Pukuta-Simbu, Elisabeth; Hasivirwe-Vakaniaki, Emmanuel; Ola-Mpumbe, Rilia; Kwete-Mbokama, Papy; Akil-Bandali, Prince; Kacita, Cris; Ponga-Museme, Ange; Mapenzi-Kashali, Nelson; Vakaniaki, Gloria; Kenye, Kelly-Michel; Muyamuna, Elisabeth; Kavira-Bapitani, Sifa; Mukadi, Patrick; OToole, Aine; Tshiani-Mbaya, Olivier; Paku-Tshambu, Princesse; Lokilo-Lofiko, Emmanuel; Muswamba-Kayembe, Chloe; Makangara-Cigolo, Jean-Claude; Cikaya-Kankolongo, Fiston; Luakanda-Ndelemo, Gradi; Lawanga, Leader; Mabika-Bope, Elzedek; Lumembe-Numbi, Raphael; Kabamba-Lungenyi, Gabriel; Citenga, Andre; Kelvin, D. J.; Pratt, Catherine; Ayouba, Ahidjo; Tessema, Sofonias; Mukadi-Bamuleka, Daniel; Jansen, Daan; Halbrook, Megan; Merrit, Sydney; Hensley, Lisa; Delaporte, Eric; Mwamba, Dieudonne; Liesenborghs, Laurens; Hoff, Nicole; Peeters, Martine; Low, Nicola; Rimoin, Anne; Kindrachuk, Jason; Vercauteren, Koen; Rambaut, Andrew; Ahuka-Mundeke, Steve; Muyembe-Tamfum, Jean-Jacques"
PP_004BJMF,Ia,None,Democratic Republic of the Congo,Tshopo,2025-05-22,187468,0.52915434893945,2025-10-21,"Luakanda-Ndelemo, Gradi; Mbala-Kingebeni, Placide; Wawina-Bokalanga, Tony; Kinganda-Lusamaki, Eddy; Pukuta-Simbu, Elisabeth; Hasivirwe-Vakaniaki, Emmanuel; Ola-Mpumbe, Rilia; Kwete-Mbokama, Papy; Akil-Bandali, Prince; Kacita, Cris; Ponga-Museme, Ange; Mapenzi-Kashali, Nelson; Vakaniaki, Gloria; Amuri-Aziza, Adrienne; Kenye, Kelly-Michel; Muyamuna, Elisabeth; Kavira-Bapitani, Sifa; Mukadi, Patrick; OToole, Aine; Tshiani-Mbaya, Olivier; Paku-Tshambu, Princesse; Lokilo-Lofiko, Emmanuel; Muswamba-Kayembe, Chloe; Makangara-Cigolo, Jean-Claude; Cikaya-Kankolongo, Fiston; Lawanga, Leader; Mabika-Bope, Elzedek; Lumembe-Numbi, Raphael; Kabamba-Lungenyi, Gabriel; Citenga, Andre; Kelvin, D. J.; Pratt, Catherine; Ayouba, Ahidjo; Tessema, Sofonias; Mukadi-Bamuleka, Daniel; Jansen, Daan; Halbrook, Megan; Merrit, Sydney; Hensley, Lisa; Delaporte, Eric; Mwamba, Dieudonne; Liesenborghs, Laurens; Hoff, Nicole; Peeters, Martine; Low, Nicola; Rimoin, Anne; Kindrachuk, Jason; Vercauteren, Koen; Rambaut, Andrew; Ahuka-Mundeke, Steve; Muyembe-Tamfum, Jean-Jacques"
PP_004BJND,Ib,A.1,Democratic Republic of the Congo,Kinshasa,2025-06-17,187405,0.8959276706438347,2025-10-21,"Wawina-Bokalanga, Tony; Amuri-Aziza, Adrienne; Mbala-Kingebeni, Placide; Kinganda-Lusamaki, Eddy; Pukuta-Simbu, Elisabeth; Hasivirwe-Vakaniaki, Emmanuel; Ola-Mpumbe, Rilia; Kwete-Mbokama, Papy; Akil-Bandali, Prince; Kacita, Cris; Ponga-Museme, Ange; Mapenzi-Kashali, Nelson; Vakaniaki, Gloria; Kenye, Kelly-Michel; Muyamuna, Elisabeth; Kavira-Bapitani, Sifa; Mukadi, Patrick; OToole, Aine; Tshiani-Mbaya, Olivier; Paku-Tshambu, Princesse; Lokilo-Lofiko, Emmanuel; Muswamba-Kayembe, Chloe; Makangara-Cigolo, Jean-Claude; Cikaya-Kankolongo, Fiston; Luakanda-Ndelemo, Gradi; Lawanga, Leader; Mabika-Bope, Elzedek; Lumembe-Numbi, Raphael; Kabamba-Lungenyi, Gabriel; Citenga, Andre; Kelvin, D. J.; Pratt, Catherine; Ayouba, Ahidjo; Tessema, Sofonias; Mukadi-Bamuleka, Daniel; Jansen, Daan; Halbrook, Megan; Merrit, Sydney; Hensley, Lisa; Delaporte, Eric; Mwamba, Dieudonne; Liesenborghs, Laurens; Hoff, Nicole; Peeters, Martine; Low, Nicola; Rimoin, Anne; Kindrachuk, Jason; Vercauteren, Koen; Rambaut, Andrew; Ahuka-Mundeke, Steve; Muyembe-Tamfum, Jean-Jacques"
PP_004BJPB,Ib,A.1,Democratic Republic of the Congo,Kinshasa,2025-06-16,187376,0.7558326445547617,2025-10-21,"Wawina-Bokalanga, Tony; Amuri-Aziza, Adrienne; Mbala-Kingebeni, Placide; Kinganda-Lusamaki, Eddy; Pukuta-Simbu, Elisabeth; Hasivirwe-Vakaniaki, Emmanuel; Ola-Mpumbe, Rilia; Kwete-Mbokama, Papy; Akil-Bandali, Prince; Kacita, Cris; Ponga-Museme, Ange; Mapenzi-Kashali, Nelson; Vakaniaki, Gloria; Kenye, Kelly-Michel; Muyamuna, Elisabeth; Kavira-Bapitani, Sifa; Mukadi, Patrick; OToole, Aine; Tshiani-Mbaya, Olivier; Paku-Tshambu, Princesse; Lokilo-Lofiko, Emmanuel; Muswamba-Kayembe, Chloe; Makangara-Cigolo, Jean-Claude; Cikaya-Kankolongo, Fiston; Luakanda-Ndelemo, Gradi; Lawanga, Leader; Mabika-Bope, Elzedek; Lumembe-Numbi, Raphael; Kabamba-Lungenyi, Gabriel; Citenga, Andre; Kelvin, D. J.; Pratt, Catherine; Ayouba, Ahidjo; Tessema, Sofonias; Mukadi-Bamuleka, Daniel; Jansen, Daan; Halbrook, Megan; Merrit, Sydney; Hensley, Lisa; Delaporte, Eric; Mwamba, Dieudonne; Liesenborghs, Laurens; Hoff, Nicole; Peeters, Martine; Low, Nicola; Rimoin, Anne; Kindrachuk, Jason; Vercauteren, Koen; Rambaut, Andrew; Ahuka-Mundeke, Steve; Muyembe-Tamfum, Jean-Jacques"
PP_004BJQ9,Ib,A.1,Democratic Republic of the Congo,Kinshasa,2025-06-16,187401,0.9089950255819969,2025-10-21,"Wawina-Bokalanga, Tony; Amuri-Aziza, Adrienne; Mbala-Kingebeni, Placide; Kinganda-Lusamaki, Eddy; Pukuta-Simbu, Elisabeth; Hasivirwe-Vakaniaki, Emmanuel; Ola-Mpumbe, Rilia; Kwete-Mbokama, Papy; Akil-Bandali, Prince; Kacita, Cris; Ponga-Museme, Ange; Mapenzi-Kashali, Nelson; Vakaniaki, Gloria; Kenye, Kelly-Michel; Muyamuna, Elisabeth; Kavira-Bapitani, Sifa; Mukadi, Patrick; OToole, Aine; Tshiani-Mbaya, Olivier; Paku-Tshambu, Princesse; Lokilo-Lofiko, Emmanuel; Muswamba-Kayembe, Chloe; Makangara-Cigolo, Jean-Claude; Cikaya-Kankolongo, Fiston; Luakanda-Ndelemo, Gradi; Lawanga, Leader; Mabika-Bope, Elzedek; Lumembe-Numbi, Raphael; Kabamba-Lungenyi, Gabriel; Citenga, Andre; Kelvin, D. J.; Pratt, Catherine; Ayouba, Ahidjo; Tessema, Sofonias; Mukadi-Bamuleka, Daniel; Jansen, Daan; Halbrook, Megan; Merrit, Sydney; Hensley, Lisa; Delaporte, Eric; Mwamba, Dieudonne; Liesenborghs, Laurens; Hoff, Nicole; Peeters, Martine; Low, Nicola; Rimoin, Anne; Kindrachuk, Jason; Vercauteren, Koen; Rambaut, Andrew; Ahuka-Mundeke, Steve; Muyembe-Tamfum, Jean-Jacques"
PP_004BJR7,Ib,A.1,Democratic Republic of the Congo,Kinshasa,2025-06-16,187408,0.8481712295077811,2025-10-21,"Wawina-Bokalanga, Tony; Amuri-Aziza, Adrienne; Mbala-Kingebeni, Placide; Kinganda-Lusamaki, Eddy; Pukuta-Simbu, Elisabeth; Hasivirwe-Vakaniaki, Emmanuel; Ola-Mpumbe, Rilia; Kwete-Mbokama, Papy; Akil-Bandali, Prince; Kacita, Cris; Ponga-Museme, Ange; Mapenzi-Kashali, Nelson; Vakaniaki, Gloria; Kenye, Kelly-Michel; Muyamuna, Elisabeth; Kavira-Bapitani, Sifa; Mukadi, Patrick; OToole, Aine; Tshiani-Mbaya, Olivier; Paku-Tshambu, Princesse; Lokilo-Lofiko, Emmanuel; Muswamba-Kayembe, Chloe; Makangara-Cigolo, Jean-Claude; Cikaya-Kankolongo, Fiston; Luakanda-Ndelemo, Gradi; Lawanga, Leader; Mabika-Bope, Elzedek; Lumembe-Numbi, Raphael; Kabamba-Lungenyi, Gabriel; Citenga, Andre; Kelvin, D. J.; Pratt, Catherine; Ayouba, Ahidjo; Tessema, Sofonias; Mukadi-Bamuleka, Daniel; Jansen, Daan; Halbrook, Megan; Merrit, Sydney; Hensley, Lisa; Delaporte, Eric; Mwamba, Dieudonne; Liesenborghs, Laurens; Hoff, Nicole; Peeters, Martine; Low, Nicola; Rimoin, Anne; Kindrachuk, Jason; Vercauteren, Koen; Rambaut, Andrew; Ahuka-Mundeke, Steve; Muyembe-Tamfum, Jean-Jacques"
PP_004BJS5,Ib,A.1,Democratic Republic of the Congo,Kinshasa,2025-06-19,187411,0.8871298977227206,2025-10-21,"Wawina-Bokalanga, Tony; Amuri-Aziza, Adrienne; Mbala-Kingebeni, Placide; Kinganda-Lusamaki, Eddy; Pukuta-Simbu, Elisabeth; Hasivirwe-Vakaniaki, Emmanuel; Ola-Mpumbe, Rilia; Kwete-Mbokama, Papy; Akil-Bandali, Prince; Kacita, Cris; Ponga-Museme, Ange; Mapenzi-Kashali, Nelson; Vakaniaki, Gloria; Kenye, Kelly-Michel; Muyamuna, Elisabeth; Kavira-Bapitani, Sifa; Mukadi, Patrick; OToole, Aine; Tshiani-Mbaya, Olivier; Paku-Tshambu, Princesse; Lokilo-Lofiko, Emmanuel; Muswamba-Kayembe, Chloe; Makangara-Cigolo, Jean-Claude; Cikaya-Kankolongo, Fiston; Luakanda-Ndelemo, Gradi; Lawanga, Leader; Mabika-Bope, Elzedek; Lumembe-Numbi, Raphael; Kabamba-Lungenyi, Gabriel; Citenga, Andre; Kelvin, D. J.; Pratt, Catherine; Ayouba, Ahidjo; Tessema, Sofonias; Mukadi-Bamuleka, Daniel; Jansen, Daan; Halbrook, Megan; Merrit, Sydney; Hensley, Lisa; Delaporte, Eric; Mwamba, Dieudonne; Liesenborghs, Laurens; Hoff, Nicole; Peeters, Martine; Low, Nicola; Rimoin, Anne; Kindrachuk, Jason; Vercauteren, Koen; Rambaut, Andrew; Ahuka-Mundeke, Steve; Muyembe-Tamfum, Jean-Jacques"
PP_004BJT3,Ia,None,Democratic Republic of the Congo,Kinshasa,2025-06-19,187419,0.911160241165464,2025-10-21,"Wawina-Bokalanga, Tony; Amuri-Aziza, Adrienne; Mbala-Kingebeni, Placide; Kinganda-Lusamaki, Eddy; Pukuta-Simbu, Elisabeth; Hasivirwe-Vakaniaki, Emmanuel; Ola-Mpumbe, Rilia; Kwete-Mbokama, Papy; Akil-Bandali, Prince; Kacita, Cris; Ponga-Museme, Ange; Mapenzi-Kashali, Nelson; Vakaniaki, Gloria; Kenye, Kelly-Michel; Muyamuna, Elisabeth; Kavira-Bapitani, Sifa; Mukadi, Patrick; OToole, Aine; Tshiani-Mbaya, Olivier; Paku-Tshambu, Princesse; Lokilo-Lofiko, Emmanuel; Muswamba-Kayembe, Chloe; Makangara-Cigolo, Jean-Claude; Cikaya-Kankolongo, Fiston; Luakanda-Ndelemo, Gradi; Lawanga, Leader; Mabika-Bope, Elzedek; Lumembe-Numbi, Raphael; Kabamba-Lungenyi, Gabriel; Citenga, Andre; Kelvin, D. J.; Pratt, Catherine; Ayouba, Ahidjo; Tessema, Sofonias; Mukadi-Bamuleka, Daniel; Jansen, Daan; Halbrook, Megan; Merrit, Sydney; Hensley, Lisa; Delaporte, Eric; Mwamba, Dieudonne; Liesenborghs, Laurens; Hoff, Nicole; Peeters, Martine; Low, Nicola; Rimoin, Anne; Kindrachuk, Jason; Vercauteren, Koen; Rambaut, Andrew; Ahuka-Mundeke, Steve; Muyembe-Tamfum, Jean-Jacques"
PP_004BJU1,Ia,None,Democratic Republic of the Congo,Kinshasa,2025-06-19,187403,0.7928745645482711,2025-10-21,"Wawina-Bokalanga, Tony; Amuri-Aziza, Adrienne; Mbala-Kingebeni, Placide; Kinganda-Lusamaki, Eddy; Pukuta-Simbu, Elisabeth; Hasivirwe-Vakaniaki, Emmanuel; Ola-Mpumbe, Rilia; Kwete-Mbokama, Papy; Akil-Bandali, Prince; Kacita, Cris; Ponga-Museme, Ange; Mapenzi-Kashali, Nelson; Vakaniaki, Gloria; Kenye, Kelly-Michel; Muyamuna, Elisabeth; Kavira-Bapitani, Sifa; Mukadi, Patrick; OToole, Aine; Tshiani-Mbaya, Olivier; Paku-Tshambu, Princesse; Lokilo-Lofiko, Emmanuel; Muswamba-Kayembe, Chloe; Makangara-Cigolo, Jean-Claude; Cikaya-Kankolongo, Fiston; Luakanda-Ndelemo, Gradi; Lawanga, Leader; Mabika-Bope, Elzedek; Lumembe-Numbi, Raphael; Kabamba-Lungenyi, Gabriel; Citenga, Andre; Kelvin, D. J.; Pratt, Catherine; Ayouba, Ahidjo; Tessema, Sofonias; Mukadi-Bamuleka, Daniel; Jansen, Daan; Halbrook, Megan; Merrit, Sydney; Hensley, Lisa; Delaporte, Eric; Mwamba, Dieudonne; Liesenborghs, Laurens; Hoff, Nicole; Peeters, Martine; Low, Nicola; Rimoin, Anne; Kindrachuk, Jason; Vercauteren, Koen; Rambaut, Andrew; Ahuka-Mundeke, Steve; Muyembe-Tamfum, Jean-Jacques"
PP_004BJVZ,Ia,None,Democratic Republic of the Congo,Kinshasa,2025-06-19,187400,0.8712026327398851,2025-10-21,"Wawina-Bokalanga, Tony; Amuri-Aziza, Adrienne; Mbala-Kingebeni, Placide; Kinganda-Lusamaki, Eddy; Pukuta-Simbu, Elisabeth; Hasivirwe-Vakaniaki, Emmanuel; Ola-Mpumbe, Rilia; Kwete-Mbokama, Papy; Akil-Bandali, Prince; Kacita, Cris; Ponga-Museme, Ange; Mapenzi-Kashali, Nelson; Vakaniaki, Gloria; Kenye, Kelly-Michel; Muyamuna, Elisabeth; Kavira-Bapitani, Sifa; Mukadi, Patrick; OToole, Aine; Tshiani-Mbaya, Olivier; Paku-Tshambu, Princesse; Lokilo-Lofiko, Emmanuel; Muswamba-Kayembe, Chloe; Makangara-Cigolo, Jean-Claude; Cikaya-Kankolongo, Fiston; Luakanda-Ndelemo, Gradi; Lawanga, Leader; Mabika-Bope, Elzedek; Lumembe-Numbi, Raphael; Kabamba-Lungenyi, Gabriel; Citenga, Andre; Kelvin, D. J.; Pratt, Catherine; Ayouba, Ahidjo; Tessema, Sofonias; Mukadi-Bamuleka, Daniel; Jansen, Daan; Halbrook, Megan; Merrit, Sydney; Hensley, Lisa; Delaporte, Eric; Mwamba, Dieudonne; Liesenborghs, Laurens; Hoff, Nicole; Peeters, Martine; Low, Nicola; Rimoin, Anne; Kindrachuk, Jason; Vercauteren, Koen; Rambaut, Andrew; Ahuka-Mundeke, Steve; Muyembe-Tamfum, Jean-Jacques"
PP_004BJWX,Ia,None,Democratic Republic of the Congo,Kinshasa,2025-06-19,187411,0.910100451804938,2025-10-21,"Wawina-Bokalanga, Tony; Amuri-Aziza, Adrienne; Mbala-Kingebeni, Placide; Kinganda-Lusamaki, Eddy; Pukuta-Simbu, Elisabeth; Hasivirwe-Vakaniaki, Emmanuel; Ola-Mpumbe, Rilia; Kwete-Mbokama, Papy; Akil-Bandali, Prince; Kacita, Cris; Ponga-Museme, Ange; Mapenzi-Kashali, Nelson; Vakaniaki, Gloria; Kenye, Kelly-Michel; Muyamuna, Elisabeth; Kavira-Bapitani, Sifa; Mukadi, Patrick; OToole, Aine; Tshiani-Mbaya, Olivier; Paku-Tshambu, Princesse; Lokilo-Lofiko, Emmanuel; Muswamba-Kayembe, Chloe; Makangara-Cigolo, Jean-Claude; Cikaya-Kankolongo, Fiston; Luakanda-Ndelemo, Gradi; Lawanga, Leader; Mabika-Bope, Elzedek; Lumembe-Numbi, Raphael; Kabamba-Lungenyi, Gabriel; Citenga, Andre; Kelvin, D. J.; Pratt, Catherine; Ayouba, Ahidjo; Tessema, Sofonias; Mukadi-Bamuleka, Daniel; Jansen, Daan; Halbrook, Megan; Merrit, Sydney; Hensley, Lisa; Delaporte, Eric; Mwamba, Dieudonne; Liesenborghs, Laurens; Hoff, Nicole; Peeters, Martine; Low, Nicola; Rimoin, Anne; Kindrachuk, Jason; Vercauteren, Koen; Rambaut, Andrew; Ahuka-Mundeke, Steve; Muyembe-Tamfum, Jean-Jacques"
PP_004BJXV,Ia,None,Democratic Republic of the Congo,Kinshasa,2025-06-19,187417,0.8944774325715358,2025-10-21,"Wawina-Bokalanga, Tony; Amuri-Aziza, Adrienne; Mbala-Kingebeni, Placide; Kinganda-Lusamaki, Eddy; Pukuta-Simbu, Elisabeth; Hasivirwe-Vakaniaki, Emmanuel; Ola-Mpumbe, Rilia; Kwete-Mbokama, Papy; Akil-Bandali, Prince; Kacita, Cris; Ponga-Museme, Ange; Mapenzi-Kashali, Nelson; Vakaniaki, Gloria; Kenye, Kelly-Michel; Muyamuna, Elisabeth; Kavira-Bapitani, Sifa; Mukadi, Patrick; OToole, Aine; Tshiani-Mbaya, Olivier; Paku-Tshambu, Princesse; Lokilo-Lofiko, Emmanuel; Muswamba-Kayembe, Chloe; Makangara-Cigolo, Jean-Claude; Cikaya-Kankolongo, Fiston; Luakanda-Ndelemo, Gradi; Lawanga, Leader; Mabika-Bope, Elzedek; Lumembe-Numbi, Raphael; Kabamba-Lungenyi, Gabriel; Citenga, Andre; Kelvin, D. J.; Pratt, Catherine; Ayouba, Ahidjo; Tessema, Sofonias; Mukadi-Bamuleka, Daniel; Jansen, Daan; Halbrook, Megan; Merrit, Sydney; Hensley, Lisa; Delaporte, Eric; Mwamba, Dieudonne; Liesenborghs, Laurens; Hoff, Nicole; Peeters, Martine; Low, Nicola; Rimoin, Anne; Kindrachuk, Jason; Vercauteren, Koen; Rambaut, Andrew; Ahuka-Mundeke, Steve; Muyembe-Tamfum, Jean-Jacques"
PP_004BJYT,Ia,None,Democratic Republic of the Congo,Kinshasa,2025-06-19,187407,0.8401594247727031,2025-10-21,"Wawina-Bokalanga, Tony; Amuri-Aziza, Adrienne; Mbala-Kingebeni, Placide; Kinganda-Lusamaki, Eddy; Pukuta-Simbu, Elisabeth; Hasivirwe-Vakaniaki, Emmanuel; Ola-Mpumbe, Rilia; Kwete-Mbokama, Papy; Akil-Bandali, Prince; Kacita, Cris; Ponga-Museme, Ange; Mapenzi-Kashali, Nelson; Vakaniaki, Gloria; Kenye, Kelly-Michel; Muyamuna, Elisabeth; Kavira-Bapitani, Sifa; Mukadi, Patrick; OToole, Aine; Tshiani-Mbaya, Olivier; Paku-Tshambu, Princesse; Lokilo-Lofiko, Emmanuel; Muswamba-Kayembe, Chloe; Makangara-Cigolo, Jean-Claude; Cikaya-Kankolongo, Fiston; Luakanda-Ndelemo, Gradi; Lawanga, Leader; Mabika-Bope, Elzedek; Lumembe-Numbi, Raphael; Kabamba-Lungenyi, Gabriel; Citenga, Andre; Kelvin, D. J.; Pratt, Catherine; Ayouba, Ahidjo; Tessema, Sofonias; Mukadi-Bamuleka, Daniel; Jansen, Daan; Halbrook, Megan; Merrit, Sydney; Hensley, Lisa; Delaporte, Eric; Mwamba, Dieudonne; Liesenborghs, Laurens; Hoff, Nicole; Peeters, Martine; Low, Nicola; Rimoin, Anne; Kindrachuk, Jason; Vercauteren, Koen; Rambaut, Andrew; Ahuka-Mundeke, Steve; Muyembe-Tamfum, Jean-Jacques"
PP_004BJZR,Ia,None,Democratic Republic of the Congo,Kinshasa,2025-06-19,187451,0.7840514378147042,2025-10-21,"Wawina-Bokalanga, Tony; Amuri-Aziza, Adrienne; Mbala-Kingebeni, Placide; Kinganda-Lusamaki, Eddy; Pukuta-Simbu, Elisabeth; Hasivirwe-Vakaniaki, Emmanuel; Ola-Mpumbe, Rilia; Kwete-Mbokama, Papy; Akil-Bandali, Prince; Kacita, Cris; Ponga-Museme, Ange; Mapenzi-Kashali, Nelson; Vakaniaki, Gloria; Kenye, Kelly-Michel; Muyamuna, Elisabeth; Kavira-Bapitani, Sifa; Mukadi, Patrick; OToole, Aine; Tshiani-Mbaya, Olivier; Paku-Tshambu, Princesse; Lokilo-Lofiko, Emmanuel; Muswamba-Kayembe, Chloe; Makangara-Cigolo, Jean-Claude; Cikaya-Kankolongo, Fiston; Luakanda-Ndelemo, Gradi; Lawanga, Leader; Mabika-Bope, Elzedek; Lumembe-Numbi, Raphael; Kabamba-Lungenyi, Gabriel; Citenga, Andre; Kelvin, D. J.; Pratt, Catherine; Ayouba, Ahidjo; Tessema, Sofonias; Mukadi-Bamuleka, Daniel; Jansen, Daan; Halbrook, Megan; Merrit, Sydney; Hensley, Lisa; Delaporte, Eric; Mwamba, Dieudonne; Liesenborghs, Laurens; Hoff, Nicole; Peeters, Martine; Low, Nicola; Rimoin, Anne; Kindrachuk, Jason; Vercauteren, Koen; Rambaut, Andrew; Ahuka-Mundeke, Steve; Muyembe-Tamfum, Jean-Jacques"
PP_004BK0P,Ib,A.1,Democratic Republic of the Congo,Mai-Ndombe,2025-06-24,187468,0.827000796109711,2025-10-21,"Kenye, Kelly-Michel; Mbala-Kingebeni, Placide; Wawina-Bokalanga, Tony; Kinganda-Lusamaki, Eddy; Pukuta-Simbu, Elisabeth; Hasivirwe-Vakaniaki, Emmanuel; Ola-Mpumbe, Rilia; Kwete-Mbokama, Papy; Akil-Bandali, Prince; Kacita, Cris; Ponga-Museme, Ange; Mapenzi-Kashali, Nelson; Vakaniaki, Gloria; Amuri-Aziza, Adrienne; Muyamuna, Elisabeth; Kavira-Bapitani, Sifa; Mukadi, Patrick; OToole, Aine; Tshiani-Mbaya, Olivier; Paku-Tshambu, Princesse; Lokilo-Lofiko, Emmanuel; Muswamba-Kayembe, Chloe; Makangara-Cigolo, Jean-Claude; Cikaya-Kankolongo, Fiston; Luakanda-Ndelemo, Gradi; Lawanga, Leader; Mabika-Bope, Elzedek; Lumembe-Numbi, Raphael; Kabamba-Lungenyi, Gabriel; Citenga, Andre; Kelvin, D. J.; Pratt, Catherine; Ayouba, Ahidjo; Tessema, Sofonias; Mukadi-Bamuleka, Daniel; Jansen, Daan; Halbrook, Megan; Merrit, Sydney; Hensley, Lisa; Delaporte, Eric; Mwamba, Dieudonne; Liesenborghs, Laurens; Hoff, Nicole; Peeters, Martine; Low, Nicola; Rimoin, Anne; Kindrachuk, Jason; Vercauteren, Koen; Rambaut, Andrew; Ahuka-Mundeke, Steve; Muyembe-Tamfum, Jean-Jacques"
PP_004BK1M,Ia,None,Democratic Republic of the Congo,Mai-Ndombe,2025-06-24,187467,0.728952532592326,2025-10-21,"Kenye, Kelly-Michel; Mbala-Kingebeni, Placide; Wawina-Bokalanga, Tony; Kinganda-Lusamaki, Eddy; Pukuta-Simbu, Elisabeth; Hasivirwe-Vakaniaki, Emmanuel; Ola-Mpumbe, Rilia; Kwete-Mbokama, Papy; Akil-Bandali, Prince; Kacita, Cris; Ponga-Museme, Ange; Mapenzi-Kashali, Nelson; Vakaniaki, Gloria; Amuri-Aziza, Adrienne; Muyamuna, Elisabeth; Kavira-Bapitani, Sifa; Mukadi, Patrick; OToole, Aine; Tshiani-Mbaya, Olivier; Paku-Tshambu, Princesse; Lokilo-Lofiko, Emmanuel; Muswamba-Kayembe, Chloe; Makangara-Cigolo, Jean-Claude; Cikaya-Kankolongo, Fiston; Luakanda-Ndelemo, Gradi; Lawanga, Leader; Mabika-Bope, Elzedek; Lumembe-Numbi, Raphael; Kabamba-Lungenyi, Gabriel; Citenga, Andre; Kelvin, D. J.; Pratt, Catherine; Ayouba, Ahidjo; Tessema, Sofonias; Mukadi-Bamuleka, Daniel; Jansen, Daan; Halbrook, Megan; Merrit, Sydney; Hensley, Lisa; Delaporte, Eric; Mwamba, Dieudonne; Liesenborghs, Laurens; Hoff, Nicole; Peeters, Martine; Low, Nicola; Rimoin, Anne; Kindrachuk, Jason; Vercauteren, Koen; Rambaut, Andrew; Ahuka-Mundeke, Steve; Muyembe-Tamfum, Jean-Jacques"
PP_004BK2K,Ib,A.1,Democratic Republic of the Congo,Kinshasa,2025-06-24,187394,0.8838440436288405,2025-10-21,"Wawina-Bokalanga, Tony; Amuri-Aziza, Adrienne; Mbala-Kingebeni, Placide; Kinganda-Lusamaki, Eddy; Pukuta-Simbu, Elisabeth; Hasivirwe-Vakaniaki, Emmanuel; Ola-Mpumbe, Rilia; Kwete-Mbokama, Papy; Akil-Bandali, Prince; Kacita, Cris; Ponga-Museme, Ange; Mapenzi-Kashali, Nelson; Vakaniaki, Gloria; Kenye, Kelly-Michel; Muyamuna, Elisabeth; Kavira-Bapitani, Sifa; Mukadi, Patrick; OToole, Aine; Tshiani-Mbaya, Olivier; Paku-Tshambu, Princesse; Lokilo-Lofiko, Emmanuel; Muswamba-Kayembe, Chloe; Makangara-Cigolo, Jean-Claude; Cikaya-Kankolongo, Fiston; Luakanda-Ndelemo, Gradi; Lawanga, Leader; Mabika-Bope, Elzedek; Lumembe-Numbi, Raphael; Kabamba-Lungenyi, Gabriel; Citenga, Andre; Kelvin, D. J.; Pratt, Catherine; Ayouba, Ahidjo; Tessema, Sofonias; Mukadi-Bamuleka, Daniel; Jansen, Daan; Halbrook, Megan; Merrit, Sydney; Hensley, Lisa; Delaporte, Eric; Mwamba, Dieudonne; Liesenborghs, Laurens; Hoff, Nicole; Peeters, Martine; Low, Nicola; Rimoin, Anne; Kindrachuk, Jason; Vercauteren, Koen; Rambaut, Andrew; Ahuka-Mundeke, Steve; Muyembe-Tamfum, Jean-Jacques"
PP_004BK3H,Ib,A.1,Democratic Republic of the Congo,Kinshasa,2025-06-26,187399,0.8813340161960154,2025-10-21,"Wawina-Bokalanga, Tony; Amuri-Aziza, Adrienne; Mbala-Kingebeni, Placide; Kinganda-Lusamaki, Eddy; Pukuta-Simbu, Elisabeth; Hasivirwe-Vakaniaki, Emmanuel; Ola-Mpumbe, Rilia; Kwete-Mbokama, Papy; Akil-Bandali, Prince; Kacita, Cris; Ponga-Museme, Ange; Mapenzi-Kashali, Nelson; Vakaniaki, Gloria; Kenye, Kelly-Michel; Muyamuna, Elisabeth; Kavira-Bapitani, Sifa; Mukadi, Patrick; OToole, Aine; Tshiani-Mbaya, Olivier; Paku-Tshambu, Princesse; Lokilo-Lofiko, Emmanuel; Muswamba-Kayembe, Chloe; Makangara-Cigolo, Jean-Claude; Cikaya-Kankolongo, Fiston; Luakanda-Ndelemo, Gradi; Lawanga, Leader; Mabika-Bope, Elzedek; Lumembe-Numbi, Raphael; Kabamba-Lungenyi, Gabriel; Citenga, Andre; Kelvin, D. J.; Pratt, Catherine; Ayouba, Ahidjo; Tessema, Sofonias; Mukadi-Bamuleka, Daniel; Jansen, Daan; Halbrook, Megan; Merrit, Sydney; Hensley, Lisa; Delaporte, Eric; Mwamba, Dieudonne; Liesenborghs, Laurens; Hoff, Nicole; Peeters, Martine; Low, Nicola; Rimoin, Anne; Kindrachuk, Jason; Vercauteren, Koen; Rambaut, Andrew; Ahuka-Mundeke, Steve; Muyembe-Tamfum, Jean-Jacques"
PP_004BK4F,Ib,A.1,Democratic Republic of the Congo,Kinshasa,2025-06-28,187372,0.9105314666166352,2025-10-21,"Wawina-Bokalanga, Tony; Amuri-Aziza, Adrienne; Mbala-Kingebeni, Placide; Kinganda-Lusamaki, Eddy; Pukuta-Simbu, Elisabeth; Hasivirwe-Vakaniaki, Emmanuel; Ola-Mpumbe, Rilia; Kwete-Mbokama, Papy; Akil-Bandali, Prince; Kacita, Cris; Ponga-Museme, Ange; Mapenzi-Kashali, Nelson; Vakaniaki, Gloria; Kenye, Kelly-Michel; Muyamuna, Elisabeth; Kavira-Bapitani, Sifa; Mukadi, Patrick; OToole, Aine; Tshiani-Mbaya, Olivier; Paku-Tshambu, Princesse; Lokilo-Lofiko, Emmanuel; Muswamba-Kayembe, Chloe; Makangara-Cigolo, Jean-Claude; Cikaya-Kankolongo, Fiston; Luakanda-Ndelemo, Gradi; Lawanga, Leader; Mabika-Bope, Elzedek; Lumembe-Numbi, Raphael; Kabamba-Lungenyi, Gabriel; Citenga, Andre; Kelvin, D. J.; Pratt, Catherine; Ayouba, Ahidjo; Tessema, Sofonias; Mukadi-Bamuleka, Daniel; Jansen, Daan; Halbrook, Megan; Merrit, Sydney; Hensley, Lisa; Delaporte, Eric; Mwamba, Dieudonne; Liesenborghs, Laurens; Hoff, Nicole; Peeters, Martine; Low, Nicola; Rimoin, Anne; Kindrachuk, Jason; Vercauteren, Koen; Rambaut, Andrew; Ahuka-Mundeke, Steve; Muyembe-Tamfum, Jean-Jacques"
PP_004BK5D,Ia,None,Democratic Republic of the Congo,Kinshasa,2025-06-27,187422,0.895501726594628,2025-10-21,"Wawina-Bokalanga, Tony; Amuri-Aziza, Adrienne; Mbala-Kingebeni, Placide; Kinganda-Lusamaki, Eddy; Pukuta-Simbu, Elisabeth; Hasivirwe-Vakaniaki, Emmanuel; Ola-Mpumbe, Rilia; Kwete-Mbokama, Papy; Akil-Bandali, Prince; Kacita, Cris; Ponga-Museme, Ange; Mapenzi-Kashali, Nelson; Vakaniaki, Gloria; Kenye, Kelly-Michel; Muyamuna, Elisabeth; Kavira-Bapitani, Sifa; Mukadi, Patrick; OToole, Aine; Tshiani-Mbaya, Olivier; Paku-Tshambu, Princesse; Lokilo-Lofiko, Emmanuel; Muswamba-Kayembe, Chloe; Makangara-Cigolo, Jean-Claude; Cikaya-Kankolongo, Fiston; Luakanda-Ndelemo, Gradi; Lawanga, Leader; Mabika-Bope, Elzedek; Lumembe-Numbi, Raphael; Kabamba-Lungenyi, Gabriel; Citenga, Andre; Kelvin, D. J.; Pratt, Catherine; Ayouba, Ahidjo; Tessema, Sofonias; Mukadi-Bamuleka, Daniel; Jansen, Daan; Halbrook, Megan; Merrit, Sydney; Hensley, Lisa; Delaporte, Eric; Mwamba, Dieudonne; Liesenborghs, Laurens; Hoff, Nicole; Peeters, Martine; Low, Nicola; Rimoin, Anne; Kindrachuk, Jason; Vercauteren, Koen; Rambaut, Andrew; Ahuka-Mundeke, Steve; Muyembe-Tamfum, Jean-Jacques"
PP_004BK6B,Ib,A.1,Democratic Republic of the Congo,Kinshasa,2025-06-29,187399,0.893311157198708,2025-10-21,"Wawina-Bokalanga, Tony; Amuri-Aziza, Adrienne; Mbala-Kingebeni, Placide; Kinganda-Lusamaki, Eddy; Pukuta-Simbu, Elisabeth; Hasivirwe-Vakaniaki, Emmanuel; Ola-Mpumbe, Rilia; Kwete-Mbokama, Papy; Akil-Bandali, Prince; Kacita, Cris; Ponga-Museme, Ange; Mapenzi-Kashali, Nelson; Vakaniaki, Gloria; Kenye, Kelly-Michel; Muyamuna, Elisabeth; Kavira-Bapitani, Sifa; Mukadi, Patrick; OToole, Aine; Tshiani-Mbaya, Olivier; Paku-Tshambu, Princesse; Lokilo-Lofiko, Emmanuel; Muswamba-Kayembe, Chloe; Makangara-Cigolo, Jean-Claude; Cikaya-Kankolongo, Fiston; Luakanda-Ndelemo, Gradi; Lawanga, Leader; Mabika-Bope, Elzedek; Lumembe-Numbi, Raphael; Kabamba-Lungenyi, Gabriel; Citenga, Andre; Kelvin, D. J.; Pratt, Catherine; Ayouba, Ahidjo; Tessema, Sofonias; Mukadi-Bamuleka, Daniel; Jansen, Daan; Halbrook, Megan; Merrit, Sydney; Hensley, Lisa; Delaporte, Eric; Mwamba, Dieudonne; Liesenborghs, Laurens; Hoff, Nicole; Peeters, Martine; Low, Nicola; Rimoin, Anne; Kindrachuk, Jason; Vercauteren, Koen; Rambaut, Andrew; Ahuka-Mundeke, Steve; Muyembe-Tamfum, Jean-Jacques"
PP_004BK79,Ib,A.1,Democratic Republic of the Congo,Kinshasa,2025-06-30,187399,0.9002073941858637,2025-10-21,"Wawina-Bokalanga, Tony; Amuri-Aziza, Adrienne; Mbala-Kingebeni, Placide; Kinganda-Lusamaki, Eddy; Pukuta-Simbu, Elisabeth; Hasivirwe-Vakaniaki, Emmanuel; Ola-Mpumbe, Rilia; Kwete-Mbokama, Papy; Akil-Bandali, Prince; Kacita, Cris; Ponga-Museme, Ange; Mapenzi-Kashali, Nelson; Vakaniaki, Gloria; Kenye, Kelly-Michel; Muyamuna, Elisabeth; Kavira-Bapitani, Sifa; Mukadi, Patrick; OToole, Aine; Tshiani-Mbaya, Olivier; Paku-Tshambu, Princesse; Lokilo-Lofiko, Emmanuel; Muswamba-Kayembe, Chloe; Makangara-Cigolo, Jean-Claude; Cikaya-Kankolongo, Fiston; Luakanda-Ndelemo, Gradi; Lawanga, Leader; Mabika-Bope, Elzedek; Lumembe-Numbi, Raphael; Kabamba-Lungenyi, Gabriel; Citenga, Andre; Kelvin, D. J.; Pratt, Catherine; Ayouba, Ahidjo; Tessema, Sofonias; Mukadi-Bamuleka, Daniel; Jansen, Daan; Halbrook, Megan; Merrit, Sydney; Hensley, Lisa; Delaporte, Eric; Mwamba, Dieudonne; Liesenborghs, Laurens; Hoff, Nicole; Peeters, Martine; Low, Nicola; Rimoin, Anne; Kindrachuk, Jason; Vercauteren, Koen; Rambaut, Andrew; Ahuka-Mundeke, Steve; Muyembe-Tamfum, Jean-Jacques"
PP_004BK87,Ib,A.1,Democratic Republic of the Congo,Kinshasa,2025-06-30,187410,0.8931083266990857,2025-10-21,"Wawina-Bokalanga, Tony; Amuri-Aziza, Adrienne; Mbala-Kingebeni, Placide; Kinganda-Lusamaki, Eddy; Pukuta-Simbu, Elisabeth; Hasivirwe-Vakaniaki, Emmanuel; Ola-Mpumbe, Rilia; Kwete-Mbokama, Papy; Akil-Bandali, Prince; Kacita, Cris; Ponga-Museme, Ange; Mapenzi-Kashali, Nelson; Vakaniaki, Gloria; Kenye, Kelly-Michel; Muyamuna, Elisabeth; Kavira-Bapitani, Sifa; Mukadi, Patrick; OToole, Aine; Tshiani-Mbaya, Olivier; Paku-Tshambu, Princesse; Lokilo-Lofiko, Emmanuel; Muswamba-Kayembe, Chloe; Makangara-Cigolo, Jean-Claude; Cikaya-Kankolongo, Fiston; Luakanda-Ndelemo, Gradi; Lawanga, Leader; Mabika-Bope, Elzedek; Lumembe-Numbi, Raphael; Kabamba-Lungenyi, Gabriel; Citenga, Andre; Kelvin, D. J.; Pratt, Catherine; Ayouba, Ahidjo; Tessema, Sofonias; Mukadi-Bamuleka, Daniel; Jansen, Daan; Halbrook, Megan; Merrit, Sydney; Hensley, Lisa; Delaporte, Eric; Mwamba, Dieudonne; Liesenborghs, Laurens; Hoff, Nicole; Peeters, Martine; Low, Nicola; Rimoin, Anne; Kindrachuk, Jason; Vercauteren, Koen; Rambaut, Andrew; Ahuka-Mundeke, Steve; Muyembe-Tamfum, Jean-Jacques"
PP_004BK95,Ib,A.1,Democratic Republic of the Congo,Kinshasa,2025-07-01,187418,0.8946650507836863,2025-10-21,"Wawina-Bokalanga, Tony; Amuri-Aziza, Adrienne; Mbala-Kingebeni, Placide; Kinganda-Lusamaki, Eddy; Pukuta-Simbu, Elisabeth; Hasivirwe-Vakaniaki, Emmanuel; Ola-Mpumbe, Rilia; Kwete-Mbokama, Papy; Akil-Bandali, Prince; Kacita, Cris; Ponga-Museme, Ange; Mapenzi-Kashali, Nelson; Vakaniaki, Gloria; Kenye, Kelly-Michel; Muyamuna, Elisabeth; Kavira-Bapitani, Sifa; Mukadi, Patrick; OToole, Aine; Tshiani-Mbaya, Olivier; Paku-Tshambu, Princesse; Lokilo-Lofiko, Emmanuel; Muswamba-Kayembe, Chloe; Makangara-Cigolo, Jean-Claude; Cikaya-Kankolongo, Fiston; Luakanda-Ndelemo, Gradi; Lawanga, Leader; Mabika-Bope, Elzedek; Lumembe-Numbi, Raphael; Kabamba-Lungenyi, Gabriel; Citenga, Andre; Kelvin, D. J.; Pratt, Catherine; Ayouba, Ahidjo; Tessema, Sofonias; Mukadi-Bamuleka, Daniel; Jansen, Daan; Halbrook, Megan; Merrit, Sydney; Hensley, Lisa; Delaporte, Eric; Mwamba, Dieudonne; Liesenborghs, Laurens; Hoff, Nicole; Peeters, Martine; Low, Nicola; Rimoin, Anne; Kindrachuk, Jason; Vercauteren, Koen; Rambaut, Andrew; Ahuka-Mundeke, Steve; Muyembe-Tamfum, Jean-Jacques"
PP_004BKA3,Ib,A.1,Democratic Republic of the Congo,Kinshasa,2025-06-20,187396,0.8830935707802382,2025-10-21,"Wawina-Bokalanga, Tony; Amuri-Aziza, Adrienne; Mbala-Kingebeni, Placide; Kinganda-Lusamaki, Eddy; Pukuta-Simbu, Elisabeth; Hasivirwe-Vakaniaki, Emmanuel; Ola-Mpumbe, Rilia; Kwete-Mbokama, Papy; Akil-Bandali, Prince; Kacita, Cris; Ponga-Museme, Ange; Mapenzi-Kashali, Nelson; Vakaniaki, Gloria; Kenye, Kelly-Michel; Muyamuna, Elisabeth; Kavira-Bapitani, Sifa; Mukadi, Patrick; OToole, Aine; Tshiani-Mbaya, Olivier; Paku-Tshambu, Princesse; Lokilo-Lofiko, Emmanuel; Muswamba-Kayembe, Chloe; Makangara-Cigolo, Jean-Claude; Cikaya-Kankolongo, Fiston; Luakanda-Ndelemo, Gradi; Lawanga, Leader; Mabika-Bope, Elzedek; Lumembe-Numbi, Raphael; Kabamba-Lungenyi, Gabriel; Citenga, Andre; Kelvin, D. J.; Pratt, Catherine; Ayouba, Ahidjo; Tessema, Sofonias; Mukadi-Bamuleka, Daniel; Jansen, Daan; Halbrook, Megan; Merrit, Sydney; Hensley, Lisa; Delaporte, Eric; Mwamba, Dieudonne; Liesenborghs, Laurens; Hoff, Nicole; Peeters, Martine; Low, Nicola; Rimoin, Anne; Kindrachuk, Jason; Vercauteren, Koen; Rambaut, Andrew; Ahuka-Mundeke, Steve; Muyembe-Tamfum, Jean-Jacques"
PP_004BKB1,Ia,None,Democratic Republic of the Congo,Kinshasa,2025-06-28,187417,0.885436263050875,2025-10-21,"Wawina-Bokalanga, Tony; Amuri-Aziza, Adrienne; Mbala-Kingebeni, Placide; Kinganda-Lusamaki, Eddy; Pukuta-Simbu, Elisabeth; Hasivirwe-Vakaniaki, Emmanuel; Ola-Mpumbe, Rilia; Kwete-Mbokama, Papy; Akil-Bandali, Prince; Kacita, Cris; Ponga-Museme, Ange; Mapenzi-Kashali, Nelson; Vakaniaki, Gloria; Kenye, Kelly-Michel; Muyamuna, Elisabeth; Kavira-Bapitani, Sifa; Mukadi, Patrick; OToole, Aine; Tshiani-Mbaya, Olivier; Paku-Tshambu, Princesse; Lokilo-Lofiko, Emmanuel; Muswamba-Kayembe, Chloe; Makangara-Cigolo, Jean-Claude; Cikaya-Kankolongo, Fiston; Luakanda-Ndelemo, Gradi; Lawanga, Leader; Mabika-Bope, Elzedek; Lumembe-Numbi, Raphael; Kabamba-Lungenyi, Gabriel; Citenga, Andre; Kelvin, D. J.; Pratt, Catherine; Ayouba, Ahidjo; Tessema, Sofonias; Mukadi-Bamuleka, Daniel; Jansen, Daan; Halbrook, Megan; Merrit, Sydney; Hensley, Lisa; Delaporte, Eric; Mwamba, Dieudonne; Liesenborghs, Laurens; Hoff, Nicole; Peeters, Martine; Low, Nicola; Rimoin, Anne; Kindrachuk, Jason; Vercauteren, Koen; Rambaut, Andrew; Ahuka-Mundeke, Steve; Muyembe-Tamfum, Jean-Jacques"
PP_004BKCZ,Ib,A.1,Democratic Republic of the Congo,Kinshasa,2025-06-27,187417,0.8590226612375703,2025-10-21,"Wawina-Bokalanga, Tony; Amuri-Aziza, Adrienne; Mbala-Kingebeni, Placide; Kinganda-Lusamaki, Eddy; Pukuta-Simbu, Elisabeth; Hasivirwe-Vakaniaki, Emmanuel; Ola-Mpumbe, Rilia; Kwete-Mbokama, Papy; Akil-Bandali, Prince; Kacita, Cris; Ponga-Museme, Ange; Mapenzi-Kashali, Nelson; Vakaniaki, Gloria; Kenye, Kelly-Michel; Muyamuna, Elisabeth; Kavira-Bapitani, Sifa; Mukadi, Patrick; OToole, Aine; Tshiani-Mbaya, Olivier; Paku-Tshambu, Princesse; Lokilo-Lofiko, Emmanuel; Muswamba-Kayembe, Chloe; Makangara-Cigolo, Jean-Claude; Cikaya-Kankolongo, Fiston; Luakanda-Ndelemo, Gradi; Lawanga, Leader; Mabika-Bope, Elzedek; Lumembe-Numbi, Raphael; Kabamba-Lungenyi, Gabriel; Citenga, Andre; Kelvin, D. J.; Pratt, Catherine; Ayouba, Ahidjo; Tessema, Sofonias; Mukadi-Bamuleka, Daniel; Jansen, Daan; Halbrook, Megan; Merrit, Sydney; Hensley, Lisa; Delaporte, Eric; Mwamba, Dieudonne; Liesenborghs, Laurens; Hoff, Nicole; Peeters, Martine; Low, Nicola; Rimoin, Anne; Kindrachuk, Jason; Vercauteren, Koen; Rambaut, Andrew; Ahuka-Mundeke, Steve; Muyembe-Tamfum, Jean-Jacques"
PP_004ETNY,Ia,None,Democratic Republic of the Congo,"Sankuru subregion, Kasdai Oriental",1996-01,196981,1,2025-12-17,"Gigante, C.; Deng, J.; Zhao, H.; Olson, V.; Smith, T.; Li, Y."
PP_004M184,Ia,None,Democratic Republic of the Congo,NA,2024-08,185024,0.939647784837406,2026-02-27,"Asari, Ryoko; YongDam, Jeong; Kaku, Natsuko; Sango, Sarah M.; Diavita, Ruth; Likofata, Jacques; Uesaka, Yuko; Wakabayashi, Yoshiyuki; Nakagama, Yu; Nakagama, Shun; Montie, Harrison T.; Miura, Fuminari; Ishikane, Masahiro; Muyembe, Jean-Jacques; Mumba, Dieudonne N.; Mbala-Kingebeni, Placide; Iwami, Shingo; Kido, Yasutoshi"
PP_004M275,Ia,None,Democratic Republic of the Congo,NA,2024-08,184928,0.939237053075671,2026-02-27,"Asari, Ryoko; YongDam, Jeong; Kaku, Natsuko; Sango, Sarah M.; Diavita, Ruth; Likofata, Jacques; Uesaka, Yuko; Wakabayashi, Yoshiyuki; Nakagama, Yu; Nakagama, Shun; Montie, Harrison T.; Miura, Fuminari; Ishikane, Masahiro; Muyembe, Jean-Jacques; Mumba, Dieudonne N.; Mbala-Kingebeni, Placide; Iwami, Shingo; Kido, Yasutoshi"
PP_004M366,Ia,None,Democratic Republic of the Congo,NA,2024-08,185094,0.8981080985147737,2026-02-27,"Asari, Ryoko; YongDam, Jeong; Kaku, Natsuko; Sango, Sarah M.; Diavita, Ruth; Likofata, Jacques; Uesaka, Yuko; Wakabayashi, Yoshiyuki; Nakagama, Yu; Nakagama, Shun; Montie, Harrison T.; Miura, Fuminari; Ishikane, Masahiro; Muyembe, Jean-Jacques; Mumba, Dieudonne N.; Mbala-Kingebeni, Placide; Iwami, Shingo; Kido, Yasutoshi"
PP_004M374,Ia,None,Democratic Republic of the Congo,NA,2024-08,185067,0.9276452900222606,2026-02-27,"Asari, Ryoko; YongDam, Jeong; Kaku, Natsuko; Sango, Sarah M.; Diavita, Ruth; Likofata, Jacques; Uesaka, Yuko; Wakabayashi, Yoshiyuki; Nakagama, Yu; Nakagama, Shun; Montie, Harrison T.; Miura, Fuminari; Ishikane, Masahiro; Muyembe, Jean-Jacques; Mumba, Dieudonne N.; Mbala-Kingebeni, Placide; Iwami, Shingo; Kido, Yasutoshi"
PP_004M382,Ia,None,Democratic Republic of the Congo,NA,2024-08,182159,0.4400002028304996,2026-02-27,"Asari, Ryoko; YongDam, Jeong; Kaku, Natsuko; Sango, Sarah M.; Diavita, Ruth; Likofata, Jacques; Uesaka, Yuko; Wakabayashi, Yoshiyuki; Nakagama, Yu; Nakagama, Shun; Montie, Harrison T.; Miura, Fuminari; Ishikane, Masahiro; Muyembe, Jean-Jacques; Mumba, Dieudonne N.; Mbala-Kingebeni, Placide; Iwami, Shingo; Kido, Yasutoshi"
PP_004M390,Ia,None,Democratic Republic of the Congo,NA,2024-08,184263,0.7359653971167645,2026-02-27,"Asari, Ryoko; YongDam, Jeong; Kaku, Natsuko; Sango, Sarah M.; Diavita, Ruth; Likofata, Jacques; Uesaka, Yuko; Wakabayashi, Yoshiyuki; Nakagama, Yu; Nakagama, Shun; Montie, Harrison T.; Miura, Fuminari; Ishikane, Masahiro; Muyembe, Jean-Jacques; Mumba, Dieudonne N.; Mbala-Kingebeni, Placide; Iwami, Shingo; Kido, Yasutoshi"
PP_004M3AY,Ia,None,Democratic Republic of the Congo,NA,2024-09,185331,0.941189296634535,2026-02-27,"Asari, Ryoko; YongDam, Jeong; Kaku, Natsuko; Sango, Sarah M.; Diavita, Ruth; Likofata, Jacques; Uesaka, Yuko; Wakabayashi, Yoshiyuki; Nakagama, Yu; Nakagama, Shun; Montie, Harrison T.; Miura, Fuminari; Ishikane, Masahiro; Muyembe, Jean-Jacques; Mumba, Dieudonne N.; Mbala-Kingebeni, Placide; Iwami, Shingo; Kido, Yasutoshi"
PP_004M3BW,Ia,None,Democratic Republic of the Congo,NA,2024-09,185188,0.9404946021733288,2026-02-27,"Asari, Ryoko; YongDam, Jeong; Kaku, Natsuko; Sango, Sarah M.; Diavita, Ruth; Likofata, Jacques; Uesaka, Yuko; Wakabayashi, Yoshiyuki; Nakagama, Yu; Nakagama, Shun; Montie, Harrison T.; Miura, Fuminari; Ishikane, Masahiro; Muyembe, Jean-Jacques; Mumba, Dieudonne N.; Mbala-Kingebeni, Placide; Iwami, Shingo; Kido, Yasutoshi"
PP_004M3CU,Ia,None,Democratic Republic of the Congo,NA,2024-09,184681,0.9109472691408608,2026-02-27,"Asari, Ryoko; YongDam, Jeong; Kaku, Natsuko; Sango, Sarah M.; Diavita, Ruth; Likofata, Jacques; Uesaka, Yuko; Wakabayashi, Yoshiyuki; Nakagama, Yu; Nakagama, Shun; Montie, Harrison T.; Miura, Fuminari; Ishikane, Masahiro; Muyembe, Jean-Jacques; Mumba, Dieudonne N.; Mbala-Kingebeni, Placide; Iwami, Shingo; Kido, Yasutoshi"
PP_004M3DS,Ia,None,Democratic Republic of the Congo,NA,2024-09,185162,0.9404489653109138,2026-02-27,"Asari, Ryoko; YongDam, Jeong; Kaku, Natsuko; Sango, Sarah M.; Diavita, Ruth; Likofata, Jacques; Uesaka, Yuko; Wakabayashi, Yoshiyuki; Nakagama, Yu; Nakagama, Shun; Montie, Harrison T.; Miura, Fuminari; Ishikane, Masahiro; Muyembe, Jean-Jacques; Mumba, Dieudonne N.; Mbala-Kingebeni, Placide; Iwami, Shingo; Kido, Yasutoshi"
PP_004M3EQ,Ia,None,Democratic Republic of the Congo,NA,2024-09,184665,0.9305001293044436,2026-02-27,"Asari, Ryoko; YongDam, Jeong; Kaku, Natsuko; Sango, Sarah M.; Diavita, Ruth; Likofata, Jacques; Uesaka, Yuko; Wakabayashi, Yoshiyuki; Nakagama, Yu; Nakagama, Shun; Montie, Harrison T.; Miura, Fuminari; Ishikane, Masahiro; Muyembe, Jean-Jacques; Mumba, Dieudonne N.; Mbala-Kingebeni, Placide; Iwami, Shingo; Kido, Yasutoshi"
PP_004M3FN,Ia,None,Democratic Republic of the Congo,NA,2024-08,185034,0.939830332287066,2026-02-27,"Asari, Ryoko; YongDam, Jeong; Kaku, Natsuko; Sango, Sarah M.; Diavita, Ruth; Likofata, Jacques; Uesaka, Yuko; Wakabayashi, Yoshiyuki; Nakagama, Yu; Nakagama, Shun; Montie, Harrison T.; Miura, Fuminari; Ishikane, Masahiro; Muyembe, Jean-Jacques; Mumba, Dieudonne N.; Mbala-Kingebeni, Placide; Iwami, Shingo; Kido, Yasutoshi"
PP_004M3GL,Ia,None,Democratic Republic of the Congo,NA,2024-08,185246,0.9405554513232156,2026-02-27,"Asari, Ryoko; YongDam, Jeong; Kaku, Natsuko; Sango, Sarah M.; Diavita, Ruth; Likofata, Jacques; Uesaka, Yuko; Wakabayashi, Yoshiyuki; Nakagama, Yu; Nakagama, Shun; Montie, Harrison T.; Miura, Fuminari; Ishikane, Masahiro; Muyembe, Jean-Jacques; Mumba, Dieudonne N.; Mbala-Kingebeni, Placide; Iwami, Shingo; Kido, Yasutoshi"
PP_004M3HH,Ia,None,Democratic Republic of the Congo,NA,2024-08,183642,0.8039896759275692,2026-02-27,"Asari, Ryoko; YongDam, Jeong; Kaku, Natsuko; Sango, Sarah M.; Diavita, Ruth; Likofata, Jacques; Uesaka, Yuko; Wakabayashi, Yoshiyuki; Nakagama, Yu; Nakagama, Shun; Montie, Harrison T.; Miura, Fuminari; Ishikane, Masahiro; Muyembe, Jean-Jacques; Mumba, Dieudonne N.; Mbala-Kingebeni, Placide; Iwami, Shingo; Kido, Yasutoshi"
PP_004M3JF,Ia,None,Democratic Republic of the Congo,NA,2024-08,184903,0.901824967420351,2026-02-27,"Asari, Ryoko; YongDam, Jeong; Kaku, Natsuko; Sango, Sarah M.; Diavita, Ruth; Likofata, Jacques; Uesaka, Yuko; Wakabayashi, Yoshiyuki; Nakagama, Yu; Nakagama, Shun; Montie, Harrison T.; Miura, Fuminari; Ishikane, Masahiro; Muyembe, Jean-Jacques; Mumba, Dieudonne N.; Mbala-Kingebeni, Placide; Iwami, Shingo; Kido, Yasutoshi"
PP_004M3KD,Ia,None,Democratic Republic of the Congo,NA,2024-09,185039,0.9391204255383884,2026-02-27,"Asari, Ryoko; YongDam, Jeong; Kaku, Natsuko; Sango, Sarah M.; Diavita, Ruth; Likofata, Jacques; Uesaka, Yuko; Wakabayashi, Yoshiyuki; Nakagama, Yu; Nakagama, Shun; Montie, Harrison T.; Miura, Fuminari; Ishikane, Masahiro; Muyembe, Jean-Jacques; Mumba, Dieudonne N.; Mbala-Kingebeni, Placide; Iwami, Shingo; Kido, Yasutoshi"
PP_004M3LB,Ia,None,Democratic Republic of the Congo,NA,2024-09,185043,0.9398708983869904,2026-02-27,"Asari, Ryoko; YongDam, Jeong; Kaku, Natsuko; Sango, Sarah M.; Diavita, Ruth; Likofata, Jacques; Uesaka, Yuko; Wakabayashi, Yoshiyuki; Nakagama, Yu; Nakagama, Shun; Montie, Harrison T.; Miura, Fuminari; Ishikane, Masahiro; Muyembe, Jean-Jacques; Mumba, Dieudonne N.; Mbala-Kingebeni, Placide; Iwami, Shingo; Kido, Yasutoshi"
PP_004M3M9,Ia,None,Democratic Republic of the Congo,NA,2024-09,184988,0.9392015577382372,2026-02-27,"Asari, Ryoko; YongDam, Jeong; Kaku, Natsuko; Sango, Sarah M.; Diavita, Ruth; Likofata, Jacques; Uesaka, Yuko; Wakabayashi, Yoshiyuki; Nakagama, Yu; Nakagama, Shun; Montie, Harrison T.; Miura, Fuminari; Ishikane, Masahiro; Muyembe, Jean-Jacques; Mumba, Dieudonne N.; Mbala-Kingebeni, Placide; Iwami, Shingo; Kido, Yasutoshi"
PP_004M3N7,Ia,None,Democratic Republic of the Congo,NA,2024-09,185078,0.9375231353538632,2026-02-27,"Asari, Ryoko; YongDam, Jeong; Kaku, Natsuko; Sango, Sarah M.; Diavita, Ruth; Likofata, Jacques; Uesaka, Yuko; Wakabayashi, Yoshiyuki; Nakagama, Yu; Nakagama, Shun; Montie, Harrison T.; Miura, Fuminari; Ishikane, Masahiro; Muyembe, Jean-Jacques; Mumba, Dieudonne N.; Mbala-Kingebeni, Placide; Iwami, Shingo; Kido, Yasutoshi"
PP_004M3P5,Ia,None,Democratic Republic of the Congo,NA,2024-09,185035,0.9398708983869904,2026-02-27,"Asari, Ryoko; YongDam, Jeong; Kaku, Natsuko; Sango, Sarah M.; Diavita, Ruth; Likofata, Jacques; Uesaka, Yuko; Wakabayashi, Yoshiyuki; Nakagama, Yu; Nakagama, Shun; Montie, Harrison T.; Miura, Fuminari; Ishikane, Masahiro; Muyembe, Jean-Jacques; Mumba, Dieudonne N.; Mbala-Kingebeni, Placide; Iwami, Shingo; Kido, Yasutoshi"
PP_004M3Q3,Ia,None,Democratic Republic of the Congo,NA,2024-08,184968,0.939521015775142,2026-02-27,"Asari, Ryoko; YongDam, Jeong; Kaku, Natsuko; Sango, Sarah M.; Diavita, Ruth; Likofata, Jacques; Uesaka, Yuko; Wakabayashi, Yoshiyuki; Nakagama, Yu; Nakagama, Shun; Montie, Harrison T.; Miura, Fuminari; Ishikane, Masahiro; Muyembe, Jean-Jacques; Mumba, Dieudonne N.; Mbala-Kingebeni, Placide; Iwami, Shingo; Kido, Yasutoshi"
PP_004M3R1,Ia,None,Democratic Republic of the Congo,NA,2024-08,185045,0.939875969149481,2026-02-27,"Asari, Ryoko; YongDam, Jeong; Kaku, Natsuko; Sango, Sarah M.; Diavita, Ruth; Likofata, Jacques; Uesaka, Yuko; Wakabayashi, Yoshiyuki; Nakagama, Yu; Nakagama, Shun; Montie, Harrison T.; Miura, Fuminari; Ishikane, Masahiro; Muyembe, Jean-Jacques; Mumba, Dieudonne N.; Mbala-Kingebeni, Placide; Iwami, Shingo; Kido, Yasutoshi"
PP_004M3SZ,Ia,None,Democratic Republic of the Congo,NA,2024-08,185142,0.9376499044161272,2026-02-27,"Asari, Ryoko; YongDam, Jeong; Kaku, Natsuko; Sango, Sarah M.; Diavita, Ruth; Likofata, Jacques; Uesaka, Yuko; Wakabayashi, Yoshiyuki; Nakagama, Yu; Nakagama, Shun; Montie, Harrison T.; Miura, Fuminari; Ishikane, Masahiro; Muyembe, Jean-Jacques; Mumba, Dieudonne N.; Mbala-Kingebeni, Placide; Iwami, Shingo; Kido, Yasutoshi"
PP_004M3TX,Ia,None,Democratic Republic of the Congo,NA,2024-08,185244,0.9408089894477432,2026-02-27,"Asari, Ryoko; YongDam, Jeong; Kaku, Natsuko; Sango, Sarah M.; Diavita, Ruth; Likofata, Jacques; Uesaka, Yuko; Wakabayashi, Yoshiyuki; Nakagama, Yu; Nakagama, Shun; Montie, Harrison T.; Miura, Fuminari; Ishikane, Masahiro; Muyembe, Jean-Jacques; Mumba, Dieudonne N.; Mbala-Kingebeni, Placide; Iwami, Shingo; Kido, Yasutoshi"
PP_004M3UV,Ia,None,Democratic Republic of the Congo,NA,2024-08,185095,0.9400737288866128,2026-02-27,"Asari, Ryoko; YongDam, Jeong; Kaku, Natsuko; Sango, Sarah M.; Diavita, Ruth; Likofata, Jacques; Uesaka, Yuko; Wakabayashi, Yoshiyuki; Nakagama, Yu; Nakagama, Shun; Montie, Harrison T.; Miura, Fuminari; Ishikane, Masahiro; Muyembe, Jean-Jacques; Mumba, Dieudonne N.; Mbala-Kingebeni, Placide; Iwami, Shingo; Kido, Yasutoshi"
PP_004M3VT,Ia,None,Democratic Republic of the Congo,NA,2024-08,184582,0.9222449279698188,2026-02-27,"Asari, Ryoko; YongDam, Jeong; Kaku, Natsuko; Sango, Sarah M.; Diavita, Ruth; Likofata, Jacques; Uesaka, Yuko; Wakabayashi, Yoshiyuki; Nakagama, Yu; Nakagama, Shun; Montie, Harrison T.; Miura, Fuminari; Ishikane, Masahiro; Muyembe, Jean-Jacques; Mumba, Dieudonne N.; Mbala-Kingebeni, Placide; Iwami, Shingo; Kido, Yasutoshi"
PP_004M3WR,Ia,None,Democratic Republic of the Congo,NA,2024-09,185035,0.9398911814369528,2026-02-27,"Asari, Ryoko; YongDam, Jeong; Kaku, Natsuko; Sango, Sarah M.; Diavita, Ruth; Likofata, Jacques; Uesaka, Yuko; Wakabayashi, Yoshiyuki; Nakagama, Yu; Nakagama, Shun; Montie, Harrison T.; Miura, Fuminari; Ishikane, Masahiro; Muyembe, Jean-Jacques; Mumba, Dieudonne N.; Mbala-Kingebeni, Placide; Iwami, Shingo; Kido, Yasutoshi"
PP_004M3XP,Ia,None,Democratic Republic of the Congo,NA,2024-09,185121,0.9402613470987632,2026-02-27,"Asari, Ryoko; YongDam, Jeong; Kaku, Natsuko; Sango, Sarah M.; Diavita, Ruth; Likofata, Jacques; Uesaka, Yuko; Wakabayashi, Yoshiyuki; Nakagama, Yu; Nakagama, Shun; Montie, Harrison T.; Miura, Fuminari; Ishikane, Masahiro; Muyembe, Jean-Jacques; Mumba, Dieudonne N.; Mbala-Kingebeni, Placide; Iwami, Shingo; Kido, Yasutoshi"
PP_004M3YM,Ia,None,Democratic Republic of the Congo,NA,2024-09,185188,0.9401193657490275,2026-02-27,"Asari, Ryoko; YongDam, Jeong; Kaku, Natsuko; Sango, Sarah M.; Diavita, Ruth; Likofata, Jacques; Uesaka, Yuko; Wakabayashi, Yoshiyuki; Nakagama, Yu; Nakagama, Shun; Montie, Harrison T.; Miura, Fuminari; Ishikane, Masahiro; Muyembe, Jean-Jacques; Mumba, Dieudonne N.; Mbala-Kingebeni, Placide; Iwami, Shingo; Kido, Yasutoshi"
PP_007LP0X,Ia,None,Democratic Republic of the Congo,Tshopo,2014-11-29,190369,0.9095071725935427,2026-09-11,"Matondo Kuamfumu, M.; Baelo, P.; Lacroix, A.; Odia-Kadima, G.; Ndimbo-Kumugo, SP.; Nkuba-Ndaye, A.; Kinganda-Lusamaki, E.; Jill-Léa, R.; Cooreman, T.; Geraerts, M.; Laurent, N.; van-Vreedendaal, R.; Fourchault, L.; Joffrin, L.; Laudisoit, A.; Liesenborghs, L.; Vercauteren, K.; Ariën, K.; Tessa, deBlock.; Jansen, D.; Nebesse, C.; Ngoy, S.; Mande, C.; Mbala-Kingebeni, P.; Ayouba, A.; Delaporte, E.; Kaleme, P.; Flores, L.; Almudena, M.; Leirs, H.; Gryseels, S.; Verheyen, E.; Gembu, G.; Mariën, J.; Peeters, M.; Ahuka-Mundeke, S."
PP_007LP0X,Ia,None,Democratic Republic of the Congo,Tshopo,2014-11-29,190369,0.9095071725935427,2026-09-12,"Matondo Kuamfumu, M.; Baelo, P.; Lacroix, A.; Odia-Kadima, G.; Ndimbo-Kumugo, SP.; Nkuba-Ndaye, A.; Kinganda-Lusamaki, E.; Jill-Léa, R.; Cooreman, T.; Geraerts, M.; Laurent, N.; van-Vreedendaal, R.; Fourchault, L.; Joffrin, L.; Laudisoit, A.; Liesenborghs, L.; Vercauteren, K.; Ariën, K.; Tessa, deBlock.; Jansen, D.; Nebesse, C.; Ngoy, S.; Mande, C.; Mbala-Kingebeni, P.; Ayouba, A.; Delaporte, E.; Kaleme, P.; Flores, L.; Almudena, M.; Leirs, H.; Gryseels, S.; Verheyen, E.; Gembu, G.; Mariën, J.; Peeters, M.; Ahuka-Mundeke, S."
PP_007LP1V,Ia,None,Democratic Republic of the Congo,Kasai,2025-10-17,187450,0.40999143041139097,2026-09-11,"Matondo Kuamfumu, M.; Baelo, P.; Lacroix, A.; Odia Kadima, G.; Ndimbo Kumugo, SP.; Nkuba Ndaye, A.; Kinganda Lusamaki, E.; Jill-Léa, R.; Cooreman, T.; Geraerts, M.; Laurent, N.; van-Vreedendaal, R.; Fourchault, L.; Joffrin, L.; Laudisoit, A.; Liesenborghs, L.; Vercauteren, K.; Ariën, K.; Tessa, deBlock.; Jansen, D.; Nebesse, C.; Ngoy, S.; Mande, C.; Mbala-Kingebeni, P.; Ayouba, A.; Delaporte, E.; Kaleme, P.; Flores, L.; Almudena, M.; Leirs, H.; Gryseels, S.; Verheyen, E.; Gembu, G.; Mariën, J.; Peeters, M.; Ahuka-Mundeke, S."
PP_007LP1V,Ia,None,Democratic Republic of the Congo,Kasai,2025-10-17,187450,0.40999143041139097,2026-09-12,"Matondo Kuamfumu, M.; Baelo, P.; Lacroix, A.; Odia Kadima, G.; Ndimbo Kumugo, SP.; Nkuba Ndaye, A.; Kinganda Lusamaki, E.; Jill-Léa, R.; Cooreman, T.; Geraerts, M.; Laurent, N.; van-Vreedendaal, R.; Fourchault, L.; Joffrin, L.; Laudisoit, A.; Liesenborghs, L.; Vercauteren, K.; Ariën, K.; Tessa, deBlock.; Jansen, D.; Nebesse, C.; Ngoy, S.; Mande, C.; Mbala-Kingebeni, P.; Ayouba, A.; Delaporte, E.; Kaleme, P.; Flores, L.; Almudena, M.; Leirs, H.; Gryseels, S.; Verheyen, E.; Gembu, G.; Mariën, J.; Peeters, M.; Ahuka-Mundeke, S."
PP_007LP2T,Ia,None,Democratic Republic of the Congo,Kasai,2025-10-17,196586,0.7420350998179597,2026-09-11,"Matondo Kuamfumu, M.; Baelo, P.; Lacroix, A.; Odia Kadima, G.; Ndimbo Kumugo, SP.; Nkuba Ndaye, A.; Kinganda Lusamaki, E.; Jill-Léa, R.; Cooreman, T.; Geraerts, M.; Laurent, N.; van-Vreedendaal, R.; Fourchault, L.; Joffrin, L.; Laudisoit, A.; Liesenborghs, L.; Vercauteren, K.; Ariën, K.; Tessa, deBlock.; Jansen, D.; Nebesse, C.; Ngoy, S.; Mande, C.; Mbala-Kingebeni, P.; Ayouba, A.; Delaporte, E.; Kaleme, P.; Flores, L.; Almudena, M.; Leirs, H.; Gryseels, S.; Verheyen, E.; Gembu, G.; Mariën, J.; Peeters, M.; Ahuka-Mundeke, S."
PP_007LP2T,Ia,None,Democratic Republic of the Congo,Kasai,2025-10-17,196586,0.7420350998179597,2026-09-12,"Matondo Kuamfumu, M.; Baelo, P.; Lacroix, A.; Odia Kadima, G.; Ndimbo Kumugo, SP.; Nkuba Ndaye, A.; Kinganda Lusamaki, E.; Jill-Léa, R.; Cooreman, T.; Geraerts, M.; Laurent, N.; van-Vreedendaal, R.; Fourchault, L.; Joffrin, L.; Laudisoit, A.; Liesenborghs, L.; Vercauteren, K.; Ariën, K.; Tessa, deBlock.; Jansen, D.; Nebesse, C.; Ngoy, S.; Mande, C.; Mbala-Kingebeni, P.; Ayouba, A.; Delaporte, E.; Kaleme, P.; Flores, L.; Almudena, M.; Leirs, H.; Gryseels, S.; Verheyen, E.; Gembu, G.; Mariën, J.; Peeters, M.; Ahuka-Mundeke, S."
PP_007LP3R,Ia,None,Democratic Republic of the Congo,Tshopo,2021-01-15,188417,0.33144024867019256,2026-09-11,"Matondo Kuamfumu, M.; Baelo, P.; Lacroix, A.; Odia Kadima, G.; Ndimbo Kumugo, SP.; Nkuba Ndaye, A.; Kinganda Lusamaki, E.; Jill-Léa, R.; Cooreman, T.; Geraerts, M.; Laurent, N.; van-Vreedendaal, R.; Fourchault, L.; Joffrin, L.; Laudisoit, A.; Liesenborghs, L.; Vercauteren, K.; Ariën, K.; Tessa, deBlock.; Jansen, D.; Nebesse, C.; Ngoy, S.; Mande, C.; Mbala-Kingebeni, P.; Ayouba, A.; Delaporte, E.; Kaleme, P.; Flores, L.; Almudena, M.; Leirs, H.; Gryseels, S.; Verheyen, E.; Gembu, G.; Mariën, J.; Peeters, M.; Ahuka-Mundeke, S."
PP_007LP3R,Ia,None,Democratic Republic of the Congo,Tshopo,2021-01-15,188417,0.33144024867019256,2026-09-12,"Matondo Kuamfumu, M.; Baelo, P.; Lacroix, A.; Odia Kadima, G.; Ndimbo Kumugo, SP.; Nkuba Ndaye, A.; Kinganda Lusamaki, E.; Jill-Léa, R.; Cooreman, T.; Geraerts, M.; Laurent, N.; van-Vreedendaal, R.; Fourchault, L.; Joffrin, L.; Laudisoit, A.; Liesenborghs, L.; Vercauteren, K.; Ariën, K.; Tessa, deBlock.; Jansen, D.; Nebesse, C.; Ngoy, S.; Mande, C.; Mbala-Kingebeni, P.; Ayouba, A.; Delaporte, E.; Kaleme, P.; Flores, L.; Almudena, M.; Leirs, H.; Gryseels, S.; Verheyen, E.; Gembu, G.; Mariën, J.; Peeters, M.; Ahuka-Mundeke, S."
